1 44717U 19074E   22365.12320209  .00004239  00000-0  30330-3 0  9991
2 44717  53.0570  34.5696 0002412  35.8039 324.3111 15.06399586173115
1 44717U 19074E   22365.52128327  .00003523  00000-0  25526-3 0  9998
2 44717  53.0572  32.7827 0002414  34.4932 325.6213 15.06402228173005
1 44717U 19074E   22365.78667431  .00002761  00000-0  20420-3 0  9991
2 44717  53.0572  31.5910 0002442  34.6023 325.5124 15.06398395173042
1 44717U 19074E   23001.45016403 -.00001669  00000-0 -93150-4 0  9999
2 44717  53.0580  28.6122 0002586  35.5159 324.6002 15.06382321173140
1 44717U 19074E   23001.45016403 -.00001669  00000-0 -93150-4 0  9999
2 44717  53.0580  28.6122 0002586  35.5159 324.6002 15.06382321173319
1 44717U 19074E   23001.78189142 -.00001519  00000-0 -83090-4 0  9992
2 44717  53.0570  27.1239 0002385  33.5804 326.5336 15.06393520173193
1 44717U 19074E   23001.78189142 -.00001519  00000-0 -83090-4 0  9992
2 44717  53.0570  27.1239 0002385  33.5804 326.5336 15.06393520173362
1 44717U 19074E   23002.44534973 -.00001405  00000-0 -75367-4 0  9994
2 44717  53.0569  24.1455 0002458  32.5517 327.5623 15.06407708173294
1 44717U 19074E   23002.44534973 -.00001405  00000-0 -75367-4 0  9994
2 44717  53.0569  24.1455 0002458  32.5517 327.5623 15.06407708173463
1 44717U 19074E   23002.77708560 -.00000505  00000-0 -14956-4 0  9992
2 44717  53.0569  22.6558 0002548  35.8368 324.2792 15.06401277173343
1 44717U 19074E   23003.30784579 -.00004302  00000-0 -26984-3 0  9998
2 44717  53.0568  20.2736 0002594  32.4107 327.7041 15.06426722173425
1 44717U 19074E   23003.30784579 -.00004302  00000-0 -26984-3 0  9998
2 44717  53.0568  20.2736 0002594  32.4107 327.7041 15.06426722173593
1 44717U 19074E   23003.77229468  .00001519  00000-0  12093-3 0  9991
2 44717  53.0563  18.1900 0002459  30.3374 329.7757 15.06389793173660
1 44717U 19074E   23004.03767769  .00000960  00000-0  83332-4 0  9996
2 44717  53.0563  16.9981 0002472  30.1467 329.9664 15.06398198173704
1 44717U 19074E   23004.30306570  .00000808  00000-0  73180-4 0  9996
2 44717  53.0558  15.8076 0002774  26.9973 333.1160 15.06399333173576
1 44717U 19074E   23005.29825998  .00000894  00000-0  78915-4 0  9991
2 44717  53.0575  11.3405 0002574  34.7120 325.4037 15.06406218173726
1 44717U 19074E   23005.29825998  .00000894  00000-0  78915-4 0  9991
2 44717  53.0575  11.3405 0002574  34.7120 325.4037 15.06406218173894
1 44717U 19074E   23005.69631454  .00004458  00000-0  31777-3 0  9991
2 44717  53.0558   9.5520 0002345  29.6995 330.4126 15.06428815173781
1 44717U 19074E   23006.29346194 -.00001302  00000-0 -68502-4 0  9996
2 44717  53.0572   6.8687 0002273  23.6243 336.4850 15.06397520173879
1 44717U 19074E   23006.29346194 -.00001302  00000-0 -68502-4 0  9996
2 44717  53.0572   6.8687 0002273  23.6243 336.4850 15.06397520174049
1 44717U 19074E   23007.02327615  .00000235  00000-0  34723-4 0  9995
2 44717  53.0576   3.5944 0002365  35.9829 324.1319 15.06395370173988
1 44717U 19074E   23007.35500761  .00000409  00000-0  46379-4 0  9999
2 44717  53.0576   2.1067 0002338  31.6035 328.5095 15.06400430174031
1 44717U 19074E   23007.35500761  .00000409  00000-0  46379-4 0  9999
2 44717  53.0576   2.1067 0002338  31.6035 328.5095 15.06400430174200
1 44717U 19074E   23008.01849495 -.00001217  00000-0 -62841-4 0  9995
2 44717  53.0562 359.1263 0002245  31.3395 328.7728 15.06377123174130
1 44717U 19074E   23008.01849495 -.00001217  00000-0 -62841-4 0  9995
2 44717  53.0562 359.1263 0002245  31.3395 328.7728 15.06377123174309
1 44717U 19074E   23009.21273289  .00000588  00000-0  58391-4 0  9993
2 44717  53.0582 353.7653 0001988  43.6059 316.5087 15.06395710174316
1 44717U 19074E   23009.21273289  .00000588  00000-0  58391-4 0  9993
2 44717  53.0582 353.7653 0001988  43.6059 316.5087 15.06395710174484
1 44717U 19074E   23009.67715928  .00002275  00000-0  17159-3 0  9995
2 44717  53.0565 351.6792 0002356  49.7810 310.3385 15.06397792174382
1 44717U 19074E   23010.34063447  .00003100  00000-0  22696-3 0  9993
2 44717  53.0585 348.7048 0002563  28.5893 331.5237 15.06398064174486
1 44717U 19074E   23010.34063447  .00003100  00000-0  22696-3 0  9993
2 44717  53.0585 348.7048 0002563  28.5893 331.5237 15.06398064174655
1 44717U 19074E   23010.93774155 -.00008022  00000-0 -51982-3 0  9993
2 44717  53.0581 346.0248 0002460  35.1302 324.9849 15.06428466174575
1 44717U 19074E   23011.20312630  .00006061  00000-0  42514-3 0  9990
2 44717  53.0551 344.8327 0002634  39.9470 320.1713 15.06424632174789
1 44717U 19074E   23011.73391499 -.00002768  00000-0 -16705-3 0  9993
2 44717  53.0573 342.4516 0001826  35.3125 324.7985 15.06388159174869
1 44717U 19074E   23011.93296413 -.00007008  00000-0 -45235-3 0  9997
2 44717  53.0546 341.5582 0002330  40.9036 319.2128 15.06372539174724
1 44717U 19074E   23012.19835214 -.00003968  00000-0 -24774-3 0  9990
2 44717  53.0545 340.3662 0002268  43.1132 317.0035 15.06379295174933
1 44717U 19074E   23012.92817630  .00002035  00000-0  15555-3 0  9992
2 44717  53.0533 337.0890 0002327  51.0493 309.0703 15.06382119174875
1 44717U 19074E   23013.12721842  .00014329  00000-0  97901-3 0  9998
2 44717  53.0534 336.1959 0002177  53.0984 307.0204 15.06394634175074
1 44717U 19074E   23013.19356546  .00019912  00000-0  13518-2 0  9994
2 44717  53.0535 335.8979 0002141  54.5023 305.6166 15.06401575174910
1 44717U 19074E   23014.25511254  .00013177  00000-0  90139-3 0  9993
2 44717  53.0521 331.1335 0002018  63.5331 296.5865 15.06419231175244
1 44717U 19074E   23014.85223706  .00018955  00000-0  12877-2 0  9992
2 44717  53.0520 328.4514 0002347  79.3047 280.8206 15.06407998175337
1 44717U 19074E   23015.58204791  .00006468  00000-0  45265-3 0  9990
2 44717  53.0498 325.1755 0002379  77.9905 282.1350 15.06405786175275
1 44717U 19074E   23015.58204791  .00006468  00000-0  45265-3 0  9990
2 44717  53.0498 325.1755 0002379  77.9905 282.1350 15.06405786175444
1 44717U 19074E   23016.57724800  .00002255  00000-0  17026-3 0  9992
2 44717  53.0517 320.7050 0001836  86.7340 273.3859 15.06398306175426
1 44717U 19074E   23016.57724800  .00002255  00000-0  17026-3 0  9992
2 44717  53.0517 320.7050 0001836  86.7340 273.3859 15.06398306175594
1 44717U 19074E   23017.10803654 -.00003164  00000-0 -19378-3 0  9991
2 44717  53.0500 318.3234 0002016  72.4634 287.6575 15.06365935175676
1 44717U 19074E   23017.24073282 -.00002962  00000-0 -18017-3 0  9996
2 44717  53.0520 317.7260 0002092  82.4153 277.7073 15.06372927175527
1 44717U 19074E   23018.16958785  .00035302  00000-0  23750-2 0  9999
2 44717  53.0531 313.5563 0001873  77.6766 282.4433 15.06431516175838
1 44717U 19074E   23018.50131181  .00037590  00000-0  25252-2 0  9990
2 44717  53.0532 312.0670 0001855  79.1088 281.0110 15.06455949175716
1 44717U 19074E   23019.03208861  .00015298  00000-0  10431-2 0  9993
2 44717  53.0545 309.6874 0001885 107.5509 252.5686 15.06419990175969
1 44717U 19074E   23019.23112408  .00018776  00000-0  12747-2 0  9992
2 44717  53.0525 308.7907 0001486  76.3228 283.7926 15.06438141175829
1 44717U 19074E   23019.76190891  .00012833  00000-0  87951-3 0  9990
2 44717  53.0538 306.4085 0000849 171.3349 188.7654 15.06370791176073
1 44717U 19074E   23020.49172853  .00011309  00000-0  77706-3 0  9994
2 44717  53.0515 303.1341 0002181  88.5810 271.5429 15.06390072176019
1 44717U 19074E   23020.49172853  .00011309  00000-0  77706-3 0  9994
2 44717  53.0515 303.1341 0002181  88.5810 271.5429 15.06390072176187
1 44717U 19074E   23021.15519100  .00015218  00000-0  10376-2 0  9990
2 44717  53.0525 300.1525 0001395 109.8949 250.2190 15.06425332176283
1 44717U 19074E   23021.48692673  .00009665  00000-0  66661-3 0  9991
2 44717  53.0532 298.6636 0001779  95.0220 265.0972 15.06415180176337
1 44717U 19074E   23022.48213130 -.00005252  00000-0 -33406-3 0  9990
2 44717  53.0520 294.1985 0001297  71.3525 288.7604 15.06385122176484
1 44717U 19074E   23023.14560339  .00012447  00000-0  85305-3 0  9997
2 44717  53.0516 291.2176 0001299  76.8552 283.2582 15.06400192176582
1 44717U 19074E   23024.00811207  .00020391  00000-0  13832-2 0  9998
2 44717  53.0515 287.3438 0001238  79.8451 280.2677 15.06417583176711
1 44717U 19074E   23025.13600497  .00012327  00000-0  84464-3 0  9990
2 44717  53.0512 282.2818 0001191  98.1593 261.9531 15.06414699176881
1 44717U 19074E   23025.40139278  .00007182  00000-0  50049-3 0  9999
2 44717  53.0517 281.0884 0001262  95.5913 264.5220 15.06402616176758
1 44717U 19074E   23025.40139278  .00007182  00000-0  50049-3 0  9999
2 44717  53.0517 281.0884 0001262  95.5913 264.5220 15.06402616176927
1 44717U 19074E   23026.13121386  .00014473  00000-0  98858-3 0  9992
2 44717  53.0511 277.8137 0001233  98.4009 261.7120 15.06397793176861
1 44717U 19074E   23026.13121386  .00014473  00000-0  98858-3 0  9992
2 44717  53.0511 277.8137 0001233  98.4009 261.7120 15.06397793177031
1 44717U 19074E   23027.12640951  .00013171  00000-0  90105-3 0  9997
2 44717  53.0498 273.3464 0000992 107.2425 252.8672 15.06417441177015
1 44717U 19074E   23027.12640951  .00013171  00000-0  90105-3 0  9997
2 44717  53.0498 273.3464 0000992 107.2425 252.8672 15.06417441177183
1 44717U 19074E   23027.85623080  .00006179  00000-0  43336-3 0  9995
2 44717  53.0500 270.0690 0001106  96.1262 263.9853 15.06400526177129
1 44717U 19074E   23027.98892300  .00013397  00000-0  91641-3 0  9994
2 44717  53.0498 269.4703 0001156 112.9732 247.1378 15.06407507177140
1 44717U 19074E   23027.98892300  .00013397  00000-0  91641-3 0  9994
2 44717  53.0498 269.4703 0001156 112.9732 247.1378 15.06407507177319
1 44717U 19074E   23028.91777685  .00012765  00000-0  87404-3 0  9996
2 44717  53.0512 265.3006 0001221  90.8546 269.2583 15.06410416177289
1 44717U 19074E   23029.05046910  .00010194  00000-0  70204-3 0  9996
2 44717  53.0507 264.7064 0001203  83.6516 276.4610 15.06413062177479
1 44717U 19074E   23029.91298279  .00000175  00000-0  30641-4 0  9998
2 44717  53.0506 260.8344 0001128  86.4188 273.6930 15.06392319177439
1 44717U 19074E   23030.04567680  .00000448  00000-0  48960-4 0  9995
2 44717  53.0505 260.2389 0001196  88.0811 272.0315 15.06396558177458
1 44717U 19074E   23030.04567680  .00000448  00000-0  48960-4 0  9995
2 44717  53.0505 260.2389 0001196  88.0811 272.0315 15.06396558177627
1 44717U 19074E   23030.90818720  .00002546  00000-0  18978-3 0  9990
2 44717  53.0507 256.3668 0001183  88.0031 272.1093 15.06398345177580
1 44717U 19074E   23031.50531000  .00002518  00000-0  18790-3 0  9991
2 44717  53.0499 253.6859 0001205  89.9643 270.1484 15.06397551177845
1 44717U 19074E   23031.90338961  .00003232  00000-0  23579-3 0  9991
2 44717  53.0500 251.8991 0001237  91.8063 268.3068 15.06401201177731
