1 44719U 19074G   22365.03659454  .00003981  00000-0  28603-3 0  9993
2 44719  53.0549  14.9657 0002386  32.0096 328.1038 15.06396984173371
1 44719U 19074G   22365.30197696  .00004603  00000-0  32770-3 0  9990
2 44719  53.0536  13.7743 0002363  27.0104 333.1007 15.06403375174375
1 44719U 19074G   23001.29718515  .00000924  00000-0  80931-4 0  9990
2 44719  53.0548   9.3043 0002119  43.3357 316.7799 15.06399181174523
1 44719U 19074G   23001.29718515  .00000924  00000-0  80931-4 0  9990
2 44719  53.0548   9.3043 0002119  43.3357 316.7799 15.06399181173566
1 44719U 19074G   23002.02700575 -.00002743  00000-0 -16535-3 0  9990
2 44719  53.0541   6.0283 0002005  37.4365 322.6763 15.06390204173672
1 44719U 19074G   23002.42508109 -.00000707  00000-0 -28580-4 0  9995
2 44719  53.0545   4.2416 0002070  41.1377 318.9768 15.06402305174693
1 44719U 19074G   23002.42508109 -.00000707  00000-0 -28580-4 0  9995
2 44719  53.0545   4.2416 0002070  41.1377 318.9768 15.06402305173737
1 44719U 19074G   23002.69046501 -.00000073  00000-0  13989-4 0  9999
2 44719  53.0547   3.0504 0002084  41.6348 318.4800 15.06407345174734
1 44719U 19074G   23003.02220688  .00003095  00000-0  22659-3 0  9996
2 44719  53.0551   1.5610 0002069  40.7734 319.3409 15.06396954173829
1 44719U 19074G   23003.42028688  .00004120  00000-0  29533-3 0  9994
2 44719  53.0546 359.7738 0002085  43.6457 316.4696 15.06402852174848
1 44719U 19074G   23004.08376121 -.00000946  00000-0 -44600-4 0  9992
2 44719  53.0551 356.7946 0001858  41.7578 318.3553 15.06388070173984
1 44719U 19074G   23004.34914067  .00002840  00000-0  20944-3 0  9995
2 44719  53.0545 355.6037 0002028  40.1029 320.0109 15.06405163174981
1 44719U 19074G   23004.34914067  .00002840  00000-0  20944-3 0  9995
2 44719  53.0545 355.6037 0002028  40.1029 320.0109 15.06405163174026
1 44719U 19074G   23004.81356683  .00001405  00000-0  11321-3 0  9996
2 44719  53.0547 353.5189 0002103  41.4115 318.7034 15.06405550175052
1 44719U 19074G   23005.34433134  .00006374  00000-0  44614-3 0  9993
2 44719  53.0547 351.1364 0002032  34.2723 325.8397 15.06420891175132
1 44719U 19074G   23005.34433134  .00006374  00000-0  44614-3 0  9993
2 44719  53.0547 351.1364 0002032  34.2723 325.8397 15.06420891174175
1 44719U 19074G   23005.67606310  .00004868  00000-0  34531-3 0  9990
2 44719  53.0542 349.6467 0001995  39.9093 320.2043 15.06418589175185
1 44719U 19074G   23006.20683903 -.00002287  00000-0 -13464-3 0  9990
2 44719  53.0543 347.2637 0002083  42.6832 317.4319 15.06401168174302
1 44719U 19074G   23006.40587674 -.00002069  00000-0 -12004-3 0  9997
2 44719  53.0543 346.3699 0002002  42.6884 317.4260 15.06404099175298
1 44719U 19074G   23007.20203735  .00002307  00000-0  17370-3 0  9993
2 44719  53.0545 342.7959 0002188  46.3206 313.7964 15.06407265175415
1 44719U 19074G   23007.33473253  .00006114  00000-0  42895-3 0  9991
2 44719  53.0545 342.2000 0002020  45.8352 314.2802 15.06405795174476
1 44719U 19074G   23007.93185853  .00002555  00000-0  19047-3 0  9991
2 44719  53.0541 339.5175 0002395  54.2524 305.8688 15.06386354175528
1 44719U 19074G   23007.93185853  .00002555  00000-0  19047-3 0  9991
2 44719  53.0541 339.5175 0002395  54.2524 305.8688 15.06386354174561
1 44719U 19074G   23008.32994418  .00005460  00000-0  38520-3 0  9995
2 44719  53.0548 337.7334 0001912  42.7541 317.3596 15.06397220175583
1 44719U 19074G   23008.92707199  .00002519  00000-0  18800-3 0  9990
2 44719  53.0544 335.0528 0001994  47.6851 312.4307 15.06389679175678
1 44719U 19074G   23009.19246083  .00001961  00000-0  15056-3 0  9990
2 44719  53.0544 333.8615 0002005  47.2388 312.8769 15.06390791174757
1 44719U 19074G   23009.59054068  .00003694  00000-0  26679-3 0  9992
2 44719  53.0540 332.0747 0002026  48.8917 311.2247 15.06398871175772
1 44719U 19074G   23010.25401318  .00001357  00000-0  11003-3 0  9990
2 44719  53.0548 329.0962 0001967  47.3382 312.7773 15.06392923174915
1 44719U 19074G   23010.58574640  .00003584  00000-0  25936-3 0  9999
2 44719  53.0546 327.6064 0001992  46.9603 313.1552 15.06399505175924
1 44719U 19074G   23011.38190439  .00020196  00000-0  13700-2 0  9991
2 44719  53.0542 324.0329 0001851  50.2516 309.8636 15.06422674175086
1 44719U 19074G   23011.58094392  .00011871  00000-0  81411-3 0  9999
2 44719  53.0550 323.1379 0001970  45.0518 315.0630 15.06416693176073
1 44719U 19074G   23011.58094392  .00011871  00000-0  81411-3 0  9999
2 44719  53.0550 323.1379 0001970  45.0518 315.0630 15.06416693175117
1 44719U 19074G   23011.84633234  .00007673  00000-0  53323-3 0  9998
2 44719  53.0532 321.9466 0002484  61.7074 298.4165 15.06414663176116
1 44719U 19074G   23012.11171600  .00007098  00000-0  49470-3 0  9992
2 44719  53.0533 320.7565 0002226  59.4368 300.6841 15.06417017175198
1 44719U 19074G   23012.84153130  .00005425  00000-0  38272-3 0  9990
2 44719  53.0547 317.4833 0002389  50.8240 309.2961 15.06408409176260
1 44719U 19074G   23012.84153130  .00005425  00000-0  38272-3 0  9990
2 44719  53.0547 317.4833 0002389  50.8240 309.2961 15.06408409175304
1 44719U 19074G   23013.10691879  .00003639  00000-0  26304-3 0  9995
2 44719  53.0544 316.2883 0001871  54.6902 305.4262 15.06400308176308
1 44719U 19074G   23013.10691879  .00003639  00000-0  26304-3 0  9995
2 44719  53.0544 316.2883 0001871  54.6902 305.4262 15.06400308175341
1 44719U 19074G   23014.10212398  .00005427  00000-0  38293-3 0  9998
2 44719  53.0539 311.8207 0001878  53.4054 306.7108 15.06401416175498
1 44719U 19074G   23014.23481344  .00008666  00000-0  59972-3 0  9996
2 44719  53.0537 311.2246 0001185  92.4910 267.6214 15.06416410175514
1 44719U 19074G   23015.16367385  .00001507  00000-0  12006-3 0  9991
2 44719  53.0551 307.0548 0001925  58.7164 301.4014 15.06398044175658
1 44719U 19074G   23015.49540625  .00002130  00000-0  16184-3 0  9991
2 44719  53.0553 305.5657 0001903  58.5061 301.6114 15.06401732176668
1 44719U 19074G   23016.09250327  .00012221  00000-0  83691-3 0  9994
2 44719  53.0541 302.8863 0001711  62.6274 297.4889 15.06445596175793
1 44719U 19074G   23016.49060030 -.00004684  00000-0 -29579-3 0  9999
2 44719  53.0544 301.0988 0001775  71.0735 289.0446 15.06392601176819
1 44719U 19074G   23016.49060030 -.00004684  00000-0 -29579-3 0  9999
2 44719  53.0544 301.0988 0001775  71.0735 289.0446 15.06392601175852
1 44719U 19074G   23016.88870042 -.00013657  00000-0 -90082-3 0  9991
2 44719  53.0545 299.3114 0001452  76.6182 283.4969 15.06354259176870
1 44719U 19074G   23016.95504854 -.00012050  00000-0 -79235-3 0  9997
2 44719  53.0545 299.0147 0001732  83.2787 276.8399 15.06357634175927
1 44719U 19074G   23017.48582942 -.00005467  00000-0 -34870-3 0  9990
2 44719  53.0547 296.6308 0001732  79.8740 280.2445 15.06369300176960
1 44719U 19074G   23017.48582942 -.00005467  00000-0 -34870-3 0  9990
2 44719  53.0547 296.6308 0001732  79.8740 280.2445 15.06369300176005
1 44719U 19074G   23017.81756662 -.00002867  00000-0 -17378-3 0  9994
2 44719  53.0536 295.1427 0001551  84.6438 275.4728 15.06374670177014
1 44719U 19074G   23018.14930346  .00002652  00000-0  19692-3 0  9995
2 44719  53.0536 293.6520 0001628  85.2129 274.9045 15.06385105176100
1 44719U 19074G   23018.48104245  .00006192  00000-0  43437-3 0  9990
2 44719  53.0536 292.1628 0001586  85.7473 274.3698 15.06388192177112
1 44719U 19074G   23019.01181660  .00013943  00000-0  95294-3 0  9996
2 44719  53.0525 289.7802 0001507  93.0696 267.0465 15.06406402176236
1 44719U 19074G   23019.47624868  .00005292  00000-0  37393-3 0  9992
2 44719  53.0520 287.6961 0001387  84.1468 275.9679 15.06396157176306
1 44719U 19074G   23019.54260434 -.00003443  00000-0 -21257-3 0  9995
2 44719  53.0525 287.3980 0001197  96.0967 264.0158 15.06368900177277
1 44719U 19074G   23019.74164488 -.00002031  00000-0 -11757-3 0  9995
2 44719  53.0518 286.5047 0001292  81.8284 278.2852 15.06376157176342
1 44719U 19074G   23020.00703174 -.00001040  00000-0 -50984-4 0  9992
2 44719  53.0524 285.3133 0001336  85.2985 274.8156 15.06382782177348
1 44719U 19074G   23020.00703174 -.00001040  00000-0 -50984-4 0  9992
2 44719  53.0524 285.3133 0001336  85.2985 274.8156 15.06382782176381
1 44719U 19074G   23020.73684736  .00011695  00000-0  80270-3 0  9999
2 44719  53.0520 282.0378 0001494  76.5931 283.5225 15.06401978176496
1 44719U 19074G   23021.13492391  .00025462  00000-0  17208-2 0  9995
2 44719  53.0514 280.2499 0001544  81.2499 278.8665 15.06427031176551
1 44719U 19074G   23021.40031179  .00018108  00000-0  12308-2 0  9993
2 44719  53.0518 279.0580 0001617  83.5751 276.5422 15.06419126176595
1 44719U 19074G   23021.66569706  .00008903  00000-0  61559-3 0  9998
2 44719  53.0516 277.8676 0001429  89.1354 270.9798 15.06414985176634
1 44719U 19074G   23022.39550690  .00011771  00000-0  80739-3 0  9999
2 44719  53.0510 274.5914 0001414  87.4686 272.6465 15.06419024176741
1 44719U 19074G   23022.72724359 -.00001458  00000-0 -79048-4 0  9996
2 44719  53.0504 273.1006 0001270  91.0368 269.0767 15.06384683176791
1 44719U 19074G   23023.39072000  .00017751  00000-0  12077-2 0  9997
2 44719  53.0501 270.1219 0001296  83.7666 276.3471 15.06396690176893
1 44719U 19074G   23024.85034348  .00009522  00000-0  65704-3 0  9995
2 44719  53.0495 263.5685 0001404  84.3351 275.7798 15.06414172177114
1 44719U 19074G   23025.04938468 -.00011679  00000-0 -76696-3 0  9993
2 44719  53.0497 262.6744 0000977 111.0782 249.0312 15.06376721177148
1 44719U 19074G   23025.38112921  .00000460  00000-0  49791-4 0  9999
2 44719  53.0495 261.1850 0001029 107.5262 252.5840 15.06366290178157
1 44719U 19074G   23026.04461249  .00017347  00000-0  11811-2 0  9995
2 44719  53.0502 258.2065 0001280  95.2955 264.8180 15.06383145178254
1 44719U 19074G   23026.04461249  .00017347  00000-0  11811-2 0  9995
2 44719  53.0502 258.2065 0001280  95.2955 264.8180 15.06383145177297
1 44719U 19074G   23027.03981127  .00018103  00000-0  12304-2 0  9996
2 44719  53.0506 253.7382 0001292  95.6989 264.4147 15.06420014178407
1 44719U 19074G   23027.76961161  .00013943  00000-0  95212-3 0  9999
2 44719  53.0508 250.4613 0001291  96.1633 263.9503 15.06437574177555
1 44719U 19074G   23027.90230445 -.00004226  00000-0 -26487-3 0  9993
2 44719  53.0510 249.8658 0001380  89.9091 270.2056 15.06411573178530
1 44719U 19074G   23028.03499739 -.00001692  00000-0 -94692-4 0  9999
2 44719  53.0511 249.2701 0001399  90.8548 269.2601 15.06412117178553
1 44719U 19074G   23028.03499739 -.00001692  00000-0 -94692-4 0  9999
2 44719  53.0511 249.2701 0001399  90.8548 269.2601 15.06412117177596
1 44719U 19074G   23028.76481593  .00003416  00000-0  24811-3 0  9997
2 44719  53.0511 245.9931 0001387  88.1754 271.9393 15.06397766177703
1 44719U 19074G   23028.89750805  .00001500  00000-0  11957-3 0  9995
2 44719  53.0508 245.3975 0001373  90.8697 269.2449 15.06401298178688
1 44719U 19074G   23029.82636704  .00000909  00000-0  79943-4 0  9992
2 44719  53.0506 241.2280 0001365  92.5334 267.5811 15.06395649178820
1 44719U 19074G   23029.89271453  .00000747  00000-0  69020-4 0  9990
2 44719  53.0506 240.9301 0001374  92.4189 267.6957 15.06394980177870
1 44719U 19074G   23030.55618925 -.00001043  00000-0 -51170-4 0  9993
2 44719  53.0502 237.9516 0001369  97.4809 262.6335 15.06387014178931
1 44719U 19074G   23030.55618925 -.00001043  00000-0 -51170-4 0  9993
2 44719  53.0502 237.9516 0001369  97.4809 262.6335 15.06387014177974
1 44719U 19074G   23030.88791534  .00004349  00000-0  31059-3 0  9990
2 44719  53.0506 236.4622 0001279  85.5194 274.5941 15.06409314178980
1 44719U 19074G   23030.95426133  .00004482  00000-0  31947-3 0  9992
2 44719  53.0506 236.1643 0001284  84.3496 275.7639 15.06410398178035
1 44719U 19074G   23031.55138518  .00002862  00000-0  21092-3 0  9996
2 44719  53.0512 233.4856 0001294  75.2145 284.8987 15.06402136179083
1 44719U 19074G   23031.81677162  .00002246  00000-0  16961-3 0  9993
2 44719  53.0509 232.2925 0001223  84.5799 275.5329 15.06399886179122
1 44719U 19074G   23031.81677162  .00002246  00000-0  16961-3 0  9993
2 44719  53.0509 232.2925 0001223  84.5799 275.5329 15.06399886178165
