1 44715U 19074C   22365.30565702  .00006774  00000-0  47306-3 0  9995
2 44715  53.0528  13.7514 0001582  79.3085 280.8082 15.06412409173242
1 44715U 19074C   23001.03547251  .00001759  00000-0  13695-3 0  9994
2 44715  53.0526  10.4745 0001633  78.9376 281.1796 15.06407346173526
1 44715U 19074C   23001.43355872 -.00002740  00000-0 -16516-3 0  9992
2 44715  53.0522   8.6875 0001512  76.0719 284.0438 15.06392546173419
1 44715U 19074C   23001.43355872 -.00002740  00000-0 -16516-3 0  9992
2 44715  53.0522   8.6875 0001512  76.0719 284.0438 15.06392546173587
1 44715U 19074C   23001.69895065 -.00005023  00000-0 -31868-3 0  9997
2 44715  53.0523   7.4963 0001504  75.1974 284.9182 15.06384893173454
1 44715U 19074C   23002.03069241 -.00002716  00000-0 -16359-3 0  9999
2 44715  53.0531   6.0061 0001429  76.5367 283.5781 15.06388319173675
1 44715U 19074C   23002.42877388 -.00002474  00000-0 -14728-3 0  9990
2 44715  53.0529   4.2198 0001358  73.1727 286.9411 15.06389667173569
1 44715U 19074C   23002.69415797 -.00001977  00000-0 -11387-3 0  9996
2 44715  53.0534   3.0286 0001430  74.3556 285.7591 15.06394515173603
1 44715U 19074C   23002.69415797 -.00001977  00000-0 -11387-3 0  9996
2 44715  53.0534   3.0286 0001430  74.3556 285.7591 15.06394515173771
1 44715U 19074C   23003.42397281  .00002074  00000-0  15811-3 0  9998
2 44715  53.0525 359.7525 0001221  71.4179 288.6943 15.06391174173710
1 44715U 19074C   23003.95475200  .00002252  00000-0  17006-3 0  9990
2 44715  53.0526 357.3686 0001200  70.3366 289.7753 15.06388249173963
1 44715U 19074C   23004.48552170  .00002156  00000-0  16361-3 0  9997
2 44715  53.0529 354.9866 0001264  70.7024 289.4101 15.06399409173878
1 44715U 19074C   23004.48552170  .00002156  00000-0  16361-3 0  9997
2 44715  53.0529 354.9866 0001264  70.7024 289.4101 15.06399409174048
1 44715U 19074C   23004.68456033  .00002572  00000-0  19147-3 0  9997
2 44715  53.0534 354.0930 0001290  74.6423 285.4708 15.06401310173900
1 44715U 19074C   23005.21532523  .00002506  00000-0  18698-3 0  9993
2 44715  53.0533 351.7097 0001159  71.9700 288.1415 15.06412010174151
1 44715U 19074C   23005.48070876  .00001882  00000-0  14517-3 0  9992
2 44715  53.0535 350.5185 0001270  75.1788 284.9342 15.06416647174023
1 44715U 19074C   23005.67975383  .00000895  00000-0  78945-4 0  9999
2 44715  53.0530 349.6246 0001310  70.7456 289.3674 15.06409684174056
1 44715U 19074C   23006.21054101 -.00000850  00000-0 -38181-4 0  9997
2 44715  53.0535 347.2418 0001289  74.0183 286.0948 15.06393212174300
1 44715U 19074C   23006.40957641 -.00000636  00000-0 -23813-4 0  9997
2 44715  53.0525 346.3495 0001709  69.6356 290.4816 15.06400268174160
1 44715U 19074C   23006.40957641 -.00000636  00000-0 -23813-4 0  9997
2 44715  53.0525 346.3495 0001709  69.6356 290.4816 15.06400268174339
1 44715U 19074C   23007.07303564 -.00000784  00000-0 -33718-4 0  9999
2 44715  53.0527 343.3698 0001419  78.5823 281.5326 15.06408191174430
1 44715U 19074C   23007.20572611 -.00000345  00000-0 -42854-5 0  9990
2 44715  53.0529 342.7739 0001425  77.3953 282.7195 15.06411611174280
1 44715U 19074C   23007.93555587 -.00000477  00000-0 -13142-4 0  9996
2 44715  53.0509 339.4962 0002189  86.9460 273.1780 15.06391757174390
1 44715U 19074C   23007.93555587 -.00000477  00000-0 -13142-4 0  9996
2 44715  53.0509 339.4962 0002189  86.9460 273.1780 15.06391757174569
1 44715U 19074C   23008.33363426  .00000539  00000-0  55089-4 0  9993
2 44715  53.0528 337.7113 0001540  79.5429 280.5734 15.06394687174456
1 44715U 19074C   23008.59902667 -.00000116  00000-0  11123-4 0  9990
2 44715  53.0533 336.5195 0001575  78.3723 281.7443 15.06390463174493
1 44715U 19074C   23009.19614746 -.00000330  00000-0 -32717-5 0  9997
2 44715  53.0539 333.8382 0001446  76.3169 283.7981 15.06395766174755
1 44715U 19074C   23009.59422523  .00000033  00000-0  21136-4 0  9991
2 44715  53.0540 332.0512 0001540  78.5063 281.6099 15.06401340174646
1 44715U 19074C   23010.25770071  .00000618  00000-0  60381-4 0  9994
2 44715  53.0540 329.0724 0001386  79.1167 280.9978 15.06392577174916
1 44715U 19074C   23010.58944575 -.00000060  00000-0  14859-4 0  9993
2 44715  53.0535 327.5834 0001575  85.5711 274.5458 15.06381753174793
1 44715U 19074C   23010.58944575 -.00000060  00000-0  14859-4 0  9993
2 44715  53.0535 327.5834 0001575  85.5711 274.5458 15.06381753174962
1 44715U 19074C   23011.18656579  .00000235  00000-0  34676-4 0  9996
2 44715  53.0537 324.9025 0001449  85.3233 274.7921 15.06392310175053
1 44715U 19074C   23011.58464544  .00000831  00000-0  74707-4 0  9990
2 44715  53.0547 323.1169 0001490  87.9717 272.1442 15.06396119174943
1 44715U 19074C   23011.85003538  .00000903  00000-0  79556-4 0  9999
2 44715  53.0536 321.9262 0001404  90.7570 269.3580 15.06392002174987
1 44715U 19074C   23012.57985124  .00002111  00000-0  16060-3 0  9992
2 44715  53.0515 318.6472 0001232 102.8860 257.2266 15.06394068175090
1 44715U 19074C   23012.57985124  .00002111  00000-0  16060-3 0  9992
2 44715  53.0515 318.6472 0001232 102.8860 257.2266 15.06394068175269
1 44715U 19074C   23013.11062620  .00002727  00000-0  20191-3 0  9993
2 44715  53.0519 316.2653 0001365 101.3796 258.7347 15.06400690175172
1 44715U 19074C   23014.10583291  .00001199  00000-0  99365-4 0  9997
2 44715  53.0515 311.7995 0001394  86.6806 273.4342 15.06397856175499
1 44715U 19074C   23015.16737510  .00004944  00000-0  35047-3 0  9996
2 44715  53.0512 307.0320 0001532  98.3219 261.7944 15.06412594175482
1 44715U 19074C   23015.16737510  .00004944  00000-0  35047-3 0  9996
2 44715  53.0512 307.0320 0001532  98.3219 261.7944 15.06412594175651
1 44715U 19074C   23016.09622730  .00010147  00000-0  69869-3 0  9997
2 44715  53.0504 302.8628 0001132 108.4219 251.6893 15.06421652175796
1 44715U 19074C   23016.49431222  .00000257  00000-0  36173-4 0  9999
2 44715  53.0510 301.0721 0001275  94.5195 265.5940 15.06402238175688
1 44715U 19074C   23016.75970518 -.00002998  00000-0 -18246-3 0  9990
2 44715  53.0503 299.8830 0002160  99.0281 261.0952 15.06388418175727
1 44715U 19074C   23016.75970518 -.00002998  00000-0 -18246-3 0  9990
2 44715  53.0503 299.8830 0002160  99.0281 261.0952 15.06388418175895
1 44715U 19074C   23017.48953436  .00010669  00000-0  73448-3 0  9998
2 44715  53.0507 296.6060 0001401 111.9601 248.1536 15.06377700176006
1 44715U 19074C   23017.55588136  .00014428  00000-0  98593-3 0  9992
2 44715  53.0501 296.3083 0001296 112.9745 247.1381 15.06382897175845
1 44715U 19074C   23018.48473748  .00016676  00000-0  11354-2 0  9993
2 44715  53.0506 292.1383 0001220 116.0780 244.0335 15.06411641175988
1 44715U 19074C   23018.48473748  .00016676  00000-0  11354-2 0  9993
2 44715  53.0506 292.1383 0001220 116.0780 244.0335 15.06411641176158
1 44715U 19074C   23019.47993862 -.00001541  00000-0 -84545-4 0  9998
2 44715  53.0510 287.6707 0002120  88.8111 271.3121 15.06398688176135
1 44715U 19074C   23019.47993862 -.00001541  00000-0 -84545-4 0  9998
2 44715  53.0510 287.6707 0002120  88.8111 271.3121 15.06398688176304
1 44715U 19074C   23020.01071375  .00004180  00000-0  29939-3 0  9991
2 44715  53.0511 285.2881 0001866  94.1449 265.9754 15.06398642176213
1 44715U 19074C   23020.74053332  .00015711  00000-0  10712-2 0  9994
2 44715  53.0515 282.0109 0001235  90.4386 269.6745 15.06403273176492
1 44715U 19074C   23021.40399652  .00008295  00000-0  57486-3 0  9995
2 44715  53.0520 279.0292 0001081  66.9112 293.1991 15.06414493176593
1 44715U 19074C   23023.06266833  .00004233  00000-0  30284-3 0  9998
2 44715  53.0504 271.5869 0001330 110.2258 249.8874 15.06402734176844
1 44715U 19074C   23024.12421649  .00003423  00000-0  24852-3 0  9998
2 44715  53.0512 266.8193 0001362 102.4667 257.6475 15.06405595177003
1 44715U 19074C   23025.05306558  .00006073  00000-0  42606-3 0  9993
2 44715  53.0509 262.6493 0001422  92.6134 267.5018 15.06416426176975
1 44715U 19074C   23026.04827494  .00000721  00000-0  67299-4 0  9990
2 44715  53.0514 258.1810 0001363  94.9602 265.1542 15.06398872177121
1 44715U 19074C   23026.04827494  .00000721  00000-0  67299-4 0  9990
2 44715  53.0514 258.1810 0001363  94.9602 265.1542 15.06398872177299
1 44715U 19074C   23027.44156199  .00002184  00000-0  16549-3 0  9998
2 44715  53.0501 251.9264 0001283  97.4258 262.6876 15.06395233177330
1 44715U 19074C   23027.44156199  .00002184  00000-0  16549-3 0  9998
2 44715  53.0501 251.9264 0001283  97.4258 262.6876 15.06395233177509
1 44715U 19074C   23027.83964466  .00001174  00000-0  97730-4 0  9995
2 44715  53.0504 250.1396 0001246  91.5806 268.5326 15.06394101177397
1 44715U 19074C   23028.03868395  .00001701  00000-0  13310-3 0  9999
2 44715  53.0502 249.2456 0001262  91.9488 268.1645 15.06396834177428
1 44715U 19074C   23028.76850041  .00000162  00000-0  29793-4 0  9991
2 44715  53.0504 245.9676 0001272 106.9555 253.1573 15.06395058177702
1 44715U 19074C   23028.90119505  .00000023  00000-0  20415-4 0  9998
2 44715  53.0505 245.3728 0001210  98.9175 261.1951 15.06394394177559
1 44715U 19074C   23029.83004651  .00002610  00000-0  19405-3 0  9996
2 44715  53.0505 241.2026 0001152  94.5865 265.5255 15.06403414177692
1 44715U 19074C   23030.02908552  .00002583  00000-0  19218-3 0  9993
2 44715  53.0509 240.3091 0001177  91.6583 268.4541 15.06405847177894
1 44715U 19074C   23030.42717307  .00000458  00000-0  49621-4 0  9994
2 44715  53.0507 238.5218 0001204  94.1923 265.9203 15.06394353177952
1 44715U 19074C   23030.55986738 -.00000207  00000-0  49778-5 0  9991
2 44715  53.0504 237.9251 0001193  95.4016 264.7109 15.06393514177807
1 44715U 19074C   23030.69256689  .00002849  00000-0  21015-3 0  9996
2 44715  53.0513 237.3307 0001301 101.9694 258.1441 15.06382547177821
1 44715U 19074C   23030.69256689  .00002849  00000-0  21015-3 0  9996
2 44715  53.0513 237.3307 0001301 101.9694 258.1441 15.06382547177999
1 44715U 19074C   23031.42237851  .00000289  00000-0  38304-4 0  9994
2 44715  53.0510 234.0536 0001229  91.2374 268.8756 15.06396599178102
1 44715U 19074C   23031.55507113 -.00000291  00000-0 -65675-6 0  9997
2 44715  53.0511 233.4580 0001203  91.8052 268.3075 15.06399931177950
1 44715U 19074C   23031.82045705 -.00000647  00000-0 -24559-4 0  9990
2 44715  53.0511 232.2662 0001224  92.7193 267.3936 15.06402104177993
