1 44725U 19074N   22365.09740769  .00009185  00000-0  63450-3 0  9997
2 44725  53.0547  34.6901 0002119  35.5523 324.5607 15.06413565173102
1 44725U 19074N   22365.49548569  .00008663  00000-0  59948-3 0  9992
2 44725  53.0545  32.9046 0002242  40.4762 319.6393 15.06418998172996
1 44725U 19074N   23001.09260461  .00000892  00000-0  78765-4 0  9993
2 44725  53.0549  30.2229 0001980  30.8050 329.3054 15.06411385173250
1 44725U 19074N   23001.49068866 -.00004224  00000-0 -26481-3 0  9994
2 44725  53.0553  28.4363 0002048  32.7888 327.3227 15.06397103173148
1 44725U 19074N   23001.49068866 -.00004224  00000-0 -26481-3 0  9994
2 44725  53.0553  28.4363 0002048  32.7888 327.3227 15.06397103173317
1 44725U 19074N   23001.75608121 -.00006792  00000-0 -43766-3 0  9994
2 44725  53.0539  27.2443 0002114  31.3991 328.7124 15.06384323173187
1 44725U 19074N   23001.75608121 -.00006792  00000-0 -43766-3 0  9994
2 44725  53.0539  27.2443 0002114  31.3991 328.7124 15.06384323173356
1 44725U 19074N   23002.48590231  .00003711  00000-0  26794-3 0  9995
2 44725  53.0549  23.9680 0002099  33.1839 326.9281 15.06393927173293
1 44725U 19074N   23002.48590231  .00003711  00000-0  26794-3 0  9995
2 44725  53.0549  23.9680 0002099  33.1839 326.9281 15.06393927173462
1 44725U 19074N   23002.75129248  .00010461  00000-0  72021-3 0  9995
2 44725  53.0550  22.7768 0002087  34.0287 326.0835 15.06395334173338
1 44725U 19074N   23003.48110599  .00007947  00000-0  55168-3 0  9993
2 44725  53.0549  19.5014 0002158  30.6932 329.4183 15.06406554173444
1 44725U 19074N   23003.74649178  .00005712  00000-0  40200-3 0  9991
2 44725  53.0547  18.3089 0002079  30.8364 329.2747 15.06406866173657
1 44725U 19074N   23004.40996054  .00004077  00000-0  29238-3 0  9994
2 44725  53.0546  15.3306 0002190  33.8619 326.2510 15.06405693173589
1 44725U 19074N   23004.40996054  .00004077  00000-0  29238-3 0  9994
2 44725  53.0546  15.3306 0002190  33.8619 326.2510 15.06405693173758
1 44725U 19074N   23004.74168870  .00006718  00000-0  46923-3 0  9992
2 44725  53.0548  13.8420 0002204  36.7464 323.3676 15.06418103173634
1 44725U 19074N   23004.74168870  .00006718  00000-0  46923-3 0  9992
2 44725  53.0548  13.8420 0002204  36.7464 323.3676 15.06418103173803
1 44725U 19074N   23005.40515034  .00007082  00000-0  49356-3 0  9992
2 44725  53.0545  10.8633 0002266  38.8659 321.2493 15.06422116173735
1 44725U 19074N   23005.73688299  .00003046  00000-0  22325-3 0  9995
2 44725  53.0538   9.3743 0002262  37.7819 322.3328 15.06415433173782
1 44725U 19074N   23006.26766319 -.00004912  00000-0 -31112-3 0  9993
2 44725  53.0547   6.9906 0001964  23.3560 336.7518 15.06390620174037
1 44725U 19074N   23006.40035606 -.00004381  00000-0 -27546-3 0  9993
2 44725  53.0549   6.3956 0002099  23.5405 336.5680 15.06390569173880
1 44725U 19074N   23007.26287184  .00002471  00000-0  18471-3 0  9991
2 44725  53.0547   2.5231 0002270  38.5853 321.5298 15.06399552174012
1 44725U 19074N   23007.39556862  .00012073  00000-0  82795-3 0  9996
2 44725  53.0542   1.9275 0002335  36.7305 323.3844 15.06402322174031
1 44725U 19074N   23007.39556862  .00012073  00000-0  82795-3 0  9996
2 44725  53.0542   1.9275 0002335  36.7305 323.3844 15.06402322174200
1 44725U 19074N   23007.99269216  .00010184  00000-0  70153-3 0  9992
2 44725  53.0536 359.2450 0002088  47.5037 312.6128 15.06403361174293
1 44725U 19074N   23008.39077661  .00003190  00000-0  23300-3 0  9999
2 44725  53.0549 357.4591 0002210  37.6309 322.4834 15.06393139174184
1 44725U 19074N   23008.39077661  .00003190  00000-0  23300-3 0  9999
2 44725  53.0549 357.4591 0002210  37.6309 322.4834 15.06393139174353
1 44725U 19074N   23009.38597463  .00003225  00000-0  23529-3 0  9998
2 44725  53.0551 352.9921 0002350  42.7267 317.3904 15.06404848174337
1 44725U 19074N   23009.65136477  .00000352  00000-0  42560-4 0  9997
2 44725  53.0547 351.8010 0002320  42.5476 317.5693 15.06397181174378
1 44725U 19074N   23009.65136477  .00000352  00000-0  42560-4 0  9997
2 44725  53.0547 351.8010 0002320  42.5476 317.5693 15.06397181174547
1 44725U 19074N   23010.31483418  .00001451  00000-0  11632-3 0  9998
2 44725  53.0551 348.8228 0002178  41.5346 318.5808 15.06397303174472
1 44725U 19074N   23010.64656849 -.00000077  00000-0  13728-4 0  9997
2 44725  53.0547 347.3341 0002143  42.8429 317.2726 15.06396648174527
1 44725U 19074N   23011.17733396  .00006656  00000-0  46509-3 0  9999
2 44725  53.0551 344.9513 0002185  44.4137 315.7026 15.06417241174772
1 44725U 19074N   23011.24367860  .00008570  00000-0  59315-3 0  9992
2 44725  53.0550 344.6533 0002232  45.3309 314.7862 15.06423115174611
1 44725U 19074N   23011.70812294 -.00007616  00000-0 -49326-3 0  9992
2 44725  53.0542 342.5688 0001966  52.1058 308.0109 15.06373317174854
1 44725U 19074N   23011.90716620 -.00006669  00000-0 -42954-3 0  9997
2 44725  53.0540 341.6752 0002027  52.9844 307.1330 15.06373445174717
1 44725U 19074N   23012.17255483 -.00003963  00000-0 -24743-3 0  9992
2 44725  53.0538 340.4837 0001918  55.4020 304.7149 15.06378450174922
1 44725U 19074N   23012.70333293  .00001359  00000-0  11014-3 0  9999
2 44725  53.0528 338.1007 0002050  60.6446 299.4748 15.06386007175004
1 44725U 19074N   23012.90237525  .00003985  00000-0  28636-3 0  9997
2 44725  53.0530 337.2075 0002099  60.2009 299.9188 15.06390142174867
1 44725U 19074N   23013.16776521  .00021137  00000-0  14334-2 0  9998
2 44725  53.0533 336.0164 0001969  63.3343 296.7847 15.06405304174905
1 44725U 19074N   23013.16776521  .00021137  00000-0  14334-2 0  9998
2 44725  53.0533 336.0164 0001969  63.3343 296.7847 15.06405304175074
1 44725U 19074N   23013.89758133  .00021841  00000-0  14801-2 0  9998
2 44725  53.0527 332.7396 0001392  32.3768 327.7306 15.06412905175018
1 44725U 19074N   23014.09662025  .00011199  00000-0  76933-3 0  9995
2 44725  53.0525 331.8448 0001824  62.7049 297.4125 15.06410564175216
1 44725U 19074N   23014.89278025  .00001202  00000-0  99611-4 0  9999
2 44725  53.0536 328.2739 0002064  86.2272 273.8952 15.06404888175338
1 44725U 19074N   23015.29085658  .00013356  00000-0  91330-3 0  9994
2 44725  53.0533 326.4847 0002526  90.7310 269.3968 15.06421357175226
1 44725U 19074N   23015.29085658  .00013356  00000-0  91330-3 0  9994
2 44725  53.0533 326.4847 0002526  90.7310 269.3968 15.06421357175394
1 44725U 19074N   23015.82163301  .00005470  00000-0  38576-3 0  9996
2 44725  53.0515 324.0991 0002639  86.6271 273.5020 15.06409204175307
1 44725U 19074N   23015.82163301  .00005470  00000-0  38576-3 0  9996
2 44725  53.0515 324.0991 0002639  86.6271 273.5020 15.06409204175475
1 44725U 19074N   23016.08701608  .00012457  00000-0  85327-3 0  9992
2 44725  53.0515 322.9073 0001816  99.3515 260.7680 15.06419657175340
1 44725U 19074N   23016.81683885  .00010632  00000-0  73164-3 0  9998
2 44725  53.0504 319.6337 0002048 112.9330 247.1875 15.06395508175454
1 44725U 19074N   23016.81683885  .00010632  00000-0  73164-3 0  9998
2 44725  53.0504 319.6337 0002048 112.9330 247.1875 15.06395508175623
1 44725U 19074N   23017.28127548  .00002708  00000-0  20075-3 0  9997
2 44725  53.0519 317.5466 0002019 114.2856 245.8344 15.06380437175693
1 44725U 19074N   23017.54666611  .00001917  00000-0  14766-3 0  9996
2 44725  53.0519 316.3552 0001846 114.5666 245.5515 15.06381090175564
1 44725U 19074N   23017.81205620  .00001883  00000-0  14537-3 0  9993
2 44725  53.0524 315.1636 0001904 115.4280 244.6907 15.06384097175607
1 44725U 19074N   23018.21013226  .00017432  00000-0  11860-2 0  9999
2 44725  53.0521 313.3754 0001910 119.1269 240.9911 15.06408616175833
1 44725U 19074N   23018.54187095  .00005787  00000-0  40714-3 0  9992
2 44725  53.0524 311.8871 0002001 110.9410 249.1793 15.06397640175886
1 44725U 19074N   23019.07263772  .00010472  00000-0  72057-3 0  9990
2 44725  53.0517 309.5041 0001683 121.4177 238.6977 15.06416959175795
1 44725U 19074N   23019.07263772  .00010472  00000-0  72057-3 0  9990
2 44725  53.0517 309.5041 0001683 121.4177 238.6977 15.06416959175964
1 44725U 19074N   23019.80245978 -.00003066  00000-0 -18709-3 0  9996
2 44725  53.0496 306.2285 0001507  98.0862 262.0298 15.06388382176077
1 44725U 19074N   23020.20053992  .00016686  00000-0  11363-2 0  9993
2 44725  53.0512 304.4417 0001455 107.7370 252.3778 15.06404902175966
1 44725U 19074N   23020.20053992  .00016686  00000-0  11363-2 0  9993
2 44725  53.0512 304.4417 0001455 107.7370 252.3778 15.06404902176136
1 44725U 19074N   23020.66497278  .00006745  00000-0  47131-3 0  9990
2 44725  53.0504 302.3560 0001565  96.5336 263.5831 15.06395171176201
1 44725U 19074N   23021.12939622  .00022952  00000-0  15537-2 0  9998
2 44725  53.0515 300.2723 0001452  96.4135 263.7019 15.06424845176270
1 44725U 19074N   23021.46113200  .00019948  00000-0  13537-2 0  9990
2 44725  53.0518 298.7827 0001780  89.0014 271.1179 15.06416163176327
1 44725U 19074N   23022.45632769  .00018610  00000-0  12643-2 0  9998
2 44725  53.0496 294.3157 0001057 104.9702 255.1404 15.06418879176473
1 44725U 19074N   23022.92076213  .00029384  00000-0  19842-2 0  9994
2 44725  53.0502 292.2309 0001203 121.5482 238.5624 15.06384242176543
1 44725U 19074N   23023.78327220  .00011664  00000-0  80056-3 0  9994
2 44725  53.0484 288.3566 0001379 116.0828 244.0303 15.06402421176670
1 44725U 19074N   23024.11500140  .00017776  00000-0  12085-2 0  9992
2 44725  53.0495 286.8672 0001394 125.9948 234.1170 15.06422122176720
1 44725U 19074N   23024.97750946  .00007833  00000-0  54404-3 0  9992
2 44725  53.0493 282.9949 0001469 133.8751 226.2359 15.06410400176856
1 44725U 19074N   23025.44194100  .00002878  00000-0  21205-3 0  9996
2 44725  53.0496 280.9109 0001192  93.8477 266.2648 15.06398479176753
1 44725U 19074N   23025.44194100  .00002878  00000-0  21205-3 0  9996
2 44725  53.0496 280.9109 0001192  93.8477 266.2648 15.06398479176922
1 44725U 19074N   23025.84002473 -.00000794  00000-0 -34451-4 0  9996
2 44725  53.0495 279.1229 0001284 115.9098 244.2023 15.06393457176813
1 44725U 19074N   23026.10541182 -.00000266  00000-0  10174-5 0  9991
2 44725  53.0499 277.9314 0001235 112.3126 247.7994 15.06398523176855
1 44725U 19074N   23026.10541182 -.00000266  00000-0  10174-5 0  9991
2 44725  53.0499 277.9314 0001235 112.3126 247.7994 15.06398523177025
1 44725U 19074N   23027.10060896  .00003881  00000-0  27922-3 0  9992
2 44725  53.0495 273.4640 0001122 112.1571 247.9537 15.06408688177008
1 44725U 19074N   23027.10060896  .00003881  00000-0  27922-3 0  9992
2 44725  53.0495 273.4640 0001122 112.1571 247.9537 15.06408688177176
1 44725U 19074N   23027.89678066  .00000364  00000-0  43345-4 0  9993
2 44725  53.0508 269.8880 0001212  98.6595 261.4531 15.06391348177124
1 44725U 19074N   23028.09581786  .00001231  00000-0  10151-3 0  9990
2 44725  53.0496 268.9953 0001003  96.1707 263.9396 15.06398622177158
1 44725U 19074N   23028.09581786  .00001231  00000-0  10151-3 0  9990
2 44725  53.0496 268.9953 0001003  96.1707 263.9396 15.06398622177327
1 44725U 19074N   23028.89197970 -.00000303  00000-0 -14443-5 0  9997
2 44725  53.0497 265.4206 0001014 103.2394 256.8708 15.06399457177274
1 44725U 19074N   23029.68814432  .00000685  00000-0  64889-4 0  9993
2 44725  53.0496 261.8461 0000943  91.9456 268.1641 15.06395561177564
1 44725U 19074N   23029.88718417  .00001626  00000-0  12802-3 0  9994
2 44725  53.0503 260.9526 0000917  95.0013 265.1080 15.06398772177426
1 44725U 19074N   23030.61700151  .00001363  00000-0  11038-3 0  9991
2 44725  53.0502 257.6759 0000924  97.2650 262.8444 15.06396180177536
1 44725U 19074N   23030.88238732  .00000914  00000-0  80240-4 0  9994
2 44725  53.0502 256.4844 0000919  96.0454 264.0640 15.06398975177571
1 44725U 19074N   23030.88238732  .00000914  00000-0  80240-4 0  9994
2 44725  53.0502 256.4844 0000919  96.0454 264.0640 15.06398975177740
1 44725U 19074N   23031.87759169  .00000196  00000-0  32063-4 0  9998
2 44725  53.0501 252.0163 0000943  90.4752 269.6345 15.06397498177721
1 44725U 19074N   23031.87759169  .00000196  00000-0  32063-4 0  9998
2 44725  53.0501 252.0163 0000943  90.4752 269.6345 15.06397498177899
