1 44726U 19074P   22365.28722839  .00009975  00000-0  68723-3 0  9992
2 44726  53.0545  13.8154 0002034  41.1335 318.9807 15.06420701173244
1 44726U 19074P   22365.28722839  .00009975  00000-0  68723-3 0  9992
2 44726  53.0545  13.8154 0002034  41.1335 318.9807 15.06420701173413
1 44726U 19074P   22365.75165508  .00004824  00000-0  34239-3 0  9991
2 44726  53.0541  11.7303 0002048  42.9667 317.1481 15.06415244173318
1 44726U 19074P   23001.14973603 -.00003190  00000-0 -19534-3 0  9993
2 44726  53.0546   9.9443 0002134  43.2258 316.8899 15.06402541173543
1 44726U 19074P   23001.41512774 -.00004395  00000-0 -27634-3 0  9999
2 44726  53.0549   8.7520 0002097  39.9900 320.1243 15.06392761173580
1 44726U 19074P   23001.48147553 -.00004186  00000-0 -26228-3 0  9991
2 44726  53.0553   8.4549 0002134  41.9071 318.2081 15.06392363173426
1 44726U 19074P   23001.74686332 -.00001945  00000-0 -11173-3 0  9996
2 44726  53.0554   7.2633 0002150  43.7369 316.3790 15.06394648173464
1 44726U 19074P   23002.27764291 -.00002714  00000-0 -16339-3 0  9990
2 44726  53.0557   4.8809 0002152  43.1842 316.9315 15.06392093173547
1 44726U 19074P   23003.47189275  .00002578  00000-0  19197-3 0  9997
2 44726  53.0563 359.5197 0002173  44.2358 315.8805 15.06388073173894
1 44726U 19074P   23004.46709497  .00003635  00000-0  26282-3 0  9999
2 44726  53.0556 355.0522 0002204  43.3630 316.7532 15.06400070173874
1 44726U 19074P   23004.66612958  .00004604  00000-0  32770-3 0  9992
2 44726  53.0556 354.1589 0002207  44.1719 315.9446 15.06410848173900
1 44726U 19074P   23004.66612958  .00004604  00000-0  32770-3 0  9992
2 44726  53.0556 354.1589 0002207  44.1719 315.9446 15.06410848174079
1 44726U 19074P   23005.32959397  .00005423  00000-0  38255-3 0  9991
2 44726  53.0550 351.1807 0002180  47.0372 313.0799 15.06414467174004
1 44726U 19074P   23005.66132363  .00005182  00000-0  36635-3 0  9996
2 44726  53.0551 349.6914 0002188  46.4461 313.6710 15.06418681174052
1 44726U 19074P   23006.19209777 -.00005163  00000-0 -32797-3 0  9995
2 44726  53.0549 347.3078 0001815  41.6138 318.4989 15.06399313174308
1 44726U 19074P   23006.39114444 -.00006966  00000-0 -44932-3 0  9999
2 44726  53.0547 346.4154 0001928  43.8437 316.2705 15.06387934174333
1 44726U 19074P   23006.92192207 -.00002029  00000-0 -11737-3 0  9994
2 44726  53.0550 344.0324 0001972  44.4162 315.6985 15.06393448174241
1 44726U 19074P   23007.18730984  .00001356  00000-0  10995-3 0  9998
2 44726  53.0548 342.8408 0001885  44.8731 315.2410 15.06395051174281
1 44726U 19074P   23007.18730984  .00001356  00000-0  10995-3 0  9998
2 44726  53.0548 342.8408 0001885  44.8731 315.2410 15.06395051174450
1 44726U 19074P   23007.91712379  .00014840  00000-0  10126-2 0  9994
2 44726  53.0551 339.5647 0002193  42.9459 317.1701 15.06417315174396
1 44726U 19074P   23008.18250979  .00008214  00000-0  56950-3 0  9991
2 44726  53.0557 338.3734 0002072  41.4556 318.6590 15.06413468174605
1 44726U 19074P   23008.31520305  .00004028  00000-0  28913-3 0  9996
2 44726  53.0554 337.7781 0001988  36.5826 323.5298 15.06408466174452
1 44726U 19074P   23008.31520305  .00004028  00000-0  28913-3 0  9996
2 44726  53.0554 337.7781 0001988  36.5826 323.5298 15.06408466174621
1 44726U 19074P   23008.91232604  .00000476  00000-0  50844-4 0  9996
2 44726  53.0550 335.0970 0001968  35.7787 324.3333 15.06399995174549
1 44726U 19074P   23009.17771298  .00001375  00000-0  11117-3 0  9990
2 44726  53.0550 333.9056 0001939  37.2092 322.9031 15.06402122174754
1 44726U 19074P   23009.24405929  .00001659  00000-0  13025-3 0  9998
2 44726  53.0554 333.6079 0001989  41.5069 318.6071 15.06403633174593
1 44726U 19074P   23010.23927181 -.00000295  00000-0 -90951-6 0  9991
2 44726  53.0559 329.1405 0002013  43.9241 316.1907 15.06390857174918
1 44726U 19074P   23010.57100417  .00000010  00000-0  19590-4 0  9994
2 44726  53.0561 327.6520 0001961  44.5772 315.5374 15.06393441174798
1 44726U 19074P   23010.90274047  .00000355  00000-0  42773-4 0  9993
2 44726  53.0565 326.1633 0001960  46.3328 313.7824 15.06393396174842
1 44726U 19074P   23011.16812527  .00001036  00000-0  88474-4 0  9998
2 44726  53.0562 324.9724 0001963  47.9416 312.1740 15.06397677175054
1 44726U 19074P   23011.56619616  .00001520  00000-0  12087-3 0  9990
2 44726  53.0570 323.1851 0001947  47.2892 312.8260 15.06411078174941
1 44726U 19074P   23011.83158642  .00005167  00000-0  36547-3 0  9995
2 44726  53.0562 321.9937 0001992  50.7665 309.3501 15.06408208175154
1 44726U 19074P   23011.89793706  .00004540  00000-0  32345-3 0  9993
2 44726  53.0565 321.6941 0002064  46.4754 313.6406 15.06401436174990
1 44726U 19074P   23012.03063094  .00004395  00000-0  31376-3 0  9991
2 44726  53.0566 321.0991 0002041  48.6341 311.4823 15.06400772175184
1 44726U 19074P   23012.82678863  .00002577  00000-0  19184-3 0  9997
2 44726  53.0558 317.5265 0002475  55.0062 305.1159 15.06408005175136
1 44726U 19074P   23012.95948510 -.00001147  00000-0 -58095-4 0  9999
2 44726  53.0560 316.9293 0001713  44.2617 315.8509 15.06395496175320
1 44726U 19074P   23013.55660616  .00000240  00000-0  35007-4 0  9993
2 44726  53.0553 314.2481 0001815  47.0381 313.0760 15.06397687175248
1 44726U 19074P   23014.08737370  .00006852  00000-0  47822-3 0  9996
2 44726  53.0554 311.8652 0001768  46.3665 313.7470 15.06417474175495
1 44726U 19074P   23014.55180870  .00000367  00000-0  43552-4 0  9997
2 44726  53.0543 309.7817 0001635  52.5451 307.5686 15.06394490175567
1 44726U 19074P   23015.08259335 -.00000352  00000-0 -47182-5 0  9999
2 44726  53.0549 307.3980 0001458  66.5827 293.5315 15.06378799175649
1 44726U 19074P   23015.21528864  .00010897  00000-0  74957-3 0  9991
2 44726  53.0545 306.8024 0001533  69.0717 291.0436 15.06388400175498
1 44726U 19074P   23015.21528864  .00010897  00000-0  74957-3 0  9991
2 44726  53.0545 306.8024 0001533  69.0717 291.0436 15.06388400175667
1 44726U 19074P   23015.81241705  .00021915  00000-0  14855-2 0  9996
2 44726  53.0541 304.1215 0001513  78.5019 281.6140 15.06401559175583
1 44726U 19074P   23016.07779899  .00047170  00000-0  31612-2 0  9996
2 44726  53.0549 302.9310 0001312  76.9088 283.2048 15.06438895175799
1 44726U 19074P   23016.47586304  .00047623  00000-0  31877-2 0  9993
2 44726  53.0549 301.1438 0001297  79.1495 280.9640 15.06478764175689
1 44726U 19074P   23016.80762365  .00015507  00000-0  10578-2 0  9994
2 44726  53.0542 299.6538 0001137 109.1784 250.9328 15.06394680175732
1 44726U 19074P   23016.80762365  .00015507  00000-0  10578-2 0  9994
2 44726  53.0542 299.6538 0001137 109.1784 250.9328 15.06394680175901
1 44726U 19074P   23017.13936445  .00018376  00000-0  12501-2 0  9998
2 44726  53.0549 298.1649 0001307 105.2823 254.8310 15.06377473175955
1 44726U 19074P   23017.47110205  .00008485  00000-0  58811-3 0  9998
2 44726  53.0549 296.6753 0001292 103.9578 256.1555 15.06382195175839
1 44726U 19074P   23017.47110205  .00008485  00000-0  58811-3 0  9998
2 44726  53.0549 296.6753 0001292 103.9578 256.1555 15.06382195176009
1 44726U 19074P   23018.46630592  .00016957  00000-0  11541-2 0  9995
2 44726  53.0554 292.2081 0001333 100.5878 259.5262 15.06413865175980
1 44726U 19074P   23018.46630592  .00016957  00000-0  11541-2 0  9995
2 44726  53.0554 292.2081 0001333 100.5878 259.5262 15.06413865176150
1 44726U 19074P   23019.46150887 -.00002322  00000-0 -13700-3 0  9993
2 44726  53.0552 287.7407 0002102  86.3813 273.7416 15.06398579176135
1 44726U 19074P   23019.46150887 -.00002322  00000-0 -13700-3 0  9993
2 44726  53.0552 287.7407 0002102  86.3813 273.7416 15.06398579176304
1 44726U 19074P   23020.45672205  .00009398  00000-0  64923-3 0  9998
2 44726  53.0555 283.2737 0001185  82.8469 277.2655 15.06383239176280
1 44726U 19074P   23020.45672205  .00009398  00000-0  64923-3 0  9998
2 44726  53.0555 283.2737 0001185  82.8469 277.2655 15.06383239176459
1 44726U 19074P   23021.12018764  .00031399  00000-0  21159-2 0  9996
2 44726  53.0540 280.2963 0001360  82.8398 277.2746 15.06427675176552
1 44726U 19074P   23021.71730458  .00019163  00000-0  13010-2 0  9994
2 44726  53.0529 277.6164 0001337  89.4257 270.6885 15.06424799176648
1 44726U 19074P   23022.71250217  .00021746  00000-0  14744-2 0  9990
2 44726  53.0532 273.1478 0001200 116.0758 244.0354 15.06397703176799
1 44726U 19074P   23023.37597088  .00011378  00000-0  78141-3 0  9995
2 44726  53.0534 270.1690 0001110 114.2967 245.8138 15.06403175176897
1 44726U 19074P   23023.84040080  .00003541  00000-0  25652-3 0  9994
2 44726  53.0541 268.0852 0001343 115.8924 244.2204 15.06396860176966
1 44726U 19074P   23025.03464421  .00003604  00000-0  26070-3 0  9991
2 44726  53.0529 262.7225 0001132 104.7386 255.3728 15.06402115177148
1 44726U 19074P   23025.36637913  .00002665  00000-0  19775-3 0  9995
2 44726  53.0535 261.2330 0001165  96.5464 263.5657 15.06400335177028
1 44726U 19074P   23025.83080847  .00002215  00000-0  16755-3 0  9991
2 44726  53.0534 259.1481 0001270  94.5983 265.5151 15.06399368177092
1 44726U 19074P   23025.83080847  .00002215  00000-0  16755-3 0  9991
2 44726  53.0534 259.1481 0001270  94.5983 265.5151 15.06399368177261
1 44726U 19074P   23026.02985152  .00006497  00000-0  45472-3 0  9990
2 44726  53.0540 258.2545 0001273  96.2126 263.9008 15.06396364177121
1 44726U 19074P   23026.89235872  .00001075  00000-0  91041-4 0  9993
2 44726  53.0539 254.3815 0001175  92.3010 267.8113 15.06398733177421
1 44726U 19074P   23027.42313379  .00000731  00000-0  67967-4 0  9990
2 44726  53.0529 252.0000 0001220  88.9364 271.1765 15.06398227177334
1 44726U 19074P   23027.88755921  .00001683  00000-0  13182-3 0  9999
2 44726  53.0540 249.9144 0001174  93.0787 267.0336 15.06401678177406
1 44726U 19074P   23028.02025340  .00001187  00000-0  98538-4 0  9999
2 44726  53.0533 249.3186 0001154  91.3688 268.7433 15.06402216177424
1 44726U 19074P   23028.02025340  .00001187  00000-0  98538-4 0  9999
2 44726  53.0533 249.3186 0001154  91.3688 268.7433 15.06402216177592
1 44726U 19074P   23028.75007498 -.00000145  00000-0  91613-5 0  9995
2 44726  53.0540 246.0427 0001113  95.6605 264.4511 15.06394610177704
1 44726U 19074P   23028.88276724  .00000123  00000-0  27132-4 0  9998
2 44726  53.0540 245.4473 0001141  87.8469 272.2651 15.06396644177554
1 44726U 19074P   23029.87797223  .00002874  00000-0  21180-3 0  9991
2 44726  53.0543 240.9793 0001086  91.6756 268.4357 15.06388749177706
1 44726U 19074P   23030.01066125  .00000473  00000-0  50618-4 0  9991
2 44726  53.0542 240.3836 0001140  89.0535 271.0585 15.06399941177893
1 44726U 19074P   23030.60779023  .00000174  00000-0  30546-4 0  9990
2 44726  53.0544 237.7028 0001121  87.0010 273.1107 15.06392034177814
1 44726U 19074P   23030.60779023  .00000174  00000-0  30546-4 0  9990
2 44726  53.0544 237.7028 0001121  87.0010 273.1107 15.06392034177982
1 44726U 19074P   23030.87317597  .00000461  00000-0  49832-4 0  9990
2 44726  53.0544 236.5115 0001125  86.8962 273.2156 15.06394688177851
1 44726U 19074P   23031.53664366  .00000780  00000-0  71220-4 0  9993
2 44726  53.0546 233.5330 0001171  88.9883 271.1240 15.06396441177956
1 44726U 19074P   23031.53664366  .00000780  00000-0  71220-4 0  9993
2 44726  53.0546 233.5330 0001171  88.9883 271.1240 15.06396441178126
