1 44727U 19074Q   22365.19045772  .00015806  00000-0  10769-2 0  9993
2 44727  53.0533  54.2668 0001546  68.7010 291.4144 15.06425210172858
1 44727U 19074Q   22365.52218671  .00008971  00000-0  61990-3 0  9998
2 44727  53.0531  52.7773 0001506  67.0734 293.0414 15.06427739172730
1 44727U 19074Q   23001.11930533  .00008023  00000-0  55651-3 0  9994
2 44727  53.0527  50.0970 0002427  71.9317 288.1936 15.06424115172996
1 44727U 19074Q   23001.38469329 -.00002784  00000-0 -16806-3 0  9992
2 44727  53.0542  48.9029 0001074  71.1394 288.9712 15.06399290173039
1 44727U 19074Q   23001.51738915 -.00002993  00000-0 -18213-3 0  9993
2 44727  53.0541  48.3086 0001452  69.9944 290.1201 15.06393901172884
1 44727U 19074Q   23001.84912556 -.00000713  00000-0 -29009-4 0  9998
2 44727  53.0541  46.8197 0001491  68.0501 292.0646 15.06395234172933
1 44727U 19074Q   23002.11451652 -.00000146  00000-0  90699-5 0  9997
2 44727  53.0548  45.6280 0001515  71.4312 288.6842 15.06389466173148
1 44727U 19074Q   23002.37990489  .00000285  00000-0  38026-4 0  9999
2 44727  53.0550  44.4371 0001570  69.5597 290.5560 15.06392974173016
1 44727U 19074Q   23002.84433342  .00002033  00000-0  15534-3 0  9992
2 44727  53.0554  42.3522 0001609  69.7411 290.3750 15.06397649173085
1 44727U 19074Q   23003.50780674  .00003442  00000-0  24990-3 0  9990
2 44727  53.0536  39.3748 0001733  66.9074 293.2098 15.06395367173355
1 44727U 19074Q   23004.37031362  .00004177  00000-0  29912-3 0  9994
2 44727  53.0532  35.5031 0001658  65.0957 295.0204 15.06402116173316
1 44727U 19074Q   23004.76839421  .00001688  00000-0  13217-3 0  9994
2 44727  53.0534  33.7164 0001663  62.8096 297.3062 15.06400896173376
1 44727U 19074Q   23004.76839421  .00001688  00000-0  13217-3 0  9994
2 44727  53.0534  33.7164 0001663  62.8096 297.3062 15.06400896173545
1 44727U 19074Q   23005.49819861  .00005357  00000-0  37805-3 0  9997
2 44727  53.0537  30.4396 0001660  60.8845 299.2310 15.06417775173480
1 44727U 19074Q   23005.49819861  .00005357  00000-0  37805-3 0  9997
2 44727  53.0537  30.4396 0001660  60.8845 299.2310 15.06417775173659
1 44727U 19074Q   23005.76358565  .00002451  00000-0  18336-3 0  9996
2 44727  53.0543  29.2479 0001661  62.3068 297.8089 15.06411358173523
1 44727U 19074Q   23006.22802212 -.00002420  00000-0 -14364-3 0  9996
2 44727  53.0539  27.1633 0001586  58.3988 301.7155 15.06390717173769
1 44727U 19074Q   23006.42707757 -.00002153  00000-0 -12573-3 0  9999
2 44727  53.0548  26.2702 0001580  59.5995 300.5150 15.06380515173623
1 44727U 19074Q   23006.42707757 -.00002153  00000-0 -12573-3 0  9999
2 44727  53.0548  26.2702 0001580  59.5995 300.5150 15.06380515173791
1 44727U 19074Q   23007.09054268 -.00002128  00000-0 -12404-3 0  9990
2 44727  53.0544  23.2923 0001722  60.3432 299.7729 15.06393330173894
1 44727U 19074Q   23007.28957876 -.00000724  00000-0 -29677-4 0  9999
2 44727  53.0546  22.3977 0001619  63.0153 297.1001 15.06396839173757
1 44727U 19074Q   23007.42226721 -.00000434  00000-0 -10211-4 0  9995
2 44727  53.0548  21.8013 0001641  63.2947 296.8210 15.06404518173945
1 44727U 19074Q   23007.75400757 -.00001443  00000-0 -77986-4 0  9997
2 44727  53.0547  20.3124 0001673  63.5707 296.5453 15.06398459173822
1 44727U 19074Q   23007.75400757 -.00001443  00000-0 -77986-4 0  9997
2 44727  53.0547  20.3124 0001673  63.5707 296.5453 15.06398459173990
1 44727U 19074Q   23008.41747783  .00004867  00000-0  34545-3 0  9998
2 44727  53.0539  17.3339 0001694  65.7502 294.3664 15.06397780173924
1 44727U 19074Q   23008.74921514  .00004651  00000-0  33099-3 0  9994
2 44727  53.0537  15.8444 0001719  64.3665 295.7501 15.06395714173970
1 44727U 19074Q   23009.08094663  .00002910  00000-0  21417-3 0  9995
2 44727  53.0538  14.3548 0001568  67.5592 292.5563 15.06401434174191
1 44727U 19074Q   23009.47902423  .00003471  00000-0  25176-3 0  9999
2 44727  53.0541  12.5685 0001647  63.4168 296.6990 15.06407067174084
1 44727U 19074Q   23010.27518757  .00000253  00000-0  35900-4 0  9994
2 44727  53.0544   8.9943 0001579  62.0017 298.1131 15.06398624174201
1 44727U 19074Q   23010.27518757  .00000253  00000-0  35900-4 0  9994
2 44727  53.0544   8.9943 0001579  62.0017 298.1131 15.06398624174379
1 44727U 19074Q   23010.67327347 -.00000957  00000-0 -45349-4 0  9992
2 44727  53.0551   7.2074 0001612  63.1265 296.9888 15.06396263174269
1 44727U 19074Q   23011.27038357  .00001872  00000-0  14449-3 0  9990
2 44727  53.0550   4.5270 0001527  61.1010 299.0132 15.06405809174350
1 44727U 19074Q   23011.27038357  .00001872  00000-0  14449-3 0  9990
2 44727  53.0550   4.5270 0001527  61.1010 299.0132 15.06405809174529
1 44727U 19074Q   23011.66846358  .00001158  00000-0  96585-4 0  9990
2 44727  53.0546   2.7392 0001533  60.9590 299.1552 15.06406585174413
1 44727U 19074Q   23012.66367371 -.00005114  00000-0 -32487-3 0  9992
2 44727  53.0540 358.2714 0001859  73.1701 286.9492 15.06377651174738
1 44727U 19074Q   23012.92906399 -.00005536  00000-0 -35326-3 0  9993
2 44727  53.0543 357.0804 0001922  74.5916 285.5285 15.06378270174601
1 44727U 19074Q   23013.26080127 -.00008707  00000-0 -56678-3 0  9999
2 44727  53.0546 355.5913 0001522  81.0561 279.0600 15.06369738174656
1 44727U 19074Q   23013.65888464 -.00000659  00000-0 -25355-4 0  9999
2 44727  53.0536 353.8045 0001460  85.2705 274.8450 15.06379770174887
1 44727U 19074Q   23013.92428082  .00025987  00000-0  17578-2 0  9990
2 44727  53.0536 352.6130 0001365  92.4052 267.7093 15.06385066174753
1 44727U 19074Q   23014.12332027  .00034001  00000-0  22901-2 0  9999
2 44727  53.0530 351.7192 0001364  95.1577 264.9568 15.06406859174958
1 44727U 19074Q   23014.65409486  .00016680  00000-0  11357-2 0  9997
2 44727  53.0528 349.3367 0001502  76.6652 283.4505 15.06411153175034
1 44727U 19074Q   23015.18487063  .00041109  00000-0  27613-2 0  9999
2 44727  53.0536 346.9541 0001582  85.2051 274.9118 15.06418457174945
1 44727U 19074Q   23015.18487063  .00041109  00000-0  27613-2 0  9999
2 44727  53.0536 346.9541 0001582  85.2051 274.9118 15.06418457175115
1 44727U 19074Q   23015.64929320  .00031483  00000-0  21209-2 0  9996
2 44727  53.0536 344.8690 0000533  53.7367 306.3671 15.06438002175013
1 44727U 19074Q   23015.64929320  .00031483  00000-0  21209-2 0  9996
2 44727  53.0536 344.8690 0000533  53.7367 306.3671 15.06438002175181
1 44727U 19074Q   23016.18006970  .00008489  00000-0  58793-3 0  9992
2 44727  53.0542 342.4862 0001513  90.9995 269.1167 15.06411685175096
1 44727U 19074Q   23016.18006970  .00008489  00000-0  58793-3 0  9992
2 44727  53.0542 342.4862 0001513  90.9995 269.1167 15.06411685175265
1 44727U 19074Q   23016.90988869  .00001515  00000-0  12058-3 0  9995
2 44727  53.0533 339.2070 0001075 109.1058 251.0048 15.06396822175203
1 44727U 19074Q   23017.17527836  .00000766  00000-0  70287-4 0  9994
2 44727  53.0534 338.0158 0000563  92.9481 267.1573 15.06391684175413
1 44727U 19074Q   23017.57336102  .00000929  00000-0  81260-4 0  9996
2 44727  53.0548 336.2323 0001375 103.7716 256.3426 15.06394067175309
1 44727U 19074Q   23017.83875094  .00000862  00000-0  76753-4 0  9990
2 44727  53.0546 335.0421 0001401 107.5913 252.5229 15.06391321175347
1 44727U 19074Q   23018.56856564  .00002979  00000-0  21878-3 0  9990
2 44727  53.0542 331.7637 0001322  98.9902 261.1237 15.06398102175628
1 44727U 19074Q   23019.09933603  .00007654  00000-0  53198-3 0  9994
2 44727  53.0541 329.3825 0001443 107.6349 252.4798 15.06413549175703
1 44727U 19074Q   23019.23202540  .00011347  00000-0  77892-3 0  9990
2 44727  53.0535 328.7861 0001346 102.3324 257.7816 15.06424701175729
1 44727U 19074Q   23019.56376533  .00004084  00000-0  29282-3 0  9990
2 44727  53.0551 327.2969 0002098  86.1952 273.9277 15.06409408175606
1 44727U 19074Q   23019.56376533  .00004084  00000-0  29282-3 0  9990
2 44727  53.0551 327.2969 0002098  86.1952 273.9277 15.06409408175774
1 44727U 19074Q   23020.09454027  .00004647  00000-0  33063-3 0  9992
2 44727  53.0531 324.9128 0001260  84.7428 275.3704 15.06400881175851
1 44727U 19074Q   23021.55417413  .00020222  00000-0  13721-2 0  9997
2 44727  53.0529 318.3602 0001328  88.7058 271.4083 15.06412003176071
1 44727U 19074Q   23022.08494301  .00020576  00000-0  13953-2 0  9996
2 44727  53.0536 315.9786 0001399  79.2368 280.8778 15.06423690176150
1 44727U 19074Q   23022.81476181  .00015046  00000-0  10267-2 0  9994
2 44727  53.0531 312.7007 0001108  72.6001 287.5109 15.06403590176266
1 44727U 19074Q   23023.08015612  .00023987  00000-0  16249-2 0  9991
2 44727  53.0532 311.5103 0000819 349.9115  10.1857 15.06373749176302
1 44727U 19074Q   23024.14170315  .00026629  00000-0  17985-2 0  9995
2 44727  53.0537 306.7455 0001041  55.3132 304.7955 15.06428095176461
1 44727U 19074Q   23025.13690452  .00011436  00000-0  78504-3 0  9999
2 44727  53.0529 302.2734 0001116  76.9119 283.1994 15.06414784176610
1 44727U 19074Q   23025.20325162  .00007774  00000-0  54005-3 0  9990
2 44727  53.0530 301.9760 0001134  75.7837 284.3278 15.06409860176450
1 44727U 19074Q   23025.20325162  .00007774  00000-0  54005-3 0  9990
2 44727  53.0530 301.9760 0001134  75.7837 284.3278 15.06409860176629
1 44727U 19074Q   23026.13210864  .00009204  00000-0  63590-3 0  9994
2 44727  53.0521 297.8077 0001084  88.1539 271.9574 15.06404062176590
1 44727U 19074Q   23026.13210864  .00009204  00000-0  63590-3 0  9994
2 44727  53.0521 297.8077 0001084  88.1539 271.9574 15.06404062176769
1 44727U 19074Q   23027.12731401  .00006456  00000-0  45185-3 0  9995
2 44727  53.0525 293.3386 0001193  95.9671 264.1454 15.06402604176740
1 44727U 19074Q   23027.12731401  .00006456  00000-0  45185-3 0  9995
2 44727  53.0525 293.3386 0001193  95.9671 264.1454 15.06402604176919
1 44727U 19074Q   23027.98982868  .00001320  00000-0  10753-3 0  9992
2 44727  53.0519 289.4663 0001206  95.3073 264.8053 15.06392603176875
1 44727U 19074Q   23027.98982868  .00001320  00000-0  10753-3 0  9992
2 44727  53.0519 289.4663 0001206  95.3073 264.8053 15.06392603177045
1 44727U 19074Q   23028.85233406  .00002936  00000-0  21591-3 0  9992
2 44727  53.0525 285.5968 0001121  79.9602 280.1514 15.06405229177007
1 44727U 19074Q   23029.11771778  .00004766  00000-0  33851-3 0  9996
2 44727  53.0524 284.4029 0001313  92.8555 267.2584 15.06411436177219
1 44727U 19074Q   23029.71484466  .00000547  00000-0  55627-4 0  9996
2 44727  53.0531 281.7228 0001392  97.2918 262.8229 15.06397469177303
1 44727U 19074Q   23029.84753813  .00000418  00000-0  46955-4 0  9996
2 44727  53.0521 281.1262 0001382  95.1632 264.9514 15.06397891177155
1 44727U 19074Q   23030.11292600  .00000841  00000-0  75375-4 0  9998
2 44727  53.0519 279.9367 0001385  87.1075 273.0072 15.06398551177196
1 44727U 19074Q   23030.90908874  .00000477  00000-0  50911-4 0  9996
2 44727  53.0519 276.3625 0001351  86.8653 273.2491 15.06397970177310
1 44727U 19074Q   23031.10812847  .00001508  00000-0  12013-3 0  9999
2 44727  53.0519 275.4689 0001345  85.7470 274.3673 15.06400372177346
1 44727U 19074Q   23031.10812847  .00001508  00000-0  12013-3 0  9999
2 44727  53.0519 275.4689 0001345  85.7470 274.3673 15.06400372177515
1 44727U 19074Q   23031.70525041  .00002728  00000-0  20196-3 0  9998
2 44727  53.0517 272.7881 0001341  84.6446 275.4695 15.06400964177438
