1 44722U 19074K   23001.58334491  .01127567  00000-0  10255-1 0  9996
2 44722  53.0544   1.7263 0001202  83.7178 288.5483 15.64848948  1309
1 44722U 19074K   23001.58334491  .01127567  00000-0  10255-1 0  9996
2 44722  53.0544   1.7263 0001202  83.7178 288.5483 15.64848948173703
1 44722U 19074K   23002.00001157  .00567557  00000-0  50796-2 0  9995
2 44722  53.0549 359.6801 0001254  61.0381 140.3509 15.66037301  1308
1 44722U 19074K   23002.25001157  .01122935  00000-0  96688-2 0  9990
2 44722  53.0545 358.4525 0001238  61.5400 110.2093 15.66238943173807
1 44722U 19074K   23002.58334491  .01120256  00000-0  93829-2 0  9994
2 44722  53.0543 356.8125 0001116  84.0693 168.6736 15.66934187  1301
1 44722U 19074K   23002.91667824  .01130005  00000-0  91972-2 0  9990
2 44722  53.0545 355.1695 0001226  92.3504 242.2229 15.67624164  1300
1 44722U 19074K   23002.91667824  .01130005  00000-0  91972-2 0  9990
2 44722  53.0545 355.1695 0001226  92.3504 242.2229 15.67624164173917
1 44722U 19074K   23003.58334491  .01118964  00000-0  86139-2 0  9994
2 44722  53.0545 351.8833 0001042  90.0207  50.7091 15.69017726  1309
1 44722U 19074K   23003.58334491  .01118964  00000-0  86139-2 0  9994
2 44722  53.0545 351.8833 0001042  90.0207  50.7091 15.69017726174018
1 44722U 19074K   23004.25001157  .00993274  00000-0  71808-2 0  9990
2 44722  53.0546 348.5896 0001208  85.2169 225.0050 15.70436848174124
1 44722U 19074K   23004.58335648  .00035397  00000-0  32147-3 0  9998
2 44722  53.0567 346.9717 0001366  64.0693 319.4714 15.67670254  1304
1 44722U 19074K   23004.58335648  .00035397  00000-0  32147-3 0  9998
2 44722  53.0567 346.9717 0001366  64.0693 319.4714 15.67670254174170
1 44722U 19074K   23004.91667824  .00113638  00000-0  10093-2 0  9999
2 44722  53.0570 345.3282 0001340  77.3018  28.5106 15.67713234  1307
1 44722U 19074K   23004.91667824  .00113638  00000-0  10093-2 0  9999
2 44722  53.0570 345.3282 0001340  77.3018  28.5106 15.67713234174229
1 44722U 19074K   23005.25001157  .00077836  00000-0  69443-3 0  9991
2 44722  53.0572 343.6879 0001442  66.6798 121.5179 15.67766329174275
1 44722U 19074K   23005.58334491  .00030529  00000-0  27630-3 0  9997
2 44722  53.0573 342.0447 0001376  67.7565 202.8697 15.67832427  1304
1 44722U 19074K   23005.83334491  .00110762  00000-0  97982-3 0  9990
2 44722  53.0573 340.8115 0001360  74.8215 167.6819 15.67823566  1304
1 44722U 19074K   23005.83334491  .00110762  00000-0  97982-3 0  9990
2 44722  53.0573 340.8115 0001360  74.8215 167.6819 15.67823566174361
1 44722U 19074K   23006.30036814  .00077362  00000-0  68558-3 0  9996
2 44722  53.0571 338.5110 0001381  74.5134 285.6034 15.67934184174446
1 44722U 19074K   23006.93775717  .00075209  00000-0  66406-3 0  9995
2 44722  53.0571 335.3700 0001418  76.0837 284.0336 15.68035794174374
1 44722U 19074K   23007.25001157  .00081726  00000-0  71954-3 0  9996
2 44722  53.0573 333.8319 0001460  74.1518 249.6753 15.68071584  1306
1 44722U 19074K   23007.58334491  .00109998  00000-0  96769-3 0  9995
2 44722  53.0552 332.1856 0001167  84.9998 321.6344 15.67962846174640
1 44722U 19074K   23007.91667824 -.00026681  00000-0 -23126-3 0  9997
2 44722  53.0579 330.5437 0001297  84.7909  44.6176 15.68070788174696
1 44722U 19074K   23008.00001157 -.00015838  00000-0 -13505-3 0  9991
2 44722  53.0579 330.1335 0001285  82.8644 157.2381 15.68066278  1306
1 44722U 19074K   23008.14872976  .00045666  00000-0  40597-3 0  9992
2 44722  53.0582 329.4005 0001442  86.4371 273.6810 15.68076382174732
1 44722U 19074K   23008.14873030  .00036063  00000-0  32215-3 0  9993
2 44722  53.0597 329.4033 0000857  14.1670 345.9370 15.68068290174562
1 44722U 19074K   23008.14873030  .00036063  00000-0  32215-3 0  9993
2 44722  53.0597 329.4033 0000857  14.1670 345.9370 15.68068290174731
1 44722U 19074K   23008.84982561  .00044034  00000-0  39155-3 0  9997
2 44722  53.0580 325.9456 0000639  90.3769 269.7320 15.68087270174676
1 44722U 19074K   23008.84982561  .00044034  00000-0  39155-3 0  9997
2 44722  53.0580 325.9456 0000639  90.3769 269.7320 15.68087270174845
1 44722U 19074K   23009.16852203  .00055783  00000-0  49589-3 0  9997
2 44722  53.0576 324.3740 0001689  89.3571 270.7638 15.67991413174895
1 44722U 19074K   23009.48714767  .00153313  00000-0  13173-2 0  9991
2 44722  53.0580 322.8030 0002257  73.5022 286.6242 15.68374609174770
1 44722U 19074K   23009.48714767  .00153313  00000-0  13173-2 0  9991
2 44722  53.0580 322.8030 0002257  73.5022 286.6242 15.68374609174949
1 44722U 19074K   23009.86938921  .00046331  00000-0  39946-3 0  9991
2 44722  53.0591 320.9179 0001437  34.8658 325.2452 15.68819744174833
1 44722U 19074K   23010.25151534  .00115087  00000-0  95671-3 0  9995
2 44722  53.0580 319.0334 0001282 112.1108 248.0044 15.69323868175064
1 44722U 19074K   23010.58334491  .00549961  00000-0  42406-2 0  9995
2 44722  53.0547 317.3860 0001135  84.3119 351.7954 15.69761431  1300
1 44722U 19074K   23010.58334491  .00549961  00000-0  42406-2 0  9995
2 44722  53.0547 317.3860 0001135  84.3119 351.7954 15.69761431175111
1 44722U 19074K   23010.91667824  .00549563  00000-0  41774-2 0  9996
2 44722  53.0549 315.7381 0001118  83.4946  77.6359 15.70108298  1302
1 44722U 19074K   23011.58334491  .00547175  00000-0  40423-2 0  9998
2 44722  53.0546 312.4400 0001152  92.8643 239.5622 15.70802204  1301
1 44722U 19074K   23011.91667824  .00546848  00000-0  39820-2 0  9999
2 44722  53.0547 310.7897 0001187  95.4233 323.2756 15.71149124  1300
1 44722U 19074K   23011.91667824  .00546848  00000-0  39820-2 0  9999
2 44722  53.0547 310.7897 0001187  95.4233 323.2756 15.71149124175324
1 44722U 19074K   23013.00001157  .00621272  00000-0  42766-2 0  9990
2 44722  53.0547 305.4210 0001165  85.6907 346.2713 15.72268352  1309
1 44722U 19074K   23013.00001157  .00621272  00000-0  42766-2 0  9990
2 44722  53.0547 305.4210 0001165  85.6907 346.2713 15.72268352175491
1 44722U 19074K   23013.58334491  .00625128  00000-0  41787-2 0  9999
2 44722  53.0545 302.5248 0001113 107.1127  29.2642 15.72950234  1309
1 44722U 19074K   23013.91667824  .00622876  00000-0  40961-2 0  9995
2 44722  53.0547 300.8697 0001226 113.9741 111.2839 15.73341703  1308
1 44722U 19074K   23014.25001157  .00627721  00000-0  40576-2 0  9990
2 44722  53.0545 299.2145 0001201 109.1430 205.4657 15.73730407175691
1 44722U 19074K   23015.25001157  .00630003  00000-0  38714-2 0  9999
2 44722  53.0543 294.2387 0001266 123.5503 101.9285 15.74901075175840
1 44722U 19074K   23015.58334491  .00625361  00000-0  37803-2 0  9994
2 44722  53.0544 292.5761 0001260 116.5079 200.2006 15.75293206  1306
1 44722U 19074K   23015.91668981  .00620032  00000-0  36870-2 0  9998
2 44722  53.0546 290.9156 0001309 115.4909 292.9797 15.75686304  1302
1 44722U 19074K   23016.25001157  .00219062  00000-0  13704-2 0  9990
2 44722  53.0551 289.2630 0000994 134.1381   6.1679 15.75669008176003
1 44722U 19074K   23016.58334491  .00226188  00000-0  14065-2 0  9994
2 44722  53.0552 287.5989 0001162 146.6879  85.6276 15.75785054  1305
1 44722U 19074K   23016.83334491  .00104894  00000-0  66227-3 0  9999
2 44722  53.0553 286.3531 0001173 141.7393  69.5684 15.75841250  1300
1 44722U 19074K   23016.83334491  .00104894  00000-0  66227-3 0  9999
2 44722  53.0553 286.3531 0001173 141.7393  69.5684 15.75841250176099
1 44722U 19074K   23017.58334491  .00181125  00000-0  11221-2 0  9997
2 44722  53.0545 282.6121 0001203 153.4830 355.3523 15.76008552  1304
1 44722U 19074K   23017.58334491  .00181125  00000-0  11221-2 0  9997
2 44722  53.0545 282.6121 0001203 153.4830 355.3523 15.76008552176217
1 44722U 19074K   23017.91667824  .00087244  00000-0  54625-3 0  9996
2 44722  53.0549 280.9508 0001126 147.7987  93.3804 15.76107774  1308
1 44722U 19074K   23017.91667824  .00087244  00000-0  54625-3 0  9996
2 44722  53.0549 280.9508 0001126 147.7987  93.3804 15.76107774176266
1 44722U 19074K   23018.58334491  .00172861  00000-0  10612-2 0  9998
2 44722  53.0547 277.6234 0001207 158.1635 268.0852 15.76242168  1302
1 44722U 19074K   23018.58334491  .00172861  00000-0  10612-2 0  9998
2 44722  53.0547 277.6234 0001207 158.1635 268.0852 15.76242168176372
1 44722U 19074K   23018.91667824  .00121262  00000-0  74510-3 0  9991
2 44722  53.0545 275.9616 0001078 157.3132   1.6502 15.76396980  1309
1 44722U 19074K   23018.91667824  .00121262  00000-0  74510-3 0  9991
2 44722  53.0545 275.9616 0001078 157.3132   1.6502 15.76396980176425
1 44722U 19074K   23019.14229615  .00139915  00000-0  85577-3 0  9998
2 44722  53.0548 274.8343 0001172 161.2092 198.8971 15.76435074176299
1 44722U 19074K   23020.09317622  .00139754  00000-0  84537-3 0  9996
2 44722  53.0545 270.0877 0001180 169.5395 190.5649 15.76686970176612
1 44722U 19074K   23020.41010219  .00131862  00000-0  79579-3 0  9996
2 44722  53.0543 268.5061 0001109 169.5683 190.5359 15.76766752176499
1 44722U 19074K   23021.04390421  .00138057  00000-0  82620-3 0  9996
2 44722  53.0537 265.3407 0001095 177.6089 182.4936 15.76935424176760
1 44722U 19074K   23022.37466191  .00142858  00000-0  84038-3 0  9990
2 44722  53.0530 258.6932 0000985 189.7877 170.3124 15.77306436176971
1 44722U 19074K   23022.91667824  .00138791  00000-0  80986-3 0  9995
2 44722  53.0522 255.9846 0000989 200.0368 359.8345 15.77502738177054
1 44722U 19074K   23023.25002315  .00108452  00000-0  63422-3 0  9998
2 44722  53.0519 254.3180 0001010 207.1970  86.7570 15.77563631177119
1 44722U 19074K   23024.02184706  .00134737  00000-0  77856-3 0  9990
2 44722  53.0526 250.4576 0001098 210.2462 149.8495 15.77736162177231
1 44722U 19074K   23024.84527238  .00127471  00000-0  73064-3 0  9995
2 44722  53.0525 246.3391 0001081 222.5717 137.5220 15.77942890177361
1 44722U 19074K   23025.58334491  .00154214  00000-0  87319-3 0  9997
2 44722  53.0524 242.6457 0001175 226.0817   9.4220 15.78125563  1304
1 44722U 19074K   23025.91667824  .00123725  00000-0  70096-3 0  9990
2 44722  53.0525 240.9797 0000949 240.8065  89.6269 15.78216615  1302
1 44722U 19074K   23025.91667824  .00123725  00000-0  70096-3 0  9990
2 44722  53.0525 240.9797 0000949 240.8065  89.6269 15.78216615177531
1 44722U 19074K   23025.98522907  .00130074  00000-0  73620-3 0  9990
2 44722  53.0526 240.6354 0001153 235.8613 124.2298 15.78216143177544
1 44722U 19074K   23026.55513395  .00132939  00000-0  74749-3 0  9990
2 44722  53.0529 237.7839 0001090 245.5167 114.5740 15.78352856177461
1 44722U 19074K   23026.87172517  .00128497  00000-0  72047-3 0  9995
2 44722  53.0529 236.1986 0001150 250.1746 109.9150 15.78431443177518
1 44722U 19074K   23026.87172517  .00128497  00000-0  72047-3 0  9995
2 44722  53.0529 236.1986 0001150 250.1746 109.9150 15.78431443177686
1 44722U 19074K   23027.82141011  .00117188  00000-0  65181-3 0  9992
2 44722  53.0533 231.4445 0001202 262.1007  97.9877 15.78650697177833
1 44722U 19074K   23028.58106497  .00109748  00000-0  60658-3 0  9992
2 44722  53.0533 227.6409 0001292 270.5004  89.5868 15.78819246177787
1 44722U 19074K   23028.83426486  .00106390  00000-0  58694-3 0  9990
2 44722  53.0534 226.3719 0001356 266.1692  93.9173 15.78873000177824
1 44722U 19074K   23028.83426486  .00106390  00000-0  58694-3 0  9990
2 44722  53.0534 226.3719 0001356 266.1692  93.9173 15.78873000177992
1 44722U 19074K   23029.78368653  .00098954  00000-0  54166-3 0  9992
2 44722  53.0530 221.6148 0001506 279.9437  80.1414 15.79076257177972
1 44722U 19074K   23030.22670970  .00100904  00000-0  54993-3 0  9998
2 44722  53.0523 219.3949 0001576 285.4709  74.6138 15.79164681178216
1 44722U 19074K   23030.60642371  .00096845  00000-0  52635-3 0  9993
2 44722  53.0520 217.4920 0001654 289.2395  70.8447 15.79242477178100
1 44722U 19074K   23030.92283071  .00140613  00000-0  75466-3 0  9996
2 44722  53.0520 215.9055 0001610 278.4664  81.6174 15.79359823178159
1 44722U 19074K   23030.98610912  .00137647  00000-0  73823-3 0  9998
2 44722  53.0521 215.5884 0001800 300.4740  59.6103 15.79384863178337
1 44722U 19074K   23031.49220984  .00223997  00000-0  11557-2 0  9990
2 44722  53.0516 213.0505 0001886 290.7650  69.3169 15.79972979178419
1 44722U 19074K   23031.55545858  .00231329  00000-0  11880-2 0  9994
2 44722  53.0516 212.7330 0002029 289.8060  70.2742 15.80053746178259
1 44722U 19074K   23031.91667824  .00774047  00000-0  36289-2 0  9991
2 44722  53.0512 210.9210 0003044 313.6078 302.7852 15.80607638  1306
1 44722U 19074K   23031.91667824  .00774047  00000-0  36289-2 0  9991
2 44722  53.0512 210.9210 0003044 313.6078 302.7852 15.80607638178479
1 44722U 19074K   23032.25001157  .00675648  00000-0  31492-2 0  9998
2 44722  53.0509 209.2445 0003042 311.6010  42.8185 15.80990736178530
1 44722U 19074K   23032.50380874  .00259009  00000-0  12527-2 0  9999
2 44722  53.0512 207.9692 0003099 313.5896  46.4868 15.81282233178577
1 44722U 19074K   23032.56700247  .00254170  00000-0  12244-2 0  9995
2 44722  53.0511 207.6514 0002820 310.0352  50.0422 15.81382565178415
1 44722U 19074K   23032.75656552  .00257115  00000-0  12225-2 0  9996
2 44722  53.0512 206.6975 0002781 302.6635  57.4118 15.81657219178619
1 44722U 19074K   23033.07243127  .00341164  00000-0  15690-2 0  9999
2 44722  53.0507 205.1081 0003151 310.1366  49.9379 15.82148907178662
1 44722U 19074K   23033.57760322  .00416330  00000-0  18248-2 0  9995
2 44722  53.0503 202.5633 0003684 329.9598  30.1213 15.82982295178573
1 44722U 19074K   23033.89318733  .00491071  00000-0  20755-2 0  9996
2 44722  53.0504 200.9714 0003759 316.5644  43.5082 15.83566231178798
1 44722U 19074K   23034.08249729  .00932764  00000-0  36678-2 0  9996
2 44722  53.0519 200.0154 0003975 321.5055  38.5968 15.83997090178827
1 44722U 19074K   23034.14558426  .00974146  00000-0  37954-2 0  9998
2 44722  53.0510 199.6984 0002422 307.4336  52.6144 15.84086182178839
1 44722U 19074K   23034.33484158  .01002573  00000-0  38292-2 0  9992
2 44722  53.0505 198.7407 0002885 314.8006  45.3101 15.84438311178862
1 44722U 19074K   23034.58710565  .01044180  00000-0  38777-2 0  9991
2 44722  53.0499 197.4647 0003602 321.8311  38.3253 15.84930594178906
1 44722U 19074K   23034.65014500  .01057909  00000-0  38983-2 0  9997
2 44722  53.0498 197.1487 0004807 327.8332  32.2397 15.85062121178906
1 44722U 19074K   23034.80157444  .01072619  00000-0  38932-2 0  9998
2 44722  53.0499 196.3798 0003515 319.8840 184.8726 15.85341301178936
1 44722U 19074K   23034.90231431  .01063162  00000-0  38981-2 0  9995
2 44722  53.0502 195.8717 0003520 322.1544  37.9352 15.85538702178958
1 44722U 19074K   23035.02836505  .01081679  00000-0  39109-2 0  9998
2 44722  53.0502 195.2338 0003568 324.7536  35.3289 15.85792322178975
1 44722U 19074K   23035.40640989  .01289612  00000-0  43656-2 0  9998
2 44722  53.0490 193.3205 0005262 331.8680  28.4398 15.86736320179034
1 44722U 19074K   23035.59529823  .01194720  00000-0  40206-2 0  9994
2 44722  53.0478 192.3574 0005590 322.3196  37.6763 15.87046887179063
1 44722U 19074K   23035.87446503  .01462071  00000-0  46911-2 0  9994
2 44722  53.0510 190.9457 0006030 331.4234 185.1095 15.87926774179102
1 44722U 19074K   23036.85332182  .01440152  98668-3  46199-2 0  9994
2 44722  53.0510 185.9667 0005040 335.4780  24.6136 15.90590000179262
1 44722U 19074K   23036.91614821  .01468795  10367-2  46632-2 0  9998
2 44722  53.0514 185.6460 0005524 334.7835  25.3223 15.90800957179275
1 44722U 19074K   23037.10458116  .01521096  11368-2  46913-2 0  9991
2 44722  53.0508 184.6833 0005600 333.1798  26.9169 15.91389634179302
1 44722U 19074K   23037.48123403  .01679518  14768-2  48543-2 0  9991
2 44722  53.0505 182.7594 0005156 331.0198  29.2693 15.92731474179367
1 44722U 19074K   23037.62198345  .02191653  29856-2  61783-2 0  9999
2 44722  53.0484 182.0388 0007795 339.2805 108.8129 15.93556061179381
1 44722U 19074K   23037.68761998  .02199170  30330-2  61058-2 0  9991
2 44722  53.0484 181.7027 0007751 338.7157 126.1867 15.93857993179394
1 44722U 19074K   23037.93713284  .02272670  34074-2  59650-2 0  9995
2 44722  53.0497 180.4315 0008592 337.6201 120.2994 15.94998349179439
1 44722U 19074K   23038.33197663  .02607943  54281-2  62704-2 0  9998
2 44722  53.0440 178.4016 0009955 337.9413 229.9689 15.97101026179499
1 44722U 19074K   23038.60858886  .02703303  63976-2  60661-2 0  9997
2 44722  53.0500 176.9690 0008672 336.5327  23.4808 15.98622090179547
1 44722U 19074K   23038.92099135  .03086007  12112-1  65708-2 0  9994
2 44722  53.0491 175.3594 0007484 335.2104  25.3111 16.00994374179595
1 44722U 19074K   23039.00217888  .03150519  14254-1  66617-2 0  9990
2 44722  53.0464 174.9381 0008460 335.6780 133.1401 16.01636890179602
1 44722U 19074K   23039.24461184  .03576331  18135-1  66401-2 0  9993
2 44722  53.0467 173.6769 0009445 338.1365  90.1881 16.03616208179643
1 44722U 19074K   23039.93458422  .04675158  55802-1  63609-2 0  9997
2 44722  53.0422 170.0837 0009439 335.5016 126.7802 16.10901869179757
1 44722U 19074K   23040.41217409  .10841177  11928-4  58113-2 0  9991
2 44722  53.0397 167.5554 0010500 338.3456  21.6374 16.19037253179837
1 44722U 19074K   23040.80494623  .21032882  12269-4  36491-2 0  9990
2 44722  53.0438 165.4420 0007770 344.0748 154.6100 16.32045528179894
1 44722U 19074K   23040.80494623  .21032882  12269-4  36491-2 0  9990
2 44722  53.0438 165.4420 0007770 344.0748 154.6100 16.32045528179894
