1 44720U 19074H   22365.31945844  .00002532  00000-0  18887-3 0  9991
2 44720  53.0571  13.6801 0002325  40.8806 319.2357 15.06397574173252
1 44720U 19074H   22365.31945844  .00002532  00000-0  18887-3 0  9991
2 44720  53.0571  13.6801 0002325  40.8806 319.2357 15.06397574173421
1 44720U 19074H   22365.71753933  .00001429  00000-0  11480-3 0  9997
2 44720  53.0565  11.8922 0002328  40.1172 319.9989 15.06401186173311
1 44720U 19074H   23001.44736582 -.00004841  00000-0 -30647-3 0  9995
2 44720  53.0554   8.6169 0002330  38.8444 321.2712 15.06380147173420
1 44720U 19074H   23001.44736582 -.00004841  00000-0 -30647-3 0  9995
2 44720  53.0554   8.6169 0002330  38.8444 321.2712 15.06380147173598
1 44720U 19074H   23001.71276007 -.00002693  00000-0 -16201-3 0  9999
2 44720  53.0570   7.4275 0002289  41.7867 318.3297 15.06386866173461
1 44720U 19074H   23002.17718411  .00000011  00000-0  19677-4 0  9991
2 44720  53.0560   5.3415 0002286  41.5827 318.5336 15.06392720173703
1 44720U 19074H   23002.50891488  .00001742  00000-0  13582-3 0  9994
2 44720  53.0546   3.8519 0002319  41.3285 318.7879 15.06397347173588
1 44720U 19074H   23002.70795574  .00004390  00000-0  31342-3 0  9991
2 44720  53.0544   2.9583 0002325  41.5210 318.5955 15.06399858173610
1 44720U 19074H   23002.70795574  .00004390  00000-0  31342-3 0  9991
2 44720  53.0544   2.9583 0002325  41.5210 318.5955 15.06399858173788
1 44720U 19074H   23003.37142319  .00009546  00000-0  65864-3 0  9992
2 44720  53.0539 359.9798 0002315  43.4058 316.7113 15.06412610173716
1 44720U 19074H   23003.70315871 -.00000234  00000-0  32057-5 0  9990
2 44720  53.0537 358.4904 0002348  43.6837 316.4337 15.06399925173932
1 44720U 19074H   23004.36662439  .00007144  00000-0  49793-3 0  9997
2 44720  53.0538 355.5119 0002149  39.9371 320.1775 15.06406872173869
1 44720U 19074H   23004.69835550  .00009234  00000-0  63773-3 0  9995
2 44720  53.0540 354.0227 0002147  40.0216 320.0931 15.06415984173918
1 44720U 19074H   23004.69835550  .00009234  00000-0  63773-3 0  9995
2 44720  53.0540 354.0227 0002147  40.0216 320.0931 15.06415984174087
1 44720U 19074H   23005.22912725  .00006492  00000-0  45418-3 0  9994
2 44720  53.0552 351.6420 0002391  38.7821 321.3339 15.06414403174165
1 44720U 19074H   23005.36182090  .00003796  00000-0  27351-3 0  9993
2 44720  53.0550 351.0446 0002058  40.4084 319.7057 15.06409176174019
1 44720U 19074H   23006.22433501 -.00001071  00000-0 -53005-4 0  9997
2 44720  53.0535 347.1719 0001978  31.7095 328.4013 15.06393555174311
1 44720U 19074H   23006.95414931  .00000231  00000-0  34400-4 0  9996
2 44720  53.0560 343.8962 0001945  32.6324 327.4785 15.06399379174259
1 44720U 19074H   23007.21953486  .00000734  00000-0  68153-4 0  9999
2 44720  53.0548 342.7056 0001980  33.0873 327.0239 15.06401436174292
1 44720U 19074H   23007.35222841  .00001988  00000-0  15234-3 0  9991
2 44720  53.0555 342.1091 0002035  36.7669 323.3460 15.06399865174486
1 44720U 19074H   23007.61762619  .00000308  00000-0  39615-4 0  9997
2 44720  53.0557 340.9177 0002166  40.4266 319.6884 15.06389438174358
1 44720U 19074H   23007.61762619  .00000308  00000-0  39615-4 0  9997
2 44720  53.0557 340.9177 0002166  40.4266 319.6884 15.06389438174527
1 44720U 19074H   23008.21475803  .00000050  00000-0  22279-4 0  9992
2 44720  53.0559 338.2406 0001932  42.3947 317.7191 15.06382533174441
1 44720U 19074H   23008.21475803  .00000050  00000-0  22279-4 0  9992
2 44720  53.0559 338.2406 0001932  42.3947 317.7191 15.06382533174610
1 44720U 19074H   23008.61283021  .00002272  00000-0  17141-3 0  9994
2 44720  53.0550 336.4506 0002102  43.6367 316.4787 15.06394246174501
1 44720U 19074H   23008.61283021  .00002272  00000-0  17141-3 0  9994
2 44720  53.0550 336.4506 0002102  43.6367 316.4787 15.06394246174679
1 44720U 19074H   23008.94455661  .00001437  00000-0  11533-3 0  9992
2 44720  53.0548 334.9611 0002113  40.7167 319.3980 15.06409361174722
1 44720U 19074H   23009.27628760 -.00000361  00000-0 -53373-5 0  9998
2 44720  53.0549 333.4718 0002220  49.9043 310.2140 15.06416054174600
1 44720U 19074H   23009.87341495  .00001279  00000-0  10473-3 0  9990
2 44720  53.0531 330.7917 0002220  50.1982 309.9202 15.06404470174690
1 44720U 19074H   23010.20515046  .00002998  00000-0  22008-3 0  9990
2 44720  53.0545 329.3007 0002167  46.6562 313.4607 15.06404773174913
1 44720U 19074H   23010.40419248  .00001481  00000-0  11832-3 0  9998
2 44720  53.0550 328.4089 0002188  45.4959 314.6208 15.06401110174775
1 44720U 19074H   23010.60323140  .00000483  00000-0  51331-4 0  9995
2 44720  53.0545 327.5149 0001986  49.6706 310.4457 15.06400759174809
1 44720U 19074H   23011.13400372  .00000875  00000-0  77620-4 0  9991
2 44720  53.0547 325.1320 0001810  49.9034 310.2114 15.06404846175056
1 44720U 19074H   23011.59842697  .00003386  00000-0  24606-3 0  9996
2 44720  53.0548 323.0465 0001804  53.9723 306.1433 15.06410347174956
1 44720U 19074H   23011.86381538  .00001452  00000-0  11631-3 0  9994
2 44720  53.0548 321.8544 0001500  55.3867 304.7263 15.06404250174993
1 44720U 19074H   23012.26189271  .00004821  00000-0  34222-3 0  9993
2 44720  53.0547 320.0712 0001959  43.6560 316.4584 15.06409643175053
1 44720U 19074H   23012.26189271  .00004821  00000-0  34222-3 0  9993
2 44720  53.0547 320.0712 0001959  43.6560 316.4584 15.06409643175222
1 44720U 19074H   23012.99171357 -.00000103  00000-0  11981-4 0  9997
2 44720  53.0541 316.7928 0001847  43.3760 316.7374 15.06396623175337
1 44720U 19074H   23013.52248481 -.00000418  00000-0 -91830-5 0  9992
2 44720  53.0544 314.4090 0001734  47.8844 312.2292 15.06400858175248
1 44720U 19074H   23013.78787623  .00000344  00000-0  42031-4 0  9990
2 44720  53.0546 313.2206 0001865  48.7607 311.3542 15.06394805175284
1 44720U 19074H   23014.11960884  .00000944  00000-0  82268-4 0  9992
2 44720  53.0545 311.7328 0001577  43.0950 317.0162 15.06397710175504
1 44720U 19074H   23014.25229619  .00003412  00000-0  24778-3 0  9995
2 44720  53.0542 311.1344 0001825  45.8750 314.2389 15.06411865175527
1 44720U 19074H   23015.18116691  .00001928  00000-0  14838-3 0  9999
2 44720  53.0554 306.9659 0003919  68.6227 291.5180 15.06397000175664
1 44720U 19074H   23015.57922814  .00002276  00000-0  17160-3 0  9992
2 44720  53.0570 305.1744 0001114   1.1033 358.9958 15.06406781175556
1 44720U 19074H   23015.57922814  .00002276  00000-0  17160-3 0  9992
2 44720  53.0570 305.1744 0001114   1.1033 358.9958 15.06406781175725
1 44720U 19074H   23016.10998098  .00044534  00000-0  29829-2 0  9996
2 44720  53.0532 302.7947 0001531  57.6883 302.4254 15.06486245175808
1 44720U 19074H   23016.17633494 -.00045311  00000-0 -30419-2 0  9992
2 44720  53.0537 302.4960 0001802  62.6959 297.4213 15.06405709175811
1 44720U 19074H   23016.50808549 -.00021513  00000-0 -14315-2 0  9999
2 44720  53.0541 301.0072 0001531  82.8685 277.2478 15.06352849175695
1 44720U 19074H   23016.77349136 -.00003569  00000-0 -22126-3 0  9991
2 44720  53.0547 299.8218 0002536  74.5520 285.5749 15.06325982175735
1 44720U 19074H   23016.77349136 -.00003569  00000-0 -22126-3 0  9991
2 44720  53.0547 299.8218 0002536  74.5520 285.5749 15.06325982175904
1 44720U 19074H   23017.50334327  .00034905  00000-0  23542-2 0  9997
2 44720  53.0532 296.5397 0001595  95.5005 264.6166 15.06343435175842
1 44720U 19074H   23017.50334327  .00034905  00000-0  23542-2 0  9997
2 44720  53.0532 296.5397 0001595  95.5005 264.6166 15.06343435176012
1 44720U 19074H   23017.90143320  .00034592  00000-0  23314-2 0  9991
2 44720  53.0534 294.7522 0001544  96.8105 263.3059 15.06374521175907
1 44720U 19074H   23018.16682197  .00046979  00000-0  31515-2 0  9994
2 44720  53.0532 293.5608 0001560  97.8949 262.2217 15.06404060176112
1 44720U 19074H   23018.89662217  .00040941  00000-0  27472-2 0  9995
2 44720  53.0532 290.2843 0001555 100.1285 259.9879 15.06457717176059
1 44720U 19074H   23019.02931026  .00040548  00000-0  27205-2 0  9995
2 44720  53.0531 289.6888 0001548  99.2728 260.8436 15.06467455176242
1 44720U 19074H   23019.16199703  .00036135  00000-0  24274-2 0  9998
2 44720  53.0531 289.0930 0001543  99.3508 260.7656 15.06475649176096
1 44720U 19074H   23019.75912220  .00013432  00000-0  91855-3 0  9995
2 44720  53.0533 286.4125 0001283  94.2347 265.8789 15.06413916176352
1 44720U 19074H   23020.02451360  .00022277  00000-0  15099-2 0  9992
2 44720  53.0532 285.2211 0001089  76.1111 284.0000 15.06395438176397
1 44720U 19074H   23020.42259684  .00026099  00000-0  17643-2 0  9994
2 44720  53.0527 283.4344 0001142  72.9937 287.1177 15.06405075176284
1 44720U 19074H   23021.01971747  .00011998  00000-0  82280-3 0  9993
2 44720  53.0521 280.7550 0001451  88.9641 271.1514 15.06408553176540
1 44720U 19074H   23021.68318190  .00004979  00000-0  35280-3 0  9992
2 44720  53.0513 277.7767 0001510  92.1282 267.9880 15.06408768176649
1 44720U 19074H   23022.94377360 -.00000182  00000-0  67003-5 0  9999
2 44720  53.0518 272.1155 0002007  89.7625 270.3594 15.06397590176830
1 44720U 19074H   23023.93897692  .00010724  00000-0  73759-3 0  9999
2 44720  53.0508 267.6477 0001404  86.3833 273.7317 15.06408402176980
1 44720U 19074H   23024.80148405  .00002142  00000-0  16263-3 0  9999
2 44720  53.0504 263.7752 0001160  93.1989 266.9133 15.06401937177118
1 44720U 19074H   23025.46495143  .00000392  00000-0  45234-4 0  9992
2 44720  53.0503 260.7952 0001273 105.7065 254.4064 15.06399926177047
1 44720U 19074H   23025.99572770 -.00000843  00000-0 -37686-4 0  9997
2 44720  53.0507 258.4131 0001148  97.4000 262.7120 15.06397257177120
1 44720U 19074H   23025.99572770 -.00000843  00000-0 -37686-4 0  9997
2 44720  53.0507 258.4131 0001148  97.4000 262.7120 15.06397257177298
1 44720U 19074H   23026.92457158 -.00006477  00000-0 -41605-3 0  9997
2 44720  53.0515 254.2428 0000794  96.9728 263.1351 15.06427752177438
1 44720U 19074H   23027.45536690  .00003919  00000-0  28198-3 0  9993
2 44720  53.0520 251.8605 0001086  99.1847 260.9265 15.06377355177348
1 44720U 19074H   23027.45536690  .00003919  00000-0  28198-3 0  9993
2 44720  53.0520 251.8605 0001086  99.1847 260.9265 15.06377355177517
1 44720U 19074H   23027.85344876  .00003224  00000-0  23534-3 0  9998
2 44720  53.0518 250.0733 0001055  97.3694 262.7415 15.06384691177409
1 44720U 19074H   23027.98613745  .00001310  00000-0  10684-3 0  9992
2 44720  53.0518 249.4775 0001117  98.4259 261.6856 15.06396722177422
1 44720U 19074H   23027.98613745  .00001310  00000-0  10684-3 0  9992
2 44720  53.0518 249.4775 0001117  98.4259 261.6856 15.06396722177590
1 44720U 19074H   23028.84864650  .00000888  00000-0  78521-4 0  9995
2 44720  53.0516 245.6054 0001104  96.3306 263.7809 15.06398576177558
1 44720U 19074H   23029.71115927  .00000424  00000-0  47352-4 0  9992
2 44720  53.0515 241.7314 0001140 111.8374 248.2736 15.06393139177851
1 44720U 19074H   23029.84385432  .00000453  00000-0  49312-4 0  9996
2 44720  53.0513 241.1368 0001197  89.2736 270.8390 15.06393160177709
1 44720U 19074H   23030.70635638  .00000524  00000-0  54051-4 0  9994
2 44720  53.0518 237.2633 0001198  89.2860 270.8267 15.06402537178000
1 44720U 19074H   23030.83904918  .00000556  00000-0  56234-4 0  9998
2 44720  53.0517 236.6677 0001200  89.5190 270.5937 15.06403020177854
1 44720U 19074H   23031.83425390  .00000649  00000-0  62445-4 0  9995
2 44720  53.0517 232.1998 0001193  88.6898 271.4228 15.06398038178000
1 44720U 19074H   23031.83425390  .00000649  00000-0  62445-4 0  9995
2 44720  53.0517 232.1998 0001193  88.6898 271.4228 15.06398038178178
