1 44731U 19074U   22365.03290656  .00002878  00000-0  21204-3 0  9996
2 44731  53.0553  14.9729 0002485  35.5730 324.5425 15.06401462173371
1 44731U 19074U   22365.49732611  .00005427  00000-0  38288-3 0  9991
2 44731  53.0542  12.8883 0002569  37.8619 322.2551 15.06410991173272
1 44731U 19074U   22365.76272150  .00007459  00000-0  51894-3 0  9993
2 44731  53.0535  11.6970 0002606  37.2498 322.8671 15.06411828173313
1 44731U 19074U   23001.29349701  .00000790  00000-0  71982-4 0  9998
2 44731  53.0536   9.3134 0002644  41.0761 319.0426 15.06404005173391
1 44731U 19074U   23001.29349701  .00000790  00000-0  71982-4 0  9998
2 44731  53.0536   9.3134 0002644  41.0761 319.0426 15.06404005173560
1 44731U 19074U   23002.28870643 -.00001084  00000-0 -53875-4 0  9992
2 44731  53.0543   4.8461 0002591  37.1640 322.9527 15.06401771173713
1 44731U 19074U   23002.48774325 -.00000807  00000-0 -35260-4 0  9994
2 44731  53.0553   3.9533 0002604  39.0110 321.1066 15.06406651173577
1 44731U 19074U   23002.68677849 -.00000530  00000-0 -16627-4 0  9998
2 44731  53.0554   3.0601 0002616  38.7258 321.3918 15.06411932173607
1 44731U 19074U   23002.68677849 -.00000530  00000-0 -16627-4 0  9998
2 44731  53.0554   3.0601 0002616  38.7258 321.3918 15.06411932173775
1 44731U 19074U   23003.01851556  .00001679  00000-0  13160-3 0  9996
2 44731  53.0555   1.5702 0002802  40.3692 319.7504 15.06402754173829
1 44731U 19074U   23003.41660604  .00000180  00000-0  30998-4 0  9997
2 44731  53.0555 359.7837 0002592  34.6539 325.4618 15.06394479173710
1 44731U 19074U   23003.41660604  .00000180  00000-0  30998-4 0  9997
2 44731  53.0555 359.7837 0002592  34.6539 325.4618 15.06394479173888
1 44731U 19074U   23004.08006600  .00002581  00000-0  19207-3 0  9997
2 44731  53.0554 356.8053 0002554  36.9819 323.1345 15.06405314173983
1 44731U 19074U   23004.47814922  .00002278  00000-0  17180-3 0  9995
2 44731  53.0549 355.0180 0002640  37.2814 322.8358 15.06404554173877
1 44731U 19074U   23004.80987607  .00003604  00000-0  26063-3 0  9997
2 44731  53.0546 353.5295 0002682  37.5481 322.5695 15.06415980173925
1 44731U 19074U   23005.34064854  .00003710  00000-0  26778-3 0  9998
2 44731  53.0544 351.1460 0002578  38.3300 321.7871 15.06413212174175
1 44731U 19074U   23005.47333947  .00004547  00000-0  32383-3 0  9992
2 44731  53.0542 350.5504 0002579  36.9376 323.1790 15.06417297174020
1 44731U 19074U   23005.67237884  .00002376  00000-0  17831-3 0  9996
2 44731  53.0538 349.6565 0002617  38.2241 321.8933 15.06414500174051
1 44731U 19074U   23006.20315415 -.00000598  00000-0 -21229-4 0  9996
2 44731  53.0532 347.2733 0002733  43.2628 316.8575 15.06405754174305
1 44731U 19074U   23006.46854979 -.00003859  00000-0 -24036-3 0  9998
2 44731  53.0559 346.0815 0002266  33.2381 326.8750 15.06389769174345
1 44731U 19074U   23006.93298385 -.00002314  00000-0 -13647-3 0  9994
2 44731  53.0559 343.9981 0002195  30.2463 329.8653 15.06392734174244
1 44731U 19074U   23007.19836270 -.00000594  00000-0 -20969-4 0  9998
2 44731  53.0554 342.8062 0002426  38.8931 321.2232 15.06403125174288
1 44731U 19074U   23007.33105381 -.00000500  00000-0 -14638-4 0  9999
2 44731  53.0551 342.2105 0002482  39.7287 320.3884 15.06407512174471
1 44731U 19074U   23007.92818750 -.00000823  00000-0 -36329-4 0  9994
2 44731  53.0529 339.5288 0003003  56.6372 303.4904 15.06393670174395
1 44731U 19074U   23008.19357408  .00000485  00000-0  51499-4 0  9999
2 44731  53.0533 338.3390 0002539  43.3636 316.7552 15.06391626174609
1 44731U 19074U   23008.32626929  .00001050  00000-0  89447-4 0  9994
2 44731  53.0533 337.7428 0002540  37.0263 323.0901 15.06388604174456
1 44731U 19074U   23009.18877392  .00001222  00000-0  10091-3 0  9990
2 44731  53.0547 333.8704 0002534  42.5937 317.5248 15.06401643174751
1 44731U 19074U   23009.58685835  .00000605  00000-0  59571-4 0  9994
2 44731  53.0544 332.0839 0002547  40.7035 319.4144 15.06399405174647
1 44731U 19074U   23010.25033096  .00000748  00000-0  69124-4 0  9999
2 44731  53.0558 329.1057 0002323  33.4639 326.6496 15.06394892174917
1 44731U 19074U   23010.58206487 -.00002828  00000-0 -17101-3 0  9991
2 44731  53.0557 327.6165 0002268  35.7192 324.3948 15.06403173174792
1 44731U 19074U   23011.11283253  .00001344  00000-0  10912-3 0  9990
2 44731  53.0549 325.2333 0002273  34.9262 325.1875 15.06406250175045
1 44731U 19074U   23011.57725632  .00001595  00000-0  12591-3 0  9995
2 44731  53.0554 323.1488 0002303  36.6318 323.4828 15.06408712174946
1 44731U 19074U   23011.90899765  .00000989  00000-0  85276-4 0  9998
2 44731  53.0553 321.6594 0002294  37.9425 322.1725 15.06398709174999
1 44731U 19074U   23012.10803879  .00000793  00000-0  72137-4 0  9997
2 44731  53.0553 320.7659 0002306  38.2481 321.8672 15.06397996175198
1 44731U 19074U   23012.83784598  .00001179  00000-0  98067-4 0  9992
2 44731  53.0554 317.4894 0002271  38.3386 321.7764 15.06407289175131
1 44731U 19074U   23012.83784598  .00001179  00000-0  98067-4 0  9992
2 44731  53.0554 317.4894 0002271  38.3386 321.7764 15.06407289175300
1 44731U 19074U   23013.10322072  .00002043  00000-0  15594-3 0  9992
2 44731  53.0553 316.2988 0002194  38.6423 321.4722 15.06423670175346
1 44731U 19074U   23013.56766114 -.00000480  00000-0 -13333-4 0  9996
2 44731  53.0562 314.2150 0002226  42.0921 318.0238 15.06401526175242
1 44731U 19074U   23013.56766114 -.00000480  00000-0 -13333-4 0  9996
2 44731  53.0562 314.2150 0002226  42.0921 318.0238 15.06401526175411
1 44731U 19074U   23014.09845957 -.00005391  00000-0 -34360-3 0  9996
2 44731  53.0540 311.8307 0001825  48.1337 311.9807 15.06366926175492
1 44731U 19074U   23014.23114960 -.00001380  00000-0 -73762-4 0  9999
2 44731  53.0540 311.2357 0001902  48.9578 311.1576 15.06380885175510
1 44731U 19074U   23015.16000808  .00008501  00000-0  58895-3 0  9996
2 44731  53.0560 307.0671 0001909  59.1234 300.9943 15.06398502175658
1 44731U 19074U   23015.49174454  .00009772  00000-0  67397-3 0  9999
2 44731  53.0532 305.5741 0002278  67.0415 293.0814 15.06400581175534
1 44731U 19074U   23015.82347723  .00005061  00000-0  35838-3 0  9999
2 44731  53.0512 304.0857 0001669  77.0821 283.0354 15.06405756175581
1 44731U 19074U   23016.08885399  .00012740  00000-0  87150-3 0  9990
2 44731  53.0533 302.8971 0001469  81.8967 278.2189 15.06448879175797
1 44731U 19074U   23016.48694085  .00010372  00000-0  71387-3 0  9998
2 44731  53.0534 301.1079 0001569  79.2911 280.8255 15.06414596175680
1 44731U 19074U   23016.81868290  .00011896  00000-0  81621-3 0  9990
2 44731  53.0529 299.6206 0002882  92.9037 267.2282 15.06396059175735
1 44731U 19074U   23016.81868290  .00011896  00000-0  81621-3 0  9990
2 44731  53.0529 299.6206 0002882  92.9037 267.2282 15.06396059175904
1 44731U 19074U   23017.15042449  .00024751  00000-0  16758-2 0  9990
2 44731  53.0511 298.1286 0001668 101.0249 259.0927 15.06374761175951
1 44731U 19074U   23017.48216093  .00022993  00000-0  15578-2 0  9999
2 44731  53.0536 296.6412 0001575 102.4896 257.6269 15.06392094175831
1 44731U 19074U   23018.47735855  .00025331  00000-0  17125-2 0  9990
2 44731  53.0541 292.1727 0001637  95.8734 264.2441 15.06418088175986
1 44731U 19074U   23018.47735855  .00025331  00000-0  17125-2 0  9990
2 44731  53.0541 292.1727 0001637  95.8734 264.2441 15.06418088176156
1 44731U 19074U   23019.14081865  .00014355  00000-0  97997-3 0  9990
2 44731  53.0530 289.1907 0001483 108.9511 251.1638 15.06424796176086
1 44731U 19074U   23019.14081865  .00014355  00000-0  97997-3 0  9990
2 44731  53.0530 289.1907 0001483 108.9511 251.1638 15.06424796176255
1 44731U 19074U   23020.00334143  .00006479  00000-0  45351-3 0  9992
2 44731  53.0537 285.3210 0001910  91.6354 268.4853 15.06394787176385
1 44731U 19074U   23021.06489247  .00018841  00000-0  12797-2 0  9998
2 44731  53.0537 280.5584 0001480  81.1642 278.9515 15.06418706176549
1 44731U 19074U   23021.72835616  .00010898  00000-0  74896-3 0  9999
2 44731  53.0558 277.5813 0001602 105.1940 254.9227 15.06421496176642
1 44731U 19074U   23022.72355731  .00004725  00000-0  33592-3 0  9995
2 44731  53.0528 273.1083 0001869 107.9355 252.1838 15.06397966176793
1 44731U 19074U   23023.05529599  .00005575  00000-0  39299-3 0  9991
2 44731  53.0528 271.6210 0001145  84.8460 275.2660 15.06390467176849
1 44731U 19074U   23024.11684309  .00011347  00000-0  77913-3 0  9999
2 44731  53.0516 266.8549 0001122  85.6653 274.4464 15.06413321177002
1 44731U 19074U   23024.84665905  .00003204  00000-0  23387-3 0  9999
2 44731  53.0511 263.5749 0001303 104.7280 255.3854 15.06402137177119
1 44731U 19074U   23025.37743179  .00001922  00000-0  14788-3 0  9998
2 44731  53.0515 261.1959 0001129  90.0773 270.0346 15.06401547177024
1 44731U 19074U   23025.84186216  .00001359  00000-0  11009-3 0  9990
2 44731  53.0516 259.1088 0001205  97.8274 262.2852 15.06399074177094
1 44731U 19074U   23025.84186216  .00001359  00000-0  11009-3 0  9990
2 44731  53.0516 259.1088 0001205  97.8274 262.2852 15.06399074177263
1 44731U 19074U   23026.04090208  .00002243  00000-0  16944-3 0  9994
2 44731  53.0522 258.2155 0001306  95.2860 264.8278 15.06403500177125
1 44731U 19074U   23026.90341457  .00001793  00000-0  13922-3 0  9996
2 44731  53.0515 254.3443 0001277  85.9735 274.1399 15.06399929177428
1 44731U 19074U   23027.43419234  .00000274  00000-0  37287-4 0  9998
2 44731  53.0508 251.9597 0001048  79.7726 280.3381 15.06392396177331
1 44731U 19074U   23027.43419234  .00000274  00000-0  37287-4 0  9998
2 44731  53.0508 251.9597 0001048  79.7726 280.3381 15.06392396177500
1 44731U 19074U   23027.89861924  .00001477  00000-0  11804-3 0  9997
2 44731  53.0506 249.8758 0001307  87.8074 272.3064 15.06398327177405
1 44731U 19074U   23028.03131601  .00002874  00000-0  21177-3 0  9992
2 44731  53.0508 249.2804 0001265  88.2463 271.8671 15.06393089177423
1 44731U 19074U   23028.76113006 -.00000051  00000-0  15480-4 0  9998
2 44731  53.0511 246.0046 0001213  86.1289 273.9839 15.06396413177700
1 44731U 19074U   23028.89382389  .00000470  00000-0  50433-4 0  9995
2 44731  53.0511 245.4089 0001254  86.0868 274.0264 15.06396330177552
1 44731U 19074U   23029.88902760  .00001570  00000-0  12426-3 0  9997
2 44731  53.0518 240.9410 0001197  87.6678 272.4448 15.06397956177707
1 44731U 19074U   23029.95537379  .00001299  00000-0  10610-3 0  9996
2 44731  53.0522 240.6431 0001213  87.2154 272.8973 15.06399411177880
1 44731U 19074U   23030.55249985  .00001095  00000-0  92374-4 0  9999
2 44731  53.0523 237.9626 0001224  87.8828 272.2301 15.06394322177809
1 44731U 19074U   23030.55249985  .00001095  00000-0  92374-4 0  9999
2 44731  53.0523 237.9626 0001224  87.8828 272.2301 15.06394322177977
1 44731U 19074U   23030.88423429  .00000711  00000-0  66645-4 0  9998
2 44731  53.0523 236.4733 0001217  87.0299 273.0829 15.06395369177859
1 44731U 19074U   23031.01692754  .00000686  00000-0  64924-4 0  9992
2 44731  53.0521 235.8774 0001210  85.9078 274.2050 15.06395926177870
1 44731U 19074U   23031.81308783  .00000619  00000-0  60471-4 0  9995
2 44731  53.0520 232.3032 0001154  85.7208 274.3912 15.06399353177997
1 44731U 19074U   23031.81308783  .00000619  00000-0  60471-4 0  9995
2 44731  53.0520 232.3032 0001154  85.7208 274.3912 15.06399353178167
1 44731U 19074U   23031.94577993  .00000804  00000-0  72853-4 0  9993
2 44731  53.0521 231.7075 0001208  83.4383 276.6744 15.06401280178012
