1 44748U 19074AM  22365.16558019  .00002120  00000-0  16121-3 0  9990
2 44748  53.0560  54.3780 0001508  53.3910 306.7218 15.06398380172842
1 44748U 19074AM  22365.56365943  .00001441  00000-0  11563-3 0  9996
2 44748  53.0556  52.5908 0001568  58.0696 302.0445 15.06403037172733
1 44748U 19074AM  22365.82905230 -.00000329  00000-0 -31871-5 0  9996
2 44748  53.0557  51.3988 0001664  54.5449 305.5695 15.06398184172778
1 44748U 19074AM  23001.16079069 -.00000179  00000-0  69139-5 0  9993
2 44748  53.0552  49.9101 0002137  56.1154 304.0038 15.06393931172994
1 44748U 19074AM  23001.42618738 -.00001174  00000-0 -59938-4 0  9996
2 44748  53.0557  48.7189 0002155  68.3737 291.7481 15.06385904173035
1 44748U 19074AM  23001.55889068 -.00002010  00000-0 -11616-3 0  9996
2 44748  53.0548  48.1236 0001587  57.9990 302.1153 15.06374271172885
1 44748U 19074AM  23001.82427707 -.00000798  00000-0 -34713-4 0  9999
2 44748  53.0559  46.9326 0001625  57.0723 303.0422 15.06378673172925
1 44748U 19074AM  23001.82427707 -.00000798  00000-0 -34713-4 0  9999
2 44748  53.0559  46.9326 0001625  57.0723 303.0422 15.06378673173094
1 44748U 19074AM  23002.28869912 -.00000433  00000-0 -10142-4 0  9994
2 44748  53.0556  44.8473 0001575  54.0305 306.0830 15.06393123173169
1 44748U 19074AM  23002.35504531 -.00000541  00000-0 -17449-4 0  9992
2 44748  53.0549  44.5496 0001645  52.7769 307.3370 15.06389415173005
1 44748U 19074AM  23002.81947344  .00003711  00000-0  26795-3 0  9999
2 44748  53.0548  42.4643 0001713  55.0523 305.0627 15.06397420173077
1 44748U 19074AM  23003.48294480  .00011817  00000-0  81057-3 0  9997
2 44748  53.0544  39.4861 0001777  55.2651 304.8505 15.06413364173174
1 44748U 19074AM  23003.48294480  .00011817  00000-0  81057-3 0  9997
2 44748  53.0544  39.4861 0001777  55.2651 304.8505 15.06413364173343
1 44748U 19074AM  23004.08006475  .00008185  00000-0  56756-3 0  9991
2 44748  53.0542  36.8056 0001631  61.9462 298.1692 15.06409993173436
1 44748U 19074AM  23004.34545072  .00010857  00000-0  74634-3 0  9995
2 44748  53.0542  35.6143 0001894  53.4175 306.6988 15.06415565173309
1 44748U 19074AM  23004.80987599  .00010983  00000-0  75475-3 0  9994
2 44748  53.0538  33.5319 0001856  51.2174 308.8980 15.06414468173542
1 44748U 19074AM  23004.87622241  .00007057  00000-0  49204-3 0  9990
2 44748  53.0546  33.2311 0001787  58.2046 301.9117 15.06411378173383
1 44748U 19074AM  23005.34064590  .00004483  00000-0  31954-3 0  9993
2 44748  53.0553  31.1471 0001838  56.8284 303.2881 15.06414162173455
1 44748U 19074AM  23005.34064590  .00004483  00000-0  31954-3 0  9993
2 44748  53.0553  31.1471 0001838  56.8284 303.2881 15.06414162173624
1 44748U 19074AM  23006.33583744 -.00001737  00000-0 -97723-4 0  9998
2 44748  53.0546  26.6799 0001805  53.0527 307.0627 15.06404312173605
1 44748U 19074AM  23006.33583744 -.00001737  00000-0 -97723-4 0  9998
2 44748  53.0546  26.6799 0001805  53.0527 307.0627 15.06404312173773
1 44748U 19074AM  23006.99931003 -.00002056  00000-0 -11919-3 0  9992
2 44748  53.0555  23.7018 0001617  41.3468 318.7643 15.06392663173705
1 44748U 19074AM  23006.99931003 -.00002056  00000-0 -11919-3 0  9992
2 44748  53.0555  23.7018 0001617  41.3468 318.7643 15.06392663173873
1 44748U 19074AM  23007.72913579 -.00004895  00000-0 -31006-3 0  9994
2 44748  53.0543  20.4240 0002041  52.4617 307.6558 15.06381997173816
1 44748U 19074AM  23007.72913579 -.00004895  00000-0 -31006-3 0  9994
2 44748  53.0543  20.4240 0002041  52.4617 307.6558 15.06381997173984
1 44748U 19074AM  23008.39260686  .00002720  00000-0  20146-3 0  9998
2 44748  53.0543  17.4453 0001804  49.3470 310.7675 15.06391486173916
1 44748U 19074AM  23008.39260686  .00002720  00000-0  20146-3 0  9998
2 44748  53.0543  17.4453 0001804  49.3470 310.7675 15.06391486174085
1 44748U 19074AM  23008.72434195  .00004030  00000-0  28936-3 0  9994
2 44748  53.0546  15.9560 0001852  48.8407 311.2742 15.06395298173969
1 44748U 19074AM  23009.38781290  .00005611  00000-0  39529-3 0  9994
2 44748  53.0547  12.9776 0001846  50.0196 310.0955 15.06400103174066
1 44748U 19074AM  23009.71954737  .00004451  00000-0  31752-3 0  9990
2 44748  53.0545  11.4883 0001831  51.7548 308.3606 15.06400664174111
1 44748U 19074AM  23009.71954737  .00004451  00000-0  31752-3 0  9990
2 44748  53.0545  11.4883 0001831  51.7548 308.3606 15.06400664174289
1 44748U 19074AM  23010.38301789  .00001678  00000-0  13157-3 0  9995
2 44748  53.0546   8.5097 0001812  52.3660 307.7494 15.06396668174214
1 44748U 19074AM  23010.38301789  .00001678  00000-0  13157-3 0  9995
2 44748  53.0546   8.5097 0001812  52.3660 307.7494 15.06396668174382
1 44748U 19074AM  23010.71475467  .00000165  00000-0  29990-4 0  9990
2 44748  53.0545   7.0207 0001845  52.4512 307.6644 15.06392976174262
1 44748U 19074AM  23011.24552443  .00004021  00000-0  28865-3 0  9993
2 44748  53.0563   4.6405 0001893  39.0473 321.0652 15.06406513174346
1 44748U 19074AM  23011.70995379  .00002046  00000-0  15621-3 0  9994
2 44748  53.0547   2.5533 0001796  55.0540 305.0618 15.06401508174413
1 44748U 19074AM  23011.70995379  .00002046  00000-0  15621-3 0  9994
2 44748  53.0547   2.5533 0001796  55.0540 305.0618 15.06401508174581
1 44748U 19074AM  23012.77150383  .00001292  00000-0  10560-3 0  9999
2 44748  53.0552 357.7902 0001940  53.2384 306.8783 15.06398222174578
1 44748U 19074AM  23012.77150383  .00001292  00000-0  10560-3 0  9999
2 44748  53.0552 357.7902 0001940  53.2384 306.8783 15.06398222174747
1 44748U 19074AM  23013.23593116 -.00000771  00000-0 -32852-4 0  9998
2 44748  53.0557 355.7040 0001751  59.1553 300.9608 15.06398547174646
1 44748U 19074AM  23013.63401378 -.00000050  00000-0  15570-4 0  9997
2 44748  53.0556 353.9170 0001754  54.7986 305.3167 15.06395587174700
1 44748U 19074AM  23014.09843433  .00005189  00000-0  36687-3 0  9998
2 44748  53.0553 351.8316 0001629  55.3068 304.8074 15.06411981174949
1 44748U 19074AM  23014.23112464  .00010856  00000-0  74608-3 0  9999
2 44748  53.0550 351.2369 0001562  57.5338 302.5802 15.06423134174967
1 44748U 19074AM  23014.69556140 -.00001049  00000-0 -51554-4 0  9994
2 44748  53.0543 349.1547 0001553  72.8288 287.2871 15.06396343175032
1 44748U 19074AM  23015.09365099 -.00010176  00000-0 -66566-3 0  9999
2 44748  53.0555 347.3658 0002017 112.5229 247.5974 15.06372290175095
1 44748U 19074AM  23015.29269384 -.00005391  00000-0 -34348-3 0  9997
2 44748  53.0549 346.4712 0002055 118.8012 241.3184 15.06375761174955
1 44748U 19074AM  23015.62443195  .00007082  00000-0  49402-3 0  9992
2 44748  53.0530 344.9807 0001263  82.2132 277.9000 15.06388938175009
1 44748U 19074AM  23015.62443195  .00007082  00000-0  49402-3 0  9992
2 44748  53.0530 344.9807 0001263  82.2132 277.9000 15.06388938175177
1 44748U 19074AM  23016.15520672  .00037012  00000-0  24887-2 0  9992
2 44748  53.0532 342.6001 0001384  88.2815 271.8332 15.06429139175257
1 44748U 19074AM  23016.22155158  .00039447  00000-0  26497-2 0  9996
2 44748  53.0532 342.3019 0001426  88.0830 272.0323 15.06436876175096
1 44748U 19074AM  23016.61963851  .00011213  00000-0  77036-3 0  9993
2 44748  53.0547 340.5133 0002068  69.3483 290.7727 15.06404317175324
1 44748U 19074AM  23016.88503121 -.00002480  00000-0 -14775-3 0  9991
2 44748  53.0525 339.3222 0001962  72.9888 287.1316 15.06375498175192
1 44748U 19074AM  23017.15042562  .00020571  00000-0  13969-2 0  9991
2 44748  53.0527 338.1312 0001697  69.0022 291.1149 15.06372065175403
1 44748U 19074AM  23017.28312313  .00024977  00000-0  16911-2 0  9993
2 44748  53.0527 337.5357 0001766  67.0747 293.0429 15.06370965175256
1 44748U 19074AM  23017.61485939  .00031957  00000-0  21548-2 0  9993
2 44748  53.0527 336.0458 0001549  69.4033 290.7122 15.06395982175301
1 44748U 19074AM  23018.14562956  .00029321  00000-0  19778-2 0  9991
2 44748  53.0534 333.6624 0001625  73.8176 286.2992 15.06425193175380
1 44748U 19074AM  23018.14562956  .00029321  00000-0  19778-2 0  9991
2 44748  53.0534 333.6624 0001625  73.8176 286.2992 15.06425193175559
1 44748U 19074AM  23018.87543626  .00028266  00000-0  19070-2 0  9996
2 44748  53.0534 330.3855 0001605 100.7434 259.3736 15.06436830175663
1 44748U 19074AM  23019.14081958  .00028650  00000-0  19324-2 0  9991
2 44748  53.0536 329.1946 0001327  78.0295 282.0843 15.06439450175703
1 44748U 19074AM  23019.27350921  .00022783  00000-0  15417-2 0  9994
2 44748  53.0540 328.5987 0001311  76.7912 283.3224 15.06442224175553
1 44748U 19074AM  23019.80429862  .00027214  00000-0  18384-2 0  9994
2 44748  53.0531 326.2138 0003586  69.9290 290.2084 15.06406434175807
1 44748U 19074AM  23020.13603183  .00026837  00000-0  18138-2 0  9999
2 44748  53.0534 324.7235 0001197  86.0892 274.0233 15.06398857175855
1 44748U 19074AM  23021.13123657  .00013543  00000-0  92618-3 0  9999
2 44748  53.0538 320.2606 0001230 113.8475 246.2643 15.06406733176003
1 44748U 19074AM  23021.52931627  .00007939  00000-0  55120-3 0  9995
2 44748  53.0529 318.4701 0001185 104.3183 255.7937 15.06405595176060
1 44748U 19074AM  23022.12643569  .00004911  00000-0  34831-3 0  9990
2 44748  53.0538 315.7889 0001231 105.4145 254.6980 15.06407073176158
1 44748U 19074AM  23022.52451927 -.00000478  00000-0 -13231-4 0  9997
2 44748  53.0534 314.0013 0001221  98.5025 261.6103 15.06395637176217
1 44748U 19074AM  23023.05530115  .00001073  00000-0  90931-4 0  9995
2 44748  53.0538 311.6187 0001261 100.1812 259.9319 15.06387469176295
1 44748U 19074AM  23024.05050082  .00003657  00000-0  26426-3 0  9993
2 44748  53.0520 307.1557 0001220  89.1962 270.9167 15.06402042176440
1 44748U 19074AM  23025.17838984  .00003158  00000-0  23071-3 0  9991
2 44748  53.0519 302.0887 0001094 122.8834 237.2260 15.06410604176443
1 44748U 19074AM  23025.17838984  .00003158  00000-0  23071-3 0  9991
2 44748  53.0519 302.0887 0001094 122.8834 237.2260 15.06410604176612
1 44748U 19074AM  23025.57647886  .00000235  00000-0  34663-4 0  9997
2 44748  53.0513 300.3042 0001170  84.0304 276.0818 15.06397663176503
1 44748U 19074AM  23025.57647886  .00000235  00000-0  34663-4 0  9997
2 44748  53.0513 300.3042 0001170  84.0304 276.0818 15.06397663176671
1 44748U 19074AM  23026.04090934  .00000960  00000-0  83328-4 0  9993
2 44748  53.0532 298.2194 0000893  86.7107 273.3984 15.06397187176570
1 44748U 19074AM  23026.90341181  .00001803  00000-0  13986-3 0  9990
2 44748  53.0522 294.3473 0000824  88.0269 272.0814 15.06403480176879
1 44748U 19074AM  23027.10244825  .00003238  00000-0  23608-3 0  9996
2 44748  53.0520 293.4530 0000858  83.1387 276.9699 15.06411583176906
1 44748U 19074AM  23027.50052409  .00002750  00000-0  20336-3 0  9998
2 44748  53.0524 291.6656 0000872  78.3436 281.7651 15.06415378176791
1 44748U 19074AM  23027.89862416  .00000236  00000-0  34723-4 0  9990
2 44748  53.0518 289.8788 0001019  96.9400 263.1705 15.06388963176850
1 44748U 19074AM  23028.09766323  .00000686  00000-0  64954-4 0  9991
2 44748  53.0529 288.9837 0001237  73.8031 286.3094 15.06396305177053
1 44748U 19074AM  23028.56209011  .00000811  00000-0  73323-4 0  9999
2 44748  53.0516 286.8999 0001128 108.8949 251.2162 15.06396386176955
1 44748U 19074AM  23028.89382546  .00006892  00000-0  48109-3 0  9998
2 44748  53.0513 285.4110 0001143  98.1440 261.9679 15.06400514177003
1 44748U 19074AM  23029.09286493  .00010960  00000-0  75332-3 0  9994
2 44748  53.0509 284.5175 0001218  87.8200 272.2928 15.06409281177205
1 44748U 19074AM  23029.75633313  .00003410  00000-0  24770-3 0  9996
2 44748  53.0507 281.5351 0001528 116.9173 243.1972 15.06401039177303
1 44748U 19074AM  23029.95537350  .00003355  00000-0  24400-3 0  9990
2 44748  53.0514 280.6427 0001376 111.7303 248.3832 15.06401844177164
1 44748U 19074AM  23029.95537417  .00003950  00000-0  28390-3 0  9997
2 44748  53.0515 280.6439 0001167 100.4823 259.6298 15.06402441177163
1 44748U 19074AM  23030.95057973  .00000470  00000-0  50427-4 0  9994
2 44748  53.0516 276.1756 0001327 103.6458 256.4679 15.06395304177317
1 44748U 19074AM  23031.01692664  .00000307  00000-0  39520-4 0  9994
2 44748  53.0517 275.8779 0001254 100.5094 259.6036 15.06395895177328
1 44748U 19074AM  23031.01692664  .00000307  00000-0  39520-4 0  9994
2 44748  53.0517 275.8779 0001254 100.5094 259.6036 15.06395895177496
1 44748U 19074AM  23031.94577876  .00001166  00000-0  97176-4 0  9998
2 44748  53.0522 271.7094 0001171  93.3201 266.7922 15.06402572177465
