1 44742U 19074AF  23001.37013030  .00034456  00000-0  12825-2 0  9997
2 44742  52.9761 351.9108 0003646  11.6947 348.4134 15.27188256173594
1 44742U 19074AF  23001.37013030  .00034456  00000-0  12825-2 0  9997
2 44742  52.9761 351.9108 0003646  11.6947 348.4134 15.27188256173763
1 44742U 19074AF  23001.69734109  .00032781  00000-0  12203-2 0  9998
2 44742  52.9763 350.3911 0003652  13.1602 346.9490 15.27209498173649
1 44742U 19074AF  23002.35174874  .00035510  00000-0  13185-2 0  9992
2 44742  52.9763 347.3521 0003718  16.0098 344.1016 15.27255091173741
1 44742U 19074AF  23002.67894564  .00029041  00000-0  10810-2 0  9996
2 44742  52.9767 345.8322 0003714  17.6631 342.4495 15.27272337173792
1 44742U 19074AF  23002.67894564  .00029041  00000-0  10810-2 0  9996
2 44742  52.9767 345.8322 0003714  17.6631 342.4495 15.27272337173961
1 44742U 19074AF  23003.33332562  .00033345  00000-0  12369-2 0  9998
2 44742  52.9767 342.7931 0003787  20.0311 340.0834 15.27317914173890
1 44742U 19074AF  23004.31486119  .00039323  00000-0  14521-2 0  9999
2 44742  52.9770 338.2338 0003790  24.0356 336.0817 15.27387105174045
1 44742U 19074AF  23004.31486119  .00039323  00000-0  14521-2 0  9999
2 44742  52.9770 338.2338 0003790  24.0356 336.0817 15.27387105174214
1 44742U 19074AF  23004.64202838  .00045762  00000-0  16847-2 0  9996
2 44742  52.9770 336.7142 0003807  25.0636 335.0545 15.27418722174094
1 44742U 19074AF  23005.42720479  .00033516  00000-0  12371-2 0  9991
2 44742  52.9772 333.0668 0003906  28.3257 331.7952 15.27478533174219
1 44742U 19074AF  23005.42720479  .00033516  00000-0  12371-2 0  9991
2 44742  52.9772 333.0668 0003906  28.3257 331.7952 15.27478533174387
1 44742U 19074AF  23005.62349351  .00034899  00000-0  12867-2 0  9994
2 44742  52.9772 332.1551 0003912  28.8380 331.2833 15.27495741174245
1 44742U 19074AF  23006.27777310  .00044750  00000-0  16409-2 0  9999
2 44742  52.9769 329.1157 0003963  31.2106 328.9126 15.27559558174345
1 44742U 19074AF  23006.27777310  .00044750  00000-0  16409-2 0  9999
2 44742  52.9769 329.1157 0003963  31.2106 328.9126 15.27559558174514
1 44742U 19074AF  23007.25914440  .00041879  00000-0  15330-2 0  9996
2 44742  52.9767 324.5559 0003973  35.1240 325.0018 15.27646323174492
1 44742U 19074AF  23007.32456736  .00042219  00000-0  15450-2 0  9995
2 44742  52.9767 324.2520 0004013  35.4771 324.6493 15.27652372174678
1 44742U 19074AF  23007.84793907  .00044654  00000-0  16303-2 0  9999
2 44742  52.9766 321.8199 0003915  37.2167 322.9101 15.27703461174584
1 44742U 19074AF  23008.24045628  .00044116  00000-0  16091-2 0  9991
2 44742  52.9759 319.9964 0003898  38.6577 321.4699 15.27741172174817
1 44742U 19074AF  23008.56754632  .00047953  00000-0  17451-2 0  9991
2 44742  52.9758 318.4759 0003926  40.7277 319.4013 15.27777370174697
1 44742U 19074AF  23008.56754632  .00047953  00000-0  17451-2 0  9991
2 44742  52.9758 318.4759 0003926  40.7277 319.4013 15.27777370174866
1 44742U 19074AF  23009.54876795  .00049649  00000-0  17998-2 0  9995
2 44742  52.9748 313.9162 0003885  45.6701 314.4615 15.27889729174846
1 44742U 19074AF  23009.54876795  .00049649  00000-0  17998-2 0  9995
2 44742  52.9748 313.9162 0003885  45.6701 314.4615 15.27889729175016
1 44742U 19074AF  23010.20287518  .00055071  00000-0  19886-2 0  9993
2 44742  52.9743 310.8751 0003772  48.9027 311.2295 15.27971181175117
1 44742U 19074AF  23010.52991238  .00062792  00000-0  22594-2 0  9997
2 44742  52.9741 309.3551 0003768  50.5721 309.5609 15.28027825174993
1 44742U 19074AF  23010.52991238  .00062792  00000-0  22594-2 0  9997
2 44742  52.9741 309.3551 0003768  50.5721 309.5609 15.28027825175163
1 44742U 19074AF  23011.05314981  .00074412  00000-0  26639-2 0  9996
2 44742  52.9734 306.9219 0003710  53.2836 306.8502 15.28115159175242
1 44742U 19074AF  23011.51095630  .00083029  00000-0  29599-2 0  9996
2 44742  52.9735 304.7932 0003713  56.2942 303.8409 15.28199065175145
1 44742U 19074AF  23011.77254974  .00080810  00000-0  28783-2 0  9991
2 44742  52.9730 303.5770 0003646  57.0461 303.0886 15.28241070175355
1 44742U 19074AF  23011.83794679  .00080863  00000-0  28790-2 0  9995
2 44742  52.9730 303.2726 0003669  57.5182 302.6170 15.28254377175190
1 44742U 19074AF  23012.49188887  .00084215  00000-0  29857-2 0  9996
2 44742  52.9725 300.2307 0003566  61.9109 298.2249 15.28372427175464
1 44742U 19074AF  23012.94961901  .00083027  00000-0  29369-2 0  9990
2 44742  52.9723 298.1008 0003454  64.0633 296.0720 15.28454322175361
1 44742U 19074AF  23013.08039375  .00088141  00000-0  31121-2 0  9998
2 44742  52.9728 297.4926 0003433  66.0623 294.0734 15.28483612175553
1 44742U 19074AF  23013.47270578  .00090423  00000-0  31840-2 0  9997
2 44742  52.9725 295.6674 0003425  68.0340 292.1021 15.28559310175444
1 44742U 19074AF  23014.12651418  .00100652  00000-0  35231-2 0  9990
2 44742  52.9727 292.6242 0003363  72.5976 287.5389 15.28696782175710
1 44742U 19074AF  23014.19189105  .00122366  00000-0  42646-2 0  9990
2 44742  52.9724 292.3197 0003331  73.0220 287.1142 15.28722600175729
1 44742U 19074AF  23015.17248266  .00140444  00000-0  48500-2 0  9995
2 44742  52.9725 287.7544 0003230  78.1106 282.0253 15.28930215175709
1 44742U 19074AF  23015.17248266  .00140444  00000-0  48500-2 0  9995
2 44742  52.9725 287.7544 0003230  78.1106 282.0253 15.28930215175877
1 44742U 19074AF  23015.89148604  .00135235  00000-0  46466-2 0  9990
2 44742  52.9724 284.4063 0003090  80.9982 279.1365 15.29121247175816
1 44742U 19074AF  23016.02220383  .00138728  00000-0  47587-2 0  9996
2 44742  52.9725 283.7972 0003050  82.3050 277.8294 15.29158135175830
1 44742U 19074AF  23016.02220383  .00138728  00000-0  47587-2 0  9996
2 44742  52.9725 283.7972 0003050  82.3050 277.8294 15.29158135176000
1 44742U 19074AF  23016.74110159  .00113831  00000-0  38994-2 0  9994
2 44742  52.9727 280.4489 0003010  84.6285 275.5056 15.29329732175946
1 44742U 19074AF  23016.74110159  .00113831  00000-0  38994-2 0  9994
2 44742  52.9727 280.4489 0003010  84.6285 275.5056 15.29329732176116
1 44742U 19074AF  23017.13319680  .00110074  00000-0  37637-2 0  9997
2 44742  52.9730 278.6216 0002980  88.5216 271.6124 15.29410254176000
1 44742U 19074AF  23017.13319680  .00110074  00000-0  37637-2 0  9997
2 44742  52.9730 278.6216 0002980  88.5216 271.6124 15.29410254176178
1 44742U 19074AF  23017.98267353  .00084726  00000-0  28969-2 0  9991
2 44742  52.9736 274.6632 0002942  91.1352 268.9983 15.29553848176136
1 44742U 19074AF  23017.98267353  .00084726  00000-0  28969-2 0  9991
2 44742  52.9736 274.6632 0002942  91.1352 268.9983 15.29553848176305
1 44742U 19074AF  23018.89739073  .00103119  00000-0  34930-2 0  9998
2 44742  52.9741 270.3998 0002895  94.3804 265.7525 15.29752731176278
1 44742U 19074AF  23019.09338553  .00110974  00000-0  37487-2 0  9996
2 44742  52.9743 269.4852 0002923  97.8147 262.3184 15.29799922176477
1 44742U 19074AF  23019.42003228  .00091570  00000-0  30977-2 0  9998
2 44742  52.9744 267.9633 0002922  97.5203 262.6127 15.29859896176351
1 44742U 19074AF  23019.42003228  .00091570  00000-0  30977-2 0  9998
2 44742  52.9744 267.9633 0002922  97.5203 262.6127 15.29859896176520
1 44742U 19074AF  23020.07328675  .00104426  00000-0  35106-2 0  9991
2 44742  52.9743 264.9166 0002897 100.8838 259.2486 15.29991000176625
1 44742U 19074AF  23020.39989738  .00088036  00000-0  29645-2 0  9998
2 44742  52.9741 263.3939 0002807  99.4905 260.6411 15.30029746176505
1 44742U 19074AF  23020.39989738  .00088036  00000-0  29645-2 0  9998
2 44742  52.9741 263.3939 0002807  99.4905 260.6411 15.30029746176673
1 44742U 19074AF  23021.05308740  .00092139  00000-0  30906-2 0  9991
2 44742  52.9738 260.3472 0002743 101.2435 258.8872 15.30132368176773
1 44742U 19074AF  23021.37966165  .00098084  00000-0  32795-2 0  9990
2 44742  52.9738 258.8245 0002738 101.0128 259.1179 15.30202541176825
1 44742U 19074AF  23021.90214792  .00099360  00000-0  33093-2 0  9991
2 44742  52.9729 256.3875 0002571 100.3241 259.8047 15.30321135176901
1 44742U 19074AF  23023.01230875  .00092939  00000-0  30777-2 0  9996
2 44742  52.9723 251.2055 0002557 105.5082 254.6199 15.30543042177076
1 44742U 19074AF  23023.33879424  .00103229  00000-0  34045-2 0  9997
2 44742  52.9727 249.6815 0002467 106.0094 254.1177 15.30618243177127
1 44742U 19074AF  23023.92642934  .00108116  00000-0  35483-2 0  9993
2 44742  52.9718 246.9376 0002235 111.2154 248.9083 15.30750079177218
1 44742U 19074AF  23024.90571482  .00098299  00000-0  32119-2 0  9994
2 44742  52.9714 242.3644 0002086 114.4169 245.7047 15.30945975177369
1 44742U 19074AF  23025.55850944  .00089601  00000-0  29224-2 0  9999
2 44742  52.9709 239.3161 0001943 114.3432 245.7769 15.31053535177292
1 44742U 19074AF  23025.81961344  .00096420  00000-0  31362-2 0  9998
2 44742  52.9706 238.0962 0001849 117.4806 242.6381 15.31103003177335
1 44742U 19074AF  23025.81961344  .00096420  00000-0  31362-2 0  9998
2 44742  52.9706 238.0962 0001849 117.4806 242.6381 15.31103003177504
1 44742U 19074AF  23025.88488821  .00102772  00000-0  33377-2 0  9995
2 44742  52.9706 237.7909 0001855 118.2703 241.8483 15.31117346177344
1 44742U 19074AF  23026.86395592  .00091161  00000-0  29518-2 0  9997
2 44742  52.9710 233.2164 0001735 123.1395 236.9770 15.31277950177669
1 44742U 19074AF  23027.25555417  .00074256  00000-0  24078-2 0  9997
2 44742  52.9711 231.3869 0001717 123.9154 236.2008 15.31334967177559
1 44742U 19074AF  23027.25555417  .00074256  00000-0  24078-2 0  9997
2 44742  52.9711 231.3869 0001717 123.9154 236.2008 15.31334967177728
1 44742U 19074AF  23027.84292432  .00077904  00000-0  25174-2 0  9998
2 44742  52.9712 228.6414 0001610 125.8302 234.2847 15.31422781177644
1 44742U 19074AF  23027.97344684  .00074638  00000-0  24121-2 0  9991
2 44742  52.9712 228.0312 0001610 126.6961 233.4186 15.31440323177666
1 44742U 19074AF  23028.82180037  .00064993  00000-0  20966-2 0  9992
2 44742  52.9714 224.0655 0001378 125.8920 234.2207 15.31563054177795
1 44742U 19074AF  23028.82180037  .00064993  00000-0  20966-2 0  9992
2 44742  52.9714 224.0655 0001378 125.8920 234.2207 15.31563054177964
1 44742U 19074AF  23029.93108787  .00060989  00000-0  19601-2 0  9992
2 44742  52.9713 218.8782 0001155 123.3996 236.7113 15.31712010177965
1 44742U 19074AF  23029.93108787  .00060989  00000-0  19601-2 0  9992
2 44742  52.9713 218.8782 0001155 123.3996 236.7113 15.31712010178135
1 44742U 19074AF  23030.51831945  .00055332  00000-0  17774-2 0  9992
2 44742  52.9713 216.1328 0001019 116.5823 243.5280 15.31772392178055
1 44742U 19074AF  23030.77930359  .00052395  00000-0  16830-2 0  9997
2 44742  52.9718 214.9116 0001031 119.3600 240.7502 15.31797904178095
1 44742U 19074AF  23030.77930359  .00052395  00000-0  16830-2 0  9997
2 44742  52.9718 214.9116 0001031 119.3600 240.7502 15.31797904178264
1 44742U 19074AF  23031.23601475  .00061754  00000-0  19759-2 0  9995
2 44742  52.9718 212.7762 0000968 114.1354 245.9746 15.31849136178165
1 44742U 19074AF  23031.23601475  .00061754  00000-0  19759-2 0  9995
2 44742  52.9718 212.7762 0000968 114.1354 245.9746 15.31849136178334
1 44742U 19074AF  23032.21462651  .00060703  00000-0  19354-2 0  9999
2 44742  52.9714 208.1991 0000822 102.1969 257.9122 15.31970236178316
1 44742U 19074AF  23032.86699125  .00054185  00000-0  17263-2 0  9992
2 44742  52.9714 205.1465 0000745  98.2462 261.8622 15.32045241178584
1 44742U 19074AF  23033.19315966  .00077716  00000-0  24590-2 0  9993
2 44742  52.9714 203.6210 0000749  85.8862 274.2222 15.32099579178469
1 44742U 19074AF  23033.84546790  .00053503  00000-0  16976-2 0  9993
2 44742  52.9702 200.5684 0000838  79.8669 280.2425 15.32182417178730
1 44742U 19074AF  23034.17160932  .00061257  00000-0  19377-2 0  9993
2 44742  52.9708 199.0437 0000741  60.0933 300.0140 15.32219087178619
1 44742U 19074AF  23035.14998765  .00067687  00000-0  21304-2 0  9990
2 44742  52.9706 194.4647 0000800  48.0743 312.0324 15.32333729178932
1 44742U 19074AF  23035.60653411  .00064971  00000-0  20415-2 0  9992
2 44742  52.9709 192.3272 0000837  41.9361 318.1703 15.32405685178832
1 44742U 19074AF  23035.80219134  .00062448  00000-0  19618-2 0  9994
2 44742  52.9706 191.4109 0000852  43.7419 316.3647 15.32430950178862
1 44742U 19074AF  23036.58479448  .00052387  00000-0  16458-2 0  9996
2 44742  52.9704 187.7476 0000995  38.7679 321.3392 15.32508209179154
1 44742U 19074AF  23036.78043972  .00052690  00000-0  16544-2 0  9990
2 44742  52.9703 186.8314 0000975  39.6204 320.4867 15.32523697179016
1 44742U 19074AF  23037.43256360  .00077524  00000-0  24127-2 0  9999
2 44742  52.9705 183.7788 0001160  32.4002 327.7069 15.32628935179287
1 44742U 19074AF  23037.56298164  .00083614  00000-0  25967-2 0  9991
2 44742  52.9704 183.1676 0001228  29.8073 330.2996 15.32659716179132
1 44742U 19074AF  23037.69339669  .00088877  00000-0  27547-2 0  9993
2 44742  52.9705 182.5567 0001222  29.0850 331.0217 15.32691946179152
1 44742U 19074AF  23037.69339669  .00088877  00000-0  27547-2 0  9993
2 44742  52.9705 182.5567 0001222  29.0850 331.0217 15.32691946179321
1 44742U 19074AF  23038.41063648  .00101192  00000-0  31134-2 0  9998
2 44742  52.9706 179.1979 0001490  23.0482 337.0584 15.32857791179430
1 44742U 19074AF  23038.60623305  .00115756  00000-0  35465-2 0  9993
2 44742  52.9706 178.2815 0001674  22.2543 337.8529 15.32915322179298
1 44742U 19074AF  23038.60623305  .00115756  00000-0  35465-2 0  9993
2 44742  52.9706 178.2815 0001674  22.2543 337.8529 15.32915322179467
1 44742U 19074AF  23039.58410706  .00149128  00000-0  45036-2 0  9995
2 44742  52.9708 173.6984 0001933  23.1527 336.9559 15.33208521179443
1 44742U 19074AF  23039.64929211  .00149662  00000-0  45166-2 0  9995
2 44742  52.9708 173.3930 0002000  21.7110 338.3974 15.33228026179459
1 44742U 19074AF  23039.64929211  .00149662  00000-0  45166-2 0  9995
2 44742  52.9708 173.3930 0002000  21.7110 338.3974 15.33228026179628
1 44742U 19074AF  23040.49661676  .00151922  00000-0  45444-2 0  9999
2 44742  52.9716 169.4200 0002461  19.6669 340.4425 15.33497872179586
1 44742U 19074AF  23040.62696137  .00162951  00000-0  48597-2 0  9990
2 44742  52.9717 168.8089 0002580  18.9148 341.1947 15.33540807179608
1 44742U 19074AF  23040.62696137  .00162951  00000-0  48597-2 0  9990
2 44742  52.9717 168.8089 0002580  18.9148 341.1947 15.33540807179776
1 44742U 19074AF  23041.47409933  .00184930  00000-0  54417-2 0  9999
2 44742  52.9718 164.8360 0003082  18.4918 341.6193 15.33863277179905
1 44742U 19074AF  23041.60441315  .00181518  00000-0  53370-2 0  9990
2 44742  52.9719 164.2245 0003136  19.2401 340.8717 15.33904336179756
1 44742U 19074AF  23042.06048782  .00154322  00000-0  45382-2 0  9999
2 44742  52.9716 162.0850 0003148  20.7095 339.4032 15.34024917179821
1 44742U 19074AF  23042.06048782  .00154322  00000-0  45382-2 0  9999
2 44742  52.9716 162.0850 0003148  20.7095 339.4032 15.34024917179999
1 44742U 19074AF  23042.71195582  .00159487  00000-0  46580-2 0  9990
2 44742  52.9715 159.0271 0003373  22.6107 337.5041 15.34217135179924
1 44742U 19074AF  23043.29819470  .00158013  00000-0  45851-2 0  9997
2 44742  52.9711 156.2764 0003827  21.2057 338.9101 15.34427854180014
1 44742U 19074AF  23043.29819470  .00158013  00000-0  45851-2 0  9997
2 44742  52.9711 156.2764 0003827  21.2057 338.9101 15.34427854180182
1 44742U 19074AF  23044.01461935  .00143716  00000-0  41541-2 0  9993
2 44742  52.9703 152.9127 0004209  23.1625 336.9564 15.34616351180291
1 44742U 19074AF  23044.40536148  .00138806  00000-0  40030-2 0  9991
2 44742  52.9697 151.0770 0004260  22.9662 337.1528 15.34711568180189
1 44742U 19074AF  23044.40536148  .00138806  00000-0  40030-2 0  9991
2 44742  52.9697 151.0770 0004260  22.9662 337.1528 15.34711568180358
1 44742U 19074AF  23044.99142992  .00138372  00000-0  39727-2 0  9994
2 44742  52.9694 148.3241 0004459  24.3383 335.7827 15.34853463180440
1 44742U 19074AF  23045.38211691  .00127291  00000-0  36524-2 0  9991
2 44742  52.9689 146.4880 0004563  25.7415 334.3812 15.34925617180337
1 44742U 19074AF  23045.38211691  .00127291  00000-0  36524-2 0  9991
2 44742  52.9689 146.4880 0004563  25.7415 334.3812 15.34925617180506
1 44742U 19074AF  23046.48893664  .00127517  00000-0  36279-2 0  9997
2 44742  52.9688 141.2850 0004903  29.3266 330.8009 15.35190135180674
1 44742U 19074AF  23046.55403680  .00166379  00000-0  47008-2 0  9991
2 44742  52.9686 140.9795 0004923  30.0406 330.0876 15.35224406180519
1 44742U 19074AF  23046.68423378  .00166605  00000-0  46997-2 0  9999
2 44742  52.9686 140.3671 0004951  30.5421 329.5867 15.35273187180534
1 44742U 19074AF  23046.68423378  .00166605  00000-0  46997-2 0  9999
2 44742  52.9686 140.3671 0004951  30.5421 329.5867 15.35273187180703
1 44742U 19074AF  23047.46532636  .00159342  00000-0  44574-2 0  9993
2 44742  52.9690 136.6939 0005235  31.9342 328.1975 15.35567244180824
1 44742U 19074AF  23047.59549354  .00176547  00000-0  49175-2 0  9990
2 44742  52.9690 136.0815 0005250  32.0363 328.0956 15.35623183180679
1 44742U 19074AF  23047.66057586  .00174548  00000-0  48594-2 0  9992
2 44742  52.9691 135.7753 0005276  32.5250 327.6075 15.35647749180687
1 44742U 19074AF  23047.66057586  .00174548  00000-0  48594-2 0  9992
2 44742  52.9691 135.7753 0005276  32.5250 327.6075 15.35647749180856
1 44742U 19074AF  23048.24626125  .00143965  00000-0  39965-2 0  9999
2 44742  52.9695 133.0205 0005503  33.2311 326.9034 15.35877351180943
1 44742U 19074AF  23048.50654143  .00151101  00000-0  41784-2 0  9992
2 44742  52.9698 131.7946 0005540  33.6036 326.5315 15.35964683180811
1 44742U 19074AF  23048.63667614  .00150173  00000-0  41477-2 0  9990
2 44742  52.9697 131.1820 0005596  34.2267 325.9094 15.36006576180837
1 44742U 19074AF  23048.63667614  .00150173  00000-0  41477-2 0  9990
2 44742  52.9697 131.1820 0005596  34.2267 325.9094 15.36006576181007
1 44742U 19074AF  23049.48248428  .00121064  00000-0  33361-2 0  9992
2 44742  52.9702 127.2004 0005906  36.3261 323.8140 15.36215346180966
1 44742U 19074AF  23049.48248428  .00121064  00000-0  33361-2 0  9992
2 44742  52.9702 127.2004 0005906  36.3261 323.8140 15.36215346181136
1 44742U 19074AF  23050.00292301  .00128732  00000-0  35277-2 0  9998
2 44742  52.9706 124.7508 0006214  39.0016 321.1432 15.36349985181213
1 44742U 19074AF  23050.45827412  .00120842  00000-0  33051-2 0  9996
2 44742  52.9707 122.6055 0006328  40.3407 319.8062 15.36447840181114
1 44742U 19074AF  23050.45827412  .00120842  00000-0  33051-2 0  9996
2 44742  52.9707 122.6055 0006328  40.3407 319.8062 15.36447840181282
1 44742U 19074AF  23050.91359684  .00110471  00000-0  30175-2 0  9999
2 44742  52.9705 120.4611 0006471  41.0756 319.0732 15.36539354181354
1 44742U 19074AF  23051.49896789  .00116500  00000-0  31653-2 0  9996
2 44742  52.9701 117.7035 0006670  43.0709 317.0813 15.36673296181273
1 44742U 19074AF  23052.40944507  .00113348  00000-0  30606-2 0  9994
2 44742  52.9692 113.4133 0006910  45.7100 314.4467 15.36880283181581
1 44742U 19074AF  23052.53950244  .00128301  00000-0  34519-2 0  9995
2 44742  52.9690 112.8002 0006915  46.6292 313.5284 15.36918592181430
1 44742U 19074AF  23052.53950244  .00128301  00000-0  34519-2 0  9995
2 44742  52.9690 112.8002 0006915  46.6292 313.5284 15.36918592181609
1 44742U 19074AF  23052.86463365  .00122400  00000-0  32876-2 0  9992
2 44742  52.9685 111.2684 0006997  47.5218 312.6373 15.36998954181485
1 44742U 19074AF  23053.38480729  .00106441  00000-0  28546-2 0  9999
2 44742  52.9683 108.8152 0007090  49.5193 310.6425 15.37125069181569
1 44742U 19074AF  23053.38480729  .00106441  00000-0  28546-2 0  9999
2 44742  52.9683 108.8152 0007090  49.5193 310.6425 15.37125069181738
1 44742U 19074AF  23053.83992633  .00115924  00000-0  30936-2 0  9993
2 44742  52.9682 106.6693 0007186  50.5117 309.6519 15.37229606181630
1 44742U 19074AF  23054.36002652  .00131580  00000-0  34893-2 0  9997
2 44742  52.9680 104.2159 0007232  52.8472 307.3189 15.37348761181889
1 44742U 19074AF  23054.42503600  .00126138  00000-0  33464-2 0  9999
2 44742  52.9680 103.9092 0007212  53.1167 307.0494 15.37361921181726
1 44742U 19074AF  23054.94509053  .00115530  00000-0  30585-2 0  9999
2 44742  52.9681 101.4564 0007370  54.5122 305.6566 15.37477872181979
1 44742U 19074AF  23055.40009987  .00125121  00000-0  32941-2 0  9997
2 44742  52.9684  99.3090 0007367  56.4656 303.7048 15.37602304181873
1 44742U 19074AF  23055.40009987  .00125121  00000-0  32941-2 0  9997
2 44742  52.9684  99.3090 0007367  56.4656 303.7048 15.37602304182043
1 44742U 19074AF  23055.98506811  .00095265  00000-0  25107-2 0  9999
2 44742  52.9689  96.5494 0007513  58.3824 301.7910 15.37719893182134
1 44742U 19074AF  23056.50499820  .00104585  00000-0  27410-2 0  9994
2 44742  52.9690  94.0942 0007595  60.3779 299.7978 15.37842481182049
1 44742U 19074AF  23056.50499820  .00104585  00000-0  27410-2 0  9994
2 44742  52.9690  94.0942 0007595  60.3779 299.7978 15.37842481182218
1 44742U 19074AF  23056.50499824  .00016121  00000-0  43663-3 0  9995
2 44742  52.9697  94.0919 0007613  62.1619 298.0153 15.37817697182042
1 44742U 19074AF  23056.50499824  .00016121  00000-0  43663-3 0  9995
2 44742  52.9697  94.0919 0007613  62.1619 298.0153 15.37817697182211
1 44742U 19074AF  23056.95990821  .00058454  00000-0  15439-2 0  9991
2 44742  52.9699  91.9479 0007908  56.0781 304.0971 15.37878825182282
1 44742U 19074AF  23057.34978794  .00084839  00000-0  22183-2 0  9990
2 44742  52.9699  90.1058 0007669  66.2148 293.9657 15.38020446182343
1 44742U 19074AF  23057.54472432  .00081057  00000-0  21176-2 0  9990
2 44742  52.9707  89.1839 0008233  57.0339 303.1453 15.38064544182206
1 44742U 19074AF  23057.80461925  .00079851  00000-0  20815-2 0  9992
2 44742  52.9701  87.9580 0007717  64.2759 295.9039 15.38143462182240
1 44742U 19074AF  23057.80461925  .00079851  00000-0  20815-2 0  9992
2 44742  52.9701  87.9580 0007717  64.2759 295.9039 15.38143462182419
1 44742U 19074AF  23058.06450033  .00059679  00000-0  15573-2 0  9990
2 44742  52.9674  86.7265 0008052  67.9913 292.1944 15.38241170182284
1 44742U 19074AF  23058.06450033  .00059679  00000-0  15573-2 0  9990
2 44742  52.9674  86.7265 0008052  67.9913 292.1944 15.38241170182453
1 44742U 19074AF  23058.64917445  .00163492  00000-0  41519-2 0  9997
2 44742  52.9704  83.9710 0008303  64.9849 295.2014 15.38527974182377
1 44742U 19074AF  23058.64917445  .00163492  00000-0  41519-2 0  9997
2 44742  52.9704  83.9710 0008303  64.9849 295.2014 15.38527974182546
1 44742U 19074AF  23058.97394768  .00130743  00000-0  33230-2 0  9994
2 44742  52.9703  82.4341 0008369  63.7076 296.4784 15.38651793182599
1 44742U 19074AF  23059.42856258  .00069194  00000-0  17617-2 0  9994
2 44742  52.9699  80.2853 0007755  75.3019 284.8842 15.38932096182494
1 44742U 19074AF  23059.42856258  .00069194  00000-0  17617-2 0  9994
2 44742  52.9699  80.2853 0007755  75.3019 284.8842 15.38932096182663
1 44742U 19074AF  23059.75326083  .00080464  00000-0  20379-2 0  9990
2 44742  52.9699  78.7498 0007358  73.0247 287.1561 15.39026449182545
1 44742U 19074AF  23059.75326083  .00080464  00000-0  20379-2 0  9990
2 44742  52.9699  78.7498 0007358  73.0247 287.1561 15.39026449182714
1 44742U 19074AF  23059.94807400  .00138262  00000-0  34591-2 0  9999
2 44742  52.9690  77.8274 0008125  72.6393 287.5497 15.39101499182741
1 44742U 19074AF  23060.46752286  .00180347  00000-0  44550-2 0  9996
2 44742  52.9687  75.3718 0008223  76.7385 283.4534 15.39300712182823
1 44742U 19074AF  23060.72722641  .00150593  00000-0  37276-2 0  9994
2 44742  52.9685  74.1432 0008229  77.9966 282.1958 15.39370303182699
1 44742U 19074AF  23060.72722641  .00150593  00000-0  37276-2 0  9994
2 44742  52.9685  74.1432 0008229  77.9966 282.1958 15.39370303182868
1 44742U 19074AF  23061.31150911  .00160660  00000-0  39465-2 0  9993
2 44742  52.9680  71.3782 0008361  80.0945 280.1000 15.39557431182785
1 44742U 19074AF  23061.31150911  .00160660  00000-0  39465-2 0  9993
2 44742  52.9680  71.3782 0008361  80.0945 280.1000 15.39557431182954
1 44742U 19074AF  23062.28514405  .00234481  00000-0  56300-2 0  9992
2 44742  52.9685  66.7693 0008484  85.1480 275.0491 15.39933618182934
1 44742U 19074AF  23062.28514405  .00234481  00000-0  56300-2 0  9992
2 44742  52.9685  66.7693 0008484  85.1480 275.0491 15.39933618183104
1 44742U 19074AF  23062.99897641  .00214670  00000-0  51153-2 0  9995
2 44742  52.9687  63.3875 0008553  88.1501 272.0481 15.40247296183215
1 44742U 19074AF  23063.19362973  .00250633  00000-0  59214-2 0  9998
2 44742  52.9688  62.4660 0008599  89.0109 271.1879 15.40355863183077
1 44742U 19074AF  23063.19362973  .00250633  00000-0  59214-2 0  9998
2 44742  52.9688  62.4660 0008599  89.0109 271.1879 15.40355863183246
1 44742U 19074AF  23063.71264826  .00262600  00000-0  61416-2 0  9998
2 44742  52.9686  60.0050 0008663  91.8623 268.3372 15.40612849183151
1 44742U 19074AF  23064.23158215  .00264687  00000-0  61375-2 0  9991
2 44742  52.9685  57.5452 0008613  94.5199 265.6788 15.40864307183238
1 44742U 19074AF  23064.23158215  .00264687  00000-0  61375-2 0  9991
2 44742  52.9685  57.5452 0008613  94.5199 265.6788 15.40864307183407
1 44742U 19074AF  23064.68557465  .00266846  00000-0  61366-2 0  9999
2 44742  52.9683  55.3914 0008771  97.4803 262.7196 15.41104069183306
1 44742U 19074AF  23065.33399882  .00313786  00000-0  70754-2 0  9996
2 44742  52.9684  52.3148 0008690 101.5520 258.6459 15.41506749183404
1 44742U 19074AF  23065.33399882  .00313786  00000-0  70754-2 0  9996
2 44742  52.9684  52.3148 0008690 101.5520 258.6459 15.41506749183572
1 44742U 19074AF  23066.24153485  .00325754  00000-0  72085-2 0  9991
2 44742  52.9680  48.0055 0009002 106.9651 253.2340 15.42021142183715
1 44742U 19074AF  23066.95438324  .00274300  00000-0  60331-2 0  9998
2 44742  52.9671  44.6186 0009118 111.4106 248.7871 15.42409688183652
1 44742U 19074AF  23067.08397221  .00272065  00000-0  59713-2 0  9991
2 44742  52.9673  44.0028 0009157 112.2613 247.9362 15.42481694183842
1 44742U 19074AF  23067.34313136  .00275078  00000-0  60052-2 0  9998
2 44742  52.9674  42.7706 0009253 113.8601 246.3373 15.42628717183712
1 44742U 19074AF  23067.34313136  .00275078  00000-0  60052-2 0  9998
2 44742  52.9674  42.7706 0009253 113.8601 246.3373 15.42628717183880
1 44742U 19074AF  23068.18523403  .00418455  00000-0  88071-2 0  9990
2 44742  52.9686  38.7646 0009678 118.6413 241.5565 15.43146240184019
1 44742U 19074AF  23068.89756468  .00329535  00000-0  69199-2 0  9997
2 44742  52.9692  35.3739 0009770 122.1809 238.0144 15.43563896183950
1 44742U 19074AF  23069.15654031  .00323017  00000-0  67508-2 0  9991
2 44742  52.9690  34.1409 0009841 123.7724 236.4218 15.43730309184164
1 44742U 19074AF  23069.28601781  .00340033  00000-0  70689-2 0  9990
2 44742  52.9691  33.5246 0009905 124.1685 236.0260 15.43819583184186
1 44742U 19074AF  23069.60968438  .00282586  00000-0  58848-2 0  9992
2 44742  52.9691  31.9828 0010148 126.3681 233.8261 15.43993418184068
1 44742U 19074AF  23069.60968438  .00282586  00000-0  58848-2 0  9992
2 44742  52.9691  31.9828 0010148 126.3681 233.8261 15.43993418184237
1 44742U 19074AF  23070.06275098  .00298231  00000-0  61404-2 0  9993
2 44742  52.9689  29.8242 0010287 128.8299 231.3625 15.44266131184307
1 44742U 19074AF  23070.32160935  .00328910  00000-0  67056-2 0  9992
2 44742  52.9689  28.5907 0010352 130.4837 229.7071 15.44436020184178
1 44742U 19074AF  23070.32160935  .00328910  00000-0  67056-2 0  9992
2 44742  52.9689  28.5907 0010352 130.4837 229.7071 15.44436020184347
1 44742U 19074AF  23071.22741258  .00322410  00000-0  64621-2 0  9999
2 44742  52.9682  24.2714 0010546 136.4797 223.7041 15.44961047184483
1 44742U 19074AF  23071.29210143  .00319228  00000-0  63932-2 0  9997
2 44742  52.9682  23.9637 0010536 136.8760 223.3071 15.44997053184324
1 44742U 19074AF  23071.29210143  .00319228  00000-0  63932-2 0  9997
2 44742  52.9682  23.9637 0010536 136.8760 223.3071 15.44997053184492
1 44742U 19074AF  23072.45624747  .00243043  00000-0  48193-2 0  9998
2 44742  52.9684  18.4056 0010545 143.4170 216.7557 15.45587219184504
1 44742U 19074AF  23072.45624747  .00243043  00000-0  48193-2 0  9998
2 44742  52.9684  18.4056 0010545 143.4170 216.7557 15.45587219184672
1 44742U 19074AF  23072.84420448  .00245667  00000-0  48404-2 0  9992
2 44742  52.9687  16.5525 0010646 144.7281 215.4430 15.45761940184563
1 44742U 19074AF  23073.10281671  .00235432  00000-0  46268-2 0  9990
2 44742  52.9688  15.3175 0010617 146.3627 213.8054 15.45877922184777
1 44742U 19074AF  23073.23211470  .00261743  00000-0  51128-2 0  9999
2 44742  52.9687  14.6995 0010666 147.0840 213.0831 15.45950614184626
1 44742U 19074AF  23073.23211470  .00261743  00000-0  51128-2 0  9999
2 44742  52.9687  14.6995 0010666 147.0840 213.0831 15.45950614184794
1 44742U 19074AF  23074.13703398  .00290533  00000-0  55556-2 0  9992
2 44742  52.9686  10.3729 0010994 151.3320 208.8292 15.46455315184765
1 44742U 19074AF  23074.13703398  .00290533  00000-0  55556-2 0  9992
2 44742  52.9686  10.3729 0010994 151.3320 208.8292 15.46455315184934
1 44742U 19074AF  23075.17085211  .00311480  00000-0  58159-2 0  9991
2 44742  52.9679   5.4269 0011197 156.9491 203.2019 15.47063873185095
1 44742U 19074AF  23075.23545253  .00311953  00000-0  58166-2 0  9998
2 44742  52.9678   5.1178 0011203 157.3255 202.8247 15.47102458184934
1 44742U 19074AF  23076.20430365  .00219156  00000-0  40737-2 0  9990
2 44742  52.9673   0.4789 0011502 162.2995 197.8413 15.47546985185254
1 44742U 19074AF  23076.26888326  .00209038  00000-0  38867-2 0  9999
2 44742  52.9674   0.1693 0011503 162.8410 197.2987 15.47578901185090
1 44742U 19074AF  23076.78548280  .00250697  00000-0  45978-2 0  9996
2 44742  52.9675 357.6941 0011423 165.0813 195.0532 15.47812121185345
1 44742U 19074AF  23077.49568804  .00220289  00000-0  40161-2 0  9992
2 44742  52.9680 354.2895 0011608 168.5642 191.5630 15.48099311185287
1 44742U 19074AF  23077.49568804  .00220289  00000-0  40161-2 0  9992
2 44742  52.9680 354.2895 0011608 168.5642 191.5630 15.48099311185456
1 44742U 19074AF  23078.14120407  .00219950  00000-0  39691-2 0  9997
2 44742  52.9680 351.1944 0011711 171.4547 188.6660 15.48392790185557
1 44742U 19074AF  23078.46391120  .00248301  00000-0  44366-2 0  9991
2 44742  52.9677 349.6468 0011791 172.7401 187.3778 15.48565655185432
1 44742U 19074AF  23078.46391120  .00248301  00000-0  44366-2 0  9991
2 44742  52.9677 349.6468 0011791 172.7401 187.3778 15.48565655185601
1 44742U 19074AF  23078.91564394  .00238532  00000-0  42335-2 0  9995
2 44742  52.9673 347.4795 0011854 175.3306 184.7813 15.48794461185508
1 44742U 19074AF  23079.10922290  .00245796  00000-0  43424-2 0  9990
2 44742  52.9678 346.5506 0011893 175.5229 184.5886 15.48897629185533
1 44742U 19074AF  23079.10922290  .00245796  00000-0  43424-2 0  9990
2 44742  52.9678 346.5506 0011893 175.5229 184.5886 15.48897629185702
1 44742U 19074AF  23080.14140661  .00269720  00000-0  46526-2 0  9999
2 44742  52.9675 341.5941 0012141 181.6217 178.4752 15.49484143185695
1 44742U 19074AF  23080.14140661  .00269720  00000-0  46526-2 0  9999
2 44742  52.9675 341.5941 0012141 181.6217 178.4752 15.49484143185864
1 44742U 19074AF  23080.91533720  .00210400  00000-0  36194-2 0  9997
2 44742  52.9675 337.8756 0012163 184.6517 175.4379 15.49787610185818
1 44742U 19074AF  23081.17327617  .00226263  00000-0  38671-2 0  9998
2 44742  52.9675 336.6355 0012152 185.6824 174.4047 15.49910801186025
1 44742U 19074AF  23081.88248522  .00282826  00000-0  47289-2 0  9995
2 44742  52.9668 333.2251 0012178 189.5663 170.5114 15.50318271185966
1 44742U 19074AF  23082.01141124  .00311912  00000-0  51776-2 0  9996
2 44742  52.9669 332.6069 0011880 191.1155 168.9592 15.50418365185989
1 44742U 19074AF  23082.01141124  .00311912  00000-0  51776-2 0  9996
2 44742  52.9669 332.6069 0011880 191.1155 168.9592 15.50418365186159
1 44742U 19074AF  23082.84924727  .00477879  00000-0  75914-2 0  9990
2 44742  52.9660 328.5742 0012144 196.8087 163.2519 15.51049095186284
1 44742U 19074AF  23082.91368040  .00486008  00000-0  76954-2 0  9997
2 44742  52.9655 328.2642 0012358 197.0117 163.0477 15.51109222186121
1 44742U 19074AF  23083.10696372  .00490227  00000-0  77050-2 0  9997
2 44742  52.9659 327.3300 0012549 197.6857 162.3715 15.51299907186155
1 44742U 19074AF  23083.10696372  .00490227  00000-0  77050-2 0  9997
2 44742  52.9659 327.3300 0012549 197.6857 162.3715 15.51299907186324
1 44742U 19074AF  23083.87984547  .00386549  00000-0  59935-2 0  9998
2 44742  52.9650 323.6058 0012589 201.7627 158.2847 15.52052943186441
1 44742U 19074AF  23083.94423690  .00375819  00000-0  58248-2 0  9997
2 44742  52.9649 323.2956 0012700 202.1107 157.9354 15.52101407186286
1 44742U 19074AF  23084.07301484  .00363083  00000-0  56176-2 0  9996
2 44742  52.9649 322.6741 0012701 202.7604 157.2842 15.52195823186471
1 44742U 19074AF  23084.84553103  .00332946  00000-0  50770-2 0  9996
2 44742  52.9653 318.9458 0012708 207.9019 152.1308 15.52708395186591
1 44742U 19074AF  23084.90989692  .00327704  00000-0  49942-2 0  9994
2 44742  52.9656 318.6351 0012683 208.1896 151.8426 15.52743555186438
1 44742U 19074AF  23085.03862625  .00298526  00000-0  45595-2 0  9994
2 44742  52.9655 318.0165 0012603 209.8110 150.2181 15.52788957186620
1 44742U 19074AF  23085.81090361  .00228304  00000-0  34774-2 0  9994
2 44742  52.9651 314.2834 0012844 211.8566 148.1667 15.53118201186740
1 44742U 19074AF  23085.93959890  .00229180  00000-0  34828-2 0  9991
2 44742  52.9652 313.6621 0012825 212.8304 147.1908 15.53178155186592
1 44742U 19074AF  23086.00394408  .00237029  00000-0  35934-2 0  9998
2 44742  52.9652 313.3507 0012881 213.0909 146.9295 15.53215229186600
1 44742U 19074AF  23086.00394408  .00237029  00000-0  35934-2 0  9998
2 44742  52.9652 313.3507 0012881 213.0909 146.9295 15.53215229186778
1 44742U 19074AF  23086.84029531  .00273893  00000-0  40614-2 0  9992
2 44742  52.9644 309.3091 0012935 218.1145 141.8950 15.53690656186908
1 44742U 19074AF  23086.90461935  .00282985  00000-0  41848-2 0  9999
2 44742  52.9647 308.9983 0012882 218.1722 141.8375 15.53733731186743
1 44742U 19074AF  23087.03326276  .00287397  00000-0  42358-2 0  9991
2 44742  52.9647 308.3753 0012946 218.7995 141.2085 15.53809475186764
1 44742U 19074AF  23087.03326276  .00287397  00000-0  42358-2 0  9991
2 44742  52.9647 308.3753 0012946 218.7995 141.2085 15.53809475186933
1 44742U 19074AF  23087.86930947  .00282766  00000-0  41033-2 0  9992
2 44742  52.9649 304.3325 0013110 223.8007 136.1962 15.54250621186897
1 44742U 19074AF  23087.86930947  .00282766  00000-0  41033-2 0  9992
2 44742  52.9649 304.3325 0013110 223.8007 136.1962 15.54250621187067
1 44742U 19074AF  23087.99791265  .00264715  00000-0  38433-2 0  9998
2 44742  52.9650 303.7115 0013150 224.9597 135.0348 15.54300820186915
1 44742U 19074AF  23087.99791265  .00264715  00000-0  38433-2 0  9998
2 44742  52.9650 303.7115 0013150 224.9597 135.0348 15.54300820187084
1 44742U 19074AF  23088.83368475  .00310218  00000-0  43986-2 0  9994
2 44742  52.9641 299.6649 0013195 228.5791 131.4085 15.54785847187213
1 44742U 19074AF  23088.89796253  .00326584  00000-0  46116-2 0  9990
2 44742  52.9645 299.3519 0013216 228.5048 131.4828 15.54840549187226
1 44742U 19074AF  23089.28359425  .00347131  00000-0  48418-2 0  9998
2 44742  52.9641 297.4836 0013223 230.9576 129.0256 15.55104046187284
1 44742U 19074AF  23089.86192497  .00383849  00000-0  52515-2 0  9995
2 44742  52.9639 294.6820 0013374 233.7360 126.2414 15.55500123187205
1 44742U 19074AF  23089.92617465  .00385432  00000-0  52633-2 0  9990
2 44742  52.9634 294.3707 0013405 234.2066 125.7698 15.55545076187388
1 44742U 19074AF  23090.56858151  .00348218  00000-0  47070-2 0  9991
2 44742  52.9626 291.2550 0013406 237.7334 122.2377 15.55949775187489
1 44742U 19074AF  23090.82550288  .00272433  00000-0  37044-2 0  9995
2 44742  52.9633 290.0084 0013568 239.6731 120.2937 15.56051854187525
1 44742U 19074AF  23091.53192902  .00239697  00000-0  32325-2 0  9991
2 44742  52.9629 286.5797 0013610 243.6940 116.2672 15.56389618187462
1 44742U 19074AF  23091.53192902  .00239697  00000-0  32325-2 0  9991
2 44742  52.9629 286.5797 0013610 243.6940 116.2672 15.56389618187631
1 44742U 19074AF  23091.78876585  .00320622  00000-0  42490-2 0  9997
2 44742  52.9633 285.3342 0013389 245.5391 114.4223 15.56580326187500
1 44742U 19074AF  23091.78876585  .00320622  00000-0  42490-2 0  9997
2 44742  52.9633 285.3342 0013389 245.5391 114.4223 15.56580326187678
1 44742U 19074AF  23092.23817358  .00315585  00000-0  41469-2 0  9998
2 44742  52.9623 283.1513 0013399 246.6543 113.3058 15.56825994187740
1 44742U 19074AF  23092.49494599  .00295927  00000-0  38786-2 0  9999
2 44742  52.9622 281.9037 0013357 247.9069 112.0522 15.56963596187616
1 44742U 19074AF  23092.49494599  .00295927  00000-0  38786-2 0  9999
2 44742  52.9622 281.9037 0013357 247.9069 112.0522 15.56963596187784
1 44742U 19074AF  23092.81588208  .00246729  00000-0  32366-2 0  9990
2 44742  52.9620 280.3434 0013529 249.8724 110.0830 15.57109262187666
1 44742U 19074AF  23092.81588208  .00246729  00000-0  32366-2 0  9990
2 44742  52.9620 280.3434 0013529 249.8724 110.0830 15.57109262187835
1 44742U 19074AF  23093.52183611  .00234490  00000-0  30445-2 0  9996
2 44742  52.9613 276.9115 0013791 253.4918 106.4576 15.57424349187776
1 44742U 19074AF  23093.52183611  .00234490  00000-0  30445-2 0  9996
2 44742  52.9613 276.9115 0013791 253.4918 106.4576 15.57424349187945
1 44742U 19074AF  23094.48421782  .00280262  00000-0  35417-2 0  9998
2 44742  52.9624 272.2303 0013638 257.9727 101.9755 15.57989095187923
1 44742U 19074AF  23094.48421782  .00280262  00000-0  35417-2 0  9998
2 44742  52.9624 272.2303 0013638 257.9727 101.9755 15.57989095188092
1 44742U 19074AF  23094.86908685  .00229085  00000-0  28962-2 0  9995
2 44742  52.9618 270.3562 0014312 261.8542  98.0845 15.58144680187987
1 44742U 19074AF  23094.86908685  .00229085  00000-0  28962-2 0  9995
2 44742  52.9618 270.3562 0014312 261.8542  98.0845 15.58144680188157
1 44742U 19074AF  23095.51044420  .00238975  00000-0  29854-2 0  9995
2 44742  52.9601 267.2340 0013790 264.5216  95.4221 15.58435303188081
1 44742U 19074AF  23095.76694759  .00263764  00000-0  32656-2 0  9996
2 44742  52.9602 265.9842 0014000 266.3605  93.5804 15.58584585188129
1 44742U 19074AF  23095.76694759  .00263764  00000-0  32656-2 0  9996
2 44742  52.9602 265.9842 0014000 266.3605  93.5804 15.58584585188297
1 44742U 19074AF  23096.47223191  .00233465  00000-0  28673-2 0  9992
2 44742  52.9602 262.5477 0014101 270.1012  89.8383 15.58900580188232
1 44742U 19074AF  23096.47223191  .00233465  00000-0  28673-2 0  9992
2 44742  52.9602 262.5477 0014101 270.1012  89.8383 15.58900580188401
1 44742U 19074AF  23096.85687523  .00214902  00000-0  26303-2 0  9990
2 44742  52.9617 260.6733 0014162 272.0502  87.8887 15.59054752188468
1 44742U 19074AF  23097.43375780  .00257306  00000-0  30978-2 0  9992
2 44742  52.9618 257.8612 0014533 275.8371  84.0983 15.59336766188385
1 44742U 19074AF  23097.43375780  .00257306  00000-0  30978-2 0  9992
2 44742  52.9618 257.8612 0014533 275.8371  84.0983 15.59336766188554
1 44742U 19074AF  23098.13870227  .00207409  00000-0  24857-2 0  9994
2 44742  52.9602 254.4223 0014282 279.4990  80.4406 15.59633238188662
1 44742U 19074AF  23098.45909256  .00191744  00000-0  22931-2 0  9999
2 44742  52.9608 252.8593 0014428 280.6703  79.2683 15.59741722188546
1 44742U 19074AF  23098.45909256  .00191744  00000-0  22931-2 0  9999
2 44742  52.9608 252.8593 0014428 280.6703  79.2683 15.59741722188715
1 44742U 19074AF  23098.71538510  .00215205  00000-0  25542-2 0  9999
2 44742  52.9616 251.6092 0014595 282.1001  77.8374 15.59855699188752
1 44742U 19074AF  23099.42009795  .00221503  00000-0  25971-2 0  9990
2 44742  52.9604 248.1692 0014538 285.6289  74.3117 15.60153985188690
1 44742U 19074AF  23099.67632656  .00179760  00000-0  21128-2 0  9992
2 44742  52.9607 246.9181 0014600 286.9956  72.9455 15.60235866188730
1 44742U 19074AF  23099.67632656  .00179760  00000-0  21128-2 0  9992
2 44742  52.9607 246.9181 0014600 286.9956  72.9455 15.60235866188909
1 44742U 19074AF  23100.38087295  .00223010  00000-0  25776-2 0  9997
2 44742  52.9605 243.4770 0014777 290.5864  69.3562 15.60518565188849
1 44742U 19074AF  23100.38087295  .00223010  00000-0  25776-2 0  9997
2 44742  52.9605 243.4770 0014777 290.5864  69.3562 15.60518565189019
1 44742U 19074AF  23100.76511065  .00239205  00000-0  27388-2 0  9990
2 44742  52.9600 241.5998 0014889 292.4705  67.4729 15.60707469188908
1 44742U 19074AF  23100.76511065  .00239205  00000-0  27388-2 0  9990
2 44742  52.9600 241.5998 0014889 292.4705  67.4729 15.60707469189077
1 44742U 19074AF  23101.40542843  .00177705  00000-0  20348-2 0  9995
2 44742  52.9590 238.4719 0014492 294.7981  65.1523 15.60925655189001
1 44742U 19074AF  23101.40542843  .00177705  00000-0  20348-2 0  9995
2 44742  52.9590 238.4719 0014492 294.7981  65.1523 15.60925655189179
1 44742U 19074AF  23102.62176639  .00168420  00000-0  18961-2 0  9998
2 44742  52.9610 232.5251 0016447 301.2021  58.7378 15.61361636189191
1 44742U 19074AF  23102.62176639  .00168420  00000-0  18961-2 0  9998
2 44742  52.9610 232.5251 0016447 301.2021  58.7378 15.61361636189360
1 44742U 19074AF  23103.06980680  .00176279  00000-0  19717-2 0  9997
2 44742  52.9597 230.3312 0015485 302.3793  57.5720 15.61520473189260
1 44742U 19074AF  23103.70978309  .00172633  00000-0  19143-2 0  9996
2 44742  52.9587 227.1992 0015646 305.0582  54.8961 15.61753602189531
1 44742U 19074AF  23104.47763644  .00187876  00000-0  20570-2 0  9996
2 44742  52.9581 223.4412 0015769 308.7095  51.2506 15.62025301189485
1 44742U 19074AF  23104.79753172  .00209568  00000-0  22755-2 0  9996
2 44742  52.9578 221.8742 0015831 310.1383  49.8242 15.62163328189703
1 44742U 19074AF  23105.56519023  .00188131  00000-0  20281-2 0  9991
2 44742  52.9572 218.1147 0015823 314.4999  45.4719 15.62421715189658
1 44742U 19074AF  23105.82104319  .00190009  00000-0  20398-2 0  9994
2 44742  52.9561 216.8589 0015595 315.0494  44.9255 15.62526724189693
1 44742U 19074AF  23105.82104319  .00190009  00000-0  20398-2 0  9994
2 44742  52.9561 216.8589 0015595 315.0494  44.9255 15.62526724189862
1 44742U 19074AF  23106.52456457  .00174434  00000-0  18586-2 0  9995
2 44742  52.9568 213.4123 0015890 318.0801  41.8994 15.62767511189800
1 44742U 19074AF  23106.71641483  .00176441  00000-0  18743-2 0  9996
2 44742  52.9572 212.4722 0015932 318.8545  41.1265 15.62837075189839
1 44742U 19074AF  23107.54766449  .00180047  00000-0  18889-2 0  9996
2 44742  52.9579 208.3963 0016131 322.2331  37.7548 15.63139091189964
1 44742U 19074AF  23107.67553576  .00179383  00000-0  18788-2 0  9994
2 44742  52.9583 207.7691 0016209 322.6845  37.3040 15.63182361189983
1 44742U 19074AF  23108.31483140  .00184310  00000-0  19109-2 0  9999
2 44742  52.9582 204.6335 0016365 324.9932  35.0003 15.63420705190082
1 44742U 19074AF  23108.63444531  .00177986  00000-0  18391-2 0  9998
2 44742  52.9579 203.0654 0016464 326.1505  33.8455 15.63526563190137
1 44742U 19074AF  23108.63444531  .00177986  00000-0  18391-2 0  9998
2 44742  52.9579 203.0654 0016464 326.1505  33.8455 15.63526563190306
1 44742U 19074AF  23108.95403500  .00212662  00000-0  21763-2 0  9992
2 44742  52.9576 201.4967 0016486 327.0109  32.9874 15.63653350190351
1 44742U 19074AF  23109.40141624  .00184918  00000-0  18863-2 0  9998
2 44742  52.9570 199.3003 0016528 328.4176  31.5844 15.63827870190258
1 44742U 19074AF  23109.46532365  .00181361  00000-0  18491-2 0  9996
2 44742  52.9566 198.9867 0016524 328.8845  31.1188 15.63852679190262
1 44742U 19074AF  23109.46532365  .00181361  00000-0  18491-2 0  9996
2 44742  52.9566 198.9867 0016524 328.8845  31.1188 15.63852679190431
1 44742U 19074AF  23110.48768886  .00183508  00000-0  18387-2 0  9998
2 44742  52.9557 193.9653 0016710 333.4412  26.5743 15.64281886190597
1 44742U 19074AF  23110.74323495  .00191498  00000-0  19082-2 0  9990
2 44742  52.9562 192.7077 0016303 334.9216  25.1003 15.64402290190460
1 44742U 19074AF  23111.50977094  .00199855  00000-0  19638-2 0  9997
2 44742  52.9548 188.9421 0016795 337.3339  22.6931 15.64716520190581
1 44742U 19074AF  23111.50977094  .00199855  00000-0  19638-2 0  9997
2 44742  52.9548 188.9421 0016795 337.3339  22.6931 15.64716520190750
1 44742U 19074AF  23111.70137915  .00206024  00000-0  20155-2 0  9992
2 44742  52.9550 187.9994 0016566 338.6233  21.4086 15.64811807190617
1 44742U 19074AF  23111.70137915  .00206024  00000-0  20155-2 0  9992
2 44742  52.9550 187.9994 0016566 338.6233  21.4086 15.64811807190785
1 44742U 19074AF  23112.53143329  .00236257  00000-0  22409-2 0  9995
2 44742  52.9542 183.9165 0018155 344.4082  15.6370 15.65453852190745
1 44742U 19074AF  23112.53143329  .00236257  00000-0  22409-2 0  9995
2 44742  52.9542 183.9165 0018155 344.4082  15.6370 15.65453852190914
1 44742U 19074AF  23112.65909477  .00467868  00000-0  42652-2 0  9998
2 44742  52.9538 183.2874 0016926 342.4684  17.5743 15.65754938190766
1 44742U 19074AF  23112.65909477  .00467868  00000-0  42652-2 0  9998
2 44742  52.9538 183.2874 0016926 342.4684  17.5743 15.65754938190935
1 44742U 19074AF  23113.61628040  .00476560  00000-0  41944-2 0  9991
2 44742  52.9525 178.5719 0016881 346.8159  13.2411 15.66604661190912
1 44742U 19074AF  23113.61628040  .00476560  00000-0  41944-2 0  9991
2 44742  52.9525 178.5719 0016881 346.8159  13.2411 15.66604661191081
1 44742U 19074AF  23114.50904230  .01107096  00000-0  88428-2 0  9992
2 44742  52.9518 174.1670 0016696 350.3365   9.7326 15.68044778191055
1 44742U 19074AF  23114.50904230  .01107096  00000-0  88428-2 0  9992
2 44742  52.9518 174.1670 0016696 350.3365   9.7326 15.68044778191224
1 44742U 19074AF  23114.63650913  .01294099  00000-0  10036-1 0  9991
2 44742  52.9530 173.5418 0018661 349.7293  10.3337 15.68340010191247
1 44742U 19074AF  23114.89140146  .00671101  00000-0  53401-2 0  9997
2 44742  52.9518 172.2764 0016702 351.4757   8.5971 15.68514783191289
1 44742U 19074AF  23115.40105789  .00471706  00000-0  37697-2 0  9997
2 44742  52.9524 169.7562 0017058 353.3490   6.7296 15.68985160191194
1 44742U 19074AF  23115.40105789  .00471706  00000-0  37697-2 0  9997
2 44742  52.9524 169.7562 0017058 353.3490   6.7296 15.68985160191363
1 44742U 19074AF  23116.35629967  .00479588  00000-0  37083-2 0  9996
2 44742  52.9514 165.0266 0016625 357.3124   2.7799 15.69769700191342
1 44742U 19074AF  23116.61094543  .00459969  00000-0  35320-2 0  9994
2 44742  52.9514 163.7651 0016537 358.2997   1.7959 15.69995514191380
1 44742U 19074AF  23117.50189371  .00546322  00000-0  40016-2 0  9995
2 44742  52.9516 159.3470 0016329   2.1918 357.9167 15.70884705191523
1 44742U 19074AF  23117.50189371  .00546322  00000-0  40016-2 0  9995
2 44742  52.9516 159.3470 0016329   2.1918 357.9167 15.70884705191691
1 44742U 19074AF  23118.13795560  .00563661  00000-0  40004-2 0  9990
2 44742  52.9515 156.1891 0016264   4.8407 355.2763 15.71588585191794
1 44742U 19074AF  23118.39230051  .00572541  00000-0  40119-2 0  9991
2 44742  52.9509 154.9273 0016053   5.7619 354.3579 15.71870356191669
1 44742U 19074AF  23118.58302802  .00565603  00000-0  39300-2 0  9997
2 44742  52.9511 153.9783 0016053   6.3292 353.7923 15.72089541191868
1 44742U 19074AF  23119.47273513  .00653730  00000-0  42982-2 0  9991
2 44742  52.9509 149.5519 0015587  10.1317 350.0011 15.73153573192008
1 44742U 19074AF  23119.53626215  .00649143  00000-0  42561-2 0  9995
2 44742  52.9511 149.2360 0015513  10.5415 349.5924 15.73233250191842
1 44742U 19074AF  23120.55223013  .00677970  00000-0  41827-2 0  9991
2 44742  52.9501 144.1720 0014648  14.5745 345.5692 15.74585982192171
1 44742U 19074AF  23121.44050395  .00693198  00000-0  40654-2 0  9998
2 44742  52.9509 139.7355 0014229  18.4723 341.6809 15.75718303192147
1 44742U 19074AF  23121.44050395  .00693198  00000-0  40654-2 0  9998
2 44742  52.9509 139.7355 0014229  18.4723 341.6809 15.75718303192316
1 44742U 19074AF  23122.20137788  .00837299  00000-0  46101-2 0  9990
2 44742  52.9496 135.9315 0015182  21.9234 338.2430 15.76759616192438
1 44742U 19074AF  23122.45487490  .00916006  00000-0  49066-2 0  9992
2 44742  52.9500 134.6621 0014144  23.0541 337.1109 15.77192436192300
1 44742U 19074AF  23122.45487490  .00916006  00000-0  49066-2 0  9992
2 44742  52.9500 134.6621 0014144  23.0541 337.1109 15.77192436192478
1 44742U 19074AF  23123.21497620  .00827332  00000-0  42525-2 0  9999
2 44742  52.9505 130.8538 0012733  26.5363 333.6305 15.78372099192598
1 44742U 19074AF  23123.40491178  .00817283  00000-0  41515-2 0  9994
2 44742  52.9497 129.8983 0012115  28.1534 332.0137 15.78670037192456
1 44742U 19074AF  23124.16428071  .00986387  00000-0  46324-2 0  9995
2 44742  52.9491 126.0836 0011922  32.3653 327.8095 15.79978743192743
1 44742U 19074AF  23124.35401763  .01016952  00000-0  47651-2 0  9992
2 44742  52.9492 125.1287 0010899  37.2654 322.9120 15.80349829192600
1 44742U 19074AF  23124.35401763  .01016952  00000-0  47651-2 0  9992
2 44742  52.9492 125.1287 0010899  37.2654 322.9120 15.80349829192778
1 44742U 19074AF  23125.23890819  .01120139  00000-0  48108-2 0  9995
2 44742  52.9482 120.6689 0010017  40.9560 319.2211 15.82035249192918
1 44742U 19074AF  23125.68098172  .01117481  00000-0  46052-2 0  9998
2 44742  52.9480 118.4367 0009028  46.4312 313.7457 15.82937306192815
1 44742U 19074AF  23125.68098172  .01117481  00000-0  46052-2 0  9998
2 44742  52.9480 118.4367 0009028  46.4312 313.7457 15.82937306192983
1 44742U 19074AF  23126.24898013  .01535367  00000-0  58367-2 0  9992
2 44742  52.9472 115.5649 0008479  52.5803 307.5989 15.84270345193074
1 44742U 19074AF  23126.37513149  .01697548  00000-0  62553-2 0  9992
2 44742  52.9470 114.9249 0008286  54.5643 305.6151 15.84647848192920
1 44742U 19074AF  23126.94246340  .01734951  00000-0  59013-2 0  9998
2 44742  52.9464 112.0478 0007573  61.5263 298.6521 15.86261804193187
1 44742U 19074AF  23127.25739214  .01634802  00000-0  53712-2 0  9994
2 44742  52.9470 110.4491 0007064  65.5396 294.6363 15.87147764193063
1 44742U 19074AF  23127.25739214  .01634802  00000-0  53712-2 0  9994
2 44742  52.9470 110.4491 0007064  65.5396 294.6363 15.87147764193232
1 44742U 19074AF  23128.20106256  .01670350  13937-2  55263-2 0  9990
2 44742  52.9460 105.6423 0005574  82.4740 277.6917 15.90076472193380
1 44742U 19074AF  23128.20106359  .01639124  13313-2  54193-2 0  9997
2 44742  52.9525 105.6246 0005401  83.0413 277.1453 15.90076297193383
1 44742U 19074AF  23128.64081638  .01707420  15081-2  52362-2 0  9992
2 44742  52.9456 103.3933 0005363  96.0028 264.1608 15.91592108193289
1 44742U 19074AF  23128.64081638  .01707420  15081-2  52362-2 0  9992
2 44742  52.9456 103.3933 0005363  96.0028 264.1608 15.91592108193458
1 44742U 19074AF  23129.14282726  .01982566  22843-2  55311-2 0  9996
2 44742  52.9520 100.8144 0004773 122.0766 238.1383 15.93610607193536
1 44742U 19074AF  23129.51885656  .02289773  35168-2  58793-2 0  9990
2 44742  52.9435  98.8861 0006559 139.2443 220.8973 15.95463041193598
1 44742U 19074AF  23130.39468852  .02723316  68544-2  57221-2 0  9998
2 44742  52.9434  94.3648 0004935 163.0190 197.1921 15.99964701193739
1 44742U 19074AF  23130.78238201  .03077578  13281-1  60527-2 0  9997
2 44742  52.9409  92.3568 0004251 159.4809 277.1062 16.02732205193795
1 44742U 19074AF  23131.20517708  .03599279  25604-1  62190-2 0  9994
2 44742  52.9342  90.1422 0003611 193.2098 166.9624 16.06321836193866
1 44742U 19074AF  23131.47161038  .03998100  26669-1  56092-2 0  9996
2 44742  52.9381  88.7579 0005975 186.9775 275.7979 16.08592026193901
1 44742U 19074AF  23131.84169331  .04524835  59011-1  56146-2 0  9999
2 44742  52.9367  86.8155 0005623 203.9148 245.9668 16.12797236193963
1 44742U 19074AF  23132.34542549  .09047520  11783-4  42008-2 0  9996
2 44742  52.9355  84.1306 0006004 213.4143 289.8842 16.20983846194048
1 44742U 19074AF  23132.82768875  .31719625  12518-4  72129-3 0  9993
2 44742  52.9167  81.5191 0018882  85.7292  10.0890 16.44535964194120
