1 44747U 19074AL  22365.40149185  .00005321  00000-0  37572-3 0  9995
2 44747  53.0543  53.3094 0002035  43.4802 316.6348 15.06413908172887
1 44747U 19074AL  22365.53418391  .00005156  00000-0  36461-3 0  9999
2 44747  53.0551  52.7136 0001953  37.4053 322.7072 15.06415158172730
1 44747U 19074AL  23001.13131822  .00002845  00000-0  20984-3 0  9999
2 44747  53.0546  50.0322 0002306  51.7035 308.4161 15.06402624172996
1 44747U 19074AL  23001.39671993 -.00000568  00000-0 -19210-4 0  9998
2 44747  53.0562  48.8425 0002071  36.7435 323.3696 15.06388308172866
1 44747U 19074AL  23001.39671993 -.00000568  00000-0 -19210-4 0  9998
2 44747  53.0562  48.8425 0002071  36.7435 323.3696 15.06388308173036
1 44747U 19074AL  23002.12652600 -.00001404  00000-0 -75386-4 0  9990
2 44747  53.0563  45.5645 0001912  40.1865 319.9265 15.06401440173142
1 44747U 19074AL  23002.25921425 -.00001417  00000-0 -76183-4 0  9998
2 44747  53.0544  44.9694 0002092  40.0835 320.0308 15.06409742173160
1 44747U 19074AL  23002.52459682 -.00001390  00000-0 -74406-4 0  9995
2 44747  53.0561  43.7790 0002073  45.6494 314.4664 15.06413708173039
1 44747U 19074AL  23003.12172491  .00001068  00000-0  90615-4 0  9992
2 44747  53.0561  41.0972 0001903  51.1308 308.9851 15.06394202173290
1 44747U 19074AL  23003.38711689  .00000509  00000-0  53060-4 0  9990
2 44747  53.0551  39.9057 0002143  44.9573 315.1589 15.06392628173164
1 44747U 19074AL  23004.38231638  .00000666  00000-0  63624-4 0  9993
2 44747  53.0559  35.4379 0002138  43.8645 316.2513 15.06402976173316
1 44747U 19074AL  23004.38231638  .00000666  00000-0  63624-4 0  9993
2 44747  53.0559  35.4379 0002138  43.8645 316.2513 15.06402976173484
1 44747U 19074AL  23004.78038935  .00000873  00000-0  77514-4 0  9995
2 44747  53.0564  33.6506 0002263  43.6697 316.4471 15.06412650173379
1 44747U 19074AL  23004.78038935  .00000873  00000-0  77514-4 0  9995
2 44747  53.0564  33.6506 0002263  43.6697 316.4471 15.06412650173548
1 44747U 19074AL  23005.04577416  .00002267  00000-0  17097-3 0  9995
2 44747  53.0549  32.4585 0002380  40.9480 319.1687 15.06415465173417
1 44747U 19074AL  23005.77558513  .00003060  00000-0  22418-3 0  9997
2 44747  53.0550  29.1823 0002379  42.4102 317.7071 15.06414869173523
1 44747U 19074AL  23006.30636630 -.00005164  00000-0 -32811-3 0  9991
2 44747  53.0551  26.7972 0001610  29.9029 330.2052 15.06387506173770
1 44747U 19074AL  23006.43906016 -.00004419  00000-0 -27798-3 0  9993
2 44747  53.0550  26.2021 0001864  36.1942 323.9173 15.06390888173628
1 44747U 19074AL  23007.10253056 -.00000175  00000-0  71424-5 0  9998
2 44747  53.0546  23.2250 0002098  40.2923 319.8221 15.06400282173896
1 44747U 19074AL  23007.30157096  .00002261  00000-0  17066-3 0  9994
2 44747  53.0550  22.3302 0001832  36.3145 323.7968 15.06398804173759
1 44747U 19074AL  23007.83235351  .00000861  00000-0  76724-4 0  9994
2 44747  53.0529  19.9479 0001938  50.5383 309.5777 15.06390323173838
1 44747U 19074AL  23008.03139962 -.00000029  00000-0  17003-4 0  9990
2 44747  53.0539  19.0552 0001964  43.1061 317.0082 15.06382653174035
1 44747U 19074AL  23008.29678703  .00000796  00000-0  72347-4 0  9991
2 44747  53.0541  17.8644 0002056  41.0980 319.0164 15.06387253173905
1 44747U 19074AL  23009.09294624  .00002136  00000-0  16225-3 0  9998
2 44747  53.0544  14.2918 0002174  33.8537 326.2591 15.06399426174192
1 44747U 19074AL  23009.29198511  .00002807  00000-0  20727-3 0  9995
2 44747  53.0542  13.3973 0002102  35.8008 324.3121 15.06402580174056
1 44747U 19074AL  23009.82276249  .00002672  00000-0  19823-3 0  9994
2 44747  53.0547  11.0150 0002054  32.6459 327.4656 15.06397543174132
1 44747U 19074AL  23010.28719228  .00001526  00000-0  12134-3 0  9990
2 44747  53.0540   8.9298 0002221  35.8062 324.3075 15.06395299174209
1 44747U 19074AL  23010.28719228  .00001526  00000-0  12134-3 0  9990
2 44747  53.0540   8.9298 0002221  35.8062 324.3075 15.06395299174377
1 44747U 19074AL  23010.68527594 -.00001905  00000-0 -10902-3 0  9991
2 44747  53.0533   7.1437 0002193  39.1253 320.9894 15.06391085174260
1 44747U 19074AL  23011.14969571  .00003131  00000-0  22893-3 0  9991
2 44747  53.0546   5.0573 0002120  37.9043 322.2095 15.06408585174504
1 44747U 19074AL  23011.28238858  .00005158  00000-0  36482-3 0  9993
2 44747  53.0544   4.4618 0002198  38.0184 322.0960 15.06412086174351
1 44747U 19074AL  23011.87950911  .00003370  00000-0  24497-3 0  9996
2 44747  53.0536   1.7825 0002089  43.2724 316.8428 15.06408125174448
1 44747U 19074AL  23012.74201932  .00001044  00000-0  88969-4 0  9996
2 44747  53.0543 357.9097 0002158  41.4771 318.6382 15.06398828174742
1 44747U 19074AL  23012.94105700  .00001142  00000-0  95583-4 0  9993
2 44747  53.0543 357.0158 0002036  39.6477 320.4660 15.06402768174602
1 44747U 19074AL  23013.20644148  .00000405  00000-0  46120-4 0  9991
2 44747  53.0548 355.8245 0002011  41.3559 318.7582 15.06406094174647
1 44747U 19074AL  23013.93625631  .00000729  00000-0  67855-4 0  9994
2 44747  53.0547 352.5469 0001862  46.0146 314.0997 15.06404369174759
1 44747U 19074AL  23014.13529627  .00000834  00000-0  74901-4 0  9992
2 44747  53.0552 351.6545 0002009  42.2320 317.8823 15.06404180174958
1 44747U 19074AL  23015.19684347  .00001272  00000-0  10429-3 0  9991
2 44747  53.0539 346.8886 0002079  46.1804 313.9357 15.06404550175113
1 44747U 19074AL  23015.32953667  .00001102  00000-0  92849-4 0  9999
2 44747  53.0558 346.2946 0001954  39.6691 320.4441 15.06403280174965
1 44747U 19074AL  23016.12570653 -.00000513  00000-0 -15548-4 0  9996
2 44747  53.0554 342.7201 0002031  43.6653 316.4496 15.06395781175250
1 44747U 19074AL  23016.59011540  .00001283  00000-0  10501-3 0  9998
2 44747  53.0554 340.6348 0001990  45.3745 314.7406 15.06417137175154
1 44747U 19074AL  23016.78916194  .00000822  00000-0  74040-4 0  9995
2 44747  53.0556 339.7413 0001660  48.7187 311.3945 15.06404790175353
1 44747U 19074AL  23016.92187050 -.00001373  00000-0 -73327-4 0  9993
2 44747  53.0555 339.1457 0001717  46.0693 314.0438 15.06388246175208
1 44747U 19074AL  23017.18726309 -.00001909  00000-0 -10934-3 0  9997
2 44747  53.0555 337.9545 0001777  46.0050 314.1085 15.06383999175417
1 44747U 19074AL  23017.58534870 -.00001293  00000-0 -67963-4 0  9992
2 44747  53.0557 336.1666 0001858  44.6327 315.4812 15.06380214175302
1 44747U 19074AL  23018.18249523 -.00001746  00000-0 -98395-4 0  9993
2 44747  53.0551 333.4869 0002873  37.6824 322.4366 15.06366194175564
1 44747U 19074AL  23018.58056603 -.00002012  00000-0 -11626-3 0  9990
2 44747  53.0553 331.7004 0001794  54.1620 305.9535 15.06385430175622
1 44747U 19074AL  23019.11133521  .00000519  00000-0  53777-4 0  9997
2 44747  53.0560 329.3164 0001629  50.3270 309.7862 15.06391947175700
1 44747U 19074AL  23019.24402021  .00003626  00000-0  26224-3 0  9993
2 44747  53.0555 328.7202 0001537  62.4360 297.6785 15.06397740175551
1 44747U 19074AL  23019.24402021  .00003626  00000-0  26224-3 0  9993
2 44747  53.0555 328.7202 0001537  62.4360 297.6785 15.06397740175720
1 44747U 19074AL  23020.10655049  .00004364  00000-0  31188-3 0  9995
2 44747  53.0549 324.8501 0001441  61.3568 298.7566 15.06377730175854
1 44747U 19074AL  23020.57096579  .00003304  00000-0  24058-3 0  9994
2 44747  53.0563 322.7651 0001769  67.2873 292.8303 15.06403576175920
1 44747U 19074AL  23022.09686364  .00007970  00000-0  55231-3 0  9990
2 44747  53.0555 315.9118 0001870  91.4238 268.6965 15.06468190176154
1 44747U 19074AL  23022.16318881  .00009326  00000-0  64259-3 0  9991
2 44747  53.0566 315.6137 0002077 127.5797 232.5380 15.06490433176162
1 44747U 19074AL  23022.82657654  .00013159  00000-0  89732-3 0  9990
2 44747  53.0558 312.6341 0001248  90.0226 270.0906 15.06539125176261
1 44747U 19074AL  23022.95924537  .00014526  00000-0  98787-3 0  9990
2 44747  53.0551 312.0400 0001908  82.1814 277.9392 15.06558249176287
1 44747U 19074AL  23023.48992978  .00016011  00000-0  10856-2 0  9994
2 44747  53.0552 309.6583 0001706  99.6915 260.4267 15.06595414176365
1 44747U 19074AL  23023.75525103  .00011178  00000-0  76283-3 0  9992
2 44747  53.0550 308.4660 0002025 103.5491 256.5724 15.06656589176405
1 44747U 19074AL  23024.15323265  .00017007  00000-0  11489-2 0  9995
2 44747  53.0555 306.6783 0001926 110.5974 249.5222 15.06689162176463
1 44747U 19074AL  23025.14820283  .00010580  00000-0  72124-3 0  9990
2 44747  53.0551 302.2074 0001955 111.7066 248.4132 15.06751601176445
1 44747U 19074AL  23025.14820283  .00010580  00000-0  72124-3 0  9990
2 44747  53.0551 302.2074 0001955 111.7066 248.4132 15.06751601176614
1 44747U 19074AL  23026.14311633  .00008834  00000-0  60440-3 0  9992
2 44747  53.0557 297.7364 0002037 108.4612 251.6599 15.06816852176592
1 44747U 19074AL  23026.14311633  .00008834  00000-0  60440-3 0  9992
2 44747  53.0557 297.7364 0002037 108.4612 251.6599 15.06816852176761
1 44747U 19074AL  23027.13798697  .00008655  00000-0  59156-3 0  9994
2 44747  53.0545 293.2689 0001857 108.9033 251.2158 15.06879440176747
1 44747U 19074AL  23027.13798697  .00008655  00000-0  59156-3 0  9994
2 44747  53.0545 293.2689 0001857 108.9033 251.2158 15.06879440176916
1 44747U 19074AL  23028.13284228  .00016688  00000-0  11198-2 0  9993
2 44747  53.0531 288.7996 0001916 110.4753 249.6442 15.06952182176893
1 44747U 19074AL  23028.13284228  .00016688  00000-0  11198-2 0  9993
2 44747  53.0531 288.7996 0001916 110.4753 249.6442 15.06952182177063
1 44747U 19074AL  23028.72972979  .00018492  00000-0  12372-2 0  9995
2 44747  53.0529 286.1179 0001912 111.3054 248.8140 15.06992211177158
1 44747U 19074AL  23028.86237010  .00018328  00000-0  12262-2 0  9996
2 44747  53.0530 285.5221 0001904 111.7869 248.3323 15.06999549177003
1 44747U 19074AL  23029.85716153  .00015305  00000-0  10265-2 0  9999
2 44747  53.0530 281.0517 0001919 114.9132 245.2057 15.07033453177156
1 44747U 19074AL  23030.05611740  .00014757  00000-0  99031-3 0  9998
2 44747  53.0530 280.1577 0001902 115.5707 244.5479 15.07039189177184
1 44747U 19074AL  23030.05611740  .00014757  00000-0  99031-3 0  9998
2 44747  53.0530 280.1577 0001902 115.5707 244.5479 15.07039189177353
1 44747U 19074AL  23030.91825118  .00012225  00000-0  82344-3 0  9996
2 44747  53.0527 276.2836 0001883 117.9286 242.1894 15.07061441177316
1 44747U 19074AL  23031.11720327  .00012684  00000-0  85347-3 0  9990
2 44747  53.0526 275.3895 0001871 118.3211 241.7967 15.07067445177349
1 44747U 19074AL  23031.11720327  .00012684  00000-0  85347-3 0  9990
2 44747  53.0526 275.3895 0001871 118.3211 241.7967 15.07067445177518
