1 44744U 19074AH  22365.18771720  .00010267  00000-0  70692-3 0  9998
2 44744  53.0514  54.2803 0001273  32.1935 327.9132 15.06412882172847
1 44744U 19074AH  22365.51944850  .00009050  00000-0  62539-3 0  9990
2 44744  53.0537  52.7922 0001629  52.0314 308.0822 15.06417426172726
1 44744U 19074AH  23001.11657047 -.00000209  00000-0  48683-5 0  9997
2 44744  53.0538  50.1108 0001644  54.7627 305.3515 15.06404900172988
1 44744U 19074AH  23001.51464915 -.00000517  00000-0 -15807-4 0  9995
2 44744  53.0540  48.3226 0001605  54.9847 305.1293 15.06399166172870
1 44744U 19074AH  23001.84639290 -.00002702  00000-0 -16265-3 0  9997
2 44744  53.0519  46.8364 0002162  51.8156 308.3027 15.06380369172921
1 44744U 19074AH  23001.84639290 -.00002702  00000-0 -16265-3 0  9997
2 44744  53.0519  46.8364 0002162  51.8156 308.3027 15.06380369173090
1 44744U 19074AH  23002.50986452  .00008576  00000-0  59398-3 0  9993
2 44744  53.0530  43.8564 0001748  53.8339 306.2811 15.06395655173021
1 44744U 19074AH  23002.50986452  .00008576  00000-0  59398-3 0  9993
2 44744  53.0530  43.8564 0001748  53.8339 306.2811 15.06395655173199
1 44744U 19074AH  23002.84159922  .00010587  00000-0  72856-3 0  9993
2 44744  53.0531  42.3673 0001823  53.6583 306.4574 15.06401427173078
1 44744U 19074AH  23003.50506733  .00007267  00000-0  50620-3 0  9999
2 44744  53.0533  39.3886 0001846  54.1349 305.9811 15.06405138173175
1 44744U 19074AH  23003.50506733  .00007267  00000-0  50620-3 0  9999
2 44744  53.0533  39.3886 0001846  54.1349 305.9811 15.06405138173344
1 44744U 19074AH  23004.36757298  .00005359  00000-0  37829-3 0  9994
2 44744  53.0534  35.5169 0001907  54.7978 305.3189 15.06409138173301
1 44744U 19074AH  23004.36757298  .00005359  00000-0  37829-3 0  9994
2 44744  53.0534  35.5169 0001907  54.7978 305.3189 15.06409138173479
1 44744U 19074AH  23004.76565250  .00004195  00000-0  30026-3 0  9992
2 44744  53.0537  33.7295 0001889  52.9839 307.1323 15.06408362173363
1 44744U 19074AH  23005.36276447  .00006158  00000-0  43168-3 0  9998
2 44744  53.0534  31.0489 0001843  50.4441 309.6711 15.06420492173454
1 44744U 19074AH  23005.76084441  .00001725  00000-0  13466-3 0  9996
2 44744  53.0530  29.2639 0001840  53.7804 306.3355 15.06411915173517
1 44744U 19074AH  23005.76084441  .00001725  00000-0  13466-3 0  9996
2 44744  53.0530  29.2639 0001840  53.7804 306.3355 15.06411915173685
1 44744U 19074AH  23006.42432220 -.00005507  00000-0 -35124-3 0  9991
2 44744  53.0520  26.2824 0001669  45.9037 314.2089 15.06385957173786
1 44744U 19074AH  23006.49066942 -.00006050  00000-0 -38773-3 0  9999
2 44744  53.0525  25.9846 0001668  50.0058 310.1077 15.06383836173629
1 44744U 19074AH  23007.15413720 -.00000366  00000-0 -56395-5 0  9999
2 44744  53.0523  23.0065 0001730  57.6270 302.4886 15.06395073173727
1 44744U 19074AH  23007.15413720 -.00000366  00000-0 -56395-5 0  9999
2 44744  53.0523  23.0065 0001730  57.6270 302.4886 15.06395073173895
1 44744U 19074AH  23007.41952394  .00003014  00000-0  22111-3 0  9991
2 44744  53.0536  21.8155 0001801  46.7244 313.3895 15.06401991173768
1 44744U 19074AH  23008.41473773  .00003489  00000-0  25308-3 0  9998
2 44744  53.0535  17.3477 0001884  48.2891 311.8259 15.06389944173917
1 44744U 19074AH  23008.41473773  .00003489  00000-0  25308-3 0  9998
2 44744  53.0535  17.3477 0001884  48.2891 311.8259 15.06389944174086
1 44744U 19074AH  23008.74646577  .00005378  00000-0  37964-3 0  9998
2 44744  53.0537  15.8585 0001829  49.8841 310.2308 15.06403242173964
1 44744U 19074AH  23008.74646577  .00005378  00000-0  37964-3 0  9998
2 44744  53.0537  15.8585 0001829  49.8841 310.2308 15.06403242174134
1 44744U 19074AH  23009.27724005  .00003413  00000-0  24791-3 0  9992
2 44744  53.0529  13.4745 0001751  58.8011 301.3150 15.06404651174041
1 44744U 19074AH  23009.80801541  .00003406  00000-0  24742-3 0  9990
2 44744  53.0528  11.0911 0001773  61.3402 298.7765 15.06403475174129
1 44744U 19074AH  23010.27244528  .00001429  00000-0  11483-3 0  9990
2 44744  53.0538   9.0087 0001890  50.6257 309.4899 15.06398084174363
1 44744U 19074AH  23010.40513999  .00001236  00000-0  10191-3 0  9997
2 44744  53.0543   8.4139 0001952  52.8494 307.2673 15.06396922174215
1 44744U 19074AH  23011.26763969  .00005269  00000-0  37222-3 0  9990
2 44744  53.0539   4.5401 0001846  54.5049 305.6112 15.06415698174342
1 44744U 19074AH  23011.26763969  .00005269  00000-0  37222-3 0  9990
2 44744  53.0539   4.5401 0001846  54.5049 305.6112 15.06415698174511
1 44744U 19074AH  23011.66573087 -.00000963  00000-0 -45717-4 0  9991
2 44744  53.0542   2.7541 0002165  62.1934 297.9274 15.06393064174573
1 44744U 19074AH  23011.93112385 -.00004923  00000-0 -31201-3 0  9993
2 44744  53.0544   1.5627 0001689  64.5601 295.5562 15.06378118174447
1 44744U 19074AH  23012.06381778 -.00003697  00000-0 -22954-3 0  9994
2 44744  53.0537   0.9665 0001755  66.1998 293.9175 15.06381183174634
1 44744U 19074AH  23012.72728985  .00000681  00000-0  64662-4 0  9993
2 44744  53.0533 357.9882 0001704  69.9386 290.1786 15.06387281174735
1 44744U 19074AH  23012.92633326  .00006353  00000-0  44513-3 0  9993
2 44744  53.0532 357.0945 0001643  73.2968 286.8201 15.06389065174591
1 44744U 19074AH  23013.25806884  .00015687  00000-0  10696-2 0  9995
2 44744  53.0531 355.6051 0001654  75.3972 284.7201 15.06402040174644
1 44744U 19074AH  23013.25806884  .00015687  00000-0  10696-2 0  9995
2 44744  53.0531 355.6051 0001654  75.3972 284.7201 15.06402040174813
1 44744U 19074AH  23013.92153939  .00011482  00000-0  78841-3 0  9991
2 44744  53.0527 352.6265 0001630  86.2048 273.9128 15.06403551174749
1 44744U 19074AH  23014.18692561  .00006218  00000-0  43594-3 0  9997
2 44744  53.0522 351.4348 0001564  90.0857 270.0311 15.06401972174950
1 44744U 19074AH  23014.31961596  .00013747  00000-0  93955-3 0  9990
2 44744  53.0533 350.8384 0001662  90.5117 269.6062 15.06417856174975
1 44744U 19074AH  23014.91673996  .00005573  00000-0  39266-3 0  9993
2 44744  53.0528 348.1586 0001723  95.2789 264.8397 15.06404731175065
1 44744U 19074AH  23015.31481734  .00031249  00000-0  21061-2 0  9997
2 44744  53.0532 346.3717 0001972 102.8850 257.2359 15.06424308174959
1 44744U 19074AH  23015.31481734  .00031249  00000-0  21061-2 0  9997
2 44744  53.0532 346.3717 0001972 102.8850 257.2359 15.06424308175129
1 44744U 19074AH  23015.64655571  .00017066  00000-0  11616-2 0  9991
2 44744  53.0533 344.8824 0002381  95.6540 264.4720 15.06407320175006
1 44744U 19074AH  23015.64655571  .00017066  00000-0  11616-2 0  9991
2 44744  53.0533 344.8824 0002381  95.6540 264.4720 15.06407320175174
1 44744U 19074AH  23016.31001067  .00030623  00000-0  20636-2 0  9997
2 44744  53.0536 341.9028 0001753 106.4832 253.6350 15.06439347175104
1 44744U 19074AH  23016.31001067  .00030623  00000-0  20636-2 0  9997
2 44744  53.0536 341.9028 0001753 106.4832 253.6350 15.06439347175272
1 44744U 19074AH  23016.90714642  .00014312  00000-0  97799-3 0  9994
2 44744  53.0527 339.2241 0002154  91.1288 268.9947 15.06391098175192
1 44744U 19074AH  23017.17253990  .00021524  00000-0  14605-2 0  9995
2 44744  53.0522 338.0321 0001575  85.7115 274.4054 15.06374207175405
1 44744U 19074AH  23017.57062611  .00017134  00000-0  11669-2 0  9996
2 44744  53.0537 336.2440 0001510  82.7799 277.3361 15.06383698175291
1 44744U 19074AH  23018.23408989  .00036372  00000-0  24460-2 0  9990
2 44744  53.0532 333.2657 0001546  87.4474 272.6692 15.06432008175569
1 44744U 19074AH  23018.56582214  .00020020  00000-0  13582-2 0  9996
2 44744  53.0537 331.7760 0001893  88.7400 271.3806 15.06424057175614
1 44744U 19074AH  23019.09659012  .00029193  00000-0  19690-2 0  9992
2 44744  53.0530 329.3939 0001334  88.5619 271.5523 15.06430079175695
1 44744U 19074AH  23019.22928048  .00030188  00000-0  20350-2 0  9996
2 44744  53.0531 328.7977 0001340  85.9238 274.1904 15.06434152175548
1 44744U 19074AH  23019.82640531  .00020372  00000-0  13822-2 0  9990
2 44744  53.0530 326.1175 0001212 120.4741 239.6367 15.06410682175632
1 44744U 19074AH  23019.82640531  .00020372  00000-0  13822-2 0  9990
2 44744  53.0530 326.1175 0001212 120.4741 239.6367 15.06410682175801
1 44744U 19074AH  23020.55623396  .00032418  00000-0  21852-2 0  9998
2 44744  53.0526 322.8409 0001499  76.1052 284.0103 15.06401043175913
1 44744U 19074AH  23021.08700577  .00022076  00000-0  14958-2 0  9992
2 44744  53.0538 320.4564 0001272  85.0586 275.0548 15.06412458175995
1 44744U 19074AH  23021.55143181  .00014307  00000-0  97710-3 0  9992
2 44744  53.0525 318.3731 0001410  90.7268 269.3883 15.06412775176066
1 44744U 19074AH  23022.21489897  .00015925  00000-0  10853-2 0  9992
2 44744  53.0525 315.3957 0001655  92.5215 267.5964 15.06410578176166
1 44744U 19074AH  23022.81202603  .00007138  00000-0  49769-3 0  9992
2 44744  53.0505 312.7145 0002120  92.7003 267.4229 15.06395969176258
1 44744U 19074AH  23023.80723424  .00005107  00000-0  36150-3 0  9995
2 44744  53.0543 308.2455 0001429  83.8659 276.2492 15.06396709176403
1 44744U 19074AH  23024.13896592  .00009560  00000-0  65966-3 0  9993
2 44744  53.0524 306.7580 0001332  81.3082 278.8058 15.06407219176450
1 44744U 19074AH  23025.13416758  .00004255  00000-0  30433-3 0  9993
2 44744  53.0537 302.2887 0001347  85.5162 274.5981 15.06406170176606
1 44744U 19074AH  23025.20051386  .00003864  00000-0  27810-3 0  9993
2 44744  53.0539 301.9912 0001353  87.1829 272.9314 15.06406130176448
1 44744U 19074AH  23026.12936823  .00005422  00000-0  38255-3 0  9990
2 44744  53.0525 297.8219 0001306  96.8552 263.2585 15.06408334176580
1 44744U 19074AH  23026.12936823  .00005422  00000-0  38255-3 0  9990
2 44744  53.0525 297.8219 0001306  96.8552 263.2585 15.06408334176759
1 44744U 19074AH  23027.12456608  .00005044  00000-0  35715-3 0  9997
2 44744  53.0521 293.3540 0001278 110.2821 249.8306 15.06414136176737
1 44744U 19074AH  23027.12456608  .00005044  00000-0  35715-3 0  9997
2 44744  53.0521 293.3540 0001278 110.2821 249.8306 15.06414136176906
1 44744U 19074AH  23027.85438910 -.00001083  00000-0 -53839-4 0  9992
2 44744  53.0522 290.0756 0001358 132.9906 227.1196 15.06393673176845
1 44744U 19074AH  23028.11977789  .00000258  00000-0  36216-4 0  9995
2 44744  53.0525 288.8845 0001298 110.9906 249.1222 15.06398697177050
1 44744U 19074AH  23028.51785899 -.00000146  00000-0  90947-5 0  9997
2 44744  53.0518 287.0989 0001225 105.5612 254.5512 15.06398670176946
1 44744U 19074AH  23028.91594190  .00001911  00000-0  14714-3 0  9999
2 44744  53.0517 285.3120 0001216 105.7860 254.3263 15.06400085177003
1 44744U 19074AH  23029.71210628  .00002158  00000-0  16372-3 0  9995
2 44744  53.0516 281.7372 0001220 103.8213 256.2912 15.06397803177293
1 44744U 19074AH  23029.84480054  .00001658  00000-0  13020-3 0  9992
2 44744  53.0516 281.1414 0001230 104.9666 255.1459 15.06396519177140
1 44744U 19074AH  23030.11018609  .00002427  00000-0  18178-3 0  9991
2 44744  53.0515 279.9507 0001205 101.2154 258.8970 15.06400171177183
1 44744U 19074AH  23030.90634684  .00001708  00000-0  13349-3 0  9991
2 44744  53.0515 276.3756 0001250 100.1704 259.9426 15.06401451177303
1 44744U 19074AH  23031.10538359  .00001663  00000-0  13049-3 0  9993
2 44744  53.0513 275.4823 0001248  98.0254 262.0877 15.06406602177339
1 44744U 19074AH  23031.10538359  .00001663  00000-0  13049-3 0  9993
2 44744  53.0513 275.4823 0001248  98.0254 262.0877 15.06406602177508
1 44744U 19074AH  23031.70251222  .00000819  00000-0  73896-4 0  9999
2 44744  53.0522 272.8014 0001194  96.2944 263.8180 15.06397625177428
1 44744U 19074AH  23031.70251222  .00000819  00000-0  73896-4 0  9999
2 44744  53.0522 272.8014 0001194  96.2944 263.8180 15.06397625177596
