1 44746U 19074AK  22365.43834937  .00005637  00000-0  39694-3 0  9990
2 44746  53.0543  53.1540 0002025  41.8576 318.2568 15.06410713172882
1 44746U 19074AK  22365.57104261  .00004712  00000-0  33493-3 0  9999
2 44746  53.0544  52.5590 0002141  45.2798 314.8365 15.06410548172731
1 44746U 19074AK  22365.83643436  .00002252  00000-0  17003-3 0  9996
2 44746  53.0542  51.3675 0002191  46.1392 313.9778 15.06402962172947
1 44746U 19074AK  23001.43356014 -.00007220  00000-0 -46649-3 0  9993
2 44746  53.0547  48.6866 0002062  42.2789 317.8358 15.06384067173030
1 44746U 19074AK  23001.49990821 -.00007937  00000-0 -51479-3 0  9991
2 44746  53.0543  48.3885 0001984  44.6775 315.4373 15.06380912172874
1 44746U 19074AK  23001.83165262 -.00002481  00000-0 -14774-3 0  9998
2 44746  53.0548  46.8998 0001988  42.4193 317.6950 15.06391852172927
1 44746U 19074AK  23002.22972939 -.00001458  00000-0 -78976-4 0  9997
2 44746  53.0548  45.1121 0002032  42.2837 317.8308 15.06396791173153
1 44746U 19074AK  23002.56145771 -.00000488  00000-0 -13819-4 0  9997
2 44746  53.0550  43.6231 0002131  42.1182 317.9970 15.06403500173033
1 44746U 19074AK  23002.62780380 -.00000504  00000-0 -14911-4 0  9998
2 44746  53.0549  43.3252 0002065  43.3272 316.7879 15.06404380173212
1 44746U 19074AK  23002.82684284  .00001337  00000-0  10864-3 0  9991
2 44746  53.0550  42.4317 0002114  43.1325 316.9829 15.06401985173077
1 44746U 19074AK  23003.35762485  .00002307  00000-0  17379-3 0  9996
2 44746  53.0549  40.0486 0002044  42.1212 317.9934 15.06392789173150
1 44746U 19074AK  23003.35762485  .00002307  00000-0  17379-3 0  9996
2 44746  53.0549  40.0486 0002044  42.1212 317.9934 15.06392789173329
1 44746U 19074AK  23003.62301970  .00002834  00000-0  20917-3 0  9991
2 44746  53.0548  38.8575 0002071  42.3844 317.7305 15.06383735173360
1 44746U 19074AK  23004.35282849  .00002550  00000-0  19006-3 0  9997
2 44746  53.0546  35.5810 0002111  44.0349 316.0808 15.06400354173477
1 44746U 19074AK  23004.55186254  .00002561  00000-0  19073-3 0  9998
2 44746  53.0545  34.6870 0002125  44.2020 315.9139 15.06409256173335
1 44746U 19074AK  23004.55186254  .00002561  00000-0  19073-3 0  9998
2 44746  53.0545  34.6870 0002125  44.2020 315.9139 15.06409256173504
1 44746U 19074AK  23005.48071543  .00002004  00000-0  15337-3 0  9996
2 44746  53.0537  30.5177 0002203  41.7778 318.3379 15.06408843173479
1 44746U 19074AK  23005.48071543  .00002004  00000-0  15337-3 0  9996
2 44746  53.0537  30.5177 0002203  41.7778 318.3379 15.06408843173648
1 44746U 19074AK  23006.40957976 -.00004019  00000-0 -25113-3 0  9995
2 44746  53.0538  26.3465 0002136  34.3674 325.7453 15.06388106173611
1 44746U 19074AK  23006.40957976 -.00004019  00000-0 -25113-3 0  9995
2 44746  53.0538  26.3465 0002136  34.3674 325.7453 15.06388106173789
1 44746U 19074AK  23007.07305262  .00003288  00000-0  23965-3 0  9992
2 44746  53.0543  23.3691 0001990  37.6590 322.4538 15.06382475173717
1 44746U 19074AK  23007.40478136  .00004483  00000-0  31971-3 0  9994
2 44746  53.0544  21.8800 0002000  37.1464 322.9663 15.06398816173935
1 44746U 19074AK  23007.73652049  .00001202  00000-0  99619-4 0  9997
2 44746  53.0524  20.3904 0002392  39.6583 320.4581 15.06391956173812
1 44746U 19074AK  23007.73652049  .00001202  00000-0  99619-4 0  9997
2 44746  53.0524  20.3904 0002392  39.6583 320.4581 15.06391956173980
1 44746U 19074AK  23008.13460793  .00001287  00000-0  10533-3 0  9995
2 44746  53.0541  18.6051 0002549  36.3521 323.7640 15.06386320174041
1 44746U 19074AK  23008.53268821  .00004073  00000-0  29223-3 0  9999
2 44746  53.0545  16.8170 0002141  38.7220 321.3922 15.06393733173937
1 44746U 19074AK  23008.73172574  .00004976  00000-0  35273-3 0  9994
2 44746  53.0546  15.9234 0002154  38.0024 322.1117 15.06401421173960
1 44746U 19074AK  23008.73172574  .00004976  00000-0  35273-3 0  9994
2 44746  53.0546  15.9234 0002154  38.0024 322.1117 15.06401421174130
1 44746U 19074AK  23009.46153869  .00003684  00000-0  26605-3 0  9995
2 44746  53.0542  12.6459 0002218  34.4891 325.6242 15.06405237174071
1 44746U 19074AK  23009.52788729  .00003684  00000-0  26607-3 0  9993
2 44746  53.0548  12.3506 0002660  33.6617 326.4541 15.06404839174084
1 44746U 19074AK  23010.25770311  .00002293  00000-0  17281-3 0  9996
2 44746  53.0543   9.0727 0002102  38.1678 321.9460 15.06400738174360
1 44746U 19074AK  23010.39039449  .00002746  00000-0  20319-3 0  9990
2 44746  53.0540   8.4772 0002222  35.1615 324.9520 15.06405517174215
1 44746U 19074AK  23010.72213011  .00000914  00000-0  80271-4 0  9995
2 44746  53.0539   6.9880 0002128  38.1813 321.9327 15.06400439174269
1 44746U 19074AK  23011.25289891  .00004748  00000-0  33735-3 0  9994
2 44746  53.0542   4.6047 0002125  39.0724 321.0418 15.06412809174346
1 44746U 19074AK  23011.25289891  .00004748  00000-0  33735-3 0  9994
2 44746  53.0542   4.6047 0002125  39.0724 321.0418 15.06412809174515
1 44746U 19074AK  23011.85002040  .00002952  00000-0  21693-3 0  9994
2 44746  53.0544   1.9242 0002107  38.8476 321.2664 15.06406872174434
1 44746U 19074AK  23012.11540386  .00005163  00000-0  36513-3 0  9998
2 44746  53.0543   0.7320 0002090  40.7806 319.3339 15.06413724174641
1 44746U 19074AK  23012.64618075 -.00002165  00000-0 -12648-3 0  9991
2 44746  53.0548 358.3498 0002122  39.8475 320.2669 15.06397292174559
1 44746U 19074AK  23012.64618075 -.00002165  00000-0 -12648-3 0  9991
2 44746  53.0548 358.3498 0002122  39.8475 320.2669 15.06397292174728
1 44746U 19074AK  23013.11059986  .00003739  00000-0  26968-3 0  9990
2 44746  53.0546 356.2651 0001993  41.9798 318.1344 15.06416238174796
1 44746U 19074AK  23013.24328976  .00005984  00000-0  42002-3 0  9993
2 44746  53.0545 355.6695 0002009  42.0895 318.0248 15.06423835174642
1 44746U 19074AK  23013.64138058 -.00003912  00000-0 -24392-3 0  9990
2 44746  53.0547 353.8821 0001972  46.3207 313.7946 15.06392486174708
1 44746U 19074AK  23013.64138058 -.00003912  00000-0 -24392-3 0  9990
2 44746  53.0547 353.8821 0001972  46.3207 313.7946 15.06392486174876
1 44746U 19074AK  23014.10583088 -.00008030  00000-0 -52129-3 0  9994
2 44746  53.0548 351.7963 0001917  47.3592 312.7558 15.06364801174944
1 44746U 19074AK  23014.30486885 -.00004941  00000-0 -31320-3 0  9990
2 44746  53.0544 350.9036 0001874  48.9517 311.1634 15.06375048174974
1 44746U 19074AK  23014.70295020 -.00001141  00000-0 -57721-4 0  9996
2 44746  53.0535 349.1177 0001661  55.2101 304.9044 15.06383324175033
1 44746U 19074AK  23015.30006957  .00008430  00000-0  58404-3 0  9996
2 44746  53.0532 346.4372 0001713  57.4177 302.6977 15.06405425174959
1 44746U 19074AK  23015.30006957  .00008430  00000-0  58404-3 0  9996
2 44746  53.0532 346.4372 0001713  57.4177 302.6977 15.06405425175129
1 44746U 19074AK  23015.69815825  .00009915  00000-0  68356-3 0  9996
2 44746  53.0508 344.6483 0001843  65.0892 295.0288 15.06400118175010
1 44746U 19074AK  23015.69815825  .00009915  00000-0  68356-3 0  9996
2 44746  53.0508 344.6483 0001843  65.0892 295.0288 15.06400118175188
1 44746U 19074AK  23016.29526698  .00018017  00000-0  12242-2 0  9995
2 44746  53.0525 341.9688 0001546  77.2236 282.8925 15.06433813175103
1 44746U 19074AK  23016.29526698  .00018017  00000-0  12242-2 0  9995
2 44746  53.0525 341.9688 0001546  77.2236 282.8925 15.06433813175271
1 44746U 19074AK  23017.15779364  .00000777  00000-0  71117-4 0  9993
2 44746  53.0532 338.0989 0001644  94.9064 265.2113 15.06384427175409
1 44746U 19074AK  23017.29049017  .00001449  00000-0  11623-3 0  9995
2 44746  53.0539 337.5045 0001853  93.8336 266.2865 15.06379982175253
1 44746U 19074AK  23018.21935338  .00032935  00000-0  22196-2 0  9998
2 44746  53.0540 333.3322 0001861 108.3071 251.8121 15.06400191175560
1 44746U 19074AK  23019.14819441  .00013210  00000-0  90343-3 0  9992
2 44746  53.0544 329.1672 0001842 114.9344 245.1837 15.06425245175703
1 44746U 19074AK  23019.54627448  .00005694  00000-0  40063-3 0  9991
2 44746  53.0543 327.3742 0001517  92.3113 267.8050 15.06420953175598
1 44746U 19074AK  23019.54627448  .00005694  00000-0  40063-3 0  9991
2 44746  53.0543 327.3742 0001517  92.3113 267.8050 15.06420953175767
1 44746U 19074AK  23020.14340383 -.00005491  00000-0 -35016-3 0  9998
2 44746  53.0524 324.6968 0001241 110.2097 249.9025 15.06387047175850
1 44746U 19074AK  23020.54148713  .00003417  00000-0  24821-3 0  9991
2 44746  53.0531 322.9081 0001277 102.1178 257.9954 15.06392554175910
1 44746U 19074AK  23021.27130146  .00027951  00000-0  18866-2 0  9993
2 44746  53.0526 319.6320 0001323  94.3508 265.7632 15.06426377176028
1 44746U 19074AK  23021.53669052  .00012455  00000-0  85327-3 0  9995
2 44746  53.0536 318.4347 0001654  89.6560 270.4618 15.06413941176061
1 44746U 19074AK  23022.20015284  .00011765  00000-0  80700-3 0  9995
2 44746  53.0526 315.4614 0001189  90.7396 269.3729 15.06419372176162
1 44746U 19074AK  23022.53189152  .00005292  00000-0  37388-3 0  9999
2 44746  53.0544 313.9707 0001513  76.5015 283.6142 15.06399902176219
1 44746U 19074AK  23023.52710115  .00012954  00000-0  88691-3 0  9994
2 44746  53.0530 309.5034 0001081  80.7169 279.3942 15.06399742176363
1 44746U 19074AK  23025.05307274  .00008245  00000-0  57162-3 0  9999
2 44746  53.0536 302.6516 0000901  89.4477 270.6615 15.06410670176596
1 44746U 19074AK  23025.45115440  .00005285  00000-0  37335-3 0  9996
2 44746  53.0544 300.8634 0001097  66.0665 294.0439 15.06404736176481
1 44746U 19074AK  23025.45115440  .00005285  00000-0  37335-3 0  9996
2 44746  53.0544 300.8634 0001097  66.0665 294.0439 15.06404736176650
1 44746U 19074AK  23026.11462384  .00008884  00000-0  61450-3 0  9995
2 44746  53.0522 297.8876 0000844  80.1163 279.9921 15.06402738176588
1 44746U 19074AK  23026.11462384  .00008884  00000-0  61450-3 0  9995
2 44746  53.0522 297.8876 0000844  80.1163 279.9921 15.06402738176757
1 44746U 19074AK  23027.10982435  .00004658  00000-0  33127-3 0  9994
2 44746  53.0527 293.4183 0000902  73.8902 286.2187 15.06409820176901
1 44746U 19074AK  23027.17617124  .00005954  00000-0  41813-3 0  9992
2 44746  53.0525 293.1204 0000919  73.9848 286.1242 15.06409927176749
1 44746U 19074AK  23028.03868749  .00000334  00000-0  41345-4 0  9997
2 44746  53.0529 289.2485 0001180  75.2946 284.8173 15.06396151177041
1 44746U 19074AK  23028.50311644  .00000833  00000-0  74793-4 0  9993
2 44746  53.0512 287.1635 0001095  86.8314 273.2800 15.06395400176942
1 44746U 19074AK  23028.90119734  .00002020  00000-0  15446-3 0  9992
2 44746  53.0518 285.3771 0001053  89.3762 270.7348 15.06399677177005
1 44746U 19074AK  23029.10023713  .00003602  00000-0  26053-3 0  9999
2 44746  53.0515 284.4831 0001109  87.8940 272.2176 15.06403290177207
1 44746U 19074AK  23029.69736137  .00002936  00000-0  21592-3 0  9996
2 44746  53.0513 281.8027 0001208  82.9276 277.1850 15.06399591177291
1 44746U 19074AK  23029.96274578  .00004235  00000-0  30300-3 0  9993
2 44746  53.0515 280.6112 0001197  86.1668 273.9458 15.06405692177167
1 44746U 19074AK  23030.49352276  .00001146  00000-0  95810-4 0  9991
2 44746  53.0516 278.2286 0001164  90.0063 270.1059 15.06398102177242
1 44746U 19074AK  23030.95795150  .00001300  00000-0  10614-3 0  9994
2 44746  53.0517 276.1431 0001201 101.7634 258.3490 15.06396691177314
1 44746U 19074AK  23031.09064505  .00001164  00000-0  97041-4 0  9991
2 44746  53.0524 275.5476 0001124  94.4261 265.6857 15.06397845177334
1 44746U 19074AK  23031.09064505  .00001164  00000-0  97041-4 0  9991
2 44746  53.0524 275.5476 0001124  94.4261 265.6857 15.06397845177503
1 44746U 19074AK  23031.95314909  .00001630  00000-0  12830-3 0  9992
2 44746  53.0523 271.6758 0001063  93.5980 266.5130 15.06403534177464
