1 44741U 19074AE  22365.12689588  .00008787  00000-0  60788-3 0  9998
2 44741  53.0547  34.5492 0001343  85.7002 274.4140 15.06410796173110
1 44741U 19074AE  22365.45862855  .00009639  00000-0  66476-3 0  9991
2 44741  53.0545  33.0602 0001294  85.4106 274.7031 15.06420112172992
1 44741U 19074AE  22365.79035964  .00002089  00000-0  15902-3 0  9991
2 44741  53.0544  31.5710 0001334  86.5466 273.5676 15.06415205173046
1 44741U 19074AE  22365.79035964  .00002089  00000-0  15902-3 0  9991
2 44741  53.0544  31.5710 0001334  86.5466 273.5676 15.06415205173215
1 44741U 19074AE  23001.45382645  .00000403  00000-0  45931-4 0  9997
2 44741  53.0542  28.5926 0000436 110.9672 249.1363 15.06398202173142
1 44741U 19074AE  23001.45382645  .00000403  00000-0  45931-4 0  9997
2 44741  53.0542  28.5926 0000436 110.9672 249.1363 15.06398202173311
1 44741U 19074AE  23001.78556826  .00000771  00000-0  70674-4 0  9997
2 44741  53.0541  27.1034 0001176  85.9658 274.1465 15.06386629173199
1 44741U 19074AE  23001.78556826  .00000771  00000-0  70674-4 0  9997
2 44741  53.0541  27.1034 0001176  85.9658 274.1465 15.06386629173368
1 44741U 19074AE  23002.31634408  .00008523  00000-0  59035-3 0  9990
2 44741  53.0543  24.7211 0001194  83.0676 277.0449 15.06401815173278
1 44741U 19074AE  23002.31634408  .00008523  00000-0  59035-3 0  9990
2 44741  53.0543  24.7211 0001194  83.0676 277.0449 15.06401815173447
1 44741U 19074AE  23002.78077458  .00006661  00000-0  46568-3 0  9995
2 44741  53.0535  22.6359 0001209  81.8989 278.2137 15.06398507173347
1 44741U 19074AE  23002.78077458  .00006661  00000-0  46568-3 0  9995
2 44741  53.0535  22.6359 0001209  81.8989 278.2137 15.06398507173516
1 44741U 19074AE  23003.31154985  .00005312  00000-0  37525-3 0  9991
2 44741  53.0537  20.2529 0001230  81.1516 278.9613 15.06400888173426
1 44741U 19074AE  23003.31154985  .00005312  00000-0  37525-3 0  9991
2 44741  53.0537  20.2529 0001230  81.1516 278.9613 15.06400888173594
1 44741U 19074AE  23004.43944794  .00003062  00000-0  22436-3 0  9995
2 44741  53.0533  15.1896 0001277  76.3492 283.7639 15.06401724173592
1 44741U 19074AE  23004.43944794  .00003062  00000-0  22436-3 0  9995
2 44741  53.0533  15.1896 0001277  76.3492 283.7639 15.06401724173761
1 44741U 19074AE  23005.03656178  .00006127  00000-0  42966-3 0  9993
2 44741  53.0544  12.5094 0001352  77.9459 282.1682 15.06415475173857
1 44741U 19074AE  23005.30194769  .00004812  00000-0  34157-3 0  9998
2 44741  53.0547  11.3176 0001382  79.5014 280.6131 15.06413732173728
1 44741U 19074AE  23005.70002674  .00003581  00000-0  25910-3 0  9994
2 44741  53.0543   9.5309 0001392  79.7402 280.3744 15.06411914173788
1 44741U 19074AE  23006.29715277 -.00002688  00000-0 -16166-3 0  9991
2 44741  53.0544   6.8467 0001155  58.8230 301.2872 15.06393240174044
1 44741U 19074AE  23006.96062038 -.00001006  00000-0 -48652-4 0  9994
2 44741  53.0550   3.8714 0001421  80.4133 279.7017 15.06397634173974
1 44741U 19074AE  23007.02696696  .00000152  00000-0  29101-4 0  9992
2 44741  53.0549   3.5735 0001390  81.3338 278.7808 15.06398828173988
1 44741U 19074AE  23007.02696696  .00000152  00000-0  29101-4 0  9992
2 44741  53.0549   3.5735 0001390  81.3338 278.7808 15.06398828174158
1 44741U 19074AE  23007.69044414 -.00001676  00000-0 -93685-4 0  9992
2 44741  53.0524   0.5927 0002196  88.2376 271.8864 15.06383276174083
1 44741U 19074AE  23007.69044414 -.00001676  00000-0 -93685-4 0  9992
2 44741  53.0524   0.5927 0002196  88.2376 271.8864 15.06383276174252
1 44741U 19074AE  23008.35391304  .00005006  00000-0  35476-3 0  9991
2 44741  53.0551 357.6165 0001483  84.1267 275.9891 15.06397908174188
1 44741U 19074AE  23008.35391304  .00005006  00000-0  35476-3 0  9991
2 44741  53.0551 357.6165 0001483  84.1267 275.9891 15.06397908174357
1 44741U 19074AE  23008.95103315  .00007478  00000-0  52031-3 0  9991
2 44741  53.0544 354.9354 0001491  88.3048 271.8112 15.06407455174272
1 44741U 19074AE  23009.41545995  .00006987  00000-0  48740-3 0  9993
2 44741  53.0553 352.8512 0001309  87.0818 273.0320 15.06408498174345
1 44741U 19074AE  23009.41545995  .00006987  00000-0  48740-3 0  9993
2 44741  53.0553 352.8512 0001309  87.0818 273.0320 15.06408498174514
1 44741U 19074AE  23009.94623326  .00003272  00000-0  23842-3 0  9996
2 44741  53.0531 350.4663 0001741 100.4850 259.6336 15.06405684174428
1 44741U 19074AE  23010.21162188  .00001868  00000-0  14424-3 0  9997
2 44741  53.0559 349.2779 0001390  84.9814 275.1334 15.06402925174637
1 44741U 19074AE  23010.34431479  .00001192  00000-0  98888-4 0  9990
2 44741  53.0563 348.6829 0001277  84.0594 276.0541 15.06401764174484
1 44741U 19074AE  23011.14047855  .00002155  00000-0  16349-3 0  9991
2 44741  53.0549 345.1084 0001298  85.1530 274.9607 15.06401427174776
1 44741U 19074AE  23011.20682291  .00003637  00000-0  26290-3 0  9999
2 44741  53.0550 344.8094 0001316  89.9172 270.1968 15.06406796174615
1 44741U 19074AE  23011.87028536  .00005944  00000-0  41744-3 0  9992
2 44741  53.0546 341.8304 0001296  91.0485 269.0653 15.06415934174712
1 44741U 19074AE  23012.13566133  .00011632  00000-0  79771-3 0  9994
2 44741  53.0551 340.6406 0001040  87.2864 272.8244 15.06436278174928
1 44741U 19074AE  23012.60010638 -.00007167  00000-0 -46298-3 0  9998
2 44741  53.0548 338.5544 0001346  98.2878 261.8263 15.06380710174994
1 44741U 19074AE  23012.93185031 -.00012254  00000-0 -80599-3 0  9999
2 44741  53.0552 337.0649 0001140 105.6619 254.4495 15.06363795174873
1 44741U 19074AE  23012.93185031 -.00012254  00000-0 -80599-3 0  9999
2 44741  53.0552 337.0649 0001140 105.6619 254.4495 15.06363795175043
1 44741U 19074AE  23013.13088995 -.00011317  00000-0 -74272-3 0  9993
2 44741  53.0550 336.1732 0001530 119.4005 240.7136 15.06366829175073
1 44741U 19074AE  23013.59532496  .00002194  00000-0  16622-3 0  9999
2 44741  53.0554 334.0891 0001438 120.0533 240.0598 15.06374839174974
1 44741U 19074AE  23013.59532496  .00002194  00000-0  16622-3 0  9999
2 44741  53.0554 334.0891 0001438 120.0533 240.0598 15.06374839175144
1 44741U 19074AE  23014.12610732  .00029771  00000-0  20089-2 0  9990
2 44741  53.0536 331.7057 0001466 124.5718 235.5409 15.06403305175227
1 44741U 19074AE  23014.85592450  .00025977  00000-0  17557-2 0  9996
2 44741  53.0533 328.4292 0001819 113.7657 246.3523 15.06414598175337
1 44741U 19074AE  23015.58574093  .00030232  00000-0  20396-2 0  9995
2 44741  53.0532 325.1526 0002225  93.8273 266.2970 15.06402910175279
1 44741U 19074AE  23015.58574093  .00030232  00000-0  20396-2 0  9995
2 44741  53.0532 325.1526 0002225  93.8273 266.2970 15.06402910175448
1 44741U 19074AE  23016.24919504  .00054006  00000-0  36116-2 0  9991
2 44741  53.0531 322.1744 0001219 102.5430 257.5696 15.06454487175377
1 44741U 19074AE  23016.24919504  .00054006  00000-0  36116-2 0  9991
2 44741  53.0531 322.1744 0001219 102.5430 257.5696 15.06454487175546
1 44741U 19074AE  23016.84632848  .00013128  00000-0  89858-3 0  9992
2 44741  53.0533 319.4936 0001923  85.3764 274.7444 15.06399711175461
1 44741U 19074AE  23017.11172151  .00022221  00000-0  15068-2 0  9994
2 44741  53.0532 318.3017 0001122  77.3213 282.7902 15.06380161175679
1 44741U 19074AE  23017.24441801  .00030258  00000-0  20425-2 0  9991
2 44741  53.0533 317.7058 0001286  77.1588 282.9545 15.06382035175523
1 44741U 19074AE  23018.10692733  .00017967  00000-0  12216-2 0  9990
2 44741  53.0535 313.8329 0001360  80.3689 279.7454 15.06412993175827
1 44741U 19074AE  23018.50500092  .00020706  00000-0  14037-2 0  9998
2 44741  53.0535 312.0453 0001337  82.5011 277.6130 15.06431939175710
1 44741U 19074AE  23019.03577215  .00010501  00000-0  72228-3 0  9997
2 44741  53.0545 309.6625 0001351  89.0980 271.0164 15.06426512175960
1 44741U 19074AE  23019.23480935  .00013841  00000-0  94557-3 0  9990
2 44741  53.0542 308.7674 0001417  92.4088 267.7063 15.06426676175827
1 44741U 19074AE  23019.96463479  .00000734  00000-0  68169-4 0  9992
2 44741  53.0537 305.4941 0001290  87.0237 273.0900 15.06383686176102
1 44741U 19074AE  23020.49541436  .00012166  00000-0  83431-3 0  9992
2 44741  53.0554 303.1096 0001874  91.7003 268.4200 15.06395245176013
1 44741U 19074AE  23020.49541436  .00012166  00000-0  83431-3 0  9992
2 44741  53.0554 303.1096 0001874  91.7003 268.4200 15.06395245176181
1 44741U 19074AE  23021.15887586  .00017798  00000-0  12100-2 0  9995
2 44741  53.0538 300.1297 0001355  96.6304 263.4840 15.06421062176288
1 44741U 19074AE  23021.49061486  .00004093  00000-0  29343-3 0  9997
2 44741  53.0545 298.6435 0001797  89.1042 271.0153 15.06407012176334
1 44741U 19074AE  23023.01660115  .00012461  00000-0  85391-3 0  9994
2 44741  53.0517 291.7968 0001523  72.0929 288.0226 15.06403142176564
1 44741U 19074AE  23024.01179893  .00009180  00000-0  63419-3 0  9994
2 44741  53.0529 287.3259 0001329  77.3260 282.7877 15.06412055176714
1 44741U 19074AE  23025.13967259  .00014487  00000-0  98814-3 0  9992
2 44741  53.0527 282.2609 0001110  80.6109 279.5005 15.06449498176888
1 44741U 19074AE  23025.40507095 -.00002291  00000-0 -13495-3 0  9994
2 44741  53.0532 281.0685 0001265  87.3845 272.7289 15.06400893176758
1 44741U 19074AE  23025.40507095 -.00002291  00000-0 -13495-3 0  9994
2 44741  53.0532 281.0685 0001265  87.3845 272.7289 15.06400893176927
1 44741U 19074AE  23026.13489335 -.00004084  00000-0 -25550-3 0  9998
2 44741  53.0518 277.7939 0001053 105.8935 254.2170 15.06389070176866
1 44741U 19074AE  23026.13489335 -.00004084  00000-0 -25550-3 0  9998
2 44741  53.0518 277.7939 0001053 105.8935 254.2170 15.06389070177036
1 44741U 19074AE  23026.99740744  .00017162  00000-0  11681-2 0  9994
2 44741  53.0515 273.9216 0000951 115.7412 244.3675 15.06403738177167
1 44741U 19074AE  23027.46183706  .00008442  00000-0  58501-3 0  9990
2 44741  53.0507 271.8372 0001037 119.3872 240.7221 15.06395763177068
1 44741U 19074AE  23027.46183706  .00008442  00000-0  58501-3 0  9990
2 44741  53.0507 271.8372 0001037 119.3872 240.7221 15.06395763177237
1 44741U 19074AE  23027.92626759  .00003809  00000-0  27450-3 0  9992
2 44741  53.0510 269.7523 0000939 103.2719 256.8374 15.06395337177130
1 44741U 19074AE  23027.92626759  .00003809  00000-0  27450-3 0  9992
2 44741  53.0510 269.7523 0000939 103.2719 256.8374 15.06395337177309
1 44741U 19074AE  23028.92147019  .00005310  00000-0  37509-3 0  9995
2 44741  53.0513 265.2851 0000911  92.9952 267.1141 15.06402924177285
1 44741U 19074AE  23029.05416171  .00005979  00000-0  41982-3 0  9999
2 44741  53.0513 264.6892 0000947  94.1408 265.9689 15.06408145177477
1 44741U 19074AE  23029.91667431  .00000540  00000-0  55156-4 0  9999
2 44741  53.0519 260.8151 0000991  99.6099 260.5002 15.06396218177437
1 44741U 19074AE  23030.04936704  .00001232  00000-0  10159-3 0  9999
2 44741  53.0525 260.2184 0001002  96.4100 263.7003 15.06398534177626
1 44741U 19074AE  23030.58014010  .00001077  00000-0  91145-4 0  9997
2 44741  53.0518 257.8371 0001004  93.5459 266.5645 15.06402225177531
1 44741U 19074AE  23030.91187271  .00001334  00000-0  10841-3 0  9993
2 44741  53.0517 256.3479 0001008  92.2323 267.8782 15.06403845177583
1 44741U 19074AE  23031.44264941  .00001551  00000-0  12299-3 0  9992
2 44741  53.0515 253.9653 0001035  90.2486 269.8622 15.06399131177831
1 44741U 19074AE  23031.50899633  .00001352  00000-0  10964-3 0  9997
2 44741  53.0515 253.6674 0001035  89.9927 270.1181 15.06398772177673
1 44741U 19074AE  23031.90707467  .00001447  00000-0  11597-3 0  9992
2 44741  53.0514 251.8803 0001050  90.1853 269.9256 15.06402445177734
