1 44762U 19074BB  22365.14162821  .00003627  00000-0  26221-3 0  9991
2 44762  53.0540  34.4824 0001927  51.0885 309.0275 15.06406265173117
1 44762U 19074BB  22365.47335951  .00003578  00000-0  25894-3 0  9993
2 44762  53.0550  32.9938 0001794  49.2124 310.9021 15.06409323172997
1 44762U 19074BB  22365.80510067  .00000883  00000-0  78142-4 0  9994
2 44762  53.0546  31.5042 0001828  46.8960 313.2182 15.06402748173216
1 44762U 19074BB  23001.46857679 -.00001641  00000-0 -91273-4 0  9992
2 44762  53.0552  28.5254 0002019  54.2073 305.9103 15.06396196173147
1 44762U 19074BB  23001.46857679 -.00001641  00000-0 -91273-4 0  9992
2 44762  53.0552  28.5254 0002019  54.2073 305.9103 15.06396196173316
1 44762U 19074BB  23001.80031848 -.00002798  00000-0 -16903-3 0  9992
2 44762  53.0545  27.0365 0001821  55.8183 304.2978 15.06388407173198
1 44762U 19074BB  23001.80031848 -.00002798  00000-0 -16903-3 0  9992
2 44762  53.0545  27.0365 0001821  55.8183 304.2978 15.06388407173367
1 44762U 19074BB  23002.46377646 -.00001387  00000-0 -74220-4 0  9994
2 44762  53.0545  24.0578 0001903  48.6755 311.4397 15.06402964173298
1 44762U 19074BB  23002.46377646 -.00001387  00000-0 -74220-4 0  9994
2 44762  53.0545  24.0578 0001903  48.6755 311.4397 15.06402964173467
1 44762U 19074BB  23003.06090553  .00000866  00000-0  77051-4 0  9994
2 44762  53.0543  21.3771 0002045  51.2709 308.8463 15.06388204173551
1 44762U 19074BB  23003.25994593  .00001283  00000-0  10503-3 0  9994
2 44762  53.0545  20.4837 0002023  50.4099 309.7068 15.06390029173419
1 44762U 19074BB  23004.32149586  .00001738  00000-0  13559-3 0  9996
2 44762  53.0545  15.7166 0002081  47.5251 312.5913 15.06397480173578
1 44762U 19074BB  23004.32149586  .00001738  00000-0  13559-3 0  9996
2 44762  53.0545  15.7166 0002081  47.5251 312.5913 15.06397480173747
1 44762U 19074BB  23004.71957637  .00001517  00000-0  12070-3 0  9995
2 44762  53.0546  13.9313 0002092  47.3616 312.7549 15.06400661173638
1 44762U 19074BB  23005.44938191  .00002352  00000-0  17670-3 0  9999
2 44762  53.0554  10.6547 0001800  48.0302 312.0841 15.06408899173747
1 44762U 19074BB  23005.44938191  .00002352  00000-0  17670-3 0  9999
2 44762  53.0554  10.6547 0001800  48.0302 312.0841 15.06408899173916
1 44762U 19074BB  23005.71476826  .00001429  00000-0  11481-3 0  9999
2 44762  53.0546   9.4641 0001659  56.5742 303.5405 15.06409938173783
1 44762U 19074BB  23006.37824650 -.00003119  00000-0 -19062-3 0  9997
2 44762  53.0547   6.4856 0001828  43.0008 317.1123 15.06390839173881
1 44762U 19074BB  23006.37824650 -.00003119  00000-0 -19062-3 0  9997
2 44762  53.0547   6.4856 0001828  43.0008 317.1123 15.06390839174051
1 44762U 19074BB  23007.24075507 -.00000576  00000-0 -19757-4 0  9999
2 44762  53.0539   2.6133 0001724  50.5712 309.5429 15.06397776174015
1 44762U 19074BB  23007.24075507 -.00000576  00000-0 -19757-4 0  9999
2 44762  53.0539   2.6133 0001724  50.5712 309.5429 15.06397776174183
1 44762U 19074BB  23007.97057627  .00000214  00000-0  33293-4 0  9990
2 44762  53.0542 359.3368 0001640  42.3464 317.7652 15.06393651174298
1 44762U 19074BB  23008.36865899  .00001266  00000-0  10390-3 0  9992
2 44762  53.0543 357.5492 0001841  49.1177 310.9972 15.06390907174185
1 44762U 19074BB  23010.22637708  .00001485  00000-0  11855-3 0  9996
2 44762  53.0553 349.2102 0001828  56.5072 303.6091 15.06398327174638
1 44762U 19074BB  23010.42541635  .00001872  00000-0  14454-3 0  9999
2 44762  53.0550 348.3175 0001938  60.5134 299.6048 15.06401129174496
1 44762U 19074BB  23010.62447253  .00000354  00000-0  42712-4 0  9995
2 44762  53.0555 347.4213 0002410  69.2912 290.8335 15.06384403174699
1 44762U 19074BB  23010.95620523  .00000333  00000-0  41280-4 0  9990
2 44762  53.0566 345.9345 0001198  72.3272 287.7847 15.06387721174572
1 44762U 19074BB  23011.15523374  .00002284  00000-0  17216-3 0  9997
2 44762  53.0570 345.0415 0001705  86.1101 274.0083 15.06403118174776
1 44762U 19074BB  23011.35426938  .00003059  00000-0  22413-3 0  9993
2 44762  53.0565 344.1472 0001639  72.1067 288.0101 15.06409061174639
1 44762U 19074BB  23012.08410035  .00000417  00000-0  46884-4 0  9999
2 44762  53.0559 340.8723 0001660  74.7619 285.3554 15.06394583174914
1 44762U 19074BB  23012.61487196  .00001689  00000-0  13225-3 0  9994
2 44762  53.0546 338.4881 0001723  80.0972 280.0212 15.06394950174821
1 44762U 19074BB  23013.14564907  .00000186  00000-0  31359-4 0  9999
2 44762  53.0572 336.1067 0001473  84.8023 275.3134 15.06398511175077
1 44762U 19074BB  23013.21198686  .00001235  00000-0  10177-3 0  9994
2 44762  53.0547 335.8086 0001524  84.6626 275.4536 15.06408991174913
1 44762U 19074BB  23013.21198686  .00001235  00000-0  10177-3 0  9994
2 44762  53.0547 335.8086 0001524  84.6626 275.4536 15.06408991175082
1 44762U 19074BB  23013.61007082 -.00002605  00000-0 -15606-3 0  9993
2 44762  53.0553 334.0193 0001438  76.5740 283.5409 15.06400646174975
1 44762U 19074BB  23013.61007082 -.00002605  00000-0 -15606-3 0  9993
2 44762  53.0553 334.0193 0001438  76.5740 283.5409 15.06400646175145
1 44762U 19074BB  23014.14083927 -.00009284  00000-0 -60449-3 0  9999
2 44762  53.0556 331.6335 0001085  80.9896 279.1216 15.06443330175221
1 44762U 19074BB  23014.60528130  .00000360  00000-0  43101-4 0  9991
2 44762  53.0535 329.5537 0001523  85.6499 274.4664 15.06394218175298
1 44762U 19074BB  23015.13606357  .00000422  00000-0  47198-4 0  9997
2 44762  53.0572 327.1726 0000764  83.8494 276.2582 15.06384132175208
1 44762U 19074BB  23015.13606357  .00000422  00000-0  47198-4 0  9997
2 44762  53.0572 327.1726 0000764  83.8494 276.2582 15.06384132175376
1 44762U 19074BB  23015.66682229  .00002553  00000-0  19021-3 0  9997
2 44762  53.0542 324.7884 0001615  90.8140 269.3034 15.06406435175289
1 44762U 19074BB  23015.66682229  .00002553  00000-0  19021-3 0  9997
2 44762  53.0542 324.7884 0001615  90.8140 269.3034 15.06406435175458
1 44762U 19074BB  23016.13124268  .00012608  00000-0  86296-3 0  9994
2 44762  53.0535 322.6999 0001179  91.3441 268.7683 15.06435998175526
1 44762U 19074BB  23016.52932012  .00006219  00000-0  43574-3 0  9994
2 44762  53.0538 320.9173 0000678  70.8196 289.2866 15.06425365175412
1 44762U 19074BB  23016.52932012  .00006219  00000-0  43574-3 0  9994
2 44762  53.0538 320.9173 0000678  70.8196 289.2866 15.06425365175580
1 44762U 19074BB  23016.86107702 -.00007548  00000-0 -48871-3 0  9994
2 44762  53.0536 319.4277 0001670  78.5532 281.5644 15.06375284175468
1 44762U 19074BB  23017.12646268 -.00007346  00000-0 -47501-3 0  9994
2 44762  53.0538 318.2365 0001939  88.1333 271.9878 15.06380991175675
1 44762U 19074BB  23017.25915731 -.00006498  00000-0 -41795-3 0  9998
2 44762  53.0533 317.6398 0001466  82.2248 277.8907 15.06378112175528
1 44762U 19074BB  23018.18801561  .00040655  00000-0  27301-2 0  9993
2 44762  53.0537 313.4697 0001383  79.7317 280.3827 15.06433134175834
1 44762U 19074BB  23018.51974878  .00001737  00000-0  13543-3 0  9994
2 44762  53.0534 311.9803 0001443  79.1261 280.9890 15.06413887175886
1 44762U 19074BB  23019.05051716  .00026821  00000-0  18113-2 0  9999
2 44762  53.0537 309.5982 0001138  84.0256 276.0863 15.06427250175964
1 44762U 19074BB  23019.51494259  .00009747  00000-0  67204-3 0  9997
2 44762  53.0534 307.5124 0000845  93.8949 266.2136 15.06416983175862
1 44762U 19074BB  23019.51494259  .00009747  00000-0  67204-3 0  9997
2 44762  53.0534 307.5124 0000845  93.8949 266.2136 15.06416983176032
1 44762U 19074BB  23020.04572462  .00025971  00000-0  17560-2 0  9996
2 44762  53.0533 305.1296 0001126 103.3125 256.7990 15.06399527176116
1 44762U 19074BB  23020.51015637  .00016988  00000-0  11567-2 0  9993
2 44762  53.0541 303.0443 0000882 106.9826 253.1260 15.06395944176188
1 44762U 19074BB  23021.04093320  .00009381  00000-0  64780-3 0  9992
2 44762  53.0531 300.6633 0001035  92.5364 267.5743 15.06399823176263
1 44762U 19074BB  23022.16882293  .00007407  00000-0  51542-3 0  9990
2 44762  53.0533 295.5985 0001111  96.6120 263.4996 15.06413748176434
1 44762U 19074BB  23022.76595171 -.00000461  00000-0 -12075-4 0  9996
2 44762  53.0528 292.9189 0001313  98.3915 261.7223 15.06394075176525
1 44762U 19074BB  23024.02654164  .00012259  00000-0  84029-3 0  9998
2 44762  53.0530 287.2573 0001032  95.3046 264.8061 15.06408297176719
1 44762U 19074BB  23025.02174651  .00002310  00000-0  17390-3 0  9991
2 44762  53.0523 282.7924 0001107  80.2839 279.8275 15.06401039176694
1 44762U 19074BB  23025.02174651  .00002310  00000-0  17390-3 0  9991
2 44762  53.0523 282.7924 0001107  80.2839 279.8275 15.06401039176863
1 44762U 19074BB  23026.08329174  .00004397  00000-0  31381-3 0  9993
2 44762  53.0525 278.0244 0001118  96.7040 263.4076 15.06411592176858
1 44762U 19074BB  23026.08329174  .00004397  00000-0  31381-3 0  9993
2 44762  53.0525 278.0244 0001118  96.7040 263.4076 15.06411592177028
1 44762U 19074BB  23026.87945806  .00002919  00000-0  21479-3 0  9991
2 44762  53.0518 274.4519 0001106  86.7481 273.3635 15.06401721177147
1 44762U 19074BB  23027.47657928  .00002383  00000-0  17882-3 0  9991
2 44762  53.0514 271.7724 0001106  80.1585 279.9529 15.06402057177062
1 44762U 19074BB  23027.80831838  .00000646  00000-0  62259-4 0  9991
2 44762  53.0527 270.2845 0000882  71.2999 288.8086 15.06391213177286
1 44762U 19074BB  23028.07370144  .00000721  00000-0  67257-4 0  9996
2 44762  53.0520 269.0900 0001133  95.5185 264.5933 15.06402104177322
1 44762U 19074BB  23028.53813272  .00000330  00000-0  41060-4 0  9991
2 44762  53.0517 267.0044 0001129  95.2398 264.8719 15.06393652177224
1 44762U 19074BB  23028.80351895  .00000041  00000-0  21624-4 0  9992
2 44762  53.0517 265.8127 0001124 101.0071 259.1045 15.06396701177431
1 44762U 19074BB  23028.93621225  .00000579  00000-0  57735-4 0  9991
2 44762  53.0528 265.2181 0001061  92.1093 268.0018 15.06399241177285
1 44762U 19074BB  23029.93141589  .00002017  00000-0  15427-3 0  9992
2 44762  53.0518 260.7500 0001059  95.1620 264.9489 15.06397604177430
1 44762U 19074BB  23029.93141589  .00002017  00000-0  15427-3 0  9992
2 44762  53.0518 260.7500 0001059  95.1620 264.9489 15.06397604177609
1 44762U 19074BB  23030.52854245  .00001189  00000-0  98720-4 0  9996
2 44762  53.0526 258.0692 0001040  93.5046 266.6062 15.06392659177526
1 44762U 19074BB  23030.72757200 -.00007531  00000-0 -48688-3 0  9997
2 44762  53.0526 257.1755 0000877 102.4572 257.6515 15.06426485177727
1 44762U 19074BB  23030.92662523  .00001258  00000-0  10333-3 0  9996
2 44762  53.0526 256.2819 0001040  94.1286 265.9822 15.06390715177583
1 44762U 19074BB  23031.05931585  .00001070  00000-0  90700-4 0  9997
2 44762  53.0525 255.6858 0001098  97.9382 262.1732 15.06395490177774
1 44762U 19074BB  23031.52374314  .00000999  00000-0  85952-4 0  9992
2 44762  53.0523 253.6007 0001125  98.7401 261.3715 15.06397355177671
1 44762U 19074BB  23031.72278262  .00001093  00000-0  92278-4 0  9994
2 44762  53.0522 252.7071 0001146  98.9340 261.1778 15.06398588177708
