1 44772U 19074BM  22365.08267049  .00012400  00000-0  84960-3 0  9996
2 44772  53.0550  34.7412 0002519  31.3679 328.7460 15.06410821173101
1 44772U 19074BM  22365.48074528  .00012328  00000-0  84449-3 0  9999
2 44772  53.0547  32.9542 0002451  32.8799 327.2342 15.06426432172999
1 44772U 19074BM  22365.81247581  .00008810  00000-0  60915-3 0  9990
2 44772  53.0547  31.4650 0002681  33.3210 326.7947 15.06425864173042
1 44772U 19074BM  23001.14420941 -.00000971  00000-0 -46225-4 0  9998
2 44772  53.0549  29.9761 0002639  27.9771 332.1360 15.06408521173268
1 44772U 19074BM  23001.34325179 -.00001954  00000-0 -11227-3 0  9992
2 44772  53.0552  29.0837 0002894  26.3864 333.7272 15.06400933173129
1 44772U 19074BM  23001.34325179 -.00001954  00000-0 -11227-3 0  9992
2 44772  53.0552  29.0837 0002894  26.3864 333.7272 15.06400933173297
1 44772U 19074BM  23002.07307565  .00009980  00000-0  68798-3 0  9992
2 44772  53.0558  25.8070 0002612  28.2214 331.8917 15.06395698173403
1 44772U 19074BM  23002.33846247  .00016878  00000-0  11490-2 0  9996
2 44772  53.0561  24.6161 0002596  28.6800 331.4331 15.06406914173276
1 44772U 19074BM  23002.33846247  .00016878  00000-0  11490-2 0  9996
2 44772  53.0561  24.6161 0002596  28.6800 331.4331 15.06406914173445
1 44772U 19074BM  23003.06827890  .00003912  00000-0  28136-3 0  9991
2 44772  53.0553  21.3403 0002655  34.6015 325.5146 15.06400349173556
1 44772U 19074BM  23003.33366687  .00003478  00000-0  25229-3 0  9990
2 44772  53.0556  20.1483 0002620  34.0294 326.0863 15.06399445173421
1 44772U 19074BM  23004.12982659  .00006212  00000-0  43545-3 0  9991
2 44772  53.0548  16.5737 0002627  34.6558 325.4602 15.06408256173716
1 44772U 19074BM  23004.32886812  .00006677  00000-0  46666-3 0  9999
2 44772  53.0559  15.6796 0002655  34.1921 325.9238 15.06405547173577
1 44772U 19074BM  23004.72694814  .00006323  00000-0  44291-3 0  9992
2 44772  53.0558  13.8929 0002699  35.8802 324.2368 15.06406571173808
1 44772U 19074BM  23004.85963812  .00006765  00000-0  47244-3 0  9994
2 44772  53.0553  13.2967 0002628  34.0069 326.1088 15.06414736173652
1 44772U 19074BM  23005.05867759  .00008448  00000-0  58518-3 0  9996
2 44772  53.0558  12.4029 0002380  33.8317 326.2824 15.06413491173684
1 44772U 19074BM  23005.72214315  .00005785  00000-0  40681-3 0  9997
2 44772  53.0554   9.4240 0002803  36.8590 323.2591 15.06413766173781
1 44772U 19074BM  23006.25292018  .00000638  00000-0  61725-4 0  9997
2 44772  53.0537   7.0412 0002536  34.6726 325.4428 15.06396623174031
1 44772U 19074BM  23006.38561534  .00000950  00000-0  82715-4 0  9992
2 44772  53.0541   6.4454 0002178  26.4005 333.7095 15.06390511173880
1 44772U 19074BM  23007.24813807  .00010144  00000-0  69918-3 0  9996
2 44772  53.0545   2.5742 0002633  30.9492 329.1651 15.06387098174016
1 44772U 19074BM  23007.38082513  .00013562  00000-0  92751-3 0  9991
2 44772  53.0553   1.9774 0002550  31.6817 328.4325 15.06402827174209
1 44772U 19074BM  23007.71256247  .00013638  00000-0  93254-3 0  9998
2 44772  53.0549   0.4889 0002627  32.7932 327.3220 15.06406394174081
1 44772U 19074BM  23007.71256247  .00013638  00000-0  93254-3 0  9998
2 44772  53.0549   0.4889 0002627  32.7932 327.3220 15.06406394174250
1 44772U 19074BM  23008.37603318  .00004077  00000-0  29247-3 0  9994
2 44772  53.0553 357.5104 0002704  32.7003 327.4153 15.06396175174189
1 44772U 19074BM  23008.37603318  .00004077  00000-0  29247-3 0  9994
2 44772  53.0553 357.5104 0002704  32.7003 327.4153 15.06396175174358
1 44772U 19074BM  23009.30488378  .00006476  00000-0  45311-3 0  9990
2 44772  53.0540 353.3400 0002492  30.9747 329.1388 15.06410170174324
1 44772U 19074BM  23009.63661776  .00003564  00000-0  25798-3 0  9993
2 44772  53.0547 351.8514 0002628  33.2990 326.8164 15.06406698174378
1 44772U 19074BM  23009.63661776  .00003564  00000-0  25798-3 0  9993
2 44772  53.0547 351.8514 0002628  33.2990 326.8164 15.06406698174547
1 44772U 19074BM  23010.10103656 -.00005696  00000-0 -36360-3 0  9992
2 44772  53.0554 349.7664 0002777  34.9634 325.1537 15.06415568174446
1 44772U 19074BM  23010.63181958  .00000726  00000-0  67657-4 0  9992
2 44772  53.0564 347.3845 0002630  34.4601 325.6558 15.06402305174699
1 44772U 19074BM  23010.96355456  .00001312  00000-0  10698-3 0  9998
2 44772  53.0567 345.8958 0002521  33.8625 326.2525 15.06401371174578
1 44772U 19074BM  23011.22894011  .00002475  00000-0  18496-3 0  9998
2 44772  53.0556 344.7037 0002554  34.4660 325.6494 15.06404920174610
1 44772U 19074BM  23011.69336439  .00005757  00000-0  40492-3 0  9991
2 44772  53.0549 342.6197 0002592  36.7590 323.3577 15.06412520174853
1 44772U 19074BM  23011.89240638  .00002976  00000-0  21857-3 0  9992
2 44772  53.0549 341.7262 0002670  37.1672 322.9502 15.06406131174718
1 44772U 19074BM  23011.89240638  .00002976  00000-0  21857-3 0  9992
2 44772  53.0549 341.7262 0002670  37.1672 322.9502 15.06406131174886
1 44772U 19074BM  23012.62222072  .00000448  00000-0  49023-4 0  9994
2 44772  53.0557 338.4498 0002463  35.0281 325.0869 15.06400580174996
1 44772U 19074BM  23012.88760681  .00002285  00000-0  17226-3 0  9995
2 44772  53.0563 337.2584 0002452  34.4113 325.7034 15.06404582174864
1 44772U 19074BM  23013.15298639  .00002284  00000-0  17215-3 0  9992
2 44772  53.0573 336.0697 0002446  32.4087 327.7052 15.06415824174906
1 44772U 19074BM  23013.15298639  .00002284  00000-0  17215-3 0  9992
2 44772  53.0573 336.0697 0002446  32.4087 327.7052 15.06415824175075
1 44772U 19074BM  23013.61741980 -.00000829  00000-0 -36744-4 0  9999
2 44772  53.0549 333.9819 0002457  39.6542 320.4626 15.06401535174976
1 44772U 19074BM  23013.61741980 -.00000829  00000-0 -36744-4 0  9999
2 44772  53.0549 333.9819 0002457  39.6542 320.4626 15.06401535175146
1 44772U 19074BM  23014.14821735 -.00005774  00000-0 -36932-3 0  9997
2 44772  53.0547 331.5989 0002040  44.2125 315.9027 15.06367958175226
1 44772U 19074BM  23014.28090622 -.00002791  00000-0 -16862-3 0  9991
2 44772  53.0561 331.0052 0002169  41.0071 319.1080 15.06382428175241
1 44772U 19074BM  23014.87802953  .00001329  00000-0  10816-3 0  9991
2 44772  53.0556 328.3235 0002098  49.0156 311.1014 15.06392873175334
1 44772U 19074BM  23015.14341495  .00009733  00000-0  67124-3 0  9992
2 44772  53.0552 327.1311 0001972  53.3720 306.7450 15.06408207175374
1 44772U 19074BM  23015.27611406  .00025036  00000-0  16929-2 0  9998
2 44772  53.0553 326.5357 0001941  54.2764 305.8405 15.06417051175223
1 44772U 19074BM  23015.67419736  .00009053  00000-0  62573-3 0  9992
2 44772  53.0509 324.7500 0002604  67.5293 292.5971 15.06408259175281
1 44772U 19074BM  23015.67419736  .00009053  00000-0  62573-3 0  9992
2 44772  53.0509 324.7500 0002604  67.5293 292.5971 15.06408259175450
1 44772U 19074BM  23016.13861842  .00041213  00000-0  27669-2 0  9993
2 44772  53.0553 322.6661 0001462  65.6909 294.4233 15.06435395175529
1 44772U 19074BM  23016.53670288  .00023494  00000-0  15911-2 0  9997
2 44772  53.0553 320.8766 0002073  89.8179 270.3048 15.06395032175419
1 44772U 19074BM  23016.80209611  .00024173  00000-0  16361-2 0  9990
2 44772  53.0549 319.6865 0003153  89.4858 270.6492 15.06399270175627
1 44772U 19074BM  23016.86844329  .00022946  00000-0  15543-2 0  9994
2 44772  53.0549 319.3888 0003134  88.8343 271.3005 15.06398935175467
1 44772U 19074BM  23017.13383574  .00030386  00000-0  20513-2 0  9995
2 44772  53.0550 318.1974 0001437  99.1929 260.9222 15.06377553175672
1 44772U 19074BM  23017.53192147  .00025628  00000-0  17335-2 0  9994
2 44772  53.0550 316.4109 0001380  93.2211 266.8936 15.06392274175561
1 44772U 19074BM  23017.53192147  .00025628  00000-0  17335-2 0  9994
2 44772  53.0550 316.4109 0001380  93.2211 266.8936 15.06392274175730
1 44772U 19074BM  23018.19539243  .00025936  00000-0  17532-2 0  9990
2 44772  53.0548 313.4328 0001467  93.5303 266.5854 15.06409803175832
1 44772U 19074BM  23018.52712646  .00014112  00000-0  96420-3 0  9995
2 44772  53.0533 311.9426 0001589  86.6625 273.4546 15.06406361175889
1 44772U 19074BM  23019.05789939  .00006319  00000-0  44267-3 0  9995
2 44772  53.0550 309.5618 0001022  91.5311 268.5795 15.06403383175964
1 44772U 19074BM  23019.52231698  .00013298  00000-0  90927-3 0  9999
2 44772  53.0547 307.4753 0001274  90.3799 269.7336 15.06428902175860
1 44772U 19074BM  23019.52231698  .00013298  00000-0  90927-3 0  9999
2 44772  53.0547 307.4753 0001274  90.3799 269.7336 15.06428902176030
1 44772U 19074BM  23020.05310491  .00008455  00000-0  58581-3 0  9997
2 44772  53.0557 305.0923 0001443  82.3330 277.7823 15.06402326176115
1 44772U 19074BM  23020.58388030  .00008928  00000-0  61743-3 0  9998
2 44772  53.0540 302.7107 0001535  79.1090 281.0072 15.06402268176191
1 44772U 19074BM  23021.18099418  .00016338  00000-0  11124-2 0  9995
2 44772  53.0548 300.0292 0001344  89.6916 270.4227 15.06426280176280
1 44772U 19074BM  23022.10985114  .00008564  00000-0  59293-3 0  9997
2 44772  53.0550 295.8604 0001965  80.1096 280.0114 15.06412600176424
1 44772U 19074BM  23022.44158562  .00000343  00000-0  41920-4 0  9999
2 44772  53.0548 294.3700 0001889  76.8382 283.2818 15.06401230176475
1 44772U 19074BM  23023.43679116 -.00000988  00000-0 -47439-4 0  9990
2 44772  53.0551 289.9057 0001148  96.2810 263.8309 15.06398040176624
1 44772U 19074BM  23024.03390621  .00001944  00000-0  14934-3 0  9992
2 44772  53.0547 287.2222 0001037  87.4933 272.6174 15.06411738176717
1 44772U 19074BM  23024.49834007  .00001602  00000-0  12643-3 0  9999
2 44772  53.0555 285.1362 0001488 104.7791 255.3363 15.06399738176783
1 44772U 19074BM  23025.49354353  .00000527  00000-0  54252-4 0  9999
2 44772  53.0537 280.6696 0001019  95.4140 264.6965 15.06399134176766
1 44772U 19074BM  23025.49354353  .00000527  00000-0  54252-4 0  9999
2 44772  53.0537 280.6696 0001019  95.4140 264.6965 15.06399134176935
1 44772U 19074BM  23026.09065954  .00001518  00000-0  12073-3 0  9997
2 44772  53.0535 277.9891 0001029 100.5758 259.5347 15.06410337176850
1 44772U 19074BM  23026.09065954  .00001518  00000-0  12073-3 0  9997
2 44772  53.0535 277.9891 0001029 100.5758 259.5347 15.06410337177020
1 44772U 19074BM  23026.88682560  .00002262  00000-0  17066-3 0  9996
2 44772  53.0540 274.4122 0001164 114.1941 245.9170 15.06401025177140
1 44772U 19074BM  23027.48395202  .00000801  00000-0  72695-4 0  9994
2 44772  53.0542 271.7348 0001133  91.3509 268.7610 15.06395269177069
1 44772U 19074BM  23027.81568850  .00000394  00000-0  45367-4 0  9995
2 44772  53.0543 270.2459 0001079  87.3626 272.7487 15.06393527177287
1 44772U 19074BM  23027.88203523  .00000413  00000-0  46590-4 0  9996
2 44772  53.0543 269.9480 0001078  87.6939 272.4174 15.06393779177127
1 44772U 19074BM  23028.08107069  .00000806  00000-0  72959-4 0  9991
2 44772  53.0544 269.0536 0001049  95.7918 264.3190 15.06400339177158
1 44772U 19074BM  23028.08107069  .00000806  00000-0  72959-4 0  9991
2 44772  53.0544 269.0536 0001049  95.7918 264.3190 15.06400339177327
1 44772U 19074BM  23028.67819886 -.00000171  00000-0  74121-5 0  9993
2 44772  53.0541 266.3728 0001078  93.5558 266.5554 15.06393637177415
1 44772U 19074BM  23028.94358431  .00000153  00000-0  29147-4 0  9993
2 44772  53.0541 265.1818 0001073  93.3551 266.7561 15.06396389177280
1 44772U 19074BM  23029.93878727  .00001567  00000-0  12408-3 0  9999
2 44772  53.0538 260.7136 0001027  95.8227 264.2879 15.06395629177434
1 44772U 19074BM  23030.00513267  .00001100  00000-0  92730-4 0  9994
2 44772  53.0541 260.4156 0001037  94.4662 265.6445 15.06398995177440
1 44772U 19074BM  23030.00513267  .00001100  00000-0  92730-4 0  9994
2 44772  53.0541 260.4156 0001037  94.4662 265.6445 15.06398995177619
1 44772U 19074BM  23031.00034089  .00000428  00000-0  47627-4 0  9992
2 44772  53.0540 255.9479 0001027  92.7602 267.3505 15.06394940177767
1 44772U 19074BM  23031.59746051  .00000973  00000-0  84192-4 0  9998
2 44772  53.0540 253.2667 0000993  96.2279 263.8823 15.06397220177686
