1 44914U 20001A   22365.49733807  .00002796  00000-0  20654-3 0  9998
2 44914  53.0553 172.8853 0001124  76.3486 283.7628 15.06397260164377
1 44914U 20001A   22365.82906915  .00003666  00000-0  26486-3 0  9993
2 44914  53.0549 171.3961 0001361  77.5745 282.5397 15.06400801164422
1 44914U 20001A   23001.16081076  .00010839  00000-0  74608-3 0  9999
2 44914  53.0549 169.9069 0001504  82.7395 277.3765 15.06368922164475
1 44914U 20001A   23001.49254340  .00000029  00000-0  20875-4 0  9999
2 44914  53.0551 168.4178 0001422  78.5719 281.5430 15.06402611164521
1 44914U 20001A   23001.49254340  .00000029  00000-0  20875-4 0  9999
2 44914  53.0551 168.4178 0001422  78.5719 281.5430 15.06402611164521
1 44914U 20001A   23001.82427311  .00000349  00000-0  42318-4 0  9997
2 44914  53.0557 166.9290 0001354  78.3865 281.7276 15.06406087164575
1 44914U 20001A   23002.15600303  .00000367  00000-0  43507-4 0  9999
2 44914  53.0557 165.4399 0001373  78.5770 281.5373 15.06409468164625
1 44914U 20001A   23002.48773875 -.00000617  00000-0 -22508-4 0  9998
2 44914  53.0563 163.9507 0001386  81.3170 278.7976 15.06406517164670
1 44914U 20001A   23002.81947131 -.00002953  00000-0 -17937-3 0  9997
2 44914  53.0554 162.4612 0001396  78.8477 281.2669 15.06412266164725
1 44914U 20001A   23003.15120513 -.00000699  00000-0 -27999-4 0  9997
2 44914  53.0556 160.9720 0001370  75.6270 284.4871 15.06405163164771
1 44914U 20001A   23003.41658638 -.00003306  00000-0 -20306-3 0  9992
2 44914  53.0554 159.7802 0001426  75.0841 285.0306 15.06417606164816
1 44914U 20001A   23003.41658638 -.00003306  00000-0 -20306-3 0  9992
2 44914  53.0554 159.7802 0001426  75.0841 285.0306 15.06417606164816
1 44914U 20001A   23003.81468038 -.00001041  00000-0 -51031-4 0  9993
2 44914  53.0557 157.9934 0001339  73.7409 286.3727 15.06392893164870
1 44914U 20001A   23004.47813856 -.00000197  00000-0  56597-5 0  9991
2 44914  53.0550 155.0151 0001304  72.6482 287.4649 15.06405383164979
1 44914U 20001A   23004.47813856 -.00000197  00000-0  56597-5 0  9991
2 44914  53.0550 155.0151 0001304  72.6482 287.4649 15.06405383164979
1 44914U 20001A   23004.67717603  .00001204  00000-0  99712-4 0  9990
2 44914  53.0549 154.1212 0001256  74.6953 285.4175 15.06404900165007
1 44914U 20001A   23005.14159568  .00001688  00000-0  13216-3 0  9993
2 44914  53.0551 152.0370 0001299  70.9258 289.1872 15.06412351165077
1 44914U 20001A   23005.53968103  .00001546  00000-0  12264-3 0  9994
2 44914  53.0550 150.2498 0001306  70.9355 289.1776 15.06401975165134
1 44914U 20001A   23005.53968103  .00001546  00000-0  12264-3 0  9994
2 44914  53.0550 150.2498 0001306  70.9355 289.1776 15.06401975165134
1 44914U 20001A   23005.80507081  .00001192  00000-0  98881-4 0  9995
2 44914  53.0551 149.0588 0001348  70.1255 289.9879 15.06399288165177
1 44914U 20001A   23006.40220338 -.00001261  00000-0 -65823-4 0  9998
2 44914  53.0552 146.3784 0001287  65.5713 294.5411 15.06391968165266
1 44914U 20001A   23006.40220338 -.00001261  00000-0 -65823-4 0  9998
2 44914  53.0552 146.3784 0001287  65.5713 294.5411 15.06391968165266
1 44914U 20001A   23007.06567622 -.00002314  00000-0 -13651-3 0  9992
2 44914  53.0559 143.4001 0001269  71.0475 289.0651 15.06391537165368
1 44914U 20001A   23007.72914155 -.00001358  00000-0 -72267-4 0  9998
2 44914  53.0555 140.4220 0001482  61.5473 298.5665 15.06399004165461
1 44914U 20001A   23007.72914155 -.00001358  00000-0 -72267-4 0  9998
2 44914  53.0555 140.4220 0001482  61.5473 298.5665 15.06399004165461
1 44914U 20001A   23008.06087796  .00000722  00000-0  67366-4 0  9994
2 44914  53.0557 138.9331 0001436  68.4866 291.6276 15.06391734165519
1 44914U 20001A   23008.79068995  .00003220  00000-0  23498-3 0  9997
2 44914  53.0553 135.6562 0001399  65.4377 294.6757 15.06395245165627
1 44914U 20001A   23008.79068995  .00003220  00000-0  23498-3 0  9997
2 44914  53.0553 135.6562 0001399  65.4377 294.6757 15.06395245165627
1 44914U 20001A   23009.32146672  .00001380  00000-0  11150-3 0  9993
2 44914  53.0547 133.2746 0001481  69.6227 290.4921 15.06399193165702
1 44914U 20001A   23009.71955003  .00001700  00000-0  13299-3 0  9994
2 44914  53.0561 131.4876 0001576  68.1893 291.9264 15.06396037165766
1 44914U 20001A   23010.05129121  .00003967  00000-0  28518-3 0  9994
2 44914  53.0540 129.9978 0001516  66.8392 293.2756 15.06382111165816
1 44914U 20001A   23010.58206652 -.00000333  00000-0 -34652-5 0  9991
2 44914  53.0542 127.6149 0001800  70.0822 290.0361 15.06391995165899
1 44914U 20001A   23011.57725284  .00001559  00000-0  12353-3 0  9999
2 44914  53.0545 123.1472 0001673  61.6758 298.4400 15.06407120166046
1 44914U 20001A   23011.57725284  .00001559  00000-0  12353-3 0  9999
2 44914  53.0545 123.1472 0001673  61.6758 298.4400 15.06407120166046
1 44914U 20001A   23012.70515419  .00000230  00000-0  34318-4 0  9993
2 44914  53.0549 118.0838 0001635  56.3982 303.7163 15.06400877166214
1 44914U 20001A   23012.70515419  .00000230  00000-0  34318-4 0  9993
2 44914  53.0549 118.0838 0001635  56.3982 303.7163 15.06400877166214
1 44914U 20001A   23013.56764271  .00002251  00000-0  16985-3 0  9994
2 44914  53.0551 114.2120 0001587  48.3011 311.8114 15.06421802166340
1 44914U 20001A   23013.56764271  .00002251  00000-0  16985-3 0  9994
2 44914  53.0551 114.2120 0001587  48.3011 311.8114 15.06421802166340
1 44914U 20001A   23014.29749381 -.00001731  00000-0 -97362-4 0  9993
2 44914  53.0527 110.9374 0002039  65.3532 294.7669 15.06382806166453
1 44914U 20001A   23014.56288925 -.00004199  00000-0 -26331-3 0  9993
2 44914  53.0547 109.7472 0001182  61.6661 298.4447 15.06379769166493
1 44914U 20001A   23015.22635758 -.00000985  00000-0 -47273-4 0  9995
2 44914  53.0548 106.7677 0001415  58.0661 302.0465 15.06384813166596
1 44914U 20001A   23015.55808263  .00000303  00000-0  39228-4 0  9997
2 44914  53.0547 105.2764 0001338  64.1265 295.9862 15.06397701166645
1 44914U 20001A   23015.55808263  .00000303  00000-0  39228-4 0  9997
2 44914  53.0547 105.2764 0001338  64.1265 295.9862 15.06397701166645
1 44914U 20001A   23016.55328854  .00009621  00000-0  66371-3 0  9991
2 44914  53.0547 100.8101 0001294  69.4264 290.6863 15.06410664166792
1 44914U 20001A   23016.95137842  .00002483  00000-0  18552-3 0  9997
2 44914  53.0540  99.0231 0001265  77.7860 282.3271 15.06394660166855
1 44914U 20001A   23017.48216298 -.00003237  00000-0 -19861-3 0  9993
2 44914  53.0544  96.6406 0001113  86.7415 273.3701 15.06378690166936
1 44914U 20001A   23017.61485475 -.00001639  00000-0 -91229-4 0  9996
2 44914  53.0537  96.0424 0001375  97.7875 262.3270 15.06386342166958
1 44914U 20001A   23018.34467071  .00021505  00000-0  14577-2 0  9990
2 44914  53.0540  92.7669 0001405 100.8607 259.2540 15.06413010167060
1 44914U 20001A   23018.47736199  .00029915  00000-0  20171-2 0  9994
2 44914  53.0543  92.1726 0001304  88.1557 271.9581 15.06429600167081
1 44914U 20001A   23018.47736199  .00029915  00000-0  20171-2 0  9994
2 44914  53.0543  92.1726 0001304  88.1557 271.9581 15.06429600167081
1 44914U 20001A   23019.20717373  .00021545  00000-0  14599-2 0  9997
2 44914  53.0546  88.8959 0000955  64.9725 295.1363 15.06424003167194
1 44914U 20001A   23019.60524558  .00028426  00000-0  19175-2 0  9992
2 44914  53.0546  87.1088 0001171  90.6687 269.4436 15.06439592167254
1 44914U 20001A   23019.87063495  .00013765  00000-0  94074-3 0  9991
2 44914  53.0539  85.9155 0001645  87.5410 272.5768 15.06418552167292
1 44914U 20001A   23020.46776100  .00013516  00000-0  92462-3 0  9995
2 44914  53.0555  83.2412 0001551  95.3158 264.8008 15.06396097167389
1 44914U 20001A   23020.46776100  .00013516  00000-0  92462-3 0  9995
2 44914  53.0555  83.2412 0001551  95.3158 264.8008 15.06396097167389
1 44914U 20001A   23020.86584472  .00007445  00000-0  51824-3 0  9999
2 44914  53.0548  81.4522 0001478  86.2410 273.8747 15.06396331167449
1 44914U 20001A   23022.12643946  .00004597  00000-0  32734-3 0  9996
2 44914  53.0547  75.7932 0001720  86.3710 273.7476 15.06399021167631
1 44914U 20001A   23023.12164400  .00002298  00000-0  17317-3 0  9996
2 44914  53.0539  71.3248 0002023  84.9607 275.1613 15.06398486167789
1 44914U 20001A   23024.24954316  .00000483  00000-0  51345-4 0  9997
2 44914  53.0532  66.2588 0001668  84.5319 275.5860 15.06396230167954
1 44914U 20001A   23025.37744289  .00002152  00000-0  16334-3 0  9991
2 44914  53.0529  61.1950 0001739  95.1466 264.9722 15.06394758168129
1 44914U 20001A   23025.37744289  .00002152  00000-0  16334-3 0  9991
2 44914  53.0529  61.1950 0001739  95.1466 264.9722 15.06394758168129
1 44914U 20001A   23026.30629508  .00003481  00000-0  25243-3 0  9996
2 44914  53.0532  57.0260 0001752  87.6335 272.4854 15.06404688168266
1 44914U 20001A   23026.90341748  .00001951  00000-0  14982-3 0  9997
2 44914  53.0538  54.3464 0001808  98.7683 261.3511 15.06401192168353
1 44914U 20001A   23027.43419417  .00001280  00000-0  10483-3 0  9992
2 44914  53.0542  51.9622 0001692  97.7140 262.4041 15.06398220168431
1 44914U 20001A   23027.43419417  .00001280  00000-0  10483-3 0  9992
2 44914  53.0542  51.9622 0001692  97.7140 262.4041 15.06398220168431
1 44914U 20001A   23028.09766790 -.00000046  00000-0  15796-4 0  9997
2 44914  53.0542  48.9831 0001760 100.3747 259.7441 15.06394568168534
1 44914U 20001A   23028.42940126  .00000066  00000-0  23366-4 0  9994
2 44914  53.0540  47.4936 0001671  97.5360 262.5819 15.06395838168588
1 44914U 20001A   23028.76113583  .00000468  00000-0  50320-4 0  9996
2 44914  53.0542  46.0039 0001662  94.9410 265.1769 15.06394958168637
1 44914U 20001A   23029.22556133  .00002397  00000-0  17980-3 0  9997
2 44914  53.0542  43.9191 0001644  97.7809 262.3367 15.06394015168700
1 44914U 20001A   23029.75633597  .00000412  00000-0  46562-4 0  9990
2 44914  53.0544  41.5381 0001743  89.5578 270.5611 15.06399354168781
1 44914U 20001A   23030.28711463  .00001671  00000-0  13105-3 0  9993
2 44914  53.0536  39.1544 0001448  81.7230 278.3923 15.06391652168861
1 44914U 20001A   23030.28711463  .00001671  00000-0  13105-3 0  9993
2 44914  53.0536  39.1544 0001448  81.7230 278.3923 15.06391652168861
1 44914U 20001A   23030.75154177  .00000556  00000-0  56201-4 0  9994
2 44914  53.0547  37.0695 0001635  92.5415 267.5762 15.06396721168931
1 44914U 20001A   23031.41500298  .00000799  00000-0  72550-4 0  9991
2 44914  53.0547  34.0906 0001611  94.6957 265.4215 15.06405183169036
1 44914U 20001A   23031.41500298  .00000799  00000-0  72550-4 0  9991
2 44914  53.0547  34.0906 0001611  94.6957 265.4215 15.06405183169036
