1 44918U 20001E   22365.47796174  .00000528  00000-0  54358-4 0  9996
2 44918  53.0543 172.9986 0001463  87.4031 272.7126 15.06403317165118
1 44918U 20001E   22365.74334704  .00000574  00000-0  57390-4 0  9993
2 44918  53.0544 171.8072 0001466  87.4649 272.6507 15.06404425165158
1 44918U 20001E   23001.47316410  .00000188  00000-0  31493-4 0  9992
2 44918  53.0545 168.5310 0001447  86.3270 273.7884 15.06398843165262
1 44918U 20001E   23001.47316410  .00000188  00000-0  31493-4 0  9992
2 44918  53.0545 168.5310 0001447  86.3270 273.7884 15.06398843165262
1 44918U 20001E   23001.80490198  .00000453  00000-0  49317-4 0  9994
2 44918  53.0548 167.0417 0001430  85.7446 274.3706 15.06392851165316
1 44918U 20001E   23002.46836342  .00001125  00000-0  94421-4 0  9995
2 44918  53.0551 164.0634 0001411  85.5630 274.5520 15.06402941165419
1 44918U 20001E   23002.80010199 -.00000045  00000-0  15844-4 0  9990
2 44918  53.0550 162.5742 0001409  81.8783 278.2365 15.06397212165463
1 44918U 20001E   23002.80010199 -.00000045  00000-0  15844-4 0  9990
2 44918  53.0550 162.5742 0001409  81.8783 278.2365 15.06397212165463
1 44918U 20001E   23003.13184073 -.00000447  00000-0 -11098-4 0  9994
2 44918  53.0551 161.0849 0001378  80.7686 279.3459 15.06392822165515
1 44918U 20001E   23003.72896515  .00000266  00000-0  36786-4 0  9998
2 44918  53.0550 158.4046 0001372  81.6963 278.4182 15.06390358165600
1 44918U 20001E   23003.86165201  .00001056  00000-0  89752-4 0  9993
2 44918  53.0545 157.8089 0001326  80.8996 279.2143 15.06396850165621
1 44918U 20001E   23003.86165201  .00001056  00000-0  89752-4 0  9993
2 44918  53.0545 157.8089 0001326  80.8996 279.2143 15.06396850165621
1 44918U 20001E   23004.65781336 -.00000152  00000-0  87087-5 0  9991
2 44918  53.0546 154.2350 0001384  80.8799 279.2346 15.06402751165745
1 44918U 20001E   23005.12224466  .00002993  00000-0  21983-3 0  9995
2 44918  53.0553 152.1507 0001052  85.7709 274.3400 15.06385431165811
1 44918U 20001E   23005.52030256  .00001350  00000-0  10945-3 0  9993
2 44918  53.0548 150.3640 0001228  78.6535 281.4592 15.06426901165871
1 44918U 20001E   23005.52030256  .00001350  00000-0  10945-3 0  9993
2 44918  53.0548 150.3640 0001228  78.6535 281.4592 15.06426901165871
1 44918U 20001E   23005.65300561 -.00000507  00000-0 -15123-4 0  9995
2 44918  53.0548 149.7686 0001342  80.8542 279.2599 15.06415246165897
1 44918U 20001E   23005.65300561 -.00000507  00000-0 -15123-4 0  9995
2 44918  53.0548 149.7686 0001342  80.8542 279.2599 15.06415246165897
1 44918U 20001E   23006.51552328  .00000936  00000-0  81701-4 0  9990
2 44918  53.0551 145.8962 0001508 100.2563 259.8596 15.06401692166026
1 44918U 20001E   23007.11264030  .00000828  00000-0  74455-4 0  9995
2 44918  53.0556 143.2163 0001843  56.1692 303.9473 15.06408247166118
1 44918U 20001E   23007.37803166  .00000999  00000-0  85975-4 0  9990
2 44918  53.0545 142.0241 0001508  83.3772 276.7389 15.06399336166154
1 44918U 20001E   23008.30690663 -.00001680  00000-0 -93922-4 0  9991
2 44918  53.0550 137.8542 0001490  85.0052 275.1107 15.06384295166290
1 44918U 20001E   23008.30690663 -.00001680  00000-0 -93922-4 0  9991
2 44918  53.0550 137.8542 0001490  85.0052 275.1107 15.06384295166290
1 44918U 20001E   23008.63863419 -.00000195  00000-0  57695-5 0  9995
2 44918  53.0552 136.3662 0001170  66.2562 293.8549 15.06392960166342
1 44918U 20001E   23008.63863419 -.00000195  00000-0  57695-5 0  9995
2 44918  53.0552 136.3662 0001170  66.2562 293.8549 15.06392960166342
1 44918U 20001E   23009.03670273  .00000569  00000-0  57072-4 0  9996
2 44918  53.0556 134.5789 0001342  87.7191 272.3952 15.06409340166401
1 44918U 20001E   23009.30208938 -.00003288  00000-0 -20175-3 0  9997
2 44918  53.0572 133.3889 0002056  74.0842 286.0373 15.06425260166444
1 44918U 20001E   23009.70017810  .00002543  00000-0  18958-3 0  9995
2 44918  53.0557 131.6021 0001361  72.0117 288.1020 15.06396415166505
1 44918U 20001E   23009.70017810  .00002543  00000-0  18958-3 0  9995
2 44918  53.0557 131.6021 0001361  72.0117 288.1020 15.06396415166505
1 44918U 20001E   23010.49634615 -.00000068  00000-0  14365-4 0  9991
2 44918  53.0543 128.0273 0001769  71.8784 288.2398 15.06398849166623
1 44918U 20001E   23010.69538051  .00001307  00000-0  10660-3 0  9999
2 44918  53.0550 127.1319 0001606  72.0357 288.0806 15.06404500166658
1 44918U 20001E   23011.55788065 -.00002635  00000-0 -15793-3 0  9996
2 44918  53.0549 123.2602 0001593  66.2621 293.8535 15.06421566166780
1 44918U 20001E   23011.55788065 -.00002635  00000-0 -15793-3 0  9996
2 44918  53.0549 123.2602 0001593  66.2621 293.8535 15.06421566166780
1 44918U 20001E   23012.02231215  .00001998  00000-0  15299-3 0  9999
2 44918  53.0550 121.1753 0001494  66.0434 294.0712 15.06403348166852
1 44918U 20001E   23012.68576220  .00005139  00000-0  36338-3 0  9997
2 44918  53.0546 118.1952 0001397  72.9583 287.1559 15.06427119166952
1 44918U 20001E   23012.68576220  .00005139  00000-0  36338-3 0  9997
2 44918  53.0546 118.1952 0001397  72.9583 287.1559 15.06427119166952
1 44918U 20001E   23013.01751996 -.00003545  00000-0 -21921-3 0  9993
2 44918  53.0549 116.7061 0002610  79.9776 280.1508 15.06388831167001
1 44918U 20001E   23013.54830309 -.00006055  00000-0 -38819-3 0  9990
2 44918  53.0537 114.3241 0001423  81.0289 279.0861 15.06374346167089
1 44918U 20001E   23013.54830309 -.00006055  00000-0 -38819-3 0  9990
2 44918  53.0537 114.3241 0001423  81.0289 279.0861 15.06374346167089
1 44918U 20001E   23014.27812074  .00001289  00000-0  10543-3 0  9996
2 44918  53.0535 111.0482 0001430  80.3533 279.7617 15.06387533167190
1 44918U 20001E   23015.53872290  .00007349  00000-0  51177-3 0  9993
2 44918  53.0550 105.3917 0001582  99.7299 260.3868 15.06398248167387
1 44918U 20001E   23015.53872290  .00007349  00000-0  51177-3 0  9993
2 44918  53.0550 105.3917 0001582  99.7299 260.3868 15.06398248167387
1 44918U 20001E   23016.53392039  .00008313  00000-0  57614-3 0  9996
2 44918  53.0551 100.9256 0001223  96.3528 263.7601 15.06412795167538
1 44918U 20001E   23016.93200531 -.00000199  00000-0  55620-5 0  9997
2 44918  53.0556  99.1384 0001411 105.3490 254.7655 15.06396948167598
1 44918U 20001E   23017.26374646 -.00010227  00000-0 -66911-3 0  9990
2 44918  53.0552  97.6482 0001309 105.2667 254.8467 15.06375213167647
1 44918U 20001E   23017.26374646 -.00010227  00000-0 -66911-3 0  9990
2 44918  53.0552  97.6482 0001309 105.2667 254.8467 15.06375213167647
1 44918U 20001E   23018.52434071  .00021729  00000-0  14719-2 0  9994
2 44918  53.0554  91.9895 0000924  94.2113 265.8982 15.06430805167833
1 44918U 20001E   23018.52434071  .00021729  00000-0  14719-2 0  9994
2 44918  53.0554  91.9895 0000924  94.2113 265.8982 15.06430805167833
1 44918U 20001E   23018.92241701  .00011772  00000-0  80749-3 0  9998
2 44918  53.0559  90.2029 0001315  89.5796 270.5343 15.06418228167893
1 44918U 20001E   23019.45318645 -.00002939  00000-0 -17842-3 0  9990
2 44918  53.0553  87.8198 0001310  87.6413 272.4726 15.06419257167974
1 44918U 20001E   23019.45318645 -.00002939  00000-0 -17842-3 0  9990
2 44918  53.0553  87.8198 0001310  87.6413 272.4726 15.06419257167974
1 44918U 20001E   23020.44838875  .00002130  00000-0  16183-3 0  9991
2 44918  53.0548  83.3520 0001368  96.5147 263.5998 15.06402351168121
1 44918U 20001E   23020.44838875  .00002130  00000-0  16183-3 0  9991
2 44918  53.0548  83.3520 0001368  96.5147 263.5998 15.06402351168121
1 44918U 20001E   23021.17821036  .00000179  00000-0  30898-4 0  9994
2 44918  53.0544  80.0741 0001483  97.1000 263.0158 15.06390964168230
1 44918U 20001E   23022.50514553  .00003125  00000-0  22855-3 0  9992
2 44918  53.0547  74.1184 0001444  89.5859 270.5295 15.06405595168436
1 44918U 20001E   23023.10227496  .00000697  00000-0  65686-4 0  9997
2 44918  53.0531  71.4369 0001589  91.5619 268.5552 15.06393740168522
1 44918U 20001E   23024.49554921  .00006128  00000-0  42977-3 0  9998
2 44918  53.0540  65.1820 0001570  99.5078 260.6088 15.06416449168733
1 44918U 20001E   23025.09267769  .00001675  00000-0  13132-3 0  9999
2 44918  53.0541  62.5026 0001438  98.6184 261.4968 15.06398937168821
1 44918U 20001E   23025.35806643  .00000450  00000-0  49094-4 0  9995
2 44918  53.0539  61.3107 0001323  94.6913 265.4227 15.06395546168863
1 44918U 20001E   23025.82249336  .00001613  00000-0  12715-3 0  9998
2 44918  53.0541  59.2246 0001277  95.3294 264.7841 15.06399468168933
1 44918U 20001E   23026.35326807  .00002480  00000-0  18530-3 0  9990
2 44918  53.0539  56.8426 0001367  93.7091 266.4054 15.06402783169010
1 44918U 20001E   23026.35326807  .00002480  00000-0  18530-3 0  9990
2 44918  53.0539  56.8426 0001367  93.7091 266.4054 15.06402783169010
1 44918U 20001E   23027.08308795  .00002560  00000-0  19074-3 0  9990
2 44918  53.0540  53.5663 0001351  92.0747 268.0397 15.06396239169120
1 44918U 20001E   23027.48116915  .00002300  00000-0  17326-3 0  9995
2 44918  53.0538  51.7787 0001339  92.6279 267.4864 15.06396681169185
1 44918U 20001E   23028.07829437  .00000910  00000-0  79969-4 0  9998
2 44918  53.0537  49.0972 0001347  94.0148 266.0995 15.06391969169274
1 44918U 20001E   23028.47637031  .00001220  00000-0  10079-3 0  9990
2 44918  53.0547  47.3105 0001385  99.5104 260.6042 15.06400817169331
1 44918U 20001E   23028.47637031  .00001220  00000-0  10079-3 0  9990
2 44918  53.0547  47.3105 0001385  99.5104 260.6042 15.06400817169331
1 44918U 20001E   23028.74175926  .00000288  00000-0  38234-4 0  9997
2 44918  53.0545  46.1182 0001336  81.1975 278.9165 15.06400603169375
1 44918U 20001E   23029.47157131  .00001521  00000-0  12098-3 0  9996
2 44918  53.0548  42.8425 0001427  96.8663 263.2489 15.06405590169487
1 44918U 20001E   23030.26774400  .00000546  00000-0  55579-4 0  9997
2 44918  53.0549  39.2682 0001349  96.9288 263.1854 15.06393485169608
1 44918U 20001E   23030.33409385  .00002925  00000-0  21526-3 0  9999
2 44918  53.0551  38.9703 0001450 103.8681 256.2469 15.06384677169618
1 44918U 20001E   23031.26294037  .00001534  00000-0  12182-3 0  9991
2 44918  53.0549  34.8002 0001354  98.4553 261.6589 15.06401235169750
1 44918U 20001E   23031.39563050  .00001307  00000-0  10659-3 0  9994
2 44918  53.0547  34.2031 0001330  95.8588 264.2553 15.06406006169770
