1 44927U 20001P   22365.45309578  .00003346  00000-0  24332-3 0  9991
2 44927  53.0533 173.0743 0001308  93.0802 267.0337 15.06409336164372
1 44927U 20001P   22365.71848436  .00001845  00000-0  14268-3 0  9990
2 44927  53.0534 171.8830 0001309  93.1994 266.9145 15.06404732164415
1 44927U 20001P   22365.85118028  .00000354  00000-0  42659-4 0  9992
2 44927  53.0535 171.2874 0001305  93.7024 266.4114 15.06399713164439
1 44927U 20001P   23001.51464657  .00000903  00000-0  79491-4 0  9999
2 44927  53.0544 168.3089 0001312  96.4114 263.7025 15.06403602164537
1 44927U 20001P   23001.71369047  .00000163  00000-0  29865-4 0  9996
2 44927  53.0544 167.4155 0001341  94.7995 265.3147 15.06399151164560
1 44927U 20001P   23002.17812523 -.00001254  00000-0 -65314-4 0  9992
2 44927  53.0546 165.3307 0001322  94.7657 265.3483 15.06392541164639
1 44927U 20001P   23002.57620372 -.00001187  00000-0 -60843-4 0  9992
2 44927  53.0546 163.5438 0001327  94.4725 265.6416 15.06396362164692
1 44927U 20001P   23002.77524204  .00000021  00000-0  20324-4 0  9995
2 44927  53.0543 162.6504 0001374  97.1576 262.9569 15.06395931164723
1 44927U 20001P   23002.77524204  .00000021  00000-0  20324-4 0  9995
2 44927  53.0543 162.6504 0001374  97.1576 262.9569 15.06395931164723
1 44927U 20001P   23003.57140014  .00001008  00000-0  86548-4 0  9993
2 44927  53.0548 159.0762 0001455  93.7225 266.3930 15.06401499164847
1 44927U 20001P   23003.83678542  .00001017  00000-0  87121-4 0  9992
2 44927  53.0545 157.8848 0001432  92.6338 267.4815 15.06403624164883
1 44927U 20001P   23004.43391431  .00001066  00000-0  90442-4 0  9992
2 44927  53.0547 155.2039 0001523  95.5112 264.6051 15.06395389164971
1 44927U 20001P   23004.43391431  .00001066  00000-0  90442-4 0  9992
2 44927  53.0547 155.2039 0001523  95.5112 264.6051 15.06395389164971
1 44927U 20001P   23004.83198908  .00002251  00000-0  16993-3 0  9995
2 44927  53.0549 153.4162 0001510  99.2048 260.9112 15.06401409165031
1 44927U 20001P   23004.83198908  .00002251  00000-0  16993-3 0  9995
2 44927  53.0549 153.4162 0001510  99.2048 260.9112 15.06401409165031
1 44927U 20001P   23005.09738294  .00000534  00000-0  54772-4 0  9992
2 44927  53.0551 152.2249 0001486  73.7322 286.3830 15.06397204165071
1 44927U 20001P   23005.49548916 -.00003057  00000-0 -18655-3 0  9990
2 44927  53.0558 150.4367 0001577  89.5917 270.5252 15.06371850165134
1 44927U 20001P   23005.49548916 -.00003057  00000-0 -18655-3 0  9990
2 44927  53.0558 150.4367 0001577  89.5917 270.5252 15.06371850165134
1 44927U 20001P   23005.76087438 -.00002338  00000-0 -13818-3 0  9994
2 44927  53.0547 149.2476 0001490  84.6920 275.4239 15.06378954165178
1 44927U 20001P   23005.76087438 -.00002338  00000-0 -13818-3 0  9994
2 44927  53.0547 149.2476 0001490  84.6920 275.4239 15.06378954165178
1 44927U 20001P   23006.75606943  .00000340  00000-0  41717-4 0  9991
2 44927  53.0545 144.7803 0001344  80.4937 279.6204 15.06397099165326
1 44927U 20001P   23006.75606943  .00000340  00000-0  41717-4 0  9991
2 44927  53.0545 144.7803 0001344  80.4937 279.6204 15.06397099165326
1 44927U 20001P   23007.08780735  .00001828  00000-0  14161-3 0  9994
2 44927  53.0536 143.2911 0001350  80.1719 279.9423 15.06394452165373
1 44927U 20001P   23007.61858477  .00008510  00000-0  58941-3 0  9991
2 44927  53.0533 140.9084 0001462  73.9696 286.1454 15.06404140165452
1 44927U 20001P   23008.08300996  .00005809  00000-0  40848-3 0  9996
2 44927  53.0536 138.8240 0001376  73.4229 286.6911 15.06408191165527
1 44927U 20001P   23008.61378383  .00003132  00000-0  22905-3 0  9991
2 44927  53.0544 136.4425 0001540  73.8267 286.2891 15.06406490165606
1 44927U 20001P   23008.61378383  .00003132  00000-0  22905-3 0  9991
2 44927  53.0544 136.4425 0001540  73.8267 286.2891 15.06406490165606
1 44927U 20001P   23009.60898439  .00001965  00000-0  15074-3 0  9991
2 44927  53.0533 131.9738 0001395  77.4424 282.6721 15.06405071165756
1 44927U 20001P   23009.67533105  .00001640  00000-0  12892-3 0  9999
2 44927  53.0536 131.6759 0001395  78.1798 281.9347 15.06404583165765
1 44927U 20001P   23009.74167640  .00001571  00000-0  12428-3 0  9992
2 44927  53.0536 131.3778 0001367  78.3964 281.7178 15.06407270165776
1 44927U 20001P   23010.27245538  .00000501  00000-0  52511-4 0  9995
2 44927  53.0524 128.9947 0001474  81.0994 279.0162 15.06397814165850
1 44927U 20001P   23010.60418579  .00001971  00000-0  15117-3 0  9991
2 44927  53.0537 127.5065 0001273  82.0430 278.0703 15.06404033165901
1 44927U 20001P   23010.73687763  .00002421  00000-0  18130-3 0  9997
2 44927  53.0533 126.9100 0001279  83.5492 276.5642 15.06406918165921
1 44927U 20001P   23010.73687763  .00002421  00000-0  18130-3 0  9997
2 44927  53.0533 126.9100 0001279  83.5492 276.5642 15.06406918165921
1 44927U 20001P   23011.13496488  .00001389  00000-0  11211-3 0  9999
2 44927  53.0527 125.1229 0001577  93.1264 266.9905 15.06395670165985
1 44927U 20001P   23011.59938932  .00003020  00000-0  22150-3 0  9992
2 44927  53.0537 123.0389 0001270  83.8719 276.2415 15.06403378166055
1 44927U 20001P   23012.66094038  .00001136  00000-0  95112-4 0  9996
2 44927  53.0532 118.2739 0001312  85.2092 274.9047 15.06400591166210
1 44927U 20001P   23012.66094038  .00001136  00000-0  95112-4 0  9996
2 44927  53.0532 118.2739 0001312  85.2092 274.9047 15.06400591166210
1 44927U 20001P   23013.52345081  .00001690  00000-0  13231-3 0  9995
2 44927  53.0539 114.4008 0001173  86.7793 273.3331 15.06400162166340
1 44927U 20001P   23013.65614170  .00001696  00000-0  13271-3 0  9997
2 44927  53.0538 113.8047 0001191  92.0523 268.0602 15.06403639166362
1 44927U 20001P   23014.25326846  .00000753  00000-0  69455-4 0  9993
2 44927  53.0531 111.1251 0001392  97.4607 262.6540 15.06396070166459
1 44927U 20001P   23014.65134410  .00001659  00000-0  13022-3 0  9995
2 44927  53.0534 109.3380 0001227  98.1143 261.9985 15.06405572166514
1 44927U 20001P   23015.24847760  .00000325  00000-0  40743-4 0  9990
2 44927  53.0537 106.6588 0001747  70.9508 289.1670 15.06392064166601
1 44927U 20001P   23015.51386220  .00001936  00000-0  14886-3 0  9996
2 44927  53.0538 105.4671 0001746  73.3597 286.7583 15.06399237166645
1 44927U 20001P   23015.64655642  .00001602  00000-0  12646-3 0  9999
2 44927  53.0519 104.8692 0001628  89.1145 271.0030 15.06396807166669
1 44927U 20001P   23016.04463646  .00005571  00000-0  39257-3 0  9991
2 44927  53.0519 103.0826 0001569  81.0807 279.0359 15.06405114166720
1 44927U 20001P   23016.50906161  .00011572  00000-0  79414-3 0  9993
2 44927  53.0538 100.9991 0001231  75.0560 285.0565 15.06414518166796
1 44927U 20001P   23017.57061556  .00004165  00000-0  29836-3 0  9994
2 44927  53.0529  96.2323 0001398  85.6451 274.4697 15.06397395166951
1 44927U 20001P   23017.57061556  .00004165  00000-0  29836-3 0  9994
2 44927  53.0529  96.2323 0001398  85.6451 274.4697 15.06397395166951
1 44927U 20001P   23017.63696245  .00002663  00000-0  19760-3 0  9996
2 44927  53.0532  95.9350 0001398  84.9495 275.1653 15.06399552166969
1 44927U 20001P   23018.23409005  .00000323  00000-0  40599-4 0  9995
2 44927  53.0546  93.2531 0001247  91.1870 268.9262 15.06389809167057
1 44927U 20001P   23018.43313401 -.00001704  00000-0 -95537-4 0  9999
2 44927  53.0548  92.3599 0001345  94.3694 265.7449 15.06384578167084
1 44927U 20001P   23018.89756188  .00002831  00000-0  20892-3 0  9993
2 44927  53.0558  90.2761 0001468  90.0208 270.0950 15.06395100167150
1 44927U 20001P   23019.22929431  .00007735  00000-0  53752-3 0  9993
2 44927  53.0532  88.7874 0001259  86.6488 273.4645 15.06405589167205
1 44927U 20001P   23019.42833002  .00014018  00000-0  95750-3 0  9999
2 44927  53.0554  87.8943 0001404  91.5495 268.5655 15.06423442167238
1 44927U 20001P   23019.49467740  .00024120  00000-0  16312-2 0  9999
2 44927  53.0547  87.5962 0001440  91.8737 268.2417 15.06432601167241
1 44927U 20001P   23020.15813897  .00006913  00000-0  48225-3 0  9991
2 44927  53.0542  84.6195 0001650  94.0062 266.1115 15.06423579167348
1 44927U 20001P   23020.48987471  .00024719  00000-0  16720-2 0  9995
2 44927  53.0546  83.1296 0001479  97.2133 262.9024 15.06413056167398
1 44927U 20001P   23020.48987471  .00024719  00000-0  16720-2 0  9995
2 44927  53.0546  83.1296 0001479  97.2133 262.9024 15.06413056167398
1 44927U 20001P   23020.88796088  .00019071  00000-0  12957-2 0  9994
2 44927  53.0550  81.3429 0001799  81.4216 278.6977 15.06401689167450
1 44927U 20001P   23021.41873941  .00027151  00000-0  18347-2 0  9995
2 44927  53.0552  78.9605 0001574  80.3117 279.8050 15.06397942167539
1 44927U 20001P   23022.14855646  .00011303  00000-0  77644-3 0  9996
2 44927  53.0547  75.6839 0001968  80.7542 279.3670 15.06403595167646
1 44927U 20001P   23023.14375776  .00004951  00000-0  35103-3 0  9993
2 44927  53.0534  71.2154 0001647  82.0253 278.0923 15.06403727167792
1 44927U 20001P   23024.13896373 -.00000751  00000-0 -31501-4 0  9999
2 44927  53.0553  66.7474 0001664  95.9467 264.1711 15.06391107167942
1 44927U 20001P   23025.39955537  .00002251  00000-0  16994-3 0  9999
2 44927  53.0549  61.0873 0001397  94.1848 265.9300 15.06399702168139
1 44927U 20001P   23025.39955537  .00002251  00000-0  16994-3 0  9999
2 44927  53.0549  61.0873 0001397  94.1848 265.9300 15.06399702168139
1 44927U 20001P   23025.79763690  .00002098  00000-0  15970-3 0  9992
2 44927  53.0550  59.3008 0001415  95.5870 264.5281 15.06399440168190
1 44927U 20001P   23026.46110228  .00004602  00000-0  32756-3 0  9994
2 44927  53.0545  56.3216 0001501  95.3329 264.7831 15.06408154168292
1 44927U 20001P   23026.46110228  .00004602  00000-0  32756-3 0  9994
2 44927  53.0545  56.3216 0001501  95.3329 264.7831 15.06408154168292
1 44927U 20001P   23027.05822649  .00000785  00000-0  71599-4 0  9994
2 44927  53.0545  53.6409 0001540  99.6678 260.4485 15.06399299168380
1 44927U 20001P   23027.45630633  .00001469  00000-0  11748-3 0  9997
2 44927  53.0546  51.8537 0001572  99.6023 260.5143 15.06402520168443
1 44927U 20001P   23028.11978013 -.00000186  00000-0  64366-5 0  9990
2 44927  53.0545  48.8747 0001534 104.1211 255.9948 15.06393508168547
1 44927U 20001P   23028.31881802 -.00000073  00000-0  13971-4 0  9991
2 44927  53.0552  47.9809 0001485 103.6580 256.4575 15.06398882168577
1 44927U 20001P   23028.78324681  .00000328  00000-0  40945-4 0  9992
2 44927  53.0547  45.8968 0001464 106.7841 253.3308 15.06398100168646
1 44927U 20001P   23029.24767133  .00001025  00000-0  87677-4 0  9995
2 44927  53.0555  43.8119 0001605 100.5587 259.5582 15.06403240168719
1 44927U 20001P   23029.44671106  .00001971  00000-0  15118-3 0  9991
2 44927  53.0554  42.9181 0001494 104.4146 255.7009 15.06402114168741
1 44927U 20001P   23030.24288248  .00001822  00000-0  14124-3 0  9993
2 44927  53.0558  39.3443 0001509  95.0538 265.0624 15.06390588168864
1 44927U 20001P   23030.24288248  .00001822  00000-0  14124-3 0  9993
2 44927  53.0558  39.3443 0001509  95.0538 265.0624 15.06390588168864
1 44927U 20001P   23031.43712133  .00000665  00000-0  63509-4 0  9996
2 44927  53.0559  33.9839 0001539  89.9808 270.1357 15.06401715169045
1 44927U 20001P   23031.43712133  .00000665  00000-0  63509-4 0  9996
2 44927  53.0559  33.9839 0001539  89.9808 270.1357 15.06401715169045
