1 44928U 20001Q   22365.18402942  .00000330  00000-0  41091-4 0  9993
2 44928  53.0550 174.2936 0001683  65.0173 295.0991 15.06394846164337
1 44928U 20001Q   22365.71480144  .00000490  00000-0  51768-4 0  9991
2 44928  53.0550 171.9108 0001704  63.7664 296.3500 15.06399236164413
1 44928U 20001Q   23001.17922702  .00000166  00000-0  30054-4 0  9995
2 44928  53.0552 169.8258 0001657  61.6984 298.4172 15.06402312164481
1 44928U 20001Q   23001.17922702  .00000166  00000-0  30054-4 0  9995
2 44928  53.0552 169.8258 0001657  61.6984 298.4172 15.06402312164481
1 44928U 20001Q   23001.77635987 -.00000498  00000-0 -14501-4 0  9996
2 44928  53.0543 167.1470 0001860  62.6420 297.4758 15.06389558164575
1 44928U 20001Q   23001.77635987 -.00000498  00000-0 -14501-4 0  9996
2 44928  53.0543 167.1470 0001860  62.6420 297.4758 15.06389558164575
1 44928U 20001Q   23002.57251615  .00000778  00000-0  71156-4 0  9995
2 44928  53.0551 163.5715 0001570  65.1392 294.9760 15.06397751164692
1 44928U 20001Q   23002.83790137  .00000821  00000-0  74020-4 0  9993
2 44928  53.0551 162.3799 0001574  65.8573 294.2580 15.06400564164738
1 44928U 20001Q   23002.83790137  .00000821  00000-0  74020-4 0  9993
2 44928  53.0551 162.3799 0001574  65.8573 294.2580 15.06400564164738
1 44928U 20001Q   23003.16963337  .00000948  00000-0  82553-4 0  9994
2 44928  53.0553 160.8908 0001564  65.1310 294.9842 15.06403614164788
1 44928U 20001Q   23003.70041674  .00000972  00000-0  84166-4 0  9994
2 44928  53.0551 158.5091 0001615  63.4312 296.6842 15.06391170164864
1 44928U 20001Q   23004.43022138  .00001376  00000-0  11121-3 0  9998
2 44928  53.0551 155.2334 0001642  62.9433 297.1723 15.06406507164973
1 44928U 20001Q   23004.43022138  .00001376  00000-0  11121-3 0  9998
2 44928  53.0551 155.2334 0001642  62.9433 297.1723 15.06406507164973
1 44928U 20001Q   23004.69561451  .00000289  00000-0  38279-4 0  9998
2 44928  53.0554 154.0419 0001642  63.2167 296.8989 15.06399070165017
1 44928U 20001Q   23004.69561451  .00000289  00000-0  38279-4 0  9998
2 44928  53.0554 154.0419 0001642  63.2167 296.8989 15.06399070165017
1 44928U 20001Q   23005.49176744  .00001799  00000-0  13964-3 0  9994
2 44928  53.0549 150.4681 0001455  57.7337 302.3793 15.06404786165131
1 44928U 20001Q   23005.49176744  .00001799  00000-0  13964-3 0  9994
2 44928  53.0549 150.4681 0001455  57.7337 302.3793 15.06404786165131
1 44928U 20001Q   23005.69080984  .00001561  00000-0  12363-3 0  9995
2 44928  53.0555 149.5733 0001480  58.0146 302.0987 15.06402219165169
1 44928U 20001Q   23006.35428405 -.00000164  00000-0  78757-5 0  9993
2 44928  53.0584 146.6008 0001519  60.0887 300.0253 15.06397462165260
1 44928U 20001Q   23006.35428405 -.00000164  00000-0  78757-5 0  9993
2 44928  53.0584 146.6008 0001519  60.0887 300.0253 15.06397462165260
1 44928U 20001Q   23006.68602588 -.00000499  00000-0 -14593-4 0  9994
2 44928  53.0571 145.1077 0001651  59.9599 300.1554 15.06389624165312
1 44928U 20001Q   23006.68602588 -.00000499  00000-0 -14593-4 0  9994
2 44928  53.0571 145.1077 0001651  59.9599 300.1554 15.06389624165312
1 44928U 20001Q   23008.07930032  .00000324  00000-0  40673-4 0  9990
2 44928  53.0567 138.8525 0001801  55.9448 304.1712 15.06404190165529
1 44928U 20001Q   23008.34469703  .00002099  00000-0  15981-3 0  9996
2 44928  53.0566 137.6615 0001955  56.9213 303.1963 15.06388317165569
1 44928U 20001Q   23008.34469703  .00002099  00000-0  15981-3 0  9996
2 44928  53.0566 137.6615 0001955  56.9213 303.1963 15.06388317165569
1 44928U 20001Q   23008.74277667  .00001719  00000-0  13428-3 0  9998
2 44928  53.0543 135.8752 0001890  48.5210 311.5941 15.06392607165621
1 44928U 20001Q   23009.60528499  .00001242  00000-0  10229-3 0  9993
2 44928  53.0573 132.0032 0001707  36.7301 323.3804 15.06396808165751
1 44928U 20001Q   23009.67162682  .00001413  00000-0  11371-3 0  9997
2 44928  53.0565 131.7043 0001615  45.9990 314.1132 15.06403781165766
1 44928U 20001Q   23009.67162682  .00001413  00000-0  11371-3 0  9997
2 44928  53.0565 131.7043 0001615  45.9990 314.1132 15.06403781165766
1 44928U 20001Q   23010.53413880  .00001854  00000-0  14334-3 0  9994
2 44928  53.0559 127.8323 0001732  51.0503 309.0640 15.06398463165895
1 44928U 20001Q   23011.59567194  .00002917  00000-0  21456-3 0  9993
2 44928  53.0546 123.0697 0001855  47.7754 312.3392 15.06419484166056
1 44928U 20001Q   23011.59567194  .00002917  00000-0  21456-3 0  9993
2 44928  53.0546 123.0697 0001855  47.7754 312.3392 15.06419484166056
1 44928U 20001Q   23011.66201592  .00004516  00000-0  32169-3 0  9998
2 44928  53.0558 122.7689 0001984  51.4306 308.6860 15.06420342166068
1 44928U 20001Q   23011.99377791 -.00000283  00000-0 -59740-7 0  9996
2 44928  53.0566 121.2783 0002341  59.7778 300.3442 15.06389243166113
1 44928U 20001Q   23012.65725277 -.00004193  00000-0 -26287-3 0  9996
2 44928  53.0566 118.3042 0002284  78.9411 281.1835 15.06377371166213
1 44928U 20001Q   23012.65725277 -.00004193  00000-0 -26287-3 0  9996
2 44928  53.0566 118.3042 0002284  78.9411 281.1835 15.06377371166213
1 44928U 20001Q   23013.51976047 -.00000664  00000-0 -25638-4 0  9994
2 44928  53.0533 114.4290 0001962  56.0195 304.0980 15.06397066166340
1 44928U 20001Q   23013.51976047 -.00000664  00000-0 -25638-4 0  9994
2 44928  53.0533 114.4290 0001962  56.0195 304.0980 15.06397066166340
1 44928U 20001Q   23014.24958653  .00007342  00000-0  51134-3 0  9995
2 44928  53.0537 111.1561 0001982  68.2591 291.8609 15.06393933166458
1 44928U 20001Q   23015.24479097  .00001769  00000-0  13767-3 0  9993
2 44928  53.0526 106.6873 0002405  74.2271 285.8983 15.06396475166603
1 44928U 20001Q   23015.51017677  .00002273  00000-0  17148-3 0  9993
2 44928  53.0531 105.4950 0001845  81.2431 278.8767 15.06399239166642
1 44928U 20001Q   23015.64286665  .00006416  00000-0  44909-3 0  9990
2 44928  53.0523 104.8992 0001762  70.5855 289.5324 15.06409929166669
1 44928U 20001Q   23015.64286665  .00006416  00000-0  44909-3 0  9990
2 44928  53.0523 104.8992 0001762  70.5855 289.5324 15.06409929166669
1 44928U 20001Q   23016.17364370  .00003789  00000-0  27310-3 0  9996
2 44928  53.0521 102.5161 0001725  77.0418 283.0764 15.06403463166749
1 44928U 20001Q   23016.57171978  .00013892  00000-0  94916-3 0  9992
2 44928  53.0532 100.7290 0001655  85.4833 274.6345 15.06420489166805
1 44928U 20001Q   23016.57171978  .00013892  00000-0  94916-3 0  9992
2 44928  53.0532 100.7290 0001655  85.4833 274.6345 15.06420489166805
1 44928U 20001Q   23017.50057645  .00022356  00000-0  15145-2 0  9991
2 44928  53.0534  96.5595 0001259  90.7763 269.3370 15.06412391166945
1 44928U 20001Q   23017.50057645  .00022356  00000-0  15145-2 0  9991
2 44928  53.0534  96.5595 0001259  90.7763 269.3370 15.06412391166945
1 44928U 20001Q   23018.23039582  .00016159  00000-0  11010-2 0  9993
2 44928  53.0535  93.2816 0000826  68.5997 291.5080 15.06406978167059
1 44928U 20001Q   23018.49578426  .00020196  00000-0  13706-2 0  9996
2 44928  53.0537  92.0917 0001390  82.1356 277.9791 15.06405911167095
1 44928U 20001Q   23018.89386621  .00008994  00000-0  62191-3 0  9999
2 44928  53.0532  90.3048 0001312  72.9909 287.1223 15.06400790167151
1 44928U 20001Q   23018.89386621  .00008994  00000-0  62191-3 0  9999
2 44928  53.0532  90.3048 0001312  72.9909 287.1223 15.06400790167151
1 44928U 20001Q   23019.49098530  .00006129  00000-0  42994-3 0  9992
2 44928  53.0555  87.6271 0001523  94.5071 265.6092 15.06406731167243
1 44928U 20001Q   23020.15445786 -.00002208  00000-0 -12944-3 0  9994
2 44928  53.0534  84.6466 0001327  80.8649 279.2489 15.06390559167346
1 44928U 20001Q   23020.48619107  .00003038  00000-0  22274-3 0  9997
2 44928  53.0533  83.1576 0001531  81.3246 278.7916 15.06399946167390
1 44928U 20001Q   23021.41505573  .00000923  00000-0  80847-4 0  9993
2 44928  53.0545  78.9889 0001752  76.0904 284.0280 15.06392266167537
1 44928U 20001Q   23022.41025476  .00006224  00000-0  43626-3 0  9996
2 44928  53.0537  74.5211 0001715  78.2341 281.8840 15.06407846167681
1 44928U 20001Q   23023.14007384  .00003526  00000-0  25550-3 0  9993
2 44928  53.0534  71.2441 0001636  79.0965 281.0208 15.06401135167797
1 44928U 20001Q   23024.13527744 -.00000132  00000-0  10012-4 0  9999
2 44928  53.0517  66.7731 0001674  96.2073 263.9106 15.06394464167941
1 44928U 20001Q   23025.13048691 -.00000905  00000-0 -41903-4 0  9991
2 44928  53.0533  62.3057 0001504  89.9012 270.2150 15.06388837168090
1 44928U 20001Q   23025.46221688  .00001510  00000-0  12027-3 0  9991
2 44928  53.0521  60.8159 0001425  91.0750 269.0402 15.06397534168144
1 44928U 20001Q   23025.46221688  .00001510  00000-0  12027-3 0  9991
2 44928  53.0521  60.8159 0001425  91.0750 269.0402 15.06397534168144
1 44928U 20001Q   23025.79395104  .00001172  00000-0  97588-4 0  9992
2 44928  53.0527  59.3269 0001376  89.9625 270.1521 15.06398039168198
1 44928U 20001Q   23026.45741667  .00005195  00000-0  36728-3 0  9992
2 44928  53.0537  56.3495 0001455  91.1952 268.9203 15.06409958168299
1 44928U 20001Q   23026.78915234  .00002534  00000-0  18896-3 0  9991
2 44928  53.0539  54.8592 0001614  94.3694 265.7480 15.06403227168348
1 44928U 20001Q   23027.38627397  .00001758  00000-0  13689-3 0  9990
2 44928  53.0537  52.1790 0001469  95.9215 264.1941 15.06403670168438
1 44928U 20001Q   23028.18243958  .00000758  00000-0  69797-4 0  9997
2 44928  53.0537  48.6045 0001432  99.7892 260.3259 15.06397217168556
1 44928U 20001Q   23028.31513033  .00000668  00000-0  63726-4 0  9992
2 44928  53.0538  48.0085 0001454 100.2246 259.8907 15.06402928168571
1 44928U 20001Q   23028.84590716 -.00000067  00000-0  14374-4 0  9992
2 44928  53.0540  45.6260 0001411  94.4520 265.6630 15.06399078168652
1 44928U 20001Q   23029.24399091  .00001289  00000-0  10546-3 0  9992
2 44928  53.0547  43.8389 0001400  99.8787 260.2360 15.06394244168711
1 44928U 20001Q   23029.84111188  .00001038  00000-0  88575-4 0  9997
2 44928  53.0547  41.1583 0001389  96.2426 263.8721 15.06395734168800
1 44928U 20001Q   23030.43823012  .00001552  00000-0  12307-3 0  9990
2 44928  53.0546  38.4779 0001417  92.3272 267.7879 15.06401333168892
1 44928U 20001Q   23030.43823012  .00001552  00000-0  12307-3 0  9990
2 44928  53.0546  38.4779 0001417  92.3272 267.7879 15.06401333168892
1 44928U 20001Q   23031.03536015  .00000719  00000-0  67177-4 0  9991
2 44928  53.0546  35.7974 0001449  89.7172 270.3983 15.06391504168987
1 44928U 20001Q   23031.43343562  .00001487  00000-0  11872-3 0  9991
2 44928  53.0544  34.0103 0001485  92.3789 267.7370 15.06399428169046
1 44928U 20001Q   23031.43343562  .00001487  00000-0  11872-3 0  9991
2 44928  53.0544  34.0103 0001485  92.3789 267.7370 15.06399428169046
