1 44921U 20001H   22365.17940004  .00000493  00000-0  51992-4 0  9992
2 44921  53.0518 174.3040 0001792  69.7658 290.3523 15.06392124164304
1 44921U 20001H   22365.71017239  .00000293  00000-0  38565-4 0  9996
2 44921  53.0509 171.9212 0001794  68.8787 291.2394 15.06395045164382
1 44921U 20001H   22365.77651885  .00000486  00000-0  51540-4 0  9995
2 44921  53.0510 171.6233 0001814  69.3487 290.7696 15.06395688164393
1 44921U 20001H   23001.50633131  .00002308  00000-0  17380-3 0  9996
2 44921  53.0511 168.3470 0001811  69.2584 290.8599 15.06403423164507
1 44921U 20001H   23001.83806559  .00003111  00000-0  22767-3 0  9996
2 44921  53.0516 166.8585 0001650  71.7360 288.3809 15.06402826164550
1 44921U 20001H   23001.83806559  .00003111  00000-0  22767-3 0  9996
2 44921  53.0516 166.8585 0001650  71.7360 288.3809 15.06402826164550
1 44921U 20001H   23002.23615449  .00000427  00000-0  47565-4 0  9998
2 44921  53.0514 165.0709 0001644  68.4684 291.6480 15.06390800164619
1 44921U 20001H   23002.56788761  .00001083  00000-0  91636-4 0  9999
2 44921  53.0510 163.5815 0001709  69.4127 290.7045 15.06395029164661
1 44921U 20001H   23002.83327373  .00001411  00000-0  11362-3 0  9999
2 44921  53.0509 162.3900 0001695  69.4818 290.6352 15.06397732164700
1 44921U 20001H   23003.16500352  .00001799  00000-0  13962-3 0  9993
2 44921  53.0521 160.9009 0001637  70.1077 290.0089 15.06404806164757
1 44921U 20001H   23003.56307943  .00001867  00000-0  14414-3 0  9997
2 44921  53.0521 159.1136 0001647  70.4753 289.6414 15.06409212164812
1 44921U 20001H   23004.42559494  .00001253  00000-0  10303-3 0  9995
2 44921  53.0514 155.2420 0001669  67.8254 292.2912 15.06399600164943
1 44921U 20001H   23004.42559494  .00001253  00000-0  10303-3 0  9995
2 44921  53.0514 155.2420 0001669  67.8254 292.2912 15.06399600164943
1 44921U 20001H   23004.69097661  .00002371  00000-0  17800-3 0  9998
2 44921  53.0525 154.0502 0001653  70.8930 289.2238 15.06406314164983
1 44921U 20001H   23005.48713296  .00001250  00000-0  10280-3 0  9995
2 44921  53.0525 150.4766 0001709  68.5272 291.5899 15.06411089165109
1 44921U 20001H   23005.48713296  .00001250  00000-0  10280-3 0  9995
2 44921  53.0525 150.4766 0001709  68.5272 291.5899 15.06411089165109
1 44921U 20001H   23005.55347820  .00001239  00000-0  10201-3 0  9999
2 44921  53.0522 150.1780 0001719  70.2694 289.8481 15.06412705165112
1 44921U 20001H   23006.41599979 -.00003632  00000-0 -22512-3 0  9998
2 44921  53.0515 146.3063 0001613  69.9655 290.1508 15.06387153165247
1 44921U 20001H   23006.74773505 -.00002909  00000-0 -17652-3 0  9998
2 44921  53.0520 144.8178 0001552  65.0667 295.0483 15.06387884165297
1 44921U 20001H   23007.07947260  .00000453  00000-0  49339-4 0  9994
2 44921  53.0526 143.3276 0001584  65.3632 294.7521 15.06392262165347
1 44921U 20001H   23007.41119986  .00001111  00000-0  93490-4 0  9997
2 44921  53.0519 141.8382 0001532  61.4179 298.6964 15.06401175165399
1 44921U 20001H   23007.41119986  .00001111  00000-0  93490-4 0  9997
2 44921  53.0519 141.8382 0001532  61.4179 298.6964 15.06401175165399
1 44921U 20001H   23008.07467500  .00001797  00000-0  13950-3 0  9990
2 44921  53.0517 138.8601 0001322  66.8600 293.2528 15.06393606165499
1 44921U 20001H   23008.60544765  .00004931  00000-0  34965-3 0  9990
2 44921  53.0516 136.4776 0001202  54.6590 305.4511 15.06401614165571
1 44921U 20001H   23009.06987306  .00004428  00000-0  31589-3 0  9993
2 44921  53.0502 134.3919 0001355  55.2149 304.8968 15.06406522165648
1 44921U 20001H   23009.60064860  .00001498  00000-0  11945-3 0  9992
2 44921  53.0510 132.0095 0001546  56.9334 303.1803 15.06402783165727
1 44921U 20001H   23009.60064860  .00001498  00000-0  11945-3 0  9992
2 44921  53.0510 132.0095 0001546  56.9334 303.1803 15.06402783165727
1 44921U 20001H   23009.73334314  .00002283  00000-0  17212-3 0  9996
2 44921  53.0511 131.4139 0001559  57.4828 302.6311 15.06401699165743
1 44921U 20001H   23010.59584201  .00003538  00000-0  25619-3 0  9998
2 44921  53.0516 127.5420 0001719  60.4672 299.6488 15.06416538165878
1 44921U 20001H   23010.72853224  .00004300  00000-0  30721-3 0  9995
2 44921  53.0511 126.9461 0001651  55.4876 304.6269 15.06420142165898
1 44921U 20001H   23010.72853224  .00004300  00000-0  30721-3 0  9995
2 44921  53.0511 126.9461 0001651  55.4876 304.6269 15.06420142165898
1 44921U 20001H   23011.59107971 -.00011100  00000-0 -72839-3 0  9996
2 44921  53.0511 123.0744 0001396  60.1821 299.9306 15.06350522166027
1 44921U 20001H   23011.59107971 -.00011100  00000-0 -72839-3 0  9996
2 44921  53.0511 123.0744 0001396  60.1821 299.9306 15.06350522166027
1 44921U 20001H   23011.98916566 -.00004110  00000-0 -25747-3 0  9996
2 44921  53.0518 121.2869 0001557  66.7549 293.3604 15.06360479166087
1 44921U 20001H   23012.65264436  .00027509  00000-0  18586-2 0  9990
2 44921  53.0517 118.3093 0001423  63.4625 296.6510 15.06397545166180
1 44921U 20001H   23012.65264436  .00027509  00000-0  18586-2 0  9990
2 44921  53.0517 118.3093 0001423  63.4625 296.6510 15.06397545166180
1 44921U 20001H   23013.51514164  .00026221  00000-0  17710-2 0  9990
2 44921  53.0510 114.4369 0001440  62.4053 297.7082 15.06435027166318
1 44921U 20001H   23013.71417613  .00028311  00000-0  19095-2 0  9993
2 44921  53.0509 113.5434 0001474  61.5428 298.5710 15.06446457166341
1 44921U 20001H   23013.71417613  .00028311  00000-0  19095-2 0  9993
2 44921  53.0509 113.5434 0001474  61.5428 298.5710 15.06446457166341
1 44921U 20001H   23014.24495285  .00011488  00000-0  78858-3 0  9993
2 44921  53.0513 111.1613 0001995  78.4252 281.6961 15.06413421166424
1 44921U 20001H   23014.97476589  .00014917  00000-0  10178-2 0  9999
2 44921  53.0515 107.8829 0001384  82.5565 277.5581 15.06413846166537
1 44921U 20001H   23015.50554497  .00011107  00000-0  76333-3 0  9998
2 44921  53.0517 105.5013 0001994  83.1432 276.9783 15.06400982166619
1 44921U 20001H   23016.50074276  .00005876  00000-0  41296-3 0  9997
2 44921  53.0528 101.0336 0001476  82.6405 277.4752 15.06410225166768
1 44921U 20001H   23016.56708854  .00008511  00000-0  58938-3 0  9999
2 44921  53.0520 100.7331 0001452  97.1703 262.9451 15.06411930166777
1 44921U 20001H   23016.63343288  .00010280  00000-0  70774-3 0  9991
2 44921  53.0521 100.4335 0001439 111.1811 248.9331 15.06416025166783
1 44921U 20001H   23017.49595971 -.00003260  00000-0 -20017-3 0  9991
2 44921  53.0530  96.5664 0001206  65.7295 294.3819 15.06379038166918
1 44921U 20001H   23017.49595971 -.00003260  00000-0 -20017-3 0  9991
2 44921  53.0530  96.5664 0001206  65.7295 294.3819 15.06379038166918
1 44921U 20001H   23018.22577605  .00008899  00000-0  61554-3 0  9999
2 44921  53.0528  93.2880 0002715  87.5135 272.6164 15.06401392167024
1 44921U 20001H   23018.55750313  .00032145  00000-0  21647-2 0  9993
2 44921  53.0522  91.8003 0001374  60.5987 299.5139 15.06440913167072
1 44921U 20001H   23018.55750313  .00032145  00000-0  21647-2 0  9993
2 44921  53.0522  91.8003 0001374  60.5987 299.5139 15.06440913167072
1 44921U 20001H   23018.88923783  .00017864  00000-0  12143-2 0  9994
2 44921  53.0531  90.3091 0001994  70.5632 289.5572 15.06424146167125
1 44921U 20001H   23018.88923783  .00017864  00000-0  12143-2 0  9994
2 44921  53.0531  90.3091 0001994  70.5632 289.5572 15.06424146167125
1 44921U 20001H   23019.48635365  .00024749  00000-0  16735-2 0  9998
2 44921  53.0521  87.6302 0001678  77.6721 282.4455 15.06422592167219
1 44921U 20001H   23019.55269888  .00032568  00000-0  21937-2 0  9997
2 44921  53.0522  87.3318 0001270  73.4302 286.6827 15.06426361167229
1 44921U 20001H   23019.81808791  .00018051  00000-0  12271-2 0  9990
2 44921  53.0523  86.1383 0001747  72.7157 287.4023 15.06414990167264
1 44921U 20001H   23020.14982308 -.00001705  00000-0 -95634-4 0  9991
2 44921  53.0531  84.6521 0001078  95.4628 264.6484 15.06391227167313
1 44921U 20001H   23020.48156027  .00028757  00000-0  19415-2 0  9994
2 44921  53.0521  83.1627 0001306  88.3156 271.7983 15.06401522167362
1 44921U 20001H   23021.14502713  .00019445  00000-0  13202-2 0  9997
2 44921  53.0514  80.1842 0001505  92.9902 267.1259 15.06413601167468
1 44921U 20001H   23022.14022803  .00004905  00000-0  34790-3 0  9996
2 44921  53.0519  75.7180 0001922  75.5852 284.5351 15.06406428167614
1 44921U 20001H   23023.13543861  .00003394  00000-0  24666-3 0  9990
2 44921  53.0527  71.2493 0001613  76.8352 283.2817 15.06393293167761
1 44921U 20001H   23024.26333969  .00007248  00000-0  50495-3 0  9992
2 44921  53.0526  66.1841 0001574  75.4676 284.6487 15.06400363167934
1 44921U 20001H   23025.12585003  .00002281  00000-0  17199-3 0  9992
2 44921  53.0552  62.3125 0001613  93.6874 266.4299 15.06396734168062
1 44921U 20001H   23025.39123859  .00001990  00000-0  15248-3 0  9997
2 44921  53.0537  61.1217 0001573  82.7580 277.3588 15.06397796168108
1 44921U 20001H   23025.78932038  .00001923  00000-0  14796-3 0  9990
2 44921  53.0539  59.3346 0001587  91.7799 268.3372 15.06397295168160
1 44921U 20001H   23026.38643855  .00005866  00000-0  41225-3 0  9990
2 44921  53.0531  56.6528 0001539  83.0978 277.0186 15.06408481168254
1 44921U 20001H   23026.38643855  .00005866  00000-0  41225-3 0  9990
2 44921  53.0531  56.6528 0001539  83.0978 277.0186 15.06408481168254
1 44921U 20001H   23026.78452026  .00003483  00000-0  25261-3 0  9997
2 44921  53.0527  54.8643 0001590  89.7998 270.3173 15.06402828168317
1 44921U 20001H   23027.24895259  .00001155  00000-0  96435-4 0  9994
2 44921  53.0536  52.7801 0001705  89.5043 270.6141 15.06394954168382
1 44921U 20001H   23027.38164302  .00002148  00000-0  16302-3 0  9994
2 44921  53.0529  52.1841 0001608  87.4673 272.6500 15.06401203168400
1 44921U 20001H   23028.31050130 -.00001071  00000-0 -53030-4 0  9997
2 44921  53.0535  48.0146 0001640  91.2008 268.9169 15.06403473168545
1 44921U 20001H   23028.31050130 -.00001071  00000-0 -53030-4 0  9997
2 44921  53.0535  48.0146 0001640  91.2008 268.9169 15.06403473168545
1 44921U 20001H   23028.77492936  .00000040  00000-0  21593-4 0  9993
2 44921  53.0534  45.9292 0001487 100.1842 259.9314 15.06399321168613
1 44921U 20001H   23029.43839620  .00001921  00000-0  14781-3 0  9991
2 44921  53.0536  42.9498 0001530  94.2075 265.9089 15.06398510168716
1 44921U 20001H   23029.43839620  .00001921  00000-0  14781-3 0  9991
2 44921  53.0536  42.9498 0001530  94.2075 265.9089 15.06398510168716
1 44921U 20001H   23030.30090574  .00001132  00000-0  94866-4 0  9993
2 44921  53.0533  39.0779 0001429  91.0894 269.0258 15.06399220168849
1 44921U 20001H   23031.03072486  .00000248  00000-0  35562-4 0  9991
2 44921  53.0529  35.8007 0001470  95.3924 264.7232 15.06395794168957
1 44921U 20001H   23031.42880290  .00000791  00000-0  71962-4 0  9991
2 44921  53.0538  34.0151 0001491  91.4961 268.6198 15.06400073169018
