1 44920U 20001G   22365.55731491  .00006319  00000-0  41579-3 0  9993
2 44920  53.0521 171.9263 0003380 128.6423 231.4870 15.08748409164390
1 44920U 20001G   22365.75604436  .00006498  00000-0  42698-3 0  9994
2 44920  53.0522 171.0309 0003352 129.1202 231.0086 15.08751694164422
1 44920U 20001G   23001.48471493  .00006704  00000-0  43980-3 0  9992
2 44920  53.0520 167.7476 0003315 130.6764 229.4514 15.08763994164531
1 44920U 20001G   23001.88216926  .00006754  00000-0  44283-3 0  9996
2 44920  53.0520 165.9568 0003294 131.4289 228.6984 15.08770897164598
1 44920U 20001G   23001.88216926  .00006754  00000-0  44283-3 0  9996
2 44920  53.0520 165.9568 0003294 131.4289 228.6984 15.08770897164598
1 44920U 20001G   23002.47834691  .00007589  00000-0  49515-3 0  9997
2 44920  53.0519 163.2704 0003250 133.0670 227.0593 15.08782590164685
1 44920U 20001G   23002.87579648  .00007267  00000-0  47486-3 0  9997
2 44920  53.0517 161.4795 0003215 133.8170 226.3086 15.08788870164740
1 44920U 20001G   23003.14076159  .00007593  00000-0  49524-3 0  9994
2 44920  53.0517 160.2856 0003194 134.3772 225.7480 15.08794364164785
1 44920U 20001G   23003.47196674  .00009151  00000-0  59283-3 0  9990
2 44920  53.0518 158.7931 0003174 135.4716 224.6530 15.08802903164839
1 44920U 20001G   23003.80317064  .00009317  00000-0  60314-3 0  9996
2 44920  53.0517 157.3006 0003136 135.8239 224.3002 15.08809108164888
1 44920U 20001G   23004.66429105  .00014161  00000-0  90601-3 0  9996
2 44920  53.0518 153.4202 0003046 137.1894 222.9333 15.08836194165018
1 44920U 20001G   23004.66429105  .00014161  00000-0  90601-3 0  9996
2 44920  53.0518 153.4202 0003046 137.1894 222.9333 15.08836194165018
1 44920U 20001G   23005.12796638  .00013645  00000-0  87349-3 0  9997
2 44920  53.0517 151.3308 0002966 138.6326 221.4889 15.08846386165088
1 44920U 20001G   23005.65787474  .00013724  00000-0  87805-3 0  9998
2 44920  53.0520 148.9428 0002892 139.3303 220.7903 15.08862946165166
1 44920U 20001G   23006.38648527  .00019680  00000-0  12490-2 0  9998
2 44920  53.0525 145.6589 0002888 140.1596 219.9606 15.08898414165273
1 44920U 20001G   23006.38648527  .00019680  00000-0  12490-2 0  9998
2 44920  53.0525 145.6589 0002888 140.1596 219.9606 15.08898414165273
1 44920U 20001G   23007.64495781  .00021960  00000-0  13890-2 0  9999
2 44920  53.0529 139.9877 0002702 140.9628 219.1557 15.08956392165460
1 44920U 20001G   23007.64495781  .00021960  00000-0  13890-2 0  9999
2 44920  53.0529 139.9877 0002702 140.9628 219.1557 15.08956392165460
1 44920U 20001G   23008.30729299  .00020956  00000-0  13254-2 0  9995
2 44920  53.0548 137.0042 0002558 143.2016 216.9150 15.08986171165563
1 44920U 20001G   23008.63845587  .00022354  00000-0  14118-2 0  9994
2 44920  53.0548 135.5116 0002478 143.2341 216.8820 15.09001253165619
1 44920U 20001G   23009.03584637  .00023068  00000-0  14554-2 0  9992
2 44920  53.0539 133.7200 0002543 142.5187 217.5980 15.09020558165676
1 44920U 20001G   23009.30076997  .00021471  00000-0  13557-2 0  9995
2 44920  53.0526 132.5250 0002451 144.1465 215.9690 15.09033299165710
1 44920U 20001G   23009.69815217  .00021446  00000-0  13535-2 0  9991
2 44920  53.0525 130.7345 0002374 144.2876 215.8274 15.09051166165771
1 44920U 20001G   23010.36044383  .00023345  00000-0  14700-2 0  9990
2 44920  53.0523 127.7487 0002341 146.0789 214.0351 15.09085776165871
1 44920U 20001G   23010.55912820  .00023497  00000-0  14790-2 0  9998
2 44920  53.0525 126.8535 0002285 145.9539 214.1598 15.09096165165907
1 44920U 20001G   23011.55253184  .00029613  00000-0  18549-2 0  9992
2 44920  53.0519 122.3747 0002132 147.7853 212.3268 15.09151012166050
1 44920U 20001G   23011.55253184  .00029613  00000-0  18549-2 0  9992
2 44920  53.0519 122.3747 0002132 147.7853 212.3268 15.09151012166050
1 44920U 20001G   23012.67833701  .00031807  00000-0  19862-2 0  9992
2 44920  53.0515 117.2983 0002022 148.0495 212.0618 15.09228733166225
1 44920U 20001G   23012.67833701  .00031807  00000-0  19862-2 0  9992
2 44920  53.0515 117.2983 0002022 148.0495 212.0618 15.09228733166225
1 44920U 20001G   23013.53920499  .00036548  00000-0  22738-2 0  9992
2 44920  53.0518 113.4162 0001872 147.3340 212.7766 15.09296613166355
1 44920U 20001G   23013.53920499  .00036548  00000-0  22738-2 0  9992
2 44920  53.0518 113.4162 0001872 147.3340 212.7766 15.09296613166355
1 44920U 20001G   23014.26759996  .00047520  00000-0  29409-2 0  9999
2 44920  53.0522 110.1313 0001771 145.1469 214.9637 15.09366543166461
1 44920U 20001G   23015.52566283  .00046449  00000-0  28667-2 0  9998
2 44920  53.0524 104.4572 0001555 142.8313 217.2785 15.09477781166656
1 44920U 20001G   23016.51879346  .00048116  00000-0  29595-2 0  9999
2 44920  53.0532  99.9775 0001387 141.8721 218.2368 15.09585796166804
1 44920U 20001G   23016.91602834  .00042615  00000-0  26228-2 0  9997
2 44920  53.0532  98.1856 0001328 141.3996 218.7089 15.09619368166863
1 44920U 20001G   23017.51186473  .00036072  00000-0  22222-2 0  9990
2 44920  53.0527  95.4968 0001241 142.1587 217.9491 15.09662790166955
1 44920U 20001G   23017.51186473  .00036072  00000-0  22222-2 0  9990
2 44920  53.0527  95.4968 0001241 142.1587 217.9491 15.09662790166955
1 44920U 20001G   23018.50488689  .00043878  00000-0  26904-2 0  9997
2 44920  53.0529  91.0161 0001173 140.8342 219.2733 15.09743367167104
1 44920U 20001G   23018.90208039  .00043010  00000-0  26354-2 0  9997
2 44920  53.0530  89.2239 0001165 139.1758 220.9320 15.09777019167162
1 44920U 20001G   23018.90208039  .00043010  00000-0  26354-2 0  9997
2 44920  53.0530  89.2239 0001165 139.1758 220.9320 15.09777019167162
1 44920U 20001G   23019.43165828  .00041412  00000-0  25357-2 0  9990
2 44920  53.0532  86.8344 0001134 138.3328 221.7749 15.09819798167248
1 44920U 20001G   23020.49077107  .00037407  00000-0  22885-2 0  9992
2 44920  53.0529  82.0543 0001046 130.4782 229.6300 15.09899407167405
1 44920U 20001G   23020.49077107  .00037407  00000-0  22885-2 0  9992
2 44920  53.0529  82.0543 0001046 130.4782 229.6300 15.09899407167405
1 44920U 20001G   23022.14551894  .00041816  00000-0  25452-2 0  9998
2 44920  53.0528  74.5838 0001028 119.6891 240.4202 15.10033251167655
1 44920U 20001G   23023.13829977  .00036561  00000-0  22248-2 0  9999
2 44920  53.0530  70.1016 0001043 112.0669 248.0432 15.10105204167809
1 44920U 20001G   23024.26339493  .00033102  00000-0  20127-2 0  9995
2 44920  53.0535  65.0210 0001102 109.7683 250.3426 15.10181692167970
1 44920U 20001G   23025.38843600  .00026937  00000-0  16396-2 0  9990
2 44920  53.0533  59.9399 0001085 106.4311 253.6799 15.10247678168146
1 44920U 20001G   23025.38843600  .00026937  00000-0  16396-2 0  9990
2 44920  53.0533  59.9399 0001085 106.4311 253.6799 15.10247678168146
1 44920U 20001G   23025.78549804  .00028255  00000-0  17175-2 0  9994
2 44920  53.0534  58.1467 0001099 104.7536 255.3576 15.10271329168208
1 44920U 20001G   23026.38107985  .00027439  00000-0  16671-2 0  9994
2 44920  53.0533  55.4570 0001130 104.7540 255.3576 15.10303855168292
1 44920U 20001G   23027.24133696  .00034399  00000-0  20791-2 0  9999
2 44920  53.0534  51.5713 0001005 117.8721 242.2371 15.10380668168426
1 44920U 20001G   23027.37367522  .00050130  00000-0  30131-2 0  9990
2 44920  53.0538  50.9741 0001415  74.8182 285.2965 15.10406478168448
1 44920U 20001G   23027.37367522  .00050130  00000-0  30131-2 0  9990
2 44920  53.0538  50.9741 0001415  74.8182 285.2965 15.10406478168448
1 44920U 20001G   23028.03535390  .00028571  00000-0  17263-2 0  9999
2 44920  53.0536  47.9847 0001237 108.5116 251.6009 15.10484831168549
1 44920U 20001G   23028.36618972  .00023578  00000-0  14282-2 0  9993
2 44920  53.0533  46.4894 0001212  94.0253 266.0876 15.10497480168597
1 44920U 20001G   23028.76318736  .00020675  00000-0  12545-2 0  9997
2 44920  53.0535  44.6964 0001207 100.3327 259.7799 15.10511388168658
1 44920U 20001G   23028.76318736  .00020675  00000-0  12545-2 0  9997
2 44920  53.0535  44.6964 0001207 100.3327 259.7799 15.10511388168658
1 44920U 20001G   23029.75566196  .00019234  00000-0  11672-2 0  9991
2 44920  53.0539  40.2118 0001266 100.1828 259.9305 15.10553757168802
1 44920U 20001G   23030.28497046  .00019681  00000-0  11931-2 0  9992
2 44920  53.0536  37.8203 0001264 100.3055 259.8079 15.10575868168880
1 44920U 20001G   23030.28497046  .00019681  00000-0  11931-2 0  9992
2 44920  53.0536  37.8203 0001264 100.3055 259.8079 15.10575868168880
1 44920U 20001G   23031.40972562  .00021371  00000-0  12920-2 0  9996
2 44920  53.0541  32.7379 0001324  99.9008 260.2132 15.10624628169057
1 44920U 20001G   23031.40972562  .00021371  00000-0  12920-2 0  9996
2 44920  53.0541  32.7379 0001324  99.9008 260.2132 15.10624628169057
