1 44923U 20001K   23001.56625483 -.00000562  00000-0 -18840-4 0  9990
2 44923  53.0539 168.0918 0001564  77.6167 282.4996 15.06396270164530
1 44923U 20001K   23001.89799180 -.00000994  00000-0 -47826-4 0  9997
2 44923  53.0543 166.6027 0001466  74.7386 285.3765 15.06393491164585
1 44923U 20001K   23001.89799180 -.00000994  00000-0 -47826-4 0  9997
2 44923  53.0543 166.6027 0001466  74.7386 285.3765 15.06393491164585
1 44923U 20001K   23002.56145891  .00000360  00000-0  43049-4 0  9994
2 44923  53.0544 163.6241 0001451  74.0271 286.0878 15.06392515164681
1 44923U 20001K   23002.82684376  .00000790  00000-0  71909-4 0  9992
2 44923  53.0544 162.4328 0001485  73.6769 286.4384 15.06396156164724
1 44923U 20001K   23003.15857542  .00001098  00000-0  92576-4 0  9991
2 44923  53.0545 160.9437 0001478  73.5698 286.5454 15.06400411164775
1 44923U 20001K   23003.55665657  .00001652  00000-0  12981-3 0  9996
2 44923  53.0543 159.1562 0001427  75.7482 284.3666 15.06397553164831
1 44923U 20001K   23003.82205103  .00000864  00000-0  76915-4 0  9994
2 44923  53.0546 157.9649 0001435  74.3677 285.7470 15.06389748164875
1 44923U 20001K   23004.55185884  .00001379  00000-0  11146-3 0  9994
2 44923  53.0546 154.6888 0001388  66.5435 293.5699 15.06401688164986
1 44923U 20001K   23004.55185884  .00001379  00000-0  11146-3 0  9994
2 44923  53.0546 154.6888 0001388  66.5435 293.5699 15.06401688164986
1 44923U 20001K   23004.81723660  .00001628  00000-0  12810-3 0  9999
2 44923  53.0546 153.4972 0001399  69.9106 290.2034 15.06414472165029
1 44923U 20001K   23004.81723660  .00001628  00000-0  12810-3 0  9999
2 44923  53.0546 153.4972 0001399  69.9106 290.2034 15.06414472165029
1 44923U 20001K   23005.48068873  .00003533  00000-0  25577-3 0  9992
2 44923  53.0546 150.5187 0001364  67.2203 292.8930 15.06424560165129
1 44923U 20001K   23005.48068873  .00003533  00000-0  25577-3 0  9992
2 44923  53.0546 150.5187 0001364  67.2203 292.8930 15.06424560165129
1 44923U 20001K   23005.67972174  .00004332  00000-0  30930-3 0  9998
2 44923  53.0547 149.6257 0001403  67.7189 292.3948 15.06431417165155
1 44923U 20001K   23006.40951224  .00010699  00000-0  73478-3 0  9990
2 44923  53.0531 146.3486 0001410  65.2779 294.8357 15.06466569165261
1 44923U 20001K   23006.40951224  .00010699  00000-0  73478-3 0  9990
2 44923  53.0531 146.3486 0001410  65.2779 294.8357 15.06466569165261
1 44923U 20001K   23007.07293885  .00011776  00000-0  80613-3 0  9992
2 44923  53.0540 143.3707 0001478  69.5207 290.5941 15.06494033165361
1 44923U 20001K   23007.07293885  .00011776  00000-0  80613-3 0  9992
2 44923  53.0540 143.3707 0001478  69.5207 290.5941 15.06494033165361
1 44923U 20001K   23007.73635414  .00013178  00000-0  89892-3 0  9999
2 44923  53.0539 140.3916 0001459  63.4172 296.6966 15.06524504165463
1 44923U 20001K   23007.73635414  .00013178  00000-0  89892-3 0  9999
2 44923  53.0539 140.3916 0001459  63.4172 296.6966 15.06524504165463
1 44923U 20001K   23008.39975993  .00017017  00000-0  11539-2 0  9999
2 44923  53.0533 137.4128 0001523  63.4364 296.6781 15.06550144165569
1 44923U 20001K   23008.39975993  .00017017  00000-0  11539-2 0  9999
2 44923  53.0533 137.4128 0001523  63.4364 296.6781 15.06550144165569
1 44923U 20001K   23009.59385872  .00021009  00000-0  14173-2 0  9996
2 44923  53.0537 132.0518 0001657  61.0356 299.0799 15.06603744165741
1 44923U 20001K   23009.59385872  .00021009  00000-0  14173-2 0  9996
2 44923  53.0537 132.0518 0001657  61.0356 299.0799 15.06603744165741
1 44923U 20001K   23010.58890811  .00023462  00000-0  15780-2 0  9991
2 44923  53.0536 127.5834 0001725  58.5183 301.5975 15.06652228165897
1 44923U 20001K   23010.58890811  .00023462  00000-0  15780-2 0  9991
2 44923  53.0536 127.5834 0001725  58.5183 301.5975 15.06652228165897
1 44923U 20001K   23011.45125550  .00028023  00000-0  18773-2 0  9992
2 44923  53.0541 123.7107 0001821  57.1719 302.9445 15.06703521166027
1 44923U 20001K   23011.71658694  .00029533  00000-0  19761-2 0  9996
2 44923  53.0540 122.5191 0001872  56.8326 303.2843 15.06720771166068
1 44923U 20001K   23011.71658694  .00029533  00000-0  19761-2 0  9996
2 44923  53.0540 122.5191 0001872  56.8326 303.2843 15.06720771166068
1 44923U 20001K   23012.57889251  .00028484  00000-0  19040-2 0  9990
2 44923  53.0541 118.6462 0001939  54.5193 305.5977 15.06776445166193
1 44923U 20001K   23012.97686911  .00029736  00000-0  19851-2 0  9993
2 44923  53.0540 116.8582 0001945  53.9016 306.2153 15.06803217166258
1 44923U 20001K   23013.57382004  .00031283  00000-0  20846-2 0  9992
2 44923  53.0532 114.1763 0001932  53.5412 306.5755 15.06844355166342
1 44923U 20001K   23014.30340340  .00040161  00000-0  26632-2 0  9995
2 44923  53.0533 110.8987 0001999  54.2198 305.8977 15.06904916166456
1 44923U 20001K   23015.56352959  .00040273  00000-0  26636-2 0  9991
2 44923  53.0532 105.2366 0002159  53.5402 306.5786 15.07001010166644
1 44923U 20001K   23015.96144478  .00048654  00000-0  32065-2 0  9994
2 44923  53.0532 103.4485 0002223  53.2853 306.8340 15.07044029166708
1 44923U 20001K   23016.49198155  .00049928  00000-0  32846-2 0  9996
2 44923  53.0532 101.0642 0002305  53.1672 306.9529 15.07097616166784
1 44923U 20001K   23016.62461350  .00042353  00000-0  27916-2 0  9998
2 44923  53.0529 100.4679 0002289  52.8564 307.2634 15.07103407166800
1 44923U 20001K   23016.95618937  .00039430  00000-0  25995-2 0  9996
2 44923  53.0531  98.9776 0002335  52.4450 307.6751 15.07128661166852
1 44923U 20001K   23017.48669943  .00034740  00000-0  22918-2 0  9999
2 44923  53.0533  96.5932 0002424  52.6949 307.4261 15.07165193166930
1 44923U 20001K   23018.34875066  .00042925  00000-0  28190-2 0  9992
2 44923  53.0538  92.7184 0002553  54.3382 305.7845 15.07232303167067
1 44923U 20001K   23018.41506076  .00043203  00000-0  28366-2 0  9997
2 44923  53.0542  92.4204 0002535  54.2050 305.9174 15.07237154167070
1 44923U 20001K   23019.21076414  .00032955  00000-0  21680-2 0  9998
2 44923  53.0547  88.8451 0002655  52.3648 307.7582 15.07292685167199
1 44923U 20001K   23019.47599108  .00033926  00000-0  22298-2 0  9991
2 44923  53.0546  87.6526 0002659  53.4231 306.7002 15.07313427167231
1 44923U 20001K   23020.47055746  .00043668  00000-0  28538-2 0  9995
2 44923  53.0546  83.1821 0002724  55.3932 304.7314 15.07404615167382
1 44923U 20001K   23020.47055746  .00043668  00000-0  28538-2 0  9995
2 44923  53.0546  83.1821 0002724  55.3932 304.7314 15.07404615167382
1 44923U 20001K   23021.19987700  .00015489  00000-0  10274-2 0  9997
2 44923  53.0550  79.9019 0002828  59.2805 300.8462 15.07433743167493
1 44923U 20001K   23021.46508400  .00010253  00000-0  68698-3 0  9991
2 44923  53.0547  78.7095 0002776  55.6617 304.4635 15.07429920167532
1 44923U 20001K   23022.45960293  .00006507  00000-0  44288-3 0  9999
2 44923  53.0540  74.2376 0002817  56.9276 303.1984 15.07438358167683
1 44923U 20001K   23024.24971454  .00007254  00000-0  49119-3 0  9997
2 44923  53.0537  66.1878 0002948  58.9773 301.1506 15.07463742167958
1 44923U 20001K   23025.31050621  .00006715  00000-0  45594-3 0  9994
2 44923  53.0541  61.4173 0002975  60.5621 299.5665 15.07478774168116
1 44923U 20001K   23025.31050621  .00006715  00000-0  45594-3 0  9994
2 44923  53.0541  61.4173 0002975  60.5621 299.5665 15.07478774168116
1 44923U 20001K   23026.50388345  .00006562  00000-0  44576-3 0  9992
2 44923  53.0546  56.0506 0003015  63.3570 296.7728 15.07496454168294
1 44923U 20001K   23026.50388345  .00006562  00000-0  44576-3 0  9992
2 44923  53.0546  56.0506 0003015  63.3570 296.7728 15.07496454168294
1 44923U 20001K   23027.43205798  .00005129  00000-0  35244-3 0  9995
2 44923  53.0544  51.8767 0003051  62.5709 297.5591 15.07506012168434
1 44923U 20001K   23028.09503640  .00004670  00000-0  32258-3 0  9997
2 44923  53.0545  48.8950 0003071  64.1117 296.0189 15.07512446168534
1 44923U 20001K   23028.42652398  .00004699  00000-0  32440-3 0  9993
2 44923  53.0544  47.4043 0003072  64.1914 295.9392 15.07516357168581
1 44923U 20001K   23028.75801160  .00004299  00000-0  29834-3 0  9991
2 44923  53.0545  45.9136 0003104  64.7502 295.3808 15.07518689168635
1 44923U 20001K   23029.28838982  .00004357  00000-0  30209-3 0  9995
2 44923  53.0544  43.5282 0003110  65.6035 294.5279 15.07523987168717
1 44923U 20001K   23029.75246988  .00004405  00000-0  30519-3 0  9994
2 44923  53.0546  41.4414 0003141  66.4445 293.6874 15.07527931168782
1 44923U 20001K   23030.41543862  .00004557  00000-0  31505-3 0  9994
2 44923  53.0547  38.4599 0003178  67.7781 292.3545 15.07534581168881
1 44923U 20001K   23030.41543862  .00004557  00000-0  31505-3 0  9994
2 44923  53.0547  38.4599 0003178  67.7781 292.3545 15.07534581168881
1 44923U 20001K   23031.40988650  .00005002  00000-0  34382-3 0  9994
2 44923  53.0547  33.9878 0003230  69.2929 290.8406 15.07544940169038
1 44923U 20001K   23032.27173407  .00006062  00000-0  41262-3 0  9998
2 44923  53.0546  30.1119 0003176  68.1667 291.9660 15.07557127169169
1 44923U 20001K   23032.40432035  .00009039  00000-0  60564-3 0  9991
2 44923  53.0548  29.5159 0003333  69.6457 290.4890 15.07569831169181
1 44923U 20001K   23032.40432035  .00009039  00000-0  60564-3 0  9991
2 44923  53.0548  29.5159 0003333  69.6457 290.4890 15.07569831169181
1 44923U 20001K   23033.13355684  .00011738  00000-0  78009-3 0  9998
2 44923  53.0549  26.2364 0003328  71.1168 289.0182 15.07595260169290
1 44923U 20001K   23033.39872918  .00015476  00000-0  10216-2 0  9998
2 44923  53.0550  25.0436 0003382  71.5946 288.5411 15.07614198169333
1 44923U 20001K   23033.99535872  .00015579  00000-0  10274-2 0  9997
2 44923  53.0550  22.3602 0003385  73.8125 286.3237 15.07643044169429
1 44923U 20001K   23034.32681527  .00019317  00000-0  12682-2 0  9993
2 44923  53.0549  20.8693 0003381  75.0083 285.1280 15.07661417169477
1 44923U 20001K   23034.32681527  .00019317  00000-0  12682-2 0  9993
2 44923  53.0549  20.8693 0003381  75.0083 285.1280 15.07661417169477
1 44923U 20001K   23034.92342964  .00021372  00000-0  13997-2 0  9992
2 44923  53.0548  18.1856 0003378  77.0684 283.0683 15.07688944169560
1 44923U 20001K   23035.38745593  .00023389  00000-0  15287-2 0  9992
2 44923  53.0546  16.0987 0003399  78.2280 281.9090 15.07710757169633
1 44923U 20001K   23035.38745593  .00023389  00000-0  15287-2 0  9992
2 44923  53.0546  16.0987 0003399  78.2280 281.9090 15.07710757169633
1 44923U 20001K   23036.31548777  .00021715  00000-0  14193-2 0  9997
2 44923  53.0548  11.9237 0003464  80.4082 279.7299 15.07753461169775
1 44923U 20001K   23037.17720666  .00024901  00000-0  16222-2 0  9996
2 44923  53.0551   8.0469 0003499  83.1297 277.0090 15.07797713169902
1 44923U 20001K   23037.30977629  .00030458  00000-0  19779-2 0  9998
2 44923  53.0552   7.4506 0003529  82.9590 277.1801 15.07809606169923
1 44923U 20001K   23038.17145920  .00034667  00000-0  22437-2 0  9996
2 44923  53.0555   3.5728 0003551  87.0375 273.1021 15.07868870170055
1 44923U 20001K   23038.30402213  .00039349  00000-0  25416-2 0  9994
2 44923  53.0555   2.9771 0003562  86.3755 273.7642 15.07883487170070
1 44923U 20001K   23039.23193540  .00043306  00000-0  27875-2 0  9996
2 44923  53.0555 358.8019 0003589  88.9898 271.1503 15.07966138170212
1 44923U 20001K   23039.29821300  .00042866  00000-0  27591-2 0  9999
2 44923  53.0556 358.5037 0003593  89.2657 270.8744 15.07971738170228
1 44923U 20001K   23040.29234190  .00048615  00000-0  31158-2 0  9998
2 44923  53.0559 354.0300 0003602  93.6365 266.5037 15.08070417170379
1 44923U 20001K   23040.29234190  .00048615  00000-0  31158-2 0  9998
2 44923  53.0559 354.0300 0003602  93.6365 266.5037 15.08070417170379
1 44923U 20001K   23041.15386681  .00052347  00000-0  33437-2 0  9996
2 44923  53.0557 350.1526 0003588  97.6539 262.4858 15.08160100170504
1 44923U 20001K   23041.15386681  .00052347  00000-0  33437-2 0  9996
2 44923  53.0557 350.1526 0003588  97.6539 262.4858 15.08160100170504
1 44923U 20001K   23042.14786669  .00060225  00000-0  38280-2 0  9991
2 44923  53.0551 345.6781 0003632 102.7156 257.4240 15.08273613170652
1 44923U 20001K   23042.14786669  .00060225  00000-0  38280-2 0  9991
2 44923  53.0551 345.6781 0003632 102.7156 257.4240 15.08273613170652
1 44923U 20001K   23042.87675246  .00051151  00000-0  32508-2 0  9994
2 44923  53.0544 342.3964 0003588 103.1696 256.9694 15.08356693170764
1 44923U 20001K   23043.20805080  .00050729  00000-0  32211-2 0  9994
2 44923  53.0546 340.9043 0003650 106.0518 254.0874 15.08393049170814
1 44923U 20001K   23043.53934120  .00059596  00000-0  37724-2 0  9993
2 44923  53.0546 339.4130 0003681 107.9429 252.1962 15.08430713170861
1 44923U 20001K   23044.53316531  .00051085  00000-0  32309-2 0  9993
2 44923  53.0545 334.9366 0003697 112.0620 248.0763 15.08535100171015
1 44923U 20001K   23045.52692255  .00053510  00000-0  33730-2 0  9997
2 44923  53.0548 330.4601 0003719 115.2639 244.8736 15.08635283171164
1 44923U 20001K   23045.99065316  .00048523  00000-0  30587-2 0  9995
2 44923  53.0549 328.3704 0003719 117.0112 243.1258 15.08680715171230
1 44923U 20001K   23045.99065316  .00048523  00000-0  30587-2 0  9995
2 44923  53.0549 328.3704 0003719 117.0112 243.1258 15.08680715171230
1 44923U 20001K   23046.91806793  .00061032  00000-0  38243-2 0  9997
2 44923  53.0554 324.1914 0003802 121.9843 238.1517 15.08790595171376
1 44923U 20001K   23046.98430902  .00060378  00000-0  37828-2 0  9999
2 44923  53.0556 323.8932 0003788 122.3391 237.7966 15.08800988171382
1 44923U 20001K   23047.44798593  .00057549  00000-0  36020-2 0  9993
2 44923  53.0555 321.8035 0003810 124.9400 235.1949 15.08859983171458
1 44923U 20001K   23047.91164728  .00053697  00000-0  33591-2 0  9992
2 44923  53.0549 319.7087 0003593 123.7614 236.3719 15.08913381171525
1 44923U 20001K   23048.17659023  .00040131  00000-0  25182-2 0  9994
2 44923  53.0557 318.5211 0003715 127.1883 232.9447 15.08935960171563
1 44923U 20001K   23048.44152913  .00038300  00000-0  24035-2 0  9991
2 44923  53.0557 317.3275 0003670 126.6613 233.4715 15.08955287171608
1 44923U 20001K   23048.97139686  .00032207  00000-0  20238-2 0  9992
2 44923  53.0553 314.9394 0003684 129.3909 230.7407 15.08990645171685
1 44923U 20001K   23049.43502172  .00029470  00000-0  18527-2 0  9994
2 44923  53.0551 312.8497 0003682 130.1690 229.9623 15.09017259171759
1 44923U 20001K   23050.42847646  .00029621  00000-0  18592-2 0  9993
2 44923  53.0548 308.3719 0003665 132.9445 227.1854 15.09073713171901
1 44923U 20001K   23050.42847646  .00029621  00000-0  18592-2 0  9993
2 44923  53.0548 308.3719 0003665 132.9445 227.1854 15.09073713171901
1 44923U 20001K   23051.42189680  .00026458  00000-0  16611-2 0  9996
2 44923  53.0543 303.8941 0003606 135.5458 224.5822 15.09122920172059
1 44923U 20001K   23051.42189680  .00026458  00000-0  16611-2 0  9996
2 44923  53.0543 303.8941 0003606 135.5458 224.5822 15.09122920172059
1 44923U 20001K   23052.41528298  .00027920  00000-0  17490-2 0  9999
2 44923  53.0543 299.4156 0003558 137.0706 223.0562 15.09176568172205
1 44923U 20001K   23052.87885088  .00029736  00000-0  18597-2 0  9998
2 44923  53.0539 297.3257 0003520 137.7089 222.4173 15.09203576172277
1 44923U 20001K   23052.94507399  .00030038  00000-0  18781-2 0  9994
2 44923  53.0537 297.0270 0003512 137.7731 222.3530 15.09207972172283
1 44923U 20001K   23052.94507399  .00030038  00000-0  18781-2 0  9994
2 44923  53.0537 297.0270 0003512 137.7731 222.3530 15.09207972172283
1 44923U 20001K   23053.67351994  .00021915  00000-0  13754-2 0  9992
2 44923  53.0535 293.7414 0003540 140.2139 219.9112 15.09241199172395
1 44923U 20001K   23053.93840504  .00025083  00000-0  15703-2 0  9997
2 44923  53.0535 292.5473 0003485 140.5852 219.5392 15.09256283172431
1 44923U 20001K   23054.07084678  .00025084  00000-0  15701-2 0  9994
2 44923  53.0529 291.9492 0003442 141.5793 218.5443 15.09262497172458
1 44923U 20001K   23054.93170497  .00023940  00000-0  14979-2 0  9999
2 44923  53.0528 288.0674 0003379 144.0171 216.1047 15.09302331172583
1 44923U 20001K   23054.99792379  .00024361  00000-0  15237-2 0  9990
2 44923  53.0530 287.7689 0003373 144.2009 215.9207 15.09306038172598
1 44923U 20001K   23055.92497440  .00017114  00000-0  10758-2 0  9996
2 44923  53.0530 283.5882 0003313 147.6152 212.5042 15.09342738172730
1 44923U 20001K   23055.99119153  .00016961  00000-0  10663-2 0  9999
2 44923  53.0532 283.2898 0003316 147.6831 212.4362 15.09345315172742
1 44923U 20001K   23055.99119153  .00016961  00000-0  10663-2 0  9999
2 44923  53.0532 283.2898 0003316 147.6831 212.4362 15.09345315172742
1 44923U 20001K   23056.91822209  .00019655  00000-0  12313-2 0  9992
2 44923  53.0533 279.1090 0003274 150.6932 209.4242 15.09376542172884
1 44923U 20001K   23057.05065296  .00018964  00000-0  11885-2 0  9998
2 44923  53.0532 278.5110 0003255 151.3699 208.7471 15.09383007172909
1 44923U 20001K   23057.05065296  .00018964  00000-0  11885-2 0  9998
2 44923  53.0532 278.5110 0003255 151.3699 208.7471 15.09383007172909
1 44923U 20001K   23058.04387309  .00019063  00000-0  11934-2 0  9996
2 44923  53.0529 274.0314 0003203 154.5786 205.5362 15.09419459173059
1 44923U 20001K   23058.83842405  .00031647  00000-0  19630-2 0  9999
2 44923  53.0527 270.4474 0003134 157.2848 202.8281 15.09473908173178
1 44923U 20001K   23059.10326713  .00034196  00000-0  21176-2 0  9999
2 44923  53.0525 269.2532 0003053 157.2241 202.8885 15.09497068173212
1 44923U 20001K   23059.56673566  .00025073  00000-0  15583-2 0  9999
2 44923  53.0526 267.1619 0003102 158.5943 201.5177 15.09522772173282
1 44923U 20001K   23059.83157103  .00021351  00000-0  13299-2 0  9990
2 44923  53.0527 265.9670 0003071 159.5080 200.6034 15.09535029173320
1 44923U 20001K   23059.83157103  .00021351  00000-0  13299-2 0  9990
2 44923  53.0527 265.9670 0003071 159.5080 200.6034 15.09535029173320
1 44923U 20001K   23060.82468898  .00020673  00000-0  12869-2 0  9995
2 44923  53.0525 261.4882 0002847 161.5590 198.5504 15.09575868173471
1 44923U 20001K   23061.81778093  .00020262  00000-0  12604-2 0  9997
2 44923  53.0535 257.0076 0002832 164.8494 195.2582 15.09615450173620
1 44923U 20001K   23061.81778093  .00020262  00000-0  12604-2 0  9997
2 44923  53.0535 257.0076 0002832 164.8494 195.2582 15.09615450173620
1 44923U 20001K   23062.54602706  .00027293  00000-0  16879-2 0  9994
2 44923  53.0530 253.7218 0002747 166.2828 193.8238 15.09659385173737
1 44923U 20001K   23062.54602706  .00027293  00000-0  16879-2 0  9994
2 44923  53.0530 253.7218 0002747 166.2828 193.8238 15.09659385173737
1 44923U 20001K   23062.81083897  .00025837  00000-0  15985-2 0  9997
2 44923  53.0526 252.5271 0002696 166.4164 193.6899 15.09672958173772
1 44923U 20001K   23063.47285691  .00030514  00000-0  18813-2 0  9997
2 44923  53.0523 249.5392 0002631 169.7045 190.4000 15.09714793173876
1 44923U 20001K   23063.73765910  .00026972  00000-0  16652-2 0  9995
2 44923  53.0528 248.3449 0002555 171.4168 188.6866 15.09727672173916
1 44923U 20001K   23063.73765910  .00026972  00000-0  16652-2 0  9995
2 44923  53.0528 248.3449 0002555 171.4168 188.6866 15.09727672173916
1 44923U 20001K   23064.53204955  .00027568  00000-0  16993-2 0  9991
2 44923  53.0527 244.7600 0002513 174.6774 185.4244 15.09774923174036
1 44923U 20001K   23064.79684076  .00029721  00000-0  18292-2 0  9992
2 44923  53.0527 243.5655 0002445 175.6627 184.4385 15.09791654174074
1 44923U 20001K   23064.79684076  .00029721  00000-0  18292-2 0  9992
2 44923  53.0527 243.5655 0002445 175.6627 184.4385 15.09791654174074
1 44923U 20001K   23065.45880393  .00033280  00000-0  20424-2 0  9991
2 44923  53.0530 240.5775 0002449 177.1197 182.9808 15.09840296174172
1 44923U 20001K   23065.85597314  .00032620  00000-0  20011-2 0  9992
2 44923  53.0530 238.7849 0002387 178.2338 181.8661 15.09864893174234
1 44923U 20001K   23066.45171103  .00037778  00000-0  23099-2 0  9991
2 44923  53.0522 236.0953 0002211 184.0495 176.0478 15.09913773174321
1 44923U 20001K   23066.45171103  .00037778  00000-0  23099-2 0  9991
2 44923  53.0522 236.0953 0002211 184.0495 176.0478 15.09913773174321
1 44923U 20001K   23067.70931925  .00050089  00000-0  30426-2 0  9998
2 44923  53.0557 230.4210 0001942 190.2491 169.8461 15.10022148174510
1 44923U 20001K   23067.70931925  .00050089  00000-0  30426-2 0  9998
2 44923  53.0557 230.4210 0001942 190.2491 169.8461 15.10022148174510
1 44923U 20001K   23068.70211327  .00034106  00000-0  20787-2 0  9997
2 44923  53.0557 225.9371 0001738 186.8125 173.2842 15.10080446174668
1 44923U 20001K   23068.70211327  .00034106  00000-0  20787-2 0  9997
2 44923  53.0557 225.9371 0001738 186.8125 173.2842 15.10080446174668
1 44923U 20001K   23069.43014904  .00017791  00000-0  10950-2 0  9992
2 44923  53.0541 222.6504 0001725 201.5846 158.5072 15.10090025174771
1 44923U 20001K   23069.43014904  .00017791  00000-0  10950-2 0  9992
2 44923  53.0541 222.6504 0001725 201.5846 158.5072 15.10090025174771
1 44923U 20001K   23070.42290966  .00013587  00000-0  84037-3 0  9994
2 44923  53.0542 218.1674 0001636 200.8501 159.2423 15.10112752174928
1 44923U 20001K   23070.42290966  .00013587  00000-0  84037-3 0  9994
2 44923  53.0542 218.1674 0001636 200.8501 159.2423 15.10112752174928
1 44923U 20001K   23070.68764267  .00011340  00000-0  70444-3 0  9994
2 44923  53.0540 216.9713 0001664 205.6058 154.4850 15.10117237174965
1 44923U 20001K   23071.34947175  .00011298  00000-0  70162-3 0  9998
2 44923  53.0542 213.9838 0001606 207.6105 152.4801 15.10132679175066
1 44923U 20001K   23071.54801928  .00009990  00000-0  62250-3 0  9990
2 44923  53.0543 213.0870 0001620 207.6559 152.4346 15.10135628175097
1 44923U 20001K   23072.40837266  .00018911  00000-0  11597-2 0  9990
2 44923  53.0534 209.2013 0001675 209.2191 150.8706 15.10181906175220
1 44923U 20001K   23072.40837266  .00018911  00000-0  11597-2 0  9990
2 44923  53.0534 209.2013 0001675 209.2191 150.8706 15.10181906175220
1 44923U 20001K   23072.80545284  .00015772  00000-0  97021-3 0  9999
2 44923  53.0534 207.4085 0001651 211.9632 148.1259 15.10194984175282
1 44923U 20001K   23073.40106812  .00015939  00000-0  97978-3 0  9992
2 44923  53.0521 204.7185 0001572 216.9702 143.1181 15.10213757175373
1 44923U 20001K   23073.40106812  .00015939  00000-0  97978-3 0  9992
2 44923  53.0521 204.7185 0001572 216.9702 143.1181 15.10213757175373
1 44923U 20001K   23074.52610767  .00011193  00000-0  69342-3 0  9997
2 44923  53.0534 199.6401 0001472 223.5018 136.5857 15.10231883175548
1 44923U 20001K   23074.52610767  .00011193  00000-0  69342-3 0  9997
2 44923  53.0534 199.6401 0001472 223.5018 136.5857 15.10231883175548
1 44923U 20001K   23075.38641972  .00011546  00000-0  71427-3 0  9993
2 44923  53.0550 195.7569 0001536 251.3427 108.7397 15.10251676175678
1 44923U 20001K   23076.31289871  .00007466  00000-0  46822-3 0  9990
2 44923  53.0523 191.5703 0001339 238.9769 121.1090 15.10263755175819
1 44923U 20001K   23076.57760505  .00008232  00000-0  51434-3 0  9993
2 44923  53.0522 190.3745 0001343 240.2922 119.7935 15.10269424175857
1 44923U 20001K   23077.57024786  .00008325  00000-0  51967-3 0  9992
2 44923  53.0529 185.8917 0001264 248.2431 111.8425 15.10286551176004
1 44923U 20001K   23077.70259944  .00008260  00000-0  51571-3 0  9992
2 44923  53.0533 185.2942 0001254 250.1018 109.9838 15.10288775176021
1 44923U 20001K   23078.56287897  .00008713  00000-0  54280-3 0  9998
2 44923  53.0539 181.4090 0001223 257.5698 102.5156 15.10304935176153
1 44923U 20001K   23079.22462649  .00008383  00000-0  52275-3 0  9997
2 44923  53.0543 178.4206 0001207 262.5176  97.5677 15.10316534176252
1 44923U 20001K   23079.55549867  .00007686  00000-0  48075-3 0  9999
2 44923  53.0543 176.9262 0001218 265.1000  94.9851 15.10320902176309
1 44923U 20001K   23080.28341252  .00007248  00000-0  45422-3 0  9996
2 44923  53.0542 173.6384 0001251 270.5141  89.5706 15.10333017176412
1 44923U 20001K   23080.48193358  .00006925  00000-0  43477-3 0  9999
2 44923  53.0543 172.7419 0001249 271.6785  88.4063 15.10335635176440
1 44923U 20001K   23081.47453291  .00006527  00000-0  41063-3 0  9991
2 44923  53.0538 168.2587 0001283 277.0770  83.0075 15.10350515176596
1 44923U 20001K   23082.53329584  .00006158  00000-0  38829-3 0  9992
2 44923  53.0535 163.4765 0001264 279.2752  80.8096 15.10364446176755
1 44923U 20001K   23082.53329584  .00006158  00000-0  38829-3 0  9992
2 44923  53.0535 163.4765 0001264 279.2752  80.8096 15.10364446176755
1 44923U 20001K   23083.19501467  .00023073  00000-0  14017-2 0  9994
2 44923  53.0532 160.4877 0001254 282.3095  77.7755 15.10402125176852
1 44923U 20001K   23083.52587312  .00011862  00000-0  73053-3 0  9993
2 44923  53.0529 158.9938 0001324 288.3797  71.7050 15.10389848176905
1 44923U 20001K   23083.92290053  .00009421  00000-0  58393-3 0  9998
2 44923  53.0530 157.2005 0001370 296.6651  63.4200 15.10395268176960
1 44923U 20001K   23084.91545978  .00007602  00000-0  47450-3 0  9998
2 44923  53.0526 152.7170 0001422 304.9176  55.1681 15.10412395177111
1 44923U 20001K   23085.18014029  .00008022  00000-0  49962-3 0  9993
2 44923  53.0526 151.5213 0001457 306.2042  53.8814 15.10417393177151
1 44923U 20001K   23085.90800954  .00007008  00000-0  43869-3 0  9996
2 44923  53.0529 148.2332 0001498 311.4464  48.6398 15.10426562177269
1 44923U 20001K   23086.43736459  .00007539  00000-0  47040-3 0  9997
2 44923  53.0528 145.8416 0001570 313.0873  46.9987 15.10435799177343
1 44923U 20001K   23086.43736459  .00007539  00000-0  47040-3 0  9997
2 44923  53.0528 145.8416 0001570 313.0873  46.9987 15.10435799177343
1 44923U 20001K   23087.42989832  .00007424  00000-0  46332-3 0  9998
2 44923  53.0531 141.3576 0001614 316.5730  43.5133 15.10451303177495
1 44923U 20001K   23088.15775917  .00001803  00000-0  12599-3 0  9999
2 44923  53.0531 138.0696 0001581 320.2745  39.8130 15.10444189177604
1 44923U 20001K   23088.42243821  .00000686  00000-0  58853-4 0  9995
2 44923  53.0536 136.8736 0001508 317.4348  42.6526 15.10439279177645
1 44923U 20001K   23088.81945287  .00000334  00000-0  37696-4 0  9995
2 44923  53.0541 135.0809 0001494 321.0313  39.0570 15.10440057177702
1 44923U 20001K   23089.41496946  .00001270  00000-0  93924-4 0  9991
2 44923  53.0541 132.3901 0001600 322.6959  37.3921 15.10448880177799
1 44923U 20001K   23089.81197129  .00003285  00000-0  21490-3 0  9992
2 44923  53.0551 130.5980 0001499 315.2731  44.8139 15.10459549177854
1 44923U 20001K   23089.81197129  .00003285  00000-0  21490-3 0  9992
2 44923  53.0551 130.5980 0001499 315.2731  44.8139 15.10459549177854
1 44923U 20001K   23090.47363893  .00012351  00000-0  75769-3 0  9991
2 44923  53.0530 127.6071 0001923 323.3907  36.6953 15.10495375177957
1 44923U 20001K   23090.80446841  .00018012  00000-0  10953-2 0  9996
2 44923  53.0536 126.1134 0001765 330.4223  29.6668 15.10521492178003
1 44923U 20001K   23091.13528910  .00025881  00000-0  15629-2 0  9998
2 44923  53.0529 124.6183 0001834 330.4837  29.6050 15.10556456178058
1 44923U 20001K   23091.39994442  .00022621  00000-0  13685-2 0  9992
2 44923  53.0528 123.4233 0001837 334.1778  25.9121 15.10566952178092
1 44923U 20001K   23091.79692310  .00025575  00000-0  15434-2 0  9990
2 44923  53.0527 121.6292 0001850 335.5955  24.4948 15.10587519178153
1 44923U 20001K   23092.26005961  .00025884  00000-0  15609-2 0  9990
2 44923  53.0527 119.5368 0001861 339.0946  20.9968 15.10607342178222
1 44923U 20001K   23092.45854480  .00022832  00000-0  13793-2 0  9991
2 44923  53.0525 118.6399 0001915 339.7142  20.3772 15.10613332178255
1 44923U 20001K   23093.25247474  .00022500  00000-0  13583-2 0  9998
2 44923  53.0525 115.0521 0001944 343.6793  16.4135 15.10646195178376
1 44923U 20001K   23093.45095473  .00019427  00000-0  11755-2 0  9993
2 44923  53.0523 114.1550 0001983 344.6304  15.4626 15.10651427178400
1 44923U 20001K   23094.31102124  .00023949  00000-0  14425-2 0  9992
2 44923  53.0524 110.2688 0002229 351.4701   8.6252 15.10692825178531
1 44923U 20001K   23094.31102124  .00023949  00000-0  14425-2 0  9992
2 44923  53.0524 110.2688 0002229 351.4701   8.6252 15.10692825178531
1 44923U 20001K   23095.43568821  .00021239  00000-0  12800-2 0  9991
2 44923  53.0526 105.1854 0002290 354.6457   5.4509 15.10742156178704
1 44923U 20001K   23095.43568821  .00021239  00000-0  12800-2 0  9991
2 44923  53.0526 105.1854 0002290 354.6457   5.4509 15.10742156178704
1 44923U 20001K   23096.42801248  .00018810  00000-0  11348-2 0  9991
2 44923  53.0533 100.6995 0002198 357.4836   2.6143 15.10781193178850
1 44923U 20001K   23097.28800459  .00020802  00000-0  12514-2 0  9999
2 44923  53.0535  96.8124 0002245 359.6836   0.4153 15.10819803178980
1 44923U 20001K   23097.42030937  .00020257  00000-0  12190-2 0  9995
2 44923  53.0536  96.2145 0002245 359.8158   0.2832 15.10824711179007
1 44923U 20001K   23098.28027900  .00018092  00000-0  10900-2 0  9997
2 44923  53.0537  92.3273 0002224   2.1464 357.9536 15.10856737179132
1 44923U 20001K   23098.67718171  .00018043  00000-0  10866-2 0  9994
2 44923  53.0536  90.5331 0002201   3.4214 356.6792 15.10871973179193
1 44923U 20001K   23099.27252787  .00018951  00000-0  11395-2 0  9993
2 44923  53.0538  87.8425 0002197   5.1092 354.9921 15.10896555179283
1 44923U 20001K   23099.66942063  .00015970  00000-0  96305-3 0  9992
2 44923  53.0537  86.0482 0002169   6.1227 353.9790 15.10909368179343
1 44923U 20001K   23100.19860456  .00019767  00000-0  11865-2 0  9993
2 44923  53.0538  83.6557 0002171   7.9995 352.1030 15.10932741179422
1 44923U 20001K   23100.26475210  .00019979  00000-0  11989-2 0  9993
2 44923  53.0539  83.3568 0002164   8.3205 351.7821 15.10935388179437
1 44923U 20001K   23100.66163394  .00022919  00000-0  13715-2 0  9991
2 44923  53.0538  81.5624 0002205   9.3761 350.7270 15.10955049179492
1 44923U 20001K   23101.32309281  .00019793  00000-0  11864-2 0  9991
2 44923  53.0537  78.5725 0002261  11.4380 348.6662 15.10982943179597
1 44923U 20001K   23102.18296695  .00021959  00000-0  13123-2 0  9997
2 44923  53.0538  74.6848 0002280  14.6312 345.4744 15.11028153179728
1 44923U 20001K   23103.17509756  .00026911  00000-0  16007-2 0  9999
2 44923  53.0540  70.1988 0002311  17.5037 342.6033 15.11084846179875
1 44923U 20001K   23103.63807841  .00027951  00000-0  16603-2 0  9993
2 44923  53.0543  68.1053 0002330  18.5136 341.5940 15.11113868179940
1 44923U 20001K   23104.29946356  .00032813  00000-0  19423-2 0  9997
2 44923  53.0545  65.1150 0002375  20.0421 340.0663 15.11160250180047
1 44923U 20001K   23105.29150066  .00039418  00000-0  23225-2 0  9996
2 44923  53.0547  60.6276 0002304  23.7108 336.3989 15.11239353180198
1 44923U 20001K   23105.29150066  .00039418  00000-0  23225-2 0  9996
2 44923  53.0547  60.6276 0002304  23.7108 336.3989 15.11239353180198
1 44923U 20001K   23106.28348189  .00041813  00000-0  24558-2 0  9993
2 44923  53.0550  56.1406 0002212  26.6341 333.4764 15.11327152180347
1 44923U 20001K   23107.20927812  .00043320  00000-0  25373-2 0  9993
2 44923  53.0550  51.9528 0002072  30.6847 329.4265 15.11410965180486
1 44923U 20001K   23108.13502378  .00043837  00000-0  25613-2 0  9992
2 44923  53.0551  47.7644 0001944  33.3702 326.7412 15.11493639180625
1 44923U 20001K   23109.19295751  .00048673  00000-0  28324-2 0  9998
2 44923  53.0548  42.9773 0001837  35.2527 324.8586 15.11591092180788
1 44923U 20001K   23109.19295751  .00048673  00000-0  28324-2 0  9998
2 44923  53.0548  42.9773 0001837  35.2527 324.8586 15.11591092180788
1 44923U 20001K   23110.11859402  .00042098  00000-0  24489-2 0  9994
2 44923  53.0550  38.7886 0001803  38.9501 321.1620 15.11671966180928
1 44923U 20001K   23110.11859402  .00042098  00000-0  24489-2 0  9994
2 44923  53.0550  38.7886 0001803  38.9501 321.1620 15.11671966180928
1 44923U 20001K   23111.17640469  .00039405  00000-0  22887-2 0  9990
2 44923  53.0552  34.0002 0001815  42.1442 317.9689 15.11758432181083
1 44923U 20001K   23111.50695872  .00037139  00000-0  21573-2 0  9998
2 44923  53.0554  32.5045 0001818  42.3750 317.7381 15.11782851181137
1 44923U 20001K   23112.03583320  .00042273  00000-0  24483-2 0  9999
2 44923  53.0555  30.1105 0001806  43.5562 316.5571 15.11827769181215
1 44923U 20001K   23113.02742939  .00035587  00000-0  20612-2 0  9992
2 44923  53.0558  25.6219 0001817  43.9334 316.1801 15.11907192181363
1 44923U 20001K   23113.02742939  .00035587  00000-0  20612-2 0  9992
2 44923  53.0558  25.6219 0001817  43.9334 316.1801 15.11907192181363
1 44923U 20001K   23113.75456639  .00041581  00000-0  23992-2 0  9996
2 44923  53.0561  22.3300 0001813  46.0109 314.1032 15.11970982181475
1 44923U 20001K   23114.15116907  .00136828  00000-0  77277-2 0  9996
2 44923  53.0557  20.5332 0001737  45.9716 314.1418 15.12083168181539
1 44923U 20001K   23114.15116907  .00136828  00000-0  77277-2 0  9996
2 44923  53.0557  20.5332 0001737  45.9716 314.1418 15.12083168181539
1 44923U 20001K   23115.20869831  .00037190  00000-0  21370-2 0  9999
2 44923  53.0560  15.7444 0001722  51.2606 308.8540 15.12172397181691
1 44923U 20001K   23116.06789863  .00033314  00000-0  19146-2 0  9992
2 44923  53.0561  11.8527 0001681  51.8988 308.2155 15.12219010181829
1 44923U 20001K   23116.13398981  .00029206  00000-0  16814-2 0  9991
2 44923  53.0561  11.5532 0001688  52.4945 307.6199 15.12221922181836
1 44923U 20001K   23116.72880388  .00027880  00000-0  16048-2 0  9998
2 44923  53.0562   8.8602 0001703  52.9429 307.1718 15.12252782181924
1 44923U 20001K   23117.12533830  .00031753  00000-0  18230-2 0  9999
2 44923  53.0560   7.0626 0001674  53.5367 306.5779 15.12279528181987
1 44923U 20001K   23117.12533830  .00031753  00000-0  18230-2 0  9999
2 44923  53.0560   7.0626 0001674  53.5367 306.5779 15.12279528181987
1 44923U 20001K   23118.38098751  .00028504  00000-0  16354-2 0  9991
2 44923  53.0552   1.3743 0001551  59.0334 301.0809 15.12357797182175
1 44923U 20001K   23118.38098751  .00028504  00000-0  16354-2 0  9991
2 44923  53.0552   1.3743 0001551  59.0334 301.0809 15.12357797182175
1 44923U 20001K   23119.04182966  .00029818  00000-0  17078-2 0  9990
2 44923  53.0549 358.3802 0001530  58.7527 301.3614 15.12398118182279
1 44923U 20001K   23119.76873588  .00030317  00000-0  17338-2 0  9991
2 44923  53.0547 355.0867 0001508  58.8668 301.2472 15.12442840182389
1 44923U 20001K   23120.03306010  .00030867  00000-0  17640-2 0  9990
2 44923  53.0545 353.8890 0001521  58.0436 302.0704 15.12459067182420
1 44923U 20001K   23120.89209573  .00025410  00000-0  14544-2 0  9998
2 44923  53.0545 349.9965 0001543  56.9930 303.1210 15.12504517182558
1 44923U 20001K   23121.02425322  .00026753  00000-0  15298-2 0  9994
2 44923  53.0548 349.3984 0001608  54.2727 305.8414 15.12511979182570
1 44923U 20001K   23121.88326016  .00027732  00000-0  15830-2 0  9998
2 44923  53.0547 345.5059 0001644  52.4406 307.6735 15.12555858182709
1 44923U 20001K   23122.01541255  .00029184  00000-0  16643-2 0  9994
2 44923  53.0547 344.9065 0001615  53.4221 306.6919 15.12563935182723
1 44923U 20001K   23122.01541255  .00029184  00000-0  16643-2 0  9994
2 44923  53.0547 344.9065 0001615  53.4221 306.6919 15.12563935182723
1 44923U 20001K   23122.87438700  .00028714  00000-0  16356-2 0  9997
2 44923  53.0552 341.0134 0001580  56.8112 303.3031 15.12613885182854
1 44923U 20001K   23123.40297363  .00023961  00000-0  13676-2 0  9996
2 44923  53.0550 338.6173 0001598  54.3202 305.7938 15.12639550182937
1 44923U 20001K   23123.60119093  .00025519  00000-0  14546-2 0  9999
2 44923  53.0548 337.7184 0001585  55.8724 304.2418 15.12651790182967
1 44923U 20001K   23123.79940677  .00027101  00000-0  15429-2 0  9999
2 44923  53.0548 336.8203 0001616  54.2563 305.8579 15.12663527182997
1 44923U 20001K   23124.52618550  .00028143  00000-0  15994-2 0  9997
2 44923  53.0548 333.5253 0001602  53.9644 306.1496 15.12706026183105
1 44923U 20001K   23124.52618550  .00028143  00000-0  15994-2 0  9997
2 44923  53.0548 333.5253 0001602  53.9644 306.1496 15.12706026183105
1 44923U 20001K   23124.85653281  .00028443  00000-0  16154-2 0  9995
2 44923  53.0549 332.0282 0001611  51.9532 308.1605 15.12724970183153
1 44923U 20001K   23125.91361643  .00030201  00000-0  17108-2 0  9996
2 44923  53.0551 327.2355 0001605  50.1390 309.9743 15.12786620183319
1 44923U 20001K   23125.91361643  .00030201  00000-0  17108-2 0  9996
2 44923  53.0551 327.2355 0001605  50.1390 309.9743 15.12786620183319
1 44923U 20001K   23126.24394648  .00032838  00000-0  18570-2 0  9996
2 44923  53.0553 325.7378 0001574  50.5981 309.5150 15.12807314183361
1 44923U 20001K   23126.70640036  .00040415  00000-0  22770-2 0  9999
2 44923  53.0552 323.6412 0001565  51.0304 309.0827 15.12841813183437
1 44923U 20001K   23127.23490606  .00028910  00000-0  16348-2 0  9994
2 44923  53.0550 321.2445 0001542  50.0084 310.1043 15.12871983183517
1 44923U 20001K   23127.23490606  .00028910  00000-0  16348-2 0  9994
2 44923  53.0550 321.2445 0001542  50.0084 310.1043 15.12871983183517
1 44923U 20001K   23127.82946361  .00031685  00000-0  17877-2 0  9994
2 44923  53.0548 318.5488 0001544  49.8539 310.2588 15.12907059183602
1 44923U 20001K   23128.82035960  .00033393  00000-0  18794-2 0  9996
2 44923  53.0543 314.0548 0001463  51.3565 308.7557 15.12969615183752
1 44923U 20001K   23129.21670646  .00035213  00000-0  19789-2 0  9994
2 44923  53.0544 312.2574 0001463  50.7046 309.4076 15.12997156183811
1 44923U 20001K   23130.20754362  .00038305  00000-0  21462-2 0  9999
2 44923  53.0540 307.7637 0001475  48.7875 311.3244 15.13065010183967
1 44923U 20001K   23130.80202393  .00040933  00000-0  22886-2 0  9998
2 44923  53.0536 305.0674 0001534  47.2859 312.8262 15.13109451184051
1 44923U 20001K   23131.19833384  .00035386  00000-0  19808-2 0  9997
2 44923  53.0534 303.2705 0001557  46.3893 313.7228 15.13136535184119
1 44923U 20001K   23131.72673545  .00034177  00000-0  19120-2 0  9991
2 44923  53.0533 300.8733 0001601  44.6326 315.4795 15.13174148184192
1 44923U 20001K   23131.72673545  .00034177  00000-0  19120-2 0  9991
2 44923  53.0533 300.8733 0001601  44.6326 315.4795 15.13174148184192
1 44923U 20001K   23132.18907575  .00034121  00000-0  19071-2 0  9999
2 44923  53.0533 298.7759 0001655  42.9448 317.1673 15.13207792184264
1 44923U 20001K   23132.71745230  .00040265  00000-0  22429-2 0  9993
2 44923  53.0532 296.3786 0001711  41.0152 319.0968 15.13250145184349
1 44923U 20001K   23133.17976789  .00042035  00000-0  23374-2 0  9996
2 44923  53.0535 294.2817 0001809  39.6007 320.5117 15.13292535184414
1 44923U 20001K   23133.17976789  .00042035  00000-0  23374-2 0  9996
2 44923  53.0535 294.2817 0001809  39.6007 320.5117 15.13292535184414
1 44923U 20001K   23133.77415764  .00036238  00000-0  20166-2 0  9997
2 44923  53.0540 291.5838 0001798  40.8762 319.2364 15.13335356184500
1 44923U 20001K   23134.56665141  .00031804  00000-0  17703-2 0  9998
2 44923  53.0541 287.9875 0001889  39.0857 321.0271 15.13389641184624
1 44923U 20001K   23134.56665141  .00031804  00000-0  17703-2 0  9998
2 44923  53.0541 287.9875 0001889  39.0857 321.0271 15.13389641184624
1 44923U 20001K   23134.83080927  .00034703  00000-0  19282-2 0  9996
2 44923  53.0544 286.7886 0001886  39.6391 320.4739 15.13410744184667
1 44923U 20001K   23135.42515299  .00030549  00000-0  16985-2 0  9998
2 44923  53.0546 284.0911 0001941  39.2247 320.8886 15.13449795184752
1 44923U 20001K   23135.68930072  .00030135  00000-0  16750-2 0  9997
2 44923  53.0547 282.8921 0001962  38.9488 321.1645 15.13466741184797
1 44923U 20001K   23135.68930072  .00030135  00000-0  16750-2 0  9997
2 44923  53.0547 282.8921 0001962  38.9488 321.1645 15.13466741184797
1 44923U 20001K   23136.54776186  .00029423  00000-0  16336-2 0  9995
2 44923  53.0548 278.9957 0002028  36.4549 323.6581 15.13519306184925
1 44923U 20001K   23136.81189705  .00030609  00000-0  16976-2 0  9998
2 44923  53.0548 277.7970 0002062  36.7649 323.3484 15.13538420184960
1 44923U 20001K   23136.81189705  .00030609  00000-0  16976-2 0  9998
2 44923  53.0548 277.7970 0002062  36.7649 323.3484 15.13538420184960
1 44923U 20001K   23137.67031648  .00027175  00000-0  15075-2 0  9998
2 44923  53.0551 273.9006 0002102  35.1361 324.9770 15.13590606185095
1 44923U 20001K   23138.52870981  .00022806  00000-0  12671-2 0  9999
2 44923  53.0549 270.0044 0002102  33.1584 326.9539 15.13633348185228
1 44923U 20001K   23138.52870981  .00022806  00000-0  12671-2 0  9999
2 44923  53.0549 270.0044 0002102  33.1584 326.9539 15.13633348185228
1 44923U 20001K   23138.79282600  .00023993  00000-0  13314-2 0  9996
2 44923  53.0549 268.8058 0002144  32.5791 327.5333 15.13647349185266
1 44923U 20001K   23139.51913229  .00024690  00000-0  13680-2 0  9996
2 44923  53.0546 265.5088 0002120  33.4828 326.6298 15.13686339185379
1 44923U 20001K   23139.51913229  .00024690  00000-0  13680-2 0  9996
2 44923  53.0546 265.5088 0002120  33.4828 326.6298 15.13686339185379
1 44923U 20001K   23140.70758653  .00045827  00000-0  25109-2 0  9991
2 44923  53.0542 260.1126 0002225  33.9456 326.1679 15.13779745185559
1 44923U 20001K   23140.70758653  .00045827  00000-0  25109-2 0  9991
2 44923  53.0542 260.1126 0002225  33.9456 326.1679 15.13779745185559
1 44923U 20001K   23141.49984311  .00032405  00000-0  17806-2 0  9993
2 44923  53.0539 256.5150 0002249  34.4131 325.7007 15.13841418185673
1 44923U 20001K   23141.63188326  .00032489  00000-0  17847-2 0  9998
2 44923  53.0539 255.9155 0002266  33.9690 326.1447 15.13850506185697
1 44923U 20001K   23141.63188326  .00032489  00000-0  17847-2 0  9998
2 44923  53.0539 255.9155 0002266  33.9690 326.1447 15.13850506185697
1 44923U 20001K   23142.29207055  .00045553  00000-0  24871-2 0  9993
2 44923  53.0535 252.9185 0002281  33.9475 326.1663 15.13908611185793
1 44923U 20001K   23142.49012328  .00036321  00000-0  19886-2 0  9995
2 44923  53.0535 252.0184 0002320  33.7785 326.3355 15.13914631185822
1 44923U 20001K   23142.62215720  .00036255  00000-0  19845-2 0  9992
2 44923  53.0535 251.4189 0002335  33.5564 326.5576 15.13923782185845
1 44923U 20001K   23142.62215720  .00036255  00000-0  19845-2 0  9992
2 44923  53.0535 251.4189 0002335  33.5564 326.5576 15.13923782185845
1 44923U 20001K   23143.61238600  .00031970  00000-0  17498-2 0  9995
2 44923  53.0531 246.9218 0002434  33.7032 326.4115 15.13988585185991
1 44923U 20001K   23144.00846650  .00028561  00000-0  15647-2 0  9995
2 44923  53.0531 245.1228 0002509  33.7782 326.3370 15.14010678186058
1 44923U 20001K   23144.53656366  .00028722  00000-0  15720-2 0  9997
2 44923  53.0530 242.7238 0002586  33.7918 326.3238 15.14042484186139
1 44923U 20001K   23146.51683743  .00024426  00000-0  13361-2 0  9992
2 44923  53.0534 233.7276 0002796  33.7740 326.3430 15.14149160186437
1 44923U 20001K   23146.64885106  .00024376  00000-0  13332-2 0  9995
2 44923  53.0534 233.1280 0002812  33.7179 326.3992 15.14155205186453
1 44923U 20001K   23147.50692625  .00021143  00000-0  11579-2 0  9993
2 44923  53.0538 229.2293 0002920  34.4208 325.6973 15.14192147186589
1 44923U 20001K   23147.50692625  .00021143  00000-0  11579-2 0  9993
2 44923  53.0538 229.2293 0002920  34.4208 325.6973 15.14192147186589
1 44923U 20001K   23148.23297471  .00022198  00000-0  12136-2 0  9995
2 44923  53.0542 225.9298 0002948  35.7717 324.3473 15.14222671186690
1 44923U 20001K   23148.49698855  .00025024  00000-0  13650-2 0  9997
2 44923  53.0544 224.7304 0003001  35.3135 324.8055 15.14235437186738
1 44923U 20001K   23149.42101938  .00020177  00000-0  11033-2 0  9999
2 44923  53.0548 220.5313 0003038  36.5229 323.5970 15.14275493186876
1 44923U 20001K   23149.42101938  .00020177  00000-0  11033-2 0  9999
2 44923  53.0548 220.5313 0003038  36.5229 323.5970 15.14275493186876
1 44923U 20001K   23149.88302676  .00018790  00000-0  10283-2 0  9995
2 44923  53.0548 218.4320 0003057  36.6287 323.4914 15.14292124186941
1 44923U 20001K   23150.41102783  .00019840  00000-0  10840-2 0  9999
2 44923  53.0548 216.0320 0003158  37.4390 322.6822 15.14314486187026
1 44923U 20001K   23150.87300105  .00030676  00000-0  16611-2 0  9999
2 44923  53.0549 213.9331 0003014  36.4233 323.6964 15.14388689187092
1 44923U 20001K   23151.20298067  .00030321  00000-0  16414-2 0  9998
2 44923  53.0545 212.4326 0003018  34.7649 325.3540 15.14404918187141
1 44923U 20001K   23151.40096478  .00027914  00000-0  15122-2 0  9991
2 44923  53.0545 211.5335 0003013  37.7761 322.3443 15.14421707187171
1 44923U 20001K   23151.86292407  .00019955  00000-0  10862-2 0  9993
2 44923  53.0542 209.4337 0003029  38.2097 321.9110 15.14445013187241
1 44923U 20001K   23152.45686604  .00020685  00000-0  11245-2 0  9993
2 44923  53.0536 206.7352 0003068  39.3068 320.8147 15.14467981187330
1 44923U 20001K   23152.85282228  .00019243  00000-0  10470-2 0  9998
2 44923  53.0531 204.9352 0003075  40.2192 319.9028 15.14482568187393
1 44923U 20001K   23152.85282228  .00019243  00000-0  10470-2 0  9998
2 44923  53.0531 204.9352 0003075  40.2192 319.9028 15.14482568187393
1 44923U 20001K   23153.51274213  .00015794  00000-0  86224-3 0  9995
2 44923  53.0527 201.9352 0003105  41.7935 318.3294 15.14501553187495
1 44923U 20001K   23153.51274213  .00015794  00000-0  86224-3 0  9995
2 44923  53.0527 201.9352 0003105  41.7935 318.3294 15.14501553187495
1 44923U 20001K   23154.50260749  .00011981  00000-0  65798-3 0  9991
2 44923  53.0520 197.4351 0003157  43.6680 316.4561 15.14524555187641
1 44923U 20001K   23154.50260749  .00011981  00000-0  65798-3 0  9991
2 44923  53.0520 197.4351 0003157  43.6680 316.4561 15.14524555187641
1 44923U 20001K   23154.83255948  .00012392  00000-0  67980-3 0  9994
2 44923  53.0518 195.9350 0003195  44.4780 315.6469 15.14532402187695
1 44923U 20001K   23155.42646889  .00011711  00000-0  64316-3 0  9992
2 44923  53.0515 193.2351 0003211  45.1997 314.9256 15.14544876187785
1 44923U 20001K   23155.82240592  .00011807  00000-0  64814-3 0  9996
2 44923  53.0513 191.4352 0003243  46.1007 314.0253 15.14553306187845
1 44923U 20001K   23155.95438416  .00012351  00000-0  67712-3 0  9999
2 44923  53.0513 190.8351 0003252  46.2080 313.9181 15.14557151187861
1 44923U 20001K   23156.41630679  .00011378  00000-0  62496-3 0  9998
2 44923  53.0513 188.7354 0003292  46.6342 313.4924 15.14566382187933
1 44923U 20001K   23157.34014294  .00010805  00000-0  59407-3 0  9992
2 44923  53.0514 184.5348 0003361  48.1962 311.9317 15.14585659188076
1 44923U 20001K   23157.47211888  .00010190  00000-0  56122-3 0  9992
2 44923  53.0515 183.9349 0003387  48.2623 311.8659 15.14587389188096
1 44923U 20001K   23158.46193025  .00008845  00000-0  48913-3 0  9997
2 44923  53.0523 179.4346 0003451  49.8306 310.2988 15.14604247188247
1 44923U 20001K   23158.46193025  .00008845  00000-0  48913-3 0  9997
2 44923  53.0523 179.4346 0003451  49.8306 310.2988 15.14604247188247
1 44923U 20001K   23158.79186545  .00008324  00000-0  46125-3 0  9997
2 44923  53.0525 177.9344 0003464  50.5416 309.5882 15.14608752188299
1 44923U 20001K   23159.45173213  .00007742  00000-0  43010-3 0  9992
2 44923  53.0528 174.9344 0003528  51.3099 308.8209 15.14618237188391
1 44923U 20001K   23160.04560836  .00008165  00000-0  45255-3 0  9993
2 44923  53.0532 172.2342 0003578  52.4989 307.6328 15.14628235188488
1 44923U 20001K   23160.44152438  .00007016  00000-0  39117-3 0  9996
2 44923  53.0535 170.4343 0003619  52.8097 307.3225 15.14631938188546
1 44923U 20001K   23161.43130653  .00006836  00000-0  38142-3 0  9997
2 44923  53.0541 165.9345 0003629  54.5365 305.5966 15.14646745188692
1 44923U 20001K   23161.43130653  .00006836  00000-0  38142-3 0  9997
2 44923  53.0541 165.9345 0003629  54.5365 305.5966 15.14646745188692
1 44923U 20001K   23162.42108017  .00006815  00000-0  38017-3 0  9994
2 44923  53.0544 161.4343 0003644  56.8102 303.3240 15.14660613188843
1 44923U 20001K   23163.01493979  .00007037  00000-0  39190-3 0  9994
2 44923  53.0543 158.7342 0003658  58.3082 301.8267 15.14669396188938
1 44923U 20001K   23163.27887609  .00006927  00000-0  38600-3 0  9991
2 44923  53.0543 157.5341 0003655  58.8763 301.2588 15.14673133188970
1 44923U 20001K   23163.67477992  .00006602  00000-0  36862-3 0  9993
2 44923  53.0541 155.7340 0003660  59.9267 300.2088 15.14677906189038
1 44923U 20001K   23164.00469803  .00007491  00000-0  41589-3 0  9992
2 44923  53.0540 154.2340 0003684  60.7676 299.3685 15.14684755189087
1 44923U 20001K   23164.20264859  .00006575  00000-0  36709-3 0  9998
2 44923  53.0539 153.3340 0003681  61.3336 298.8027 15.14686095189119
1 44923U 20001K   23164.26863185  .00007030  00000-0  39133-3 0  9992
2 44923  53.0538 153.0340 0003683  61.6370 298.4993 15.14687916189120
1 44923U 20001K   23165.32435929  .00007281  00000-0  40449-3 0  9991
2 44923  53.0532 148.2333 0003694  63.6873 296.4499 15.14705337189288
1 44923U 20001K   23165.32435929  .00007281  00000-0  40449-3 0  9991
2 44923  53.0532 148.2333 0003694  63.6873 296.4499 15.14705337189288
1 44923U 20001K   23165.65427110  .00007642  00000-0  42363-3 0  9998
2 44923  53.0531 146.7332 0003675  64.8719 295.2654 15.14711995189333
1 44923U 20001K   23166.38007234  .00008897  00000-0  49024-3 0  9994
2 44923  53.0526 143.4329 0003689  66.9577 293.1805 15.14727600189444
1 44923U 20001K   23166.38007234  .00008897  00000-0  49024-3 0  9994
2 44923  53.0526 143.4329 0003689  66.9577 293.1805 15.14727600189444
1 44923U 20001K   23167.30380505  .00018421  00000-0  99523-3 0  9995
2 44923  53.0521 139.2323 0003681  69.5934 290.5454 15.14762764189580
1 44923U 20001K   23167.30380505  .00018421  00000-0  99523-3 0  9995
2 44923  53.0521 139.2323 0003681  69.5934 290.5454 15.14762764189580
1 44923U 20001K   23167.63370373  .00020182  00000-0  10881-2 0  9999
2 44923  53.0520 137.7320 0003695  70.5218 289.6173 15.14777384189638
1 44923U 20001K   23168.29349235  .00016860  00000-0  91144-3 0  9995
2 44923  53.0520 134.7313 0003716  72.1151 288.0247 15.14801557189731
1 44923U 20001K   23168.62338203  .00017220  00000-0  93014-3 0  9994
2 44923  53.0522 133.2311 0003739  73.0511 287.0892 15.14815814189781
1 44923U 20001K   23168.62338203  .00017220  00000-0  93014-3 0  9994
2 44923  53.0522 133.2311 0003739  73.0511 287.0892 15.14815814189781
1 44923U 20001K   23169.15120014  .00017797  00000-0  96011-3 0  9991
2 44923  53.0522 130.8306 0003744  74.2921 285.8484 15.14837100189866
1 44923U 20001K   23169.87693798  .00018754  00000-0  10099-2 0  9999
2 44923  53.0529 127.5300 0003777  76.2506 283.8907 15.14867552189971
1 44923U 20001K   23170.14083850  .00021305  00000-0  11442-2 0  9992
2 44923  53.0530 126.3302 0003785  76.1768 283.9646 15.14881167190016
1 44923U 20001K   23170.27278809  .00022092  00000-0  11855-2 0  9998
2 44923  53.0531 125.7301 0003788  76.3156 283.8258 15.14887782190034
1 44923U 20001K   23170.60265937  .00022461  00000-0  12044-2 0  9994
2 44923  53.0532 124.2295 0003784  77.4249 282.7167 15.14904108190086
1 44923U 20001K   23171.26239077  .00026136  00000-0  13967-2 0  9991
2 44923  53.0535 121.2289 0003792  78.7819 281.3600 15.14940193190187
1 44923U 20001K   23171.26239077  .00026136  00000-0  13967-2 0  9991
2 44923  53.0535 121.2289 0003792  78.7819 281.3600 15.14940193190187
1 44923U 20001K   23171.59225009  .00026324  00000-0  14058-2 0  9998
2 44923  53.0539 119.7281 0003778  80.0919 280.0500 15.14959509190238
1 44923U 20001K   23172.25195633  .00029076  00000-0  15487-2 0  9995
2 44923  53.0540 116.7279 0003819  80.7928 279.3496 15.15000390190339
1 44923U 20001K   23172.25195633  .00029076  00000-0  15487-2 0  9995
2 44923  53.0540 116.7279 0003819  80.7928 279.3496 15.15000390190339
1 44923U 20001K   23172.58180284  .00027801  00000-0  14810-2 0  9990
2 44923  53.0544 115.2271 0003803  82.0430 278.0994 15.15019532190387
1 44923U 20001K   23174.09903827  .00036885  00000-0  19514-2 0  9992
2 44923  53.0547 108.3251 0003787  85.9712 274.1713 15.15123157190618
1 44923U 20001K   23175.15444111  .00037222  00000-0  19646-2 0  9998
2 44923  53.0549 103.5222 0003760  89.8014 270.3409 15.15202297190774
1 44923U 20001K   23176.47361243  .00040939  00000-0  21514-2 0  9994
2 44923  53.0547  97.5190 0003628  95.4268 264.7138 15.15312317190978
1 44923U 20001K   23177.85864167  .00037979  00000-0  19917-2 0  9994
2 44923  53.0540  91.2152 0003637 101.2352 258.9050 15.15420551191182
1 44923U 20001K   23179.17763334  .00031519  00000-0  16532-2 0  9999
2 44923  53.0546  85.2101 0003475 105.9775 254.1601 15.15505781191386
1 44923U 20001K   23180.16680744  .00036109  00000-0  18842-2 0  9999
2 44923  53.0543  80.7064 0003580 111.1540 248.9836 15.15621408191530
1 44923U 20001K   23181.68343794  .00027263  00000-0  14244-2 0  9991
2 44923  53.0538  73.8001 0003419 116.1018 244.0327 15.15718100191767
1 44923U 20001K   23183.06810251  .00032940  00000-0  17117-2 0  9992
2 44923  53.0538  67.4943 0003339 118.6563 241.4766 15.15813368191977
1 44923U 20001K   23184.38675706  .00029422  00000-0  15281-2 0  9993
2 44923  53.0537  61.4877 0003219 120.6131 239.5180 15.15888597192174
1 44923U 20001K   23185.04606111  .00026909  00000-0  13981-2 0  9993
2 44923  53.0537  58.4840 0003206 122.4521 237.6783 15.15921630192274
1 44923U 20001K   23186.36462021  .00027368  00000-0  14186-2 0  9997
2 44923  53.0541  52.4759 0003074 125.6075 234.5205 15.15996084192476
1 44923U 20001K   23187.74904398  .00029238  00000-0  15110-2 0  9994
2 44923  53.0548  46.1678 0002948 128.2688 231.8570 15.16067787192689
1 44923U 20001K   23188.86971355  .00033916  00000-0  17456-2 0  9998
2 44923  53.0554  41.0607 0002817 130.8238 229.3000 15.16138850192856
1 44923U 20001K   23190.05624908  .00031106  00000-0  15997-2 0  9998
2 44923  53.0561  35.6534 0002685 133.9462 226.1753 15.16208768193035
1 44923U 20001K   23190.78133073  .00024896  00000-0  12835-2 0  9992
2 44923  53.0565  32.3489 0002628 136.3843 223.7359 15.16239727193145
1 44923U 20001K   23191.96779006  .00024805  00000-0  12767-2 0  9999
2 44923  53.0566  26.9412 0002469 140.8261 219.2911 15.16300363193327
1 44923U 20001K   23192.95646758  .00028863  00000-0  14797-2 0  9999
2 44923  53.0565  22.4346 0002371 145.1073 215.0076 15.16358655193473
1 44923U 20001K   23194.67008265  .00028436  00000-0  14538-2 0  9994
2 44923  53.0559  14.6224 0002227 152.7303 207.3808 15.16462804193732
1 44923U 20001K   23195.72455575  .00034902  00000-0  17757-2 0  9992
2 44923  53.0557   9.8145 0002183 157.4964 202.6126 15.16532670193891
1 44923U 20001K   23197.17437240  .00028370  00000-0  14436-2 0  9995
2 44923  53.0550   3.2027 0002014 163.1819 196.9241 15.16630162194111
1 44923U 20001K   23197.96514374  .00031578  00000-0  16020-2 0  9991
2 44923  53.0547 359.5959 0001882 166.5162 193.5882 15.16682469194232
1 44923U 20001K   23198.95356549  .00040199  00000-0  20280-2 0  9991
2 44923  53.0547 355.0875 0001695 169.7975 190.3053 15.16762287194387
1 44923U 20001K   23200.79847716  .00033515  00000-0  16881-2 0  9994
2 44923  53.0549 346.6705 0001309 177.4917 182.6084 15.16904993194662
1 44923U 20001K   23201.78675554  .00037306  00000-0  18724-2 0  9993
2 44923  53.0547 342.1621 0001172 184.6680 175.4303 15.16977906194818
1 44923U 20001K   23205.34412743  .00040574  00000-0  20170-2 0  9997
2 44923  53.0558 325.9270 0000532 229.4474 130.6474 15.17274915195350
1 44923U 20001K   23206.46389674  .00038027  00000-0  18872-2 0  9993
2 44923  53.0558 320.8145 0000497 258.3448 101.7490 15.17364298195527
1 44923U 20001K   23207.45187359  .00051667  00000-0  25471-2 0  9997
2 44923  53.0559 316.3035 0000573 284.9777  75.1153 15.17455384195674
1 44923U 20001K   23207.71532382  .00051024  00000-0  25141-2 0  9997
2 44923  53.0560 315.1007 0000602 291.4285  68.6645 15.17479527195715
1 44923U 20001K   23207.71532382  .00051024  00000-0  25141-2 0  9997
2 44923  53.0560 315.1007 0000602 291.4285  68.6645 15.17479527195715
1 44923U 20001K   23208.30806817  .00043606  00000-0  21495-2 0  9995
2 44923  53.0565 312.3940 0000658 301.4729  58.6201 15.17536950195802
1 44923U 20001K   23208.76907864  .00039049  00000-0  19257-2 0  9998
2 44923  53.0565 310.2886 0000741 309.5184  50.5744 15.17572783195879
1 44923U 20001K   23208.76907864  .00039049  00000-0  19257-2 0  9998
2 44923  53.0565 310.2886 0000741 309.5184  50.5744 15.17572783195879
1 44923U 20001K   23209.29593463  .00033959  00000-0  16761-2 0  9994
2 44923  53.0564 307.8824 0000891 314.0885  46.0036 15.17610002195957
1 44923U 20001K   23209.75692334  .00032697  00000-0  16132-2 0  9992
2 44923  53.0563 305.7768 0000994 319.4950  40.5970 15.17641402196029
1 44923U 20001K   23210.41545872  .00038198  00000-0  18777-2 0  9990
2 44923  53.0568 302.7660 0000838 305.7423  54.3493 15.17695582196124
1 44923U 20001K   23211.46907281  .00032200  00000-0  15832-2 0  9999
2 44923  53.0567 297.9551 0001146 317.3151  42.7753 15.17769170196289
1 44923U 20001K   23211.93001093  .00038133  00000-0  18684-2 0  9996
2 44923  53.0569 295.8495 0001237 320.5543  39.5361 15.17809864196359
1 44923U 20001K   23213.44444994  .00030443  00000-0  14918-2 0  9997
2 44923  53.0560 288.9307 0001390 324.5309  35.5593 15.17914895196588
1 44923U 20001K   23214.56375455  .00031646  00000-0  15467-2 0  9992
2 44923  53.0552 283.8161 0001506 329.4779  30.6127 15.17986168196755
1 44923U 20001K   23215.61716645  .00028221  00000-0  13789-2 0  9999
2 44923  53.0542 279.0017 0001676 334.2620  25.8290 15.18055226196916
1 44923U 20001K   23216.67053888  .00025623  00000-0  12519-2 0  9992
2 44923  53.0530 274.1870 0001811 338.8364  21.2555 15.18107478197071
1 44923U 20001K   23217.46054139  .00035198  00000-0  17092-2 0  9999
2 44923  53.0526 270.5757 0001840 341.9611  18.1317 15.18160203197191
1 44923U 20001K   23218.44800773  .00022021  00000-0  10754-2 0  9990
2 44923  53.0523 266.0611 0001942 345.4449  14.6488 15.18211192197349
1 44923U 20001K   23219.83041795  .00021186  00000-0  10338-2 0  9994
2 44923  53.0518 259.7401 0002063 349.6634  10.4317 15.18262533197559
1 44923U 20001K   23221.34443313  .00017698  00000-0  86520-3 0  9995
2 44923  53.0512 252.8174 0002205 354.4311   5.6658 15.18316633197788
1 44923U 20001K   23222.46345632  .00015181  00000-0  74385-3 0  9995
2 44923  53.0511 247.6999 0002325 359.5071   0.5921 15.18349680197950
1 44923U 20001K   23223.77992563  .00012442  00000-0  61206-3 0  9996
2 44923  53.0513 241.6791 0002453   4.1126 355.9888 15.18381802198156
1 44923U 20001K   23225.03054447  .00012734  00000-0  62544-3 0  9997
2 44923  53.0511 235.9595 0002589   8.3746 351.7291 15.18414223198343
1 44923U 20001K   23226.41277622  .00013635  00000-0  66782-3 0  9991
2 44923  53.0515 229.6382 0002788  12.7117 347.3947 15.18451678198550
1 44923U 20001K   23227.00514162  .00031313  00000-0  15081-2 0  9998
2 44923  53.0521 226.9291 0002923  11.7537 348.3525 15.18502094198644
1 44923U 20001K   23227.26840613  .00034904  00000-0  16771-2 0  9995
2 44923  53.0523 225.7253 0002897  17.3641 342.7452 15.18530490198681
1 44923U 20001K   23228.25562712  .00018823  00000-0  91207-3 0  9996
2 44923  53.0527 221.2091 0003057  19.2657 340.8452 15.18582439198839
1 44923U 20001K   23229.44026234  .00020370  00000-0  98422-3 0  9998
2 44923  53.0533 215.7894 0003123  22.2853 337.8277 15.18629854199016
1 44923U 20001K   23230.42742657  .00023264  00000-0  11199-2 0  9992
2 44923  53.0542 211.2733 0003166  25.3625 334.7525 15.18677746199168
1 44923U 20001K   23232.13843708  .00026701  00000-0  12793-2 0  9991
2 44923  53.0555 203.4463 0003230  30.2698 329.8483 15.18764332199427
1 44923U 20001K   23233.19131566  .00027911  00000-0  13341-2 0  9994
2 44923  53.0559 198.6293 0003225  33.3349 326.7848 15.18823210199587
1 44923U 20001K   23235.09954812  .00030639  00000-0  14576-2 0  9994
2 44923  53.0560 189.8973 0003118  39.3133 320.8088 15.18939632199873
1 44923U 20001K   23236.28389044  .00032536  00000-0  15430-2 0  9993
2 44923  53.0558 184.4764 0003060  41.9369 318.1859 15.19019083200054
1 44923U 20001K   23237.00762440  .00035708  00000-0  16887-2 0  9990
2 44923  53.0557 181.1634 0002981  43.2127 316.9101 15.19070855200163
1 44923U 20001K   23237.86291359  .00035399  00000-0  16712-2 0  9993
2 44923  53.0557 177.2479 0002927  45.3254 314.7979 15.19134243200295
1 44923U 20001K   23237.86291359  .00035399  00000-0  16712-2 0  9993
2 44923  53.0557 177.2479 0002927  45.3254 314.7979 15.19134243200295
1 44923U 20001K   23238.19186421  .00029531  00000-0  13973-2 0  9990
2 44923  53.0556 175.7421 0002904  45.4989 314.6242 15.19146192200349
1 44923U 20001K   23238.19186421  .00029531  00000-0  13973-2 0  9990
2 44923  53.0556 175.7421 0002904  45.4989 314.6242 15.19146192200349
1 44923U 20001K   23238.78397512  .00021960  00000-0  10438-2 0  9991
2 44923  53.0555 173.0325 0002918  48.6527 311.4718 15.19153921200431
1 44923U 20001K   23238.78397512  .00021960  00000-0  10438-2 0  9991
2 44923  53.0555 173.0325 0002918  48.6527 311.4718 15.19153921200431
1 44923U 20001K   23239.04713473  .00012588  00000-0  60558-3 0  9994
2 44923  53.0556 171.8259 0002943  47.9651 312.1593 15.19150443200471
1 44923U 20001K   23239.17871384  .00012495  00000-0  60118-3 0  9993
2 44923  53.0557 171.2238 0002918  49.0228 311.1018 15.19152779200495
1 44923U 20001K   23240.09976487  .00007051  00000-0  34598-3 0  9991
2 44923  53.0561 167.0074 0002956  51.8517 308.2744 15.19159681200633
1 44923U 20001K   23240.49449850  .00006220  00000-0  30697-3 0  9997
2 44923  53.0564 165.2007 0002952  53.8414 306.2853 15.19164102200695
1 44923U 20001K   23241.15238484  .00005877  00000-0  29084-3 0  9995
2 44923  53.0562 162.1890 0002936  55.7423 304.3849 15.19172379200792
1 44923U 20001K   23241.48132683  .00005663  00000-0  28074-3 0  9996
2 44923  53.0561 160.6832 0002933  56.5733 303.5542 15.19176325200842
1 44923U 20001K   23242.13920115  .00012686  00000-0  60925-3 0  9998
2 44923  53.0556 157.6711 0002892  57.3560 302.7713 15.19202332200949
1 44923U 20001K   23242.46813655  .00009999  00000-0  48349-3 0  9993
2 44923  53.0558 156.1655 0002918  59.1601 300.9680 15.19207521200990
1 44923U 20001K   23243.12600378  .00007864  00000-0  38344-3 0  9996
2 44923  53.0551 153.1533 0002874  60.1924 299.9356 15.19218305201097
1 44923U 20001K   23243.12600378  .00007864  00000-0  38344-3 0  9996
2 44923  53.0551 153.1533 0002874  60.1924 299.9356 15.19218305201097
1 44923U 20001K   23243.91544099  .00009593  00000-0  46425-3 0  9990
2 44923  53.0548 149.5426 0002668  63.6839 296.4429 15.19226874201214
1 44923U 20001K   23244.44172894  .00008218  00000-0  39985-3 0  9995
2 44923  53.0544 147.1292 0002652  64.8612 295.2658 15.19233372201290
1 44923U 20001K   23244.44172894  .00008218  00000-0  39985-3 0  9995
2 44923  53.0544 147.1292 0002652  64.8612 295.2658 15.19233372201290
1 44923U 20001K   23245.42851569  .00006099  00000-0  30064-3 0  9991
2 44923  53.0542 142.6102 0002932  67.6274 292.5031 15.19242598201446
1 44923U 20001K   23245.42851569  .00006099  00000-0  30064-3 0  9991
2 44923  53.0542 142.6102 0002932  67.6274 292.5031 15.19242598201446
1 44923U 20001K   23246.41529213  .00007787  00000-0  37943-3 0  9997
2 44923  53.0535 138.0918 0003028  70.3424 289.7897 15.19258939201597
1 44923U 20001K   23247.07313127  .00010607  00000-0  51087-3 0  9995
2 44923  53.0532 135.0791 0002839  98.2763 261.8553 15.19279765201695
1 44923U 20001K   23247.07313127  .00010607  00000-0  51087-3 0  9995
2 44923  53.0532 135.0791 0002839  98.2763 261.8553 15.19279765201695
1 44923U 20001K   23248.12565006  .00011694  00000-0  56090-3 0  9993
2 44923  53.0522 130.2594 0003163  73.2382 286.8959 15.19322178201855
1 44923U 20001K   23248.12565006  .00011694  00000-0  56090-3 0  9993
2 44923  53.0522 130.2594 0003163  73.2382 286.8959 15.19322178201855
1 44923U 20001K   23249.04658933  .00007315  00000-0  35654-3 0  9995
2 44923  53.0525 126.0423 0003007  76.2446 283.8883 15.19340286201991
1 44923U 20001K   23249.90174216  .00008848  00000-0  42784-3 0  9991
2 44923  53.0519 122.1254 0003080  77.7717 282.3622 15.19354202202125
1 44923U 20001K   23250.03330332  .00009242  00000-0  44615-3 0  9994
2 44923  53.0520 121.5229 0003109  77.7606 282.3737 15.19357002202141
1 44923U 20001K   23250.03330332  .00009242  00000-0  44615-3 0  9994
2 44923  53.0520 121.5229 0003109  77.7606 282.3737 15.19357002202141
1 44923U 20001K   23251.02000531  .00011359  00000-0  54445-3 0  9993
2 44923  53.0523 117.0043 0003142  78.3576 281.7771 15.19377401202290
1 44923U 20001K   23251.61202217  .00008346  00000-0  40410-3 0  9992
2 44923  53.0521 114.2923 0003019  80.0962 280.0374 15.19381935202384
1 44923U 20001K   23251.87513911  .00009237  00000-0  44553-3 0  9998
2 44923  53.0516 113.0878 0003190  80.6088 279.5267 15.19388158202422
1 44923U 20001K   23252.33559175  .00009006  00000-0  43465-3 0  9997
2 44923  53.0519 110.9788 0003218  81.8972 278.2388 15.19396133202496
1 44923U 20001K   23252.79604232  .00009288  00000-0  44771-3 0  9995
2 44923  53.0520 108.8700 0003231  82.5044 277.6318 15.19404400202562
1 44923U 20001K   23253.58537928  .00009440  00000-0  45455-3 0  9990
2 44923  53.0519 105.2544 0003246  83.3678 276.7686 15.19419557202685
1 44923U 20001K   23253.98004445  .00010136  00000-0  48678-3 0  9991
2 44923  53.0520 103.4468 0003266  83.3869 276.7497 15.19428509202740
1 44923U 20001K   23254.57203870  .00010284  00000-0  49352-3 0  9994
2 44923  53.0522 100.7351 0003291  84.4715 275.6655 15.19440541202837
1 44923U 20001K   23254.90092261  .00010796  00000-0  51721-3 0  9992
2 44923  53.0524  99.2286 0003320  85.4134 274.7240 15.19447383202883
1 44923U 20001K   23255.75601278  .00011470  00000-0  54819-3 0  9991
2 44923  53.0524  95.3116 0003324  85.9074 274.2300 15.19466506203010
1 44923U 20001K   23255.82178781  .00014114  00000-0  67076-3 0  9994
2 44923  53.0523  95.0103 0003327  85.9884 274.1490 15.19472688203022
1 44923U 20001K   23256.54531329  .00014847  00000-0  70431-3 0  9997
2 44923  53.0523  91.6952 0003314  87.6591 272.4783 15.19492965203134
1 44923U 20001K   23256.54531329  .00014847  00000-0  70431-3 0  9997
2 44923  53.0523  91.6952 0003314  87.6591 272.4783 15.19492965203134
1 44923U 20001K   23256.87418431  .00014999  00000-0  71112-3 0  9996
2 44923  53.0524  90.1888 0003322  87.8141 272.3234 15.19504266203182
1 44923U 20001K   23257.79501468  .00013057  00000-0  62076-3 0  9994
2 44923  53.0527  85.9700 0003343  88.7343 271.4034 15.19527708203327
1 44923U 20001K   23257.79501468  .00013057  00000-0  62076-3 0  9994
2 44923  53.0527  85.9700 0003343  88.7343 271.4034 15.19527708203327
1 44923U 20001K   23258.25542494  .00013229  00000-0  62852-3 0  9993
2 44923  53.0529  83.8602 0003327  89.1063 271.0313 15.19538532203393
1 44923U 20001K   23258.84737493  .00013981  00000-0  66302-3 0  9992
2 44923  53.0532  81.1479 0003357  90.0030 270.1349 15.19555397203485
1 44923U 20001K   23259.50508707  .00014704  00000-0  69597-3 0  9993
2 44923  53.0539  78.1344 0003402  91.1005 269.0379 15.19578857203581
1 44923U 20001K   23259.83393954  .00015193  00000-0  71834-3 0  9995
2 44923  53.0538  76.6284 0003353  89.7872 270.3507 15.19590742203637
1 44923U 20001K   23259.83393954  .00015193  00000-0  71834-3 0  9995
2 44923  53.0538  76.6284 0003353  89.7872 270.3507 15.19590742203637
1 44923U 20001K   23260.88625880  .00015109  00000-0  71395-3 0  9997
2 44923  53.0546  71.8069 0003343  90.6272 269.5105 15.19615849203795
1 44923U 20001K   23260.88625880  .00015109  00000-0  71395-3 0  9997
2 44923  53.0546  71.8069 0003343  90.6272 269.5105 15.19615849203795
1 44923U 20001K   23261.74125693  .00011543  00000-0  54899-3 0  9998
2 44923  53.0554  67.8896 0003383  92.1029 268.0353 15.19630531203927
1 44923U 20001K   23261.80702518  .00012139  00000-0  57648-3 0  9999
2 44923  53.0554  67.5879 0003378  92.3291 267.8090 15.19633235203932
1 44923U 20001K   23262.79354212  .00015132  00000-0  71399-3 0  9997
2 44923  53.0562  63.0676 0003352  93.4976 266.6402 15.19664814204089
1 44923U 20001K   23263.58274308  .00011904  00000-0  56479-3 0  9997
2 44923  53.0565  59.4521 0003334  95.5148 264.6227 15.19683356204203
1 44923U 20001K   23263.78004184  .00011296  00000-0  53668-3 0  9993
2 44923  53.0566  58.5479 0003324  95.3062 264.8313 15.19687406204239
1 44923U 20001K   23263.78004184  .00011296  00000-0  53668-3 0  9993
2 44923  53.0566  58.5479 0003324  95.3062 264.8313 15.19687406204239
1 44923U 20001K   23264.76652716  .00010511  00000-0  50019-3 0  9998
2 44923  53.0572  54.0276 0003280  96.3691 263.7678 15.19708742204387
1 44923U 20001K   23265.55570525  .00010821  00000-0  51423-3 0  9997
2 44923  53.0574  50.4113 0003248  97.1002 263.0362 15.19726522204501
1 44923U 20001K   23265.68723408  .00011191  00000-0  53121-3 0  9999
2 44923  53.0576  49.8086 0003243  97.4854 262.6509 15.19729825204526
1 44923U 20001K   23265.75299838  .00011331  00000-0  53763-3 0  9990
2 44923  53.0576  49.5072 0003237  97.4730 262.6632 15.19731485204537
1 44923U 20001K   23266.54216437  .00011300  00000-0  53592-3 0  9998
2 44923  53.0576  45.8908 0003149  98.3831 261.7521 15.19749764204657
1 44923U 20001K   23267.39708330  .00010773  00000-0  51139-3 0  9998
2 44923  53.0580  41.9735 0003092  99.1321 261.0024 15.19769581204781
1 44923U 20001K   23267.59437024  .00011952  00000-0  56552-3 0  9993
2 44923  53.0582  41.0696 0003073  99.3930 260.7412 15.19776265204815
1 44923U 20001K   23267.72589480  .00012045  00000-0  56973-3 0  9993
2 44923  53.0582  40.4667 0003060  99.5549 260.5791 15.19779360204839
1 44923U 20001K   23268.38351229  .00017461  00000-0  81807-3 0  9995
2 44923  53.0584  37.4531 0003030 100.2426 259.8911 15.19802894204933
1 44923U 20001K   23268.51503529  .00013503  00000-0  63637-3 0  9996
2 44923  53.0585  36.8506 0003016 100.6258 259.5077 15.19801406204950
1 44923U 20001K   23268.71231826  .00014797  00000-0  69566-3 0  9999
2 44923  53.0585  35.9462 0003002 100.7337 259.3996 15.19808633204985
1 44923U 20001K   23269.36992374  .00012021  00000-0  56789-3 0  9994
2 44923  53.0586  32.9326 0002973 101.8382 258.2946 15.19824370205081
1 44923U 20001K   23269.56720323  .00014097  00000-0  66303-3 0  9997
2 44923  53.0586  32.0286 0002956 102.1364 257.9962 15.19833207205119
1 44923U 20001K   23269.63296307  .00014024  00000-0  65967-3 0  9990
2 44923  53.0587  31.7273 0002949 102.2584 257.8741 15.19834920205127
1 44923U 20001K   23270.55359211  .00011498  00000-0  54337-3 0  9998
2 44923  53.0587  27.5081 0002904 103.8388 256.2930 15.19858065205261
1 44923U 20001K   23270.61935069  .00011806  00000-0  55747-3 0  9995
2 44923  53.0588  27.2072 0002887 104.5482 255.5833 15.19860196205275
1 44923U 20001K   23271.60572316  .00010414  00000-0  49324-3 0  9995
2 44923  53.0594  22.6877 0002858 107.8580 252.2727 15.19882237205420
1 44923U 20001K   23272.52632471  .00011431  00000-0  53957-3 0  9993
2 44923  53.0598  18.4688 0002799 109.5045 250.6252 15.19903973205567
1 44923U 20001K   23272.59208156  .00011307  00000-0  53385-3 0  9996
2 44923  53.0598  18.1673 0002777 109.4032 250.7263 15.19905107205574
1 44923U 20001K   23272.98662067  .00011068  00000-0  52278-3 0  9998
2 44923  53.0595  16.3577 0002680 107.3778 252.7510 15.19914034205634
1 44923U 20001K   23273.70993610  .00010675  00000-0  50450-3 0  9993
2 44923  53.0593  13.0435 0002633 110.9654 249.1623 15.19930852205743
1 44923U 20001K   23274.56475208  .00012226  00000-0  57517-3 0  9991
2 44923  53.0588   9.1259 0002568 112.9924 247.1342 15.19953919205875
1 44923U 20001K   23274.69626105  .00012271  00000-0  57716-3 0  9990
2 44923  53.0587   8.5232 0002563 113.3647 246.7618 15.19957640205898
1 44923U 20001K   23275.55106332  .00011435  00000-0  53858-3 0  9995
2 44923  53.0583   4.6054 0002552 115.5928 244.5330 15.19977797206025
1 44923U 20001K   23275.74832380  .00011210  00000-0  52826-3 0  9990
2 44923  53.0580   3.7009 0002498 115.2921 244.8333 15.19982334206053
1 44923U 20001K   23276.53735982  .00010540  00000-0  49736-3 0  9999
2 44923  53.0576   0.0841 0002434 116.2529 243.8716 15.19999479206172
1 44923U 20001K   23276.66886514  .00009807  00000-0  46383-3 0  9990
2 44923  53.0575 359.4813 0002423 116.5908 243.5335 15.20001419206199
1 44923U 20001K   23276.66886514  .00009807  00000-0  46383-3 0  9990
2 44923  53.0575 359.4813 0002423 116.5908 243.5335 15.20001419206199
1 44923U 20001K   23277.52364183  .00011480  00000-0  53996-3 0  9997
2 44923  53.0572 355.5629 0002370 118.2680 241.8554 15.20022739206322
1 44923U 20001K   23277.91815006  .00011597  00000-0  54514-3 0  9991
2 44923  53.0569 353.7543 0002366 119.5590 240.5641 15.20032551206384
1 44923U 20001K   23278.24690495  .00012365  00000-0  58007-3 0  9996
2 44923  53.0566 352.2470 0002355 120.5532 239.5695 15.20041812206433
1 44923U 20001K   23278.57565774  .00013026  00000-0  61004-3 0  9999
2 44923  53.0567 350.7402 0002349 121.4649 238.6576 15.20051343206487
1 44923U 20001K   23278.64140828  .00012314  00000-0  57755-3 0  9993
2 44923  53.0567 350.4388 0002355 121.7223 238.4002 15.20052110206491
1 44923U 20001K   23279.43040691  .00011656  00000-0  54720-3 0  9995
2 44923  53.0565 346.8217 0002338 123.3154 236.8065 15.20071963206613
1 44923U 20001K   23279.56190558  .00012463  00000-0  58395-3 0  9996
2 44923  53.0564 346.2189 0002328 123.9490 236.1727 15.20076297206637
1 44923U 20001K   23279.89065158  .00012012  00000-0  56329-3 0  9994
2 44923  53.0561 344.7117 0002310 124.4869 235.6344 15.20083452206680
1 44923U 20001K   23280.48238999  .00010890  00000-0  51192-3 0  9991
2 44923  53.0559 341.9989 0002295 125.5793 234.5416 15.20096350206772
1 44923U 20001K   23280.48238999  .00010890  00000-0  51192-3 0  9991
2 44923  53.0559 341.9989 0002295 125.5793 234.5416 15.20096350206772
1 44923U 20001K   23281.46860845  .00011539  00000-0  54112-3 0  9997
2 44923  53.0553 337.4774 0002262 127.3366 232.7836 15.20120357206926
1 44923U 20001K   23281.66584995  .00012199  00000-0  57108-3 0  9999
2 44923  53.0550 336.5728 0002256 127.8624 232.2575 15.20126529206952
1 44923U 20001K   23281.86309118  .00011963  00000-0  56029-3 0  9992
2 44923  53.0549 335.6685 0002243 127.7439 232.3760 15.20130723206982
1 44923U 20001K   23282.52055725  .00011436  00000-0  53605-3 0  9990
2 44923  53.0551 332.6533 0002253 127.3169 232.8032 15.20146509207089
1 44923U 20001K   23282.65204960  .00011186  00000-0  52462-3 0  9993
2 44923  53.0549 332.0501 0002250 127.1533 232.9668 15.20149656207100
1 44923U 20001K   23283.50674192  .00012586  00000-0  58792-3 0  9993
2 44923  53.0544 328.1312 0002216 127.6226 232.4971 15.20173502207230
1 44923U 20001K   23283.63823174  .00012815  00000-0  59824-3 0  9995
2 44923  53.0543 327.5284 0002232 127.9627 232.1570 15.20177744207252
1 44923U 20001K   23284.42716607  .00010918  00000-0  51176-3 0  9999
2 44923  53.0539 323.9107 0002217 128.6775 231.4418 15.20195225207376
1 44923U 20001K   23284.82162948  .00011732  00000-0  54859-3 0  9992
2 44923  53.0536 322.1019 0002218 128.7389 231.3804 15.20205573207432
1 44923U 20001K   23285.47906265  .00011920  00000-0  55686-3 0  9990
2 44923  53.0530 319.0873 0002187 130.1714 229.9473 15.20222066207535
1 44923U 20001K   23285.80777681  .00012065  00000-0  56329-3 0  9991
2 44923  53.0527 317.5798 0002175 130.2346 229.8839 15.20230003207589
1 44923U 20001K   23286.46519944  .00013301  00000-0  61907-3 0  9992
2 44923  53.0523 314.5647 0002143 131.4128 228.7052 15.20247835207688
1 44923U 20001K   23286.46519944  .00013301  00000-0  61907-3 0  9992
2 44923  53.0523 314.5647 0002143 131.4128 228.7052 15.20247835207688
1 44923U 20001K   23286.79390773  .00014941  00000-0  69321-3 0  9994
2 44923  53.0521 313.0571 0002139 131.9248 228.1930 15.20258294207735
1 44923U 20001K   23287.45131876  .00013048  00000-0  60714-3 0  9999
2 44923  53.0517 310.0419 0002111 132.8351 227.2822 15.20274215207835
1 44923U 20001K   23287.78002163  .00012341  00000-0  57495-3 0  9998
2 44923  53.0514 308.5343 0002105 132.9463 227.1709 15.20281894207887
1 44923U 20001K   23287.78002163  .00012341  00000-0  57495-3 0  9998
2 44923  53.0514 308.5343 0002105 132.9463 227.1709 15.20281894207887
1 44923U 20001K   23288.37168236  .00011350  00000-0  52982-3 0  9993
2 44923  53.0510 305.8209 0002065 133.9101 226.2064 15.20295474207972
1 44923U 20001K   23289.35777269  .00011289  00000-0  52675-3 0  9994
2 44923  53.0506 301.2977 0002033 134.3122 225.8040 15.20317260208127
1 44923U 20001K   23289.42351159  .00011287  00000-0  52662-3 0  9992
2 44923  53.0505 300.9961 0002030 134.4176 225.6985 15.20318667208131
1 44923U 20001K   23290.40958706  .00010667  00000-0  49827-3 0  9993
2 44923  53.0504 296.4727 0001985 133.6190 226.4969 15.20339709208281
1 44923U 20001K   23290.40958706  .00010667  00000-0  49827-3 0  9993
2 44923  53.0504 296.4727 0001985 133.6190 226.4969 15.20339709208281
1 44923U 20001K   23291.19843779  .00010254  00000-0  47931-3 0  9999
2 44923  53.0506 292.8558 0001919 128.3759 231.7408 15.20356772208404
1 44923U 20001K   23292.18448693  .00013206  00000-0  61236-3 0  9999
2 44923  53.0503 288.3320 0001859 130.6198 229.4959 15.20382609208553
1 44923U 20001K   23292.38169459  .00014078  00000-0  65166-3 0  9995
2 44923  53.0503 287.4271 0001863 131.1345 228.9811 15.20388786208589
1 44923U 20001K   23292.71037284  .00014044  00000-0  64998-3 0  9997
2 44923  53.0503 285.9188 0001862 131.7750 228.3405 15.20396961208637
1 44923U 20001K   23293.36772290  .00012753  00000-0  59138-3 0  9997
2 44923  53.0503 282.9030 0001831 132.1643 227.9508 15.20414162208736
1 44923U 20001K   23293.36772290  .00012753  00000-0  59138-3 0  9997
2 44923  53.0503 282.9030 0001831 132.1643 227.9508 15.20414162208736
1 44923U 20001K   23294.28800173  .00014111  00000-0  65219-3 0  9998
2 44923  53.0502 278.6815 0001778 131.0153 229.0995 15.20438909208875
1 44923U 20001K   23294.68240279  .00010860  00000-0  50543-3 0  9998
2 44923  53.0504 276.8721 0001775 129.8537 230.2614 15.20444894208930
1 44923U 20001K   23294.68240279  .00010860  00000-0  50543-3 0  9998
2 44923  53.0504 276.8721 0001775 129.8537 230.2614 15.20444894208930
1 44923U 20001K   23295.20826590  .00010771  00000-0  50124-3 0  9999
2 44923  53.0504 274.4595 0001773 128.4405 231.6750 15.20459617209015
1 44923U 20001K   23296.19423929  .00016116  00000-0  74122-3 0  9990
2 44923  53.0508 269.9351 0001843 129.4185 230.6973 15.20501409209161
1 44923U 20001K   23296.19423929  .00016116  00000-0  74122-3 0  9990
2 44923  53.0508 269.9351 0001843 129.4185 230.6973 15.20501409209161
1 44923U 20001K   23297.18019688  .00012115  00000-0  56080-3 0  9991
2 44923  53.0511 265.4096 0001942 132.0541 228.0620 15.20522306209314
1 44923U 20001K   23297.18019688  .00012115  00000-0  56080-3 0  9991
2 44923  53.0511 265.4096 0001942 132.0541 228.0620 15.20522306209314
1 44923U 20001K   23298.29760246  .00008810  00000-0  41179-3 0  9997
2 44923  53.0507 260.2825 0001816 130.5102 229.6052 15.20538623209481
1 44923U 20001K   23298.29760246  .00008810  00000-0  41179-3 0  9997
2 44923  53.0507 260.2825 0001816 130.5102 229.6052 15.20538623209481
1 44923U 20001K   23299.28353535  .00010060  00000-0  46780-3 0  9999
2 44923  53.0504 255.7584 0001655 128.8482 231.2661 15.20558907209630
1 44923U 20001K   23300.13799919  .00011252  00000-0  52109-3 0  9992
2 44923  53.0505 251.8374 0001565 127.5470 232.5667 15.20578847209767
1 44923U 20001K   23300.26945392  .00012973  00000-0  59836-3 0  9999
2 44923  53.0505 251.2342 0001559 127.4181 232.6956 15.20584692209786
1 44923U 20001K   23300.59809025  .00011696  00000-0  54088-3 0  9992
2 44923  53.0509 249.7260 0001561 127.0810 233.0328 15.20590291209835
1 44923U 20001K   23301.25535687  .00011022  00000-0  51035-3 0  9998
2 44923  53.0513 246.7099 0001554 126.0638 234.0501 15.20606444209939
1 44923U 20001K   23301.58398791  .00011784  00000-0  54445-3 0  9990
2 44923  53.0515 245.2017 0001548 125.9043 234.2096 15.20614636209984
1 44923U 20001K   23302.56986906  .00013239  00000-0  60930-3 0  9993
2 44923  53.0523 240.6775 0001533 124.4314 235.6826 15.20641679210134
1 44923U 20001K   23302.83276755  .00013534  00000-0  62234-3 0  9994
2 44923  53.0523 239.4710 0001540 124.2302 235.8839 15.20649726210173
1 44923U 20001K   23303.22711279  .00013738  00000-0  63129-3 0  9993
2 44923  53.0525 237.6611 0001551 124.9159 235.1982 15.20661349210238
1 44923U 20001K   23304.01579624  .00012231  00000-0  56345-3 0  9996
2 44923  53.0529 234.0418 0001535 123.4501 236.6641 15.20680184210354
1 44923U 20001K   23304.54157523  .00012220  00000-0  56261-3 0  9999
2 44923  53.0536 231.6286 0000748 180.8929 179.2065 15.20701413210434
1 44923U 20001K   23304.93591442  .00011890  00000-0  54781-3 0  9991
2 44923  53.0532 229.8188 0001576 123.5582 236.5564 15.20701955210497
1 44923U 20001K   23305.06735910  .00009764  00000-0  45260-3 0  9995
2 44923  53.0536 229.2158 0001408 118.6130 241.5007 15.20704198210513
1 44923U 20001K   23305.52741218  .00011129  00000-0  51356-3 0  9995
2 44923  53.0535 227.1049 0001479 120.8298 239.2843 15.20714866210588
1 44923U 20001K   23305.92173950  .00012538  00000-0  57642-3 0  9990
2 44923  53.0529 225.2957 0001467 120.2069 239.9072 15.20728056210649
1 44923U 20001K   23306.18461952  .00024811  00000-0  11236-2 0  9996
2 44923  53.0541 224.0872 0001789 124.3201 235.7964 15.20754785210682
1 44923U 20001K   23306.18461952  .00024811  00000-0  11236-2 0  9996
2 44923  53.0541 224.0872 0001789 124.3201 235.7964 15.20754785210682
1 44923U 20001K   23306.77606835  .00025201  00000-0  11382-2 0  9998
2 44923  53.0537 221.3745 0001595 123.2287 236.8861 15.20837738210771
1 44923U 20001K   23306.90750228  .00030956  00000-0  13937-2 0  9990
2 44923  53.0535 220.7706 0001769 120.2686 239.8484 15.20838135210790
1 44923U 20001K   23307.03893434  .00027137  00000-0  12240-2 0  9995
2 44923  53.0538 220.1679 0001341 118.0542 242.0588 15.20844009210819
1 44923U 20001K   23307.76180124  .00014986  00000-0  68301-3 0  9998
2 44923  53.0542 216.8495 0001456 118.8661 241.2481 15.20872679210928
1 44923U 20001K   23307.89323100  .00013640  00000-0  62304-3 0  9998
2 44923  53.0542 216.2462 0001439 118.8314 241.2826 15.20874796210949
1 44923U 20001K   23308.15608951  .00013520  00000-0  61758-3 0  9997
2 44923  53.0542 215.0392 0001403 118.9701 241.1435 15.20881643210988
1 44923U 20001K   23308.87894488  .00014178  00000-0  64651-3 0  9993
2 44923  53.0544 211.7209 0001366 118.6417 241.4716 15.20901061211094
1 44923U 20001K   23308.94465853  .00013889  00000-0  63361-3 0  9996
2 44923  53.0545 211.4193 0001367 118.5920 241.5213 15.20902445211105
1 44923U 20001K   23309.14179862  .00015991  00000-0  72694-3 0  9996
2 44923  53.0546 210.5143 0001375 119.0352 241.0781 15.20910648211137
1 44923U 20001K   23309.93034954  .00025233  00000-0  11360-2 0  9997
2 44923  53.0550 206.8943 0001391 118.7850 241.3285 15.20948355211256
1 44923U 20001K   23309.99606107  .00025810  00000-0  11614-2 0  9991
2 44923  53.0550 206.5925 0001366 118.7837 241.3296 15.20952024211261
1 44923U 20001K   23309.99606107  .00025810  00000-0  11614-2 0  9991
2 44923  53.0550 206.5925 0001366 118.7837 241.3296 15.20952024211261
1 44923U 20001K   23310.91601129  .00017876  00000-0  80894-3 0  9994
2 44923  53.0558 202.3689 0001363 117.6856 242.4278 15.20984746211400
1 44923U 20001K   23311.11314059  .00017406  00000-0  78793-3 0  9994
2 44923  53.0559 201.4638 0001376 117.8568 242.2566 15.20992445211437
1 44923U 20001K   23311.11314059  .00017406  00000-0  78793-3 0  9994
2 44923  53.0559 201.4638 0001376 117.8568 242.2566 15.20992445211437
1 44923U 20001K   23312.09877630  .00013136  00000-0  59807-3 0  9992
2 44923  53.0562 196.9391 0001311 117.0492 243.0637 15.21019784211583
1 44923U 20001K   23312.09877630  .00013136  00000-0  59807-3 0  9992
2 44923  53.0562 196.9391 0001311 117.0492 243.0637 15.21019784211583
1 44923U 20001K   23312.95298080  .00011789  00000-0  53799-3 0  9999
2 44923  53.0567 193.0175 0001279 116.6295 243.4832 15.21040575211713
1 44923U 20001K   23313.80717401  .00010674  00000-0  48828-3 0  9996
2 44923  53.0572 189.0961 0001256 116.1023 244.0101 15.21059915211844
1 44923U 20001K   23313.93858709  .00011433  00000-0  52184-3 0  9991
2 44923  53.0574 188.4928 0001277 116.1923 243.9203 15.21064179211865
1 44923U 20001K   23314.92417951  .00009480  00000-0  43507-3 0  9999
2 44923  53.0575 183.9676 0001279 116.5170 243.5956 15.21083629212016
1 44923U 20001K   23315.05559083  .00009641  00000-0  44215-3 0  9993
2 44923  53.0575 183.3636 0001275 116.6645 243.4481 15.21086156212032
1 44923U 20001K   23315.05559083  .00009641  00000-0  44215-3 0  9993
2 44923  53.0575 183.3636 0001275 116.6645 243.4481 15.21086156212032
1 44923U 20001K   23315.90975931  .00008795  00000-0  40448-3 0  9994
2 44923  53.0576 179.4414 0001269 117.1364 242.9761 15.21101958212167
1 44923U 20001K   23316.82962412  .00009995  00000-0  45740-3 0  9999
2 44923  53.0575 175.2178 0001243 117.6145 242.4977 15.21120063212309
1 44923U 20001K   23316.89532832  .00009023  00000-0  41437-3 0  9996
2 44923  53.0575 174.9161 0001233 117.3283 242.7838 15.21119807212310
1 44923U 20001K   23317.02673678  .00008918  00000-0  40969-3 0  9997
2 44923  53.0575 174.3129 0001227 117.3463 242.7657 15.21121823212333
1 44923U 20001K   23318.01229292  .00008671  00000-0  39856-3 0  9995
2 44923  53.0575 169.7873 0001174 117.6143 242.4971 15.21138765212481
1 44923U 20001K   23318.01229292  .00008671  00000-0  39856-3 0  9995
2 44923  53.0575 169.7873 0001174 117.6143 242.4971 15.21138765212481
1 44923U 20001K   23318.86643107  .00008709  00000-0  40005-3 0  9993
2 44923  53.0579 165.8652 0001139 118.2626 241.8484 15.21155346212612
1 44923U 20001K   23318.99783620  .00008749  00000-0  40179-3 0  9998
2 44923  53.0579 165.2617 0001130 117.8796 242.2314 15.21157990212637
1 44923U 20001K   23319.85196534  .00007796  00000-0  35952-3 0  9990
2 44923  53.0578 161.3390 0001048 118.5370 241.5731 15.21171422212760
1 44923U 20001K   23319.85196534  .00007796  00000-0  35952-3 0  9990
2 44923  53.0578 161.3390 0001048 118.5370 241.5731 15.21171422212760
1 44923U 20001K   23319.98336924  .00007787  00000-0  35908-3 0  9994
2 44923  53.0581 160.7358 0001058 118.3069 241.8033 15.21173475212785
1 44923U 20001K   23320.83748990  .00007014  00000-0  32478-3 0  9992
2 44923  53.0587 156.8134 0001000 118.7599 241.3497 15.21185537212914
1 44923U 20001K   23322.54571302  .00005375  00000-0  25220-3 0  9998
2 44923  53.0591 148.9693 0000913 120.2637 239.8449 15.21205844213176
1 44923U 20001K   23322.54571302  .00005375  00000-0  25220-3 0  9998
2 44923  53.0591 148.9693 0000913 120.2637 239.8449 15.21205844213176
1 44923U 20001K   23322.80851454  .00006093  00000-0  28388-3 0  9992
2 44923  53.0593 147.7624 0000881 119.9388 240.1695 15.21210170213212
1 44923U 20001K   23323.53121595  .00006012  00000-0  28025-3 0  9998
2 44923  53.0594 144.4435 0000825 120.2597 239.8480 15.21218547213327
1 44923U 20001K   23323.79401520  .00006540  00000-0  30352-3 0  9997
2 44923  53.0603 143.2372 0000881 120.6451 239.4631 15.21223275213362
1 44923U 20001K   23323.79401520  .00006540  00000-0  30352-3 0  9997
2 44923  53.0603 143.2372 0000881 120.6451 239.4631 15.21223275213362
1 44923U 20001K   23323.99111441  .00005471  00000-0  25629-3 0  9992
2 44923  53.0599 142.3314 0000803 119.1698 240.9378 15.21223696213397
1 44923U 20001K   23324.91090545  .00006813  00000-0  31544-3 0  9990
2 44923  53.0598 138.1079 0000739 123.1148 236.9918 15.21238152213534
1 44923U 20001K   23324.91090545  .00006813  00000-0  31544-3 0  9990
2 44923  53.0598 138.1079 0000739 123.1148 236.9918 15.21238152213534
1 44923U 20001K   23325.50219523  .00007176  00000-0  33137-3 0  9998
2 44923  53.0598 135.3924 0000696 124.7684 235.3377 15.21247422213628
1 44923U 20001K   23325.76498878  .00009276  00000-0  42390-3 0  9992
2 44923  53.0596 134.1856 0000681 124.2848 235.8212 15.21255287213663
1 44923U 20001K   23326.48766292  .00013931  00000-0  62854-3 0  9990
2 44923  53.0594 130.8663 0000571 125.7498 234.3551 15.21280732213770
1 44923U 20001K   23326.48766292  .00013931  00000-0  62854-3 0  9990
2 44923  53.0594 130.8663 0000571 125.7498 234.3551 15.21280732213770
1 44923U 20001K   23326.75045121  .00015556  00000-0  69981-3 0  9994
2 44923  53.0593 129.6593 0000510 124.4445 235.6599 15.21290006213814
1 44923U 20001K   23327.60450401  .00012583  00000-0  56868-3 0  9997
2 44923  53.0593 125.7360 0000550 134.8882 225.2158 15.21311282213947
1 44923U 20001K   23327.73589563  .00012717  00000-0  57455-3 0  9995
2 44923  53.0595 125.1327 0000540 134.7606 225.3434 15.21314886213961
1 44923U 20001K   23327.73589563  .00012717  00000-0  57455-3 0  9995
2 44923  53.0595 125.1327 0000540 134.7606 225.3434 15.21314886213961
1 44923U 20001K   23328.58993531  .00011914  00000-0  53890-3 0  9990
2 44923  53.0597 121.2106 0000434 119.4200 240.6839 15.21335265214095
1 44923U 20001K   23328.65563018  .00011726  00000-0  53064-3 0  9995
2 44923  53.0598 120.9088 0000433 122.1693 237.9345 15.21336479214108
1 44923U 20001K   23329.57535019  .00015606  00000-0  70048-3 0  9999
2 44923  53.0601 116.6844 0000352 110.2285 249.8748 15.21364408214247
1 44923U 20001K   23329.70673746  .00015488  00000-0  69524-3 0  9999
2 44923  53.0601 116.0810 0000341 112.1984 247.9047 15.21367684214261
1 44923U 20001K   23330.42935910  .00014419  00000-0  64792-3 0  9999
2 44923  53.0601 112.7615 0000268 102.5663 257.5362 15.21390838214378
1 44923U 20001K   23330.56074336  .00013270  00000-0  59745-3 0  9996
2 44923  53.0603 112.1581 0000279 112.6537 247.4488 15.21394458214391
1 44923U 20001K   23330.62643567  .00012210  00000-0  55094-3 0  9997
2 44923  53.0603 111.8562 0000302 126.0001 234.1023 15.21394945214409
1 44923U 20001K   23331.61180802  .00012014  00000-0  54186-3 0  9998
2 44923  53.0606 107.3301 0000293 135.8157 224.2862 15.21424774214553
1 44923U 20001K   23331.67749926  .00011668  00000-0  52669-3 0  9990
2 44923  53.0606 107.0284 0000200 121.8840 238.2175 15.21425798214562
1 44923U 20001K   23331.67749926  .00011668  00000-0  52669-3 0  9990
2 44923  53.0606 107.0284 0000200 121.8840 238.2175 15.21425798214562
1 44923U 20001K   23332.59716365  .00012964  00000-0  58304-3 0  9995
2 44923  53.0609 102.8040 0000110 122.9712 237.1294 15.21452604214700
1 44923U 20001K   23333.51681225  .00013755  00000-0  61717-3 0  9995
2 44923  53.0610  98.5803 0000078  12.7740 347.3258 15.21480236214841
1 44923U 20001K   23333.58250072  .00014540  00000-0  65148-3 0  9999
2 44923  53.0607  98.2777 0000093   5.4090 354.6906 15.21482951214856
1 44923U 20001K   23334.63350697  .00013818  00000-0  61936-3 0  9998
2 44923  53.0607  93.4499 0000245 343.4242  16.6746 15.21511958215013
1 44923U 20001K   23335.55312051  .00015203  00000-0  67936-3 0  9998
2 44923  53.0606  89.2242 0000356 347.0762  13.0224 15.21539436215159
1 44923U 20001K   23336.47271065  .00029504  00000-0  13003-2 0  9993
2 44923  53.0605  84.9993 0000350 344.6654  15.4331 15.21593113215292
1 44923U 20001K   23336.60408119  .00016245  00000-0  72397-3 0  9990
2 44923  53.0604  84.3962 0000403 347.7958  12.3028 15.21580572215318
1 44923U 20001K   23336.60408119  .00016245  00000-0  72397-3 0  9990
2 44923  53.0604  84.3962 0000403 347.7958  12.3028 15.21580572215318
1 44923U 20001K   23337.52364934  .00011163  00000-0  50188-3 0  9996
2 44923  53.0600  80.1705 0000416 345.0931  15.0053 15.21608861215454
1 44923U 20001K   23338.50888914  .00008441  00000-0  38295-3 0  9994
2 44923  53.0592  75.6421 0000613 344.0952  16.0025 15.21626408215603
1 44923U 20001K   23338.50888914  .00008441  00000-0  38295-3 0  9994
2 44923  53.0592  75.6421 0000613 344.0952  16.0025 15.21626408215603
1 44923U 20001K   23339.55979825  .00009596  00000-0  43304-3 0  9991
2 44923  53.0592  70.8131 0000771 346.6205  13.4771 15.21648031215764
1 44923U 20001K   23339.55979825  .00009596  00000-0  43304-3 0  9991
2 44923  53.0592  70.8131 0000771 346.6205  13.4771 15.21648031215764
1 44923U 20001K   23340.47933239  .00008407  00000-0  38105-3 0  9996
2 44923  53.0594  66.5856 0000735 349.7632  10.3348 15.21663553215908
1 44923U 20001K   23341.46453820  .00006038  00000-0  27771-3 0  9994
2 44923  53.0594  62.0606 0000615 348.8224  11.2758 15.21676140216054
1 44923U 20001K   23341.46453820  .00006038  00000-0  27771-3 0  9994
2 44923  53.0594  62.0606 0000615 348.8224  11.2758 15.21676140216054
1 44923U 20001K   23342.44973520  .00005258  00000-0  24362-3 0  9993
2 44923  53.0592  57.5318 0000594 351.6130   8.4856 15.21688655216203
1 44923U 20001K   23343.17220840  .00005546  00000-0  25609-3 0  9999
2 44923  53.0587  54.2118 0000699 349.6090  10.4891 15.21698191216317
1 44923U 20001K   23343.43492491  .00005211  00000-0  24147-3 0  9996
2 44923  53.0589  53.0050 0000690 350.8156   9.2827 15.21700662216355
1 44923U 20001K   23345.40528315  .00004334  00000-0  20316-3 0  9999
2 44923  53.0584  43.9498 0000597 355.9512   4.1478 15.21720717216654
1 44923U 20001K   23345.40528315  .00004334  00000-0  20316-3 0  9999
2 44923  53.0584  43.9498 0000597 355.9512   4.1478 15.21720717216654
1 44923U 20001K   23346.39045359  .00004558  00000-0  21283-3 0  9992
2 44923  53.0580  39.4223 0000720   0.4955 359.6042 15.21730595216804
1 44923U 20001K   23347.44129458  .00004572  00000-0  21337-3 0  9998
2 44923  53.0571  34.5937 0000895 356.7533   3.3457 15.21741130216961
1 44923U 20001K   23347.44129458  .00004572  00000-0  21337-3 0  9998
2 44923  53.0571  34.5937 0000895 356.7533   3.3457 15.21741130216961
1 44923U 20001K   23348.36077291  .00005609  00000-0  25840-3 0  9992
2 44923  53.0566  30.3670 0000963 359.1782   0.9212 15.21753740217101
1 44923U 20001K   23348.95186256  .00005003  00000-0  23202-3 0  9997
2 44923  53.0562  27.6501 0000995   0.1508 359.9488 15.21759702217198
1 44923U 20001K   23349.41159665  .00004753  00000-0  22111-3 0  9992
2 44923  53.0558  25.5368 0000999   1.7553 358.3446 15.21765626217269
1 44923U 20001K   23350.39673361  .00007036  00000-0  32018-3 0  9999
2 44923  53.0553  21.0080 0001114   4.9507 355.1500 15.21783713217410
1 44923U 20001K   23350.39673361  .00007036  00000-0  32018-3 0  9999
2 44923  53.0553  21.0080 0001114   4.9507 355.1500 15.21783713217410
1 44923U 20001K   23351.38186187  .00007297  00000-0  33138-3 0  9997
2 44923  53.0551  16.4799 0001142   8.7340 351.3676 15.21798134217562
1 44923U 20001K   23352.30130386  .00009173  00000-0  41256-3 0  9995
2 44923  53.0549  12.2539 0001237  12.0182 348.0843 15.21817382217704
1 44923U 20001K   23352.30130386  .00009173  00000-0  41256-3 0  9995
2 44923  53.0549  12.2539 0001237  12.0182 348.0843 15.21817382217704
1 44923U 20001K   23353.28640613  .00010929  00000-0  48835-3 0  9993
2 44923  53.0545   7.7227 0001363  14.3250 345.7784 15.21841640217852
1 44923U 20001K   23353.28640613  .00010929  00000-0  48835-3 0  9993
2 44923  53.0545   7.7227 0001363  14.3250 345.7784 15.21841640217852
1 44923U 20001K   23354.33716762  .00010183  00000-0  45578-3 0  9992
2 44923  53.0538   2.8924 0001524  15.8259 344.2784 15.21862630218013
1 44923U 20001K   23354.33716762  .00010183  00000-0  45578-3 0  9992
2 44923  53.0538   2.8924 0001524  15.8259 344.2784 15.21862630218013
1 44923U 20001K   23355.32224159  .00010366  00000-0  46342-3 0  9999
2 44923  53.0530 358.3644 0001597  17.0120 343.0929 15.21884656218160
1 44923U 20001K   23356.17595962  .00010765  00000-0  48038-3 0  9993
2 44923  53.0525 354.4381 0001612  20.1168 339.9891 15.21905534218299
1 44923U 20001K   23356.30730007  .00010218  00000-0  45669-3 0  9999
2 44923  53.0523 353.8341 0001603  20.7109 339.3951 15.21907547218317
1 44923U 20001K   23357.42368144  .00010822  00000-0  48243-3 0  9994
2 44923  53.0514 348.7017 0001548  25.1570 334.9501 15.21934801218482
1 44923U 20001K   23357.42368144  .00010822  00000-0  48243-3 0  9994
2 44923  53.0514 348.7017 0001548  25.1570 334.9501 15.21934801218482
1 44923U 20001K   23358.40870790  .00011976  00000-0  53191-3 0  9997
2 44923  53.0506 344.1722 0001497  30.1281 329.9801 15.21959033218632
1 44923U 20001K   23359.13105131  .00011691  00000-0  51932-3 0  9993
2 44923  53.0503 340.8503 0001529  32.7703 327.3387 15.21975667218746
1 44923U 20001K   23359.32805272  .00011330  00000-0  50369-3 0  9990
2 44923  53.0504 339.9443 0001609  32.7264 327.3831 15.21980035218772
1 44923U 20001K   23360.31305059  .00010736  00000-0  47777-3 0  9997
2 44923  53.0502 335.4144 0001662  37.1354 322.9756 15.22002213218925
1 44923U 20001K   23360.31305059  .00010736  00000-0  47777-3 0  9997
2 44923  53.0502 335.4144 0001662  37.1354 322.9756 15.22002213218925
1 44923U 20001K   23361.36370001  .00010050  00000-0  44793-3 0  9996
2 44923  53.0497 330.5831 0001679  41.8849 318.2275 15.22023982219084
1 44923U 20001K   23361.36370001  .00010050  00000-0  44793-3 0  9996
2 44923  53.0497 330.5831 0001679  41.8849 318.2275 15.22023982219084
1 44923U 20001K   23362.28300596  .00009145  00000-0  40871-3 0  9996
2 44923  53.0491 326.3555 0001635  45.9068 314.2062 15.22041431219229
1 44923U 20001K   23363.13663854  .00008207  00000-0  36811-3 0  9997
2 44923  53.0487 322.4297 0001729  48.0627 312.0515 15.22056095219358
1 44923U 20001K   23363.26796602  .00008650  00000-0  38719-3 0  9990
2 44923  53.0487 321.8257 0001773  47.4101 312.7044 15.22058810219379
1 44923U 20001K   23364.25291542  .00008051  00000-0  36122-3 0  9994
2 44923  53.0486 317.2936 0001960  48.1758 311.9405 15.22074577219522
1 44923U 20001K   23364.25291542  .00008051  00000-0  36122-3 0  9994
2 44923  53.0486 317.2936 0001960  48.1758 311.9405 15.22074577219522
