1 44934U 20001W   22365.42913203  .00001621  00000-0  12766-3 0  9994
2 44934  53.0535 153.1980 0001259  88.9660 271.1473 15.06406366164641
1 44934U 20001W   22365.42913203  .00001621  00000-0  12766-3 0  9994
2 44934  53.0535 153.1980 0001259  88.9660 271.1473 15.06406366164641
1 44934U 20001W   22365.69452402  .00000659  00000-0  63106-4 0  9997
2 44934  53.0535 152.0072 0001259  85.8128 274.3005 15.06400234164684
1 44934U 20001W   22365.69452402  .00000659  00000-0  63106-4 0  9997
2 44934  53.0535 152.0072 0001259  85.8128 274.3005 15.06400234164684
1 44934U 20001W   23001.42434171 -.00001195  00000-0 -61380-4 0  9999
2 44934  53.0534 148.7315 0001240  82.8456 277.2674 15.06398902164790
1 44934U 20001W   23001.75608110 -.00002512  00000-0 -14986-3 0  9994
2 44934  53.0538 147.2412 0001372  83.6103 276.5042 15.06390548164845
1 44934U 20001W   23001.75608110 -.00002512  00000-0 -14986-3 0  9994
2 44934  53.0538 147.2412 0001372  83.6103 276.5042 15.06390548164845
1 44934U 20001W   23002.35320904 -.00001826  00000-0 -10379-3 0  9992
2 44934  53.0544 144.5600 0001391  80.3088 279.8058 15.06383796164938
1 44934U 20001W   23002.75128731 -.00000661  00000-0 -25519-4 0  9999
2 44934  53.0541 142.7740 0001501  87.3675 272.7486 15.06392889164998
1 44934U 20001W   23003.08301962  .00000653  00000-0  62706-4 0  9993
2 44934  53.0545 141.2848 0001370  81.2302 278.8842 15.06394464165040
1 44934U 20001W   23003.34842096  .00031758  00000-0  21499-2 0  9992
2 44934  53.0545 140.0934 0002107  72.0654 288.0565 15.06251093165089
1 44934U 20001W   23003.34842096  .00031758  00000-0  21499-2 0  9992
2 44934  53.0545 140.0934 0002107  72.0654 288.0565 15.06251093165089
1 44934U 20001W   23003.74652516  .00029582  00000-0  20035-2 0  9999
2 44934  53.0545 138.3065 0002081  69.3548 290.7663 15.06270481165144
1 44934U 20001W   23004.60899532  .00002325  00000-0  17493-3 0  9997
2 44934  53.0543 134.4356 0001224  87.9826 272.1303 15.06400596165276
1 44934U 20001W   23004.60899532  .00002325  00000-0  17493-3 0  9997
2 44934  53.0543 134.4356 0001224  87.9826 272.1303 15.06400596165276
1 44934U 20001W   23004.67533417  .00003233  00000-0  23573-3 0  9996
2 44934  53.0555 134.1365 0001390  76.2862 283.8281 15.06412112165283
1 44934U 20001W   23005.60418204  .00001824  00000-0  14123-3 0  9991
2 44934  53.0537 129.9670 0001372  79.5796 280.5347 15.06415598165420
1 44934U 20001W   23006.59941256 -.00003628  00000-0 -22490-3 0  9990
2 44934  53.0567 125.5013 0001364  71.4837 288.6300 15.06386605165574
1 44934U 20001W   23007.72729651 -.00001906  00000-0 -10905-3 0  9994
2 44934  53.0554 120.4375 0001401  65.5198 294.5937 15.06404939165743
1 44934U 20001W   23007.72729651 -.00001906  00000-0 -10905-3 0  9994
2 44934  53.0554 120.4375 0001401  65.5198 294.5937 15.06404939165743
1 44934U 20001W   23008.25808078  .00004941  00000-0  35046-3 0  9997
2 44934  53.0547 118.0543 0001543  73.5350 286.5808 15.06390986165824
1 44934U 20001W   23008.58981549  .00004856  00000-0  34472-3 0  9995
2 44934  53.0547 116.5652 0001555  73.2750 286.8409 15.06394800165876
1 44934U 20001W   23009.58501780  .00002796  00000-0  20654-3 0  9999
2 44934  53.0560 112.0973 0001292  60.6137 299.4981 15.06396572166026
1 44934U 20001W   23009.65136177  .00002715  00000-0  20106-3 0  9994
2 44934  53.0548 111.8004 0001383  69.1187 290.9950 15.06402039166033
1 44934U 20001W   23009.65136177  .00002715  00000-0  20106-3 0  9994
2 44934  53.0548 111.8004 0001383  69.1187 290.9950 15.06402039166033
1 44934U 20001W   23010.31483473 -.00000132  00000-0  10046-4 0  9998
2 44934  53.0537 108.8209 0001542  62.5831 297.5315 15.06393104166135
1 44934U 20001W   23010.51387652 -.00000789  00000-0 -34081-4 0  9996
2 44934  53.0554 107.9288 0001665  64.9373 295.1789 15.06392225166169
1 44934U 20001W   23010.64657054  .00000482  00000-0  51228-4 0  9996
2 44934  53.0551 107.3314 0001570  62.0567 298.0581 15.06396449166185
1 44934U 20001W   23011.04466996 -.00001639  00000-0 -91223-4 0  9990
2 44934  53.0559 105.5440 0000989  67.6707 292.4386 15.06376576166240
1 44934U 20001W   23011.50910253 -.00002259  00000-0 -13289-3 0  9995
2 44934  53.0541 103.4594 0001433  69.1535 290.9608 15.06379157166315
1 44934U 20001W   23011.97351680  .00000974  00000-0  84260-4 0  9997
2 44934  53.0532 101.3742 0001532  71.4107 288.7049 15.06399045166387
1 44934U 20001W   23012.57063171  .00008331  00000-0  57723-3 0  9997
2 44934  53.0523  98.6939 0001605  65.8181 294.2976 15.06417629166473
1 44934U 20001W   23012.57063171  .00008331  00000-0  57723-3 0  9997
2 44934  53.0523  98.6939 0001605  65.8181 294.2976 15.06417629166473
1 44934U 20001W   23013.49949133  .00015555  00000-0  10601-2 0  9999
2 44934  53.0523  94.5246 0001450  72.7021 287.4127 15.06425571166610
1 44934U 20001W   23013.49949133  .00015555  00000-0  10601-2 0  9999
2 44934  53.0523  94.5246 0001450  72.7021 287.4127 15.06425571166610
1 44934U 20001W   23013.56583890  .00025933  00000-0  17524-2 0  9993
2 44934  53.0522  94.2271 0001438  72.5525 287.5621 15.06422386166629
1 44934U 20001W   23014.16296362  .00023001  00000-0  15573-2 0  9991
2 44934  53.0502  91.5468 0002025  79.1669 280.9548 15.06415927166718
1 44934U 20001W   23014.49469551  .00016214  00000-0  11045-2 0  9997
2 44934  53.0522  90.0565 0001307  81.5227 278.5910 15.06413077166766
1 44934U 20001W   23014.89277888  .00011367  00000-0  78070-3 0  9997
2 44934  53.0525  88.2680 0001379  80.5758 279.5387 15.06403704166825
1 44934U 20001W   23015.22451746  .00005474  00000-0  38624-3 0  9995
2 44934  53.0523  86.7795 0001384  92.8048 267.3099 15.06387768166878
1 44934U 20001W   23015.48990364  .00017021  00000-0  11586-2 0  9995
2 44934  53.0522  85.5888 0001460  99.8790 260.2363 15.06405723166916
1 44934U 20001W   23015.48990364  .00017021  00000-0  11586-2 0  9995
2 44934  53.0522  85.5888 0001460  99.8790 260.2363 15.06405723166916
1 44934U 20001W   23016.55144972  .00010811  00000-0  74325-3 0  9991
2 44934  53.0523  80.8231 0001064  96.7055 263.4055 15.06415722167078
1 44934U 20001W   23016.88318413  .00002917  00000-0  21463-3 0  9993
2 44934  53.0528  79.3334 0000997 102.0003 258.1098 15.06405847167129
1 44934U 20001W   23016.88318413  .00002917  00000-0  21463-3 0  9993
2 44934  53.0528  79.3334 0000997 102.0003 258.1098 15.06405847167129
1 44934U 20001W   23017.21491953 -.00001403  00000-0 -75319-4 0  9993
2 44934  53.0529  77.8449 0001352  96.8617 263.2526 15.06402351167172
1 44934U 20001W   23017.21491953 -.00001403  00000-0 -75319-4 0  9993
2 44934  53.0529  77.8449 0001352  96.8617 263.2526 15.06402351167172
1 44934U 20001W   23018.34282118  .00001071  00000-0  90769-4 0  9994
2 44934  53.0527  72.7809 0001203  95.3824 264.7303 15.06395355167346
1 44934U 20001W   23018.40916875  .00000098  00000-0  25482-4 0  9993
2 44934  53.0526  72.4826 0001385  89.8922 270.2226 15.06395531167352
1 44934U 20001W   23018.87359667  .00002652  00000-0  19685-3 0  9999
2 44934  53.0536  70.3982 0001474  90.3448 269.7710 15.06399943167422
1 44934U 20001W   23019.40436494  .00004681  00000-0  33282-3 0  9996
2 44934  53.0537  68.0161 0001106  85.3128 274.7987 15.06410101167508
1 44934U 20001W   23019.53705465  .00005463  00000-0  38520-3 0  9996
2 44934  53.0527  67.4184 0001520  99.0631 261.0530 15.06415981167522
1 44934U 20001W   23020.46591806  .00002961  00000-0  21758-3 0  9997
2 44934  53.0532  63.2496 0001491  95.4745 264.6414 15.06404379167665
1 44934U 20001W   23020.46591806  .00002961  00000-0  21758-3 0  9997
2 44934  53.0532  63.2496 0001491  95.4745 264.6414 15.06404379167665
1 44934U 20001W   23021.26208498  .00000181  00000-0  31079-4 0  9998
2 44934  53.0535  59.6770 0001657  96.9622 263.1555 15.06396038167781
1 44934U 20001W   23022.45632522  .00003781  00000-0  27251-3 0  9994
2 44934  53.0518  54.3128 0001314  96.7642 263.3496 15.06407210167962
1 44934U 20001W   23022.78806455  .00001347  00000-0  10934-3 0  9994
2 44934  53.0522  52.8245 0001323 101.0462 259.0675 15.06395719168018
1 44934U 20001W   23024.24769399  .00002302  00000-0  17338-3 0  9999
2 44934  53.0517  46.2709 0001487  97.8639 262.2519 15.06402432168231
1 44934U 20001W   23024.77847121  .00000541  00000-0  55233-4 0  9997
2 44934  53.0521  43.8877 0001450  96.5211 263.5943 15.06397505168315
1 44934U 20001W   23025.30925078  .00001319  00000-0  10747-3 0  9999
2 44934  53.0535  41.5048 0001275 104.7130 255.4000 15.06391372168390
1 44934U 20001W   23025.30925078  .00001319  00000-0  10747-3 0  9999
2 44934  53.0535  41.5048 0001275 104.7130 255.4000 15.06391372168390
1 44934U 20001W   23025.77367918 -.00000515  00000-0 -15683-4 0  9997
2 44934  53.0535  39.4198 0001398 100.4041 259.7106 15.06395631168466
1 44934U 20001W   23026.10541161  .00001235  00000-0  10180-3 0  9993
2 44934  53.0530  37.9305 0001226  98.2956 261.8172 15.06393117168513
1 44934U 20001W   23026.83522789  .00001460  00000-0  11692-3 0  9997
2 44934  53.0535  34.6543 0001207  98.5339 261.5787 15.06391810168622
1 44934U 20001W   23027.23331352  .00002113  00000-0  16073-3 0  9990
2 44934  53.0534  32.8670 0001226  97.7338 262.3790 15.06386546168682
1 44934U 20001W   23028.16215061 -.00013998  00000-0 -92116-3 0  9998
2 44934  53.0536  28.6975 0001630  69.6862 290.4302 15.06459583168823
1 44934U 20001W   23028.36120669  .00000979  00000-0  84591-4 0  9991
2 44934  53.0536  27.8043 0001257  77.3645 282.7484 15.06400111168851
1 44934U 20001W   23028.36120669  .00000979  00000-0  84591-4 0  9991
2 44934  53.0536  27.8043 0001257  77.3645 282.7484 15.06400111168851
1 44934U 20001W   23029.29006020  .00001913  00000-0  14727-3 0  9990
2 44934  53.0534  23.6325 0001321  88.4186 271.6954 15.06400573168997
1 44934U 20001W   23030.21892046  .00000309  00000-0  39639-4 0  9993
2 44934  53.0540  19.4635 0001318  94.0551 266.0589 15.06398762169131
1 44934U 20001W   23030.35161177  .00000615  00000-0  60186-4 0  9993
2 44934  53.0537  18.8678 0001337  91.4525 268.6617 15.06401380169153
1 44934U 20001W   23030.94873518 -.00000159  00000-0  82203-5 0  9996
2 44934  53.0536  16.1868 0001370 101.3868 258.7274 15.06399325169246
1 44934U 20001W   23031.34681075  .00000615  00000-0  60168-4 0  9997
2 44934  53.0528  14.3999 0001534 120.2596 239.8545 15.06403249169301
1 44934U 20001W   23031.34681075  .00000615  00000-0  60168-4 0  9997
2 44934  53.0528  14.3999 0001534 120.2596 239.8545 15.06403249169301
1 44934U 20001W   23031.94393730 -.00000202  00000-0  53489-5 0  9993
2 44934  53.0526  11.7207 0001343  89.0106 271.1037 15.06399032169397
