1 44949U 20001AM  22365.43650428  .00001500  00000-0  11958-3 0  9996
2 44949  53.0548 153.1603 0001502  61.1466 298.9673 15.06401897164644
1 44949U 20001AM  22365.70188948  .00001783  00000-0  13856-3 0  9991
2 44949  53.0548 151.9682 0001542  64.7363 295.3786 15.06404440164683
1 44949U 20001AM  23001.09997734 -.00000155  00000-0  84787-5 0  9998
2 44949  53.0547 150.1820 0001471  59.3019 300.8115 15.06397633164746
1 44949U 20001AM  23001.43171496 -.00002462  00000-0 -14647-3 0  9995
2 44949  53.0545 148.6932 0001791  62.1948 297.9223 15.06397790164793
1 44949U 20001AM  23001.69710084 -.00002167  00000-0 -12663-3 0  9993
2 44949  53.0547 147.5016 0001874  64.5000 295.6183 15.06397728164839
1 44949U 20001AM  23002.49326010 -.00000220  00000-0  41180-5 0  9999
2 44949  53.0547 143.9270 0001530  60.1048 300.0093 15.06401755164954
1 44949U 20001AM  23002.62595888 -.00000767  00000-0 -32610-4 0  9999
2 44949  53.0560 143.3301 0001853  51.6840 308.4316 15.06396831164971
1 44949U 20001AM  23002.69230769 -.00001232  00000-0 -63829-4 0  9994
2 44949  53.0550 143.0333 0001663  56.8462 303.2687 15.06394133164986
1 44949U 20001AM  23003.42212650  .00001342  00000-0  10898-3 0  9992
2 44949  53.0555 139.7575 0001475  60.0717 300.0419 15.06386312165093
1 44949U 20001AM  23004.61635880  .00000416  00000-0  46804-4 0  9996
2 44949  53.0546 134.3971 0001423  53.1814 306.9305 15.06407714165277
1 44949U 20001AM  23004.61635880  .00000416  00000-0  46804-4 0  9996
2 44949  53.0546 134.3971 0001423  53.1814 306.9305 15.06407714165277
1 44949U 20001AM  23005.61155720  .00002370  00000-0  17790-3 0  9999
2 44949  53.0548 129.9281 0001595  60.1945 299.9203 15.06405109165427
1 44949U 20001AM  23006.34138319 -.00000940  00000-0 -44215-4 0  9991
2 44949  53.0544 126.6543 0001760  44.2625 315.8505 15.06398233165534
1 44949U 20001AM  23006.34138319 -.00000940  00000-0 -44215-4 0  9991
2 44949  53.0544 126.6543 0001760  44.2625 315.8505 15.06398233165534
1 44949U 20001AM  23007.73467520  .00000934  00000-0  81616-4 0  9991
2 44949  53.0560 120.3996 0001827  44.7889 315.3247 15.06389843165744
1 44949U 20001AM  23007.73467520  .00000934  00000-0  81616-4 0  9991
2 44949  53.0560 120.3996 0001827  44.7889 315.3247 15.06389843165744
1 44949U 20001AM  23008.59718363  .00003223  00000-0  23521-3 0  9994
2 44949  53.0548 116.5269 0001727  46.1080 314.0051 15.06392234165879
1 44949U 20001AM  23008.99526595  .00002995  00000-0  21992-3 0  9997
2 44949  53.0539 114.7401 0001403  50.0172 310.0940 15.06393836165933
1 44949U 20001AM  23009.39334655  .00002343  00000-0  17612-3 0  9997
2 44949  53.0546 112.9536 0001612  43.4718 316.6398 15.06397611165994
1 44949U 20001AM  23009.65873314  .00002615  00000-0  19439-3 0  9997
2 44949  53.0546 111.7623 0001639  42.5571 317.5545 15.06400372166033
1 44949U 20001AM  23010.32220131  .00001904  00000-0  14666-3 0  9993
2 44949  53.0528 108.7831 0002409  52.1410 307.9797 15.06405733166134
1 44949U 20001AM  23010.52124498  .00000224  00000-0  33975-4 0  9993
2 44949  53.0522 107.8887 0002158  50.9558 309.1623 15.06398006166168
1 44949U 20001AM  23010.52124498  .00000224  00000-0  33975-4 0  9993
2 44949  53.0522 107.8887 0002158  50.9558 309.1623 15.06398006166168
1 44949U 20001AM  23011.51643827  .00003147  00000-0  22998-3 0  9994
2 44949  53.0545 103.4213 0002020  45.6986 314.4168 15.06411079166318
1 44949U 20001AM  23011.51643827  .00003147  00000-0  22998-3 0  9994
2 44949  53.0545 103.4213 0002020  45.6986 314.4168 15.06411079166318
1 44949U 20001AM  23011.64913202  .00002687  00000-0  19918-3 0  9991
2 44949  53.0541 102.8285 0002130  35.9922 324.1210 15.06409665166336
1 44949U 20001AM  23012.51163093  .00004260  00000-0  30456-3 0  9992
2 44949  53.0541  98.9547 0002062  43.9466 316.1686 15.06417587166462
1 44949U 20001AM  23013.57320513 -.00004547  00000-0 -28671-3 0  9997
2 44949  53.0541  94.1906 0001908  47.9336 312.1815 15.06377261166629
1 44949U 20001AM  23013.57320513 -.00004547  00000-0 -28671-3 0  9997
2 44949  53.0541  94.1906 0001908  47.9336 312.1815 15.06377261166629
1 44949U 20001AM  23013.90493973 -.00001247  00000-0 -64851-4 0  9990
2 44949  53.0540  92.7001 0001836  49.3834 310.7314 15.06385163166670
1 44949U 20001AM  23014.23667297  .00002738  00000-0  20268-3 0  9996
2 44949  53.0540  91.2098 0001780  49.5440 310.5704 15.06392853166724
1 44949U 20001AM  23015.23188604  .00016323  00000-0  11123-2 0  9991
2 44949  53.0544  86.7434 0002048  71.7152 288.4060 15.06394653166870
1 44949U 20001AM  23015.56362088  .00029976  00000-0  20227-2 0  9990
2 44949  53.0538  85.2544 0001756  64.5012 295.6158 15.06400383166921
1 44949U 20001AM  23015.89535662  .00023676  00000-0  16028-2 0  9991
2 44949  53.0534  83.7609 0001830  69.6865 290.4321 15.06404942166972
1 44949U 20001AM  23015.89535662  .00023676  00000-0  16028-2 0  9991
2 44949  53.0534  83.7609 0001830  69.6865 290.4321 15.06404942166972
1 44949U 20001AM  23016.49247376  .00018416  00000-0  12513-2 0  9991
2 44949  53.0536  81.0808 0001817  69.6956 290.4228 15.06420364167065
1 44949U 20001AM  23016.49247376  .00018416  00000-0  12513-2 0  9991
2 44949  53.0536  81.0808 0001817  69.6956 290.4228 15.06420364167065
1 44949U 20001AM  23016.89055809  .00005765  00000-0  40558-3 0  9997
2 44949  53.0538  79.2970 0001693  78.6078 281.5101 15.06401203167122
1 44949U 20001AM  23016.89055809  .00005765  00000-0  40558-3 0  9997
2 44949  53.0538  79.2970 0001693  78.6078 281.5101 15.06401203167122
1 44949U 20001AM  23017.15595199 -.00007563  00000-0 -48964-3 0  9997
2 44949  53.0556  78.1069 0001843  84.9375 275.1824 15.06377250167165
1 44949U 20001AM  23017.55404177  .00030950  00000-0  20888-2 0  9994
2 44949  53.0534  76.3181 0001724  85.4763 274.6423 15.06377959167223
1 44949U 20001AM  23017.55404177  .00030950  00000-0  20888-2 0  9994
2 44949  53.0534  76.3181 0001724  85.4763 274.6423 15.06377959167223
1 44949U 20001AM  23018.41654622  .00038790  00000-0  26061-2 0  9991
2 44949  53.0537  72.4465 0001830  83.6573 276.4625 15.06437222167353
1 44949U 20001AM  23019.14635766  .00031869  00000-0  21468-2 0  9996
2 44949  53.0537  69.1698 0001547  72.0737 288.0421 15.06433721167468
1 44949U 20001AM  23019.41174101  .00018271  00000-0  12414-2 0  9990
2 44949  53.0536  67.9769 0002836  92.6244 267.5070 15.06426572167508
1 44949U 20001AM  23019.41174101  .00018271  00000-0  12414-2 0  9990
2 44949  53.0536  67.9769 0002836  92.6244 267.5070 15.06426572167508
1 44949U 20001AM  23019.94251799  .00029739  00000-0  20067-2 0  9991
2 44949  53.0546  65.5967 0001412  99.5843 260.5305 15.06405005167583
1 44949U 20001AM  23020.34059828  .00014419  00000-0  98495-3 0  9996
2 44949  53.0547  63.8101 0002481 126.6854 233.4363 15.06398049167645
1 44949U 20001AM  23020.34059828  .00014419  00000-0  98495-3 0  9996
2 44949  53.0547  63.8101 0002481 126.6854 233.4363 15.06398049167645
1 44949U 20001AM  23020.80502788  .00012961  00000-0  88724-3 0  9999
2 44949  53.0530  61.7241 0001592  89.1198 270.9973 15.06407086167718
1 44949U 20001AM  23021.26945846  .00007912  00000-0  54949-3 0  9998
2 44949  53.0534  59.6398 0001778 100.5574 259.5616 15.06397525167783
1 44949U 20001AM  23022.46369921  .00008751  00000-0  60547-3 0  9998
2 44949  53.0516  54.2772 0001513  90.9466 269.1696 15.06409952167962
1 44949U 20001AM  23022.79543509  .00003226  00000-0  23538-3 0  9991
2 44949  53.0535  52.7884 0001760  96.6259 263.4930 15.06399966168015
1 44949U 20001AM  23023.79064306  .00003519  00000-0  25503-3 0  9994
2 44949  53.0513  48.3187 0001660  95.4505 264.6673 15.06396188168164
1 44949U 20001AM  23024.78585002  .00003247  00000-0  23682-3 0  9999
2 44949  53.0537  43.8519 0001588  87.7274 272.3897 15.06392615168317
1 44949U 20001AM  23025.31662299  .00005141  00000-0  36373-3 0  9999
2 44949  53.0528  41.4688 0001738  96.9830 263.1357 15.06403649168392
1 44949U 20001AM  23026.11278553  .00005549  00000-0  39106-3 0  9993
2 44949  53.0532  37.8948 0001595  92.6115 267.5056 15.06404329168519
1 44949U 20001AM  23026.11278553  .00005549  00000-0  39106-3 0  9993
2 44949  53.0532  37.8948 0001595  92.6115 267.5056 15.06404329168519
1 44949U 20001AM  23026.84260068  .00001688  00000-0  13220-3 0  9994
2 44949  53.0535  34.6187 0001555  92.5863 267.5303 15.06399953168620
1 44949U 20001AM  23027.24068205  .00000971  00000-0  84105-4 0  9993
2 44949  53.0538  32.8324 0001537  92.2271 267.8894 15.06398990168680
1 44949U 20001AM  23028.23590347 -.00004912  00000-0 -31133-3 0  9993
2 44949  53.0534  28.3637 0001482 105.2579 254.8574 15.06371356168833
1 44949U 20001AM  23028.36860712 -.00002004  00000-0 -11579-3 0  9995
2 44949  53.0539  27.7646 0001468 108.9846 251.1302 15.06370372168850
1 44949U 20001AM  23028.36860712 -.00002004  00000-0 -11579-3 0  9995
2 44949  53.0539  27.7646 0001468 108.9846 251.1302 15.06370372168850
1 44949U 20001AM  23029.23109177  .00002688  00000-0  19925-3 0  9992
2 44949  53.0545  23.8961 0001477 103.6311 256.4842 15.06404231168986
1 44949U 20001AM  23029.36378342  .00002894  00000-0  21305-3 0  9992
2 44949  53.0552  23.3005 0001521 105.1890 254.9268 15.06408626169008
1 44949U 20001AM  23030.22629889  .00005000  00000-0  35435-3 0  9995
2 44949  53.0540  19.4271 0001396 107.8635 252.2506 15.06394624169134
1 44949U 20001AM  23030.35898886  .00005484  00000-0  38676-3 0  9990
2 44949  53.0541  18.8316 0001411 104.4067 255.7079 15.06399776169156
1 44949U 20001AM  23030.95611148  .00000004  00000-0  19140-4 0  9999
2 44949  53.0538  16.1499 0001753 110.5667 249.5510 15.06408798169244
1 44949U 20001AM  23031.35418938 -.00000169  00000-0  75360-5 0  9996
2 44949  53.0536  14.3634 0001617 104.6039 255.5129 15.06409116169304
1 44949U 20001AM  23031.35418938 -.00000169  00000-0  75360-5 0  9996
2 44949  53.0536  14.3634 0001617 104.6039 255.5129 15.06409116169304
1 44949U 20001AM  23031.95130911 -.00000178  00000-0  69642-5 0  9990
2 44949  53.0541  11.6830 0001576 106.3059 253.8104 15.06406476169392
