1 44946U 20001AJ  22365.30410397  .00037306  00000-0  16021-2 0  9996
2 44946  53.0110 125.1604 0003379 177.2216 182.8799 15.22357849164984
1 44946U 20001AJ  22365.50105435  .00034017  00000-0  14622-2 0  9993
2 44946  53.0108 124.2533 0003364 178.2692 181.8316 15.22370891165016
1 44946U 20001AJ  22365.63235334  .00036202  00000-0  15542-2 0  9999
2 44946  53.0109 123.6487 0003331 178.2400 181.8607 15.22383022165034
1 44946U 20001AJ  23001.61706776  .00038899  00000-0  16644-2 0  9996
2 44946  53.0106 119.1132 0003216 181.9404 178.1580 15.22462853165180
1 44946U 20001AJ  23001.61706776  .00038899  00000-0  16644-2 0  9996
2 44946  53.0106 119.1132 0003216 181.9404 178.1580 15.22462853165180
1 44946U 20001AJ  23002.60173069  .00036672  00000-0  15668-2 0  9991
2 44946  53.0107 114.5776 0003074 185.9368 174.1591 15.22540895165337
1 44946U 20001AJ  23003.25814504  .00038984  00000-0  16616-2 0  9991
2 44946  53.0106 111.5536 0002986 188.9546 171.1397 15.22594065165439
1 44946U 20001AJ  23003.58634440  .00035338  00000-0  15073-2 0  9992
2 44946  53.0106 110.0417 0002949 190.0559 170.0378 15.22615231165489
1 44946U 20001AJ  23004.57090521  .00056962  00000-0  24068-2 0  9998
2 44946  53.0106 105.5054 0002770 193.2285 166.8638 15.22715873165630
1 44946U 20001AJ  23004.57090521  .00056962  00000-0  24068-2 0  9998
2 44946  53.0106 105.5054 0002770 193.2285 166.8638 15.22715873165630
1 44946U 20001AJ  23005.55539550  .00044939  00000-0  18992-2 0  9997
2 44946  53.0106 100.9689 0002635 198.6496 161.4403 15.22817152165786
1 44946U 20001AJ  23006.27731157  .00053737  00000-0  22597-2 0  9996
2 44946  53.0107  97.6426 0002429 203.0747 157.0140 15.22905259165896
1 44946U 20001AJ  23006.93356651  .00047724  00000-0  20063-2 0  9996
2 44946  53.0107  94.6176 0002380 205.7066 154.3811 15.22968937165992
1 44946U 20001AJ  23007.26168306  .00050282  00000-0  21101-2 0  9998
2 44946  53.0104  93.1051 0002324 208.4319 151.6550 15.23004905166048
1 44946U 20001AJ  23007.52417113  .00051969  00000-0  21782-2 0  9998
2 44946  53.0104  91.8945 0002337 209.5411 150.5453 15.23031773166081
1 44946U 20001AJ  23007.91789636  .00051648  00000-0  21628-2 0  9996
2 44946  53.0102  90.0798 0002246 211.1819 148.9044 15.23065088166146
1 44946U 20001AJ  23008.50846500  .00046275  00000-0  19374-2 0  9991
2 44946  53.0096  87.3563 0002235 213.6128 146.4726 15.23122516166235
1 44946U 20001AJ  23008.50846500  .00046275  00000-0  19374-2 0  9991
2 44946  53.0096  87.3563 0002235 213.6128 146.4726 15.23122516166235
1 44946U 20001AJ  23008.90216456  .00052544  00000-0  21933-2 0  9996
2 44946  53.0097  85.5408 0002184 215.2499 144.8353 15.23165792166293
1 44946U 20001AJ  23009.49269391  .00049393  00000-0  20599-2 0  9992
2 44946  53.0093  82.8175 0002130 218.2915 141.7930 15.23224232166389
1 44946U 20001AJ  23009.49269391  .00049393  00000-0  20599-2 0  9992
2 44946  53.0093  82.8175 0002130 218.2915 141.7930 15.23224232166389
1 44946U 20001AJ  23009.88636785  .00048766  00000-0  20318-2 0  9992
2 44946  53.0092  81.0021 0002088 219.8357 140.2485 15.23263014166445
1 44946U 20001AJ  23010.47685877  .00050540  00000-0  21008-2 0  9995
2 44946  53.0091  78.2787 0002034 223.8310 136.2524 15.23325643166532
1 44946U 20001AJ  23010.60807564  .00048934  00000-0  20340-2 0  9991
2 44946  53.0091  77.6734 0002024 223.9898 136.0936 15.23341178166556
1 44946U 20001AJ  23010.60807564  .00048934  00000-0  20340-2 0  9991
2 44946  53.0091  77.6734 0002024 223.9898 136.0936 15.23341178166556
1 44946U 20001AJ  23011.52655791  .00061359  00000-0  25345-2 0  9992
2 44946  53.0090  73.4363 0001894 227.5968 132.4867 15.23449274166693
1 44946U 20001AJ  23011.52655791  .00061359  00000-0  25345-2 0  9992
2 44946  53.0090  73.4363 0001894 227.5968 132.4867 15.23449274166693
1 44946U 20001AJ  23011.85457134  .00059161  00000-0  24422-2 0  9992
2 44946  53.0090  71.9235 0001812 229.4857 130.5981 15.23487021166746
1 44946U 20001AJ  23012.83855964  .00059085  00000-0  24305-2 0  9999
2 44946  53.0090  67.3828 0001709 235.0368 125.0467 15.23606574166898
1 44946U 20001AJ  23012.83855964  .00059085  00000-0  24305-2 0  9999
2 44946  53.0090  67.3828 0001709 235.0368 125.0467 15.23606574166898
1 44946U 20001AJ  23013.42891512  .00062115  00000-0  25476-2 0  9992
2 44946  53.0093  64.6581 0001658 236.5234 123.5604 15.23682697166984
1 44946U 20001AJ  23013.82246915  .00064910  00000-0  26567-2 0  9994
2 44946  53.0092  62.8418 0001589 238.2492 121.8349 15.23732734167043
1 44946U 20001AJ  23014.28159782  .00078102  00000-0  31815-2 0  9990
2 44946  53.0093  60.7224 0001541 241.5099 118.5742 15.23802422167114
1 44946U 20001AJ  23014.80629288  .00063472  00000-0  25883-2 0  9993
2 44946  53.0097  58.3009 0001432 243.5319 116.5530 15.23867230167197
1 44946U 20001AJ  23015.06863171  .00093677  00000-0  37929-2 0  9997
2 44946  53.0097  57.0899 0001383 246.1394 113.9457 15.23910885167236
1 44946U 20001AJ  23015.39654480  .00077868  00000-0  31577-2 0  9991
2 44946  53.0099  55.5754 0001407 246.7746 113.3102 15.23955993167280
1 44946U 20001AJ  23016.24906434  .00086139  00000-0  34722-2 0  9991
2 44946  53.0102  51.6392 0001299 251.5184 108.5671 15.24105699167412
1 44946U 20001AJ  23016.38021357  .00087794  00000-0  35354-2 0  9998
2 44946  53.0103  51.0333 0001284 248.6825 111.4034 15.24129004167439
1 44946U 20001AJ  23017.03593831  .00074312  00000-0  29925-2 0  9991
2 44946  53.0105  48.0056 0001191 255.1162 104.9702 15.24214171167533
1 44946U 20001AJ  23017.36378740  .00058991  00000-0  23808-2 0  9996
2 44946  53.0107  46.4907 0001186 254.8120 105.2745 15.24249271167581
1 44946U 20001AJ  23017.36378740  .00058991  00000-0  23808-2 0  9996
2 44946  53.0107  46.4907 0001186 254.8120 105.2745 15.24249271167581
1 44946U 20001AJ  23018.47840876  .00081883  00000-0  32744-2 0  9998
2 44946  53.0112  41.3421 0001050 253.2608 106.8273 15.24400298167756
1 44946U 20001AJ  23018.47840876  .00081883  00000-0  32744-2 0  9998
2 44946  53.0112  41.3421 0001050 253.2608 106.8273 15.24400298167756
1 44946U 20001AJ  23019.46180346  .00062132  00000-0  24847-2 0  9998
2 44946  53.0112  36.7981 0000943 254.5438 105.5455 15.24532812167903
1 44946U 20001AJ  23019.46180346  .00062132  00000-0  24847-2 0  9998
2 44946  53.0112  36.7981 0000943 254.5438 105.5455 15.24532812167903
1 44946U 20001AJ  23020.31401003  .00063267  00000-0  25210-2 0  9995
2 44946  53.0115  32.8600 0000845 256.2405 103.8497 15.24644788168033
1 44946U 20001AJ  23021.29724690  .00074292  00000-0  29416-2 0  9995
2 44946  53.0120  28.3149 0000740 254.3049 105.7865 15.24780550168188
1 44946U 20001AJ  23022.41147416  .00071756  00000-0  28291-2 0  9997
2 44946  53.0127  23.1634 0000628 249.2223 110.8707 15.24940156168350
1 44946U 20001AJ  23023.39452136  .00067978  00000-0  26715-2 0  9993
2 44946  53.0133  18.6174 0000551 243.9982 116.0957 15.25074032168507
1 44946U 20001AJ  23025.09826666  .00060781  00000-0  23772-2 0  9990
2 44946  53.0148  10.7379 0000304 256.4411 103.6552 15.25286987168760
1 44946U 20001AJ  23025.36036494  .00045594  00000-0  17899-2 0  9990
2 44946  53.0151   9.5259 0000397 235.4425 124.6534 15.25293676168802
1 44946U 20001AJ  23025.36036494  .00045594  00000-0  17899-2 0  9990
2 44946  53.0151   9.5259 0000397 235.4425 124.6534 15.25293676168802
1 44946U 20001AJ  23026.08113118  .00031086  00000-0  12262-2 0  9999
2 44946  53.0154   6.1906 0000333 246.2938 113.8024 15.25314521168915
1 44946U 20001AJ  23026.34322579  .00025846  00000-0  10224-2 0  9994
2 44946  53.0155   4.9795 0000324 259.4383 100.6577 15.25317354168956
1 44946U 20001AJ  23026.34322579  .00025846  00000-0  10224-2 0  9994
2 44946  53.0155   4.9795 0000324 259.4383 100.6577 15.25317354168956
1 44946U 20001AJ  23026.93293442  .00017626  00000-0  70203-3 0  9996
2 44946  53.0160   2.2495 0000340 256.4874 103.6085 15.25327235169047
1 44946U 20001AJ  23027.19502550  .00015495  00000-0  61885-3 0  9996
2 44946  53.0163   1.0371 0000324 261.3254  98.7706 15.25332493169089
1 44946U 20001AJ  23028.17785610  .00012797  00000-0  51327-3 0  9997
2 44946  53.0165 356.4911 0000281 288.7527  71.3439 15.25354792169239
1 44946U 20001AJ  23028.37442007  .00012439  00000-0  49924-3 0  9992
2 44946  53.0162 355.5819 0000241 299.5155  60.5818 15.25359968169260
1 44946U 20001AJ  23028.89858839  .00010794  00000-0  43492-3 0  9999
2 44946  53.0162 353.1570 0000252 317.3978  42.6999 15.25370739169341
1 44946U 20001AJ  23028.89858839  .00010794  00000-0  43492-3 0  9999
2 44946  53.0162 353.1570 0000252 317.3978  42.6999 15.25370739169341
1 44946U 20001AJ  23030.20885213  .00049035  00000-0  19063-2 0  9999
2 44946  53.0170 347.0939 0000132 325.4720  34.6269 15.25585944169542
1 44946U 20001AJ  23030.20885213  .00049035  00000-0  19063-2 0  9999
2 44946  53.0170 347.0939 0000132 325.4720  34.6269 15.25585944169542
1 44946U 20001AJ  23030.47089524  .00046851  00000-0  18209-2 0  9993
2 44946  53.0171 345.8813 0000062 323.5293  36.5700 15.25615128169589
1 44946U 20001AJ  23031.25699862  .00053848  00000-0  20838-2 0  9997
2 44946  53.0172 342.2428 0000053   7.8375 352.2623 15.25696854169707
1 44946U 20001AJ  23031.25699862  .00053848  00000-0  20838-2 0  9997
2 44946  53.0172 342.2428 0000053   7.8375 352.2623 15.25696854169707
1 44946U 20001AJ  23031.84654767  .00054922  00000-0  21207-2 0  9992
2 44946  53.0173 339.5143 0000108  18.8064 341.2937 15.25760753169794
