1 44951U 20001AP  22365.50134440  .00037447  00000-0  16181-2 0  9999
2 44951  53.0120 125.4681 0003506 163.4319 196.6792 15.22146320166283
1 44951U 20001AP  22365.63266301  .00037934  00000-0  16383-2 0  9990
2 44951  53.0119 124.8636 0003482 163.6752 196.4356 15.22157319166307
1 44951U 20001AP  23001.02661348  .00036752  00000-0  15865-2 0  9992
2 44951  53.0122 123.0499 0003383 165.1881 194.9214 15.22188510166368
1 44951U 20001AP  23001.61752342  .00038568  00000-0  16614-2 0  9992
2 44951  53.0123 120.3291 0003283 166.7142 193.3940 15.22237324166452
1 44951U 20001AP  23001.81448967  .00036681  00000-0  15806-2 0  9995
2 44951  53.0124 119.4222 0003239 167.4705 192.6371 15.22251419166484
1 44951U 20001AP  23002.27406829  .00042613  00000-0  18301-2 0  9992
2 44951  53.0124 117.3060 0003177 168.9431 191.1634 15.22294336166553
1 44951U 20001AP  23002.60233230  .00036070  00000-0  15517-2 0  9999
2 44951  53.0125 115.7944 0003121 169.5860 190.5200 15.22315378166607
1 44951U 20001AP  23002.79928819  .00034789  00000-0  14967-2 0  9996
2 44951  53.0126 114.8875 0003073 170.3627 189.7428 15.22330091166632
1 44951U 20001AP  23002.99624206  .00034169  00000-0  14698-2 0  9994
2 44951  53.0128 113.9805 0003036 170.9265 189.1785 15.22344799166663
1 44951U 20001AP  23003.58709144  .00035024  00000-0  15040-2 0  9998
2 44951  53.0129 111.2595 0002932 172.6048 187.4992 15.22390956166750
1 44951U 20001AP  23003.78403759  .00036014  00000-0  15452-2 0  9990
2 44951  53.0128 110.3525 0002897 173.3645 186.7389 15.22406732166788
1 44951U 20001AP  23004.57179717  .00057202  00000-0  24328-2 0  9996
2 44951  53.0131 106.7243 0002757 176.0244 184.0774 15.22492529166900
1 44951U 20001AP  23004.57179717  .00057202  00000-0  24328-2 0  9996
2 44951  53.0131 106.7243 0002757 176.0244 184.0774 15.22492529166900
1 44951U 20001AP  23005.55643183  .00045616  00000-0  19401-2 0  9990
2 44951  53.0129 102.1891 0002636 180.0791 180.0205 15.22595024167050
1 44951U 20001AP  23006.21281670  .00056887  00000-0  24066-2 0  9998
2 44951  53.0132  99.1660 0002422 182.6084 177.4899 15.22675417167154
1 44951U 20001AP  23006.54099639  .00043233  00000-0  18339-2 0  9993
2 44951  53.0134  97.6535 0002446 183.9938 176.1039 15.22709309167204
1 44951U 20001AP  23006.54099639  .00043233  00000-0  18339-2 0  9993
2 44951  53.0134  97.6535 0002446 183.9938 176.1039 15.22709309167204
1 44951U 20001AP  23007.26296762  .00051028  00000-0  21550-2 0  9999
2 44951  53.0130  94.3272 0002277 186.7066 173.3900 15.22784382167319
1 44951U 20001AP  23007.26296762  .00051028  00000-0  21550-2 0  9999
2 44951  53.0130  94.3272 0002277 186.7066 173.3900 15.22784382167319
1 44951U 20001AP  23007.91927464  .00053097  00000-0  22369-2 0  9998
2 44951  53.0131  91.3030 0002233 188.3021 171.7938 15.22849217167413
1 44951U 20001AP  23008.50992585  .00046770  00000-0  19702-2 0  9997
2 44951  53.0127  88.5800 0002155 192.0986 167.9958 15.22909676167501
1 44951U 20001AP  23008.50992585  .00046770  00000-0  19702-2 0  9997
2 44951  53.0127  88.5800 0002155 192.0986 167.9958 15.22909676167501
1 44951U 20001AP  23008.90368076  .00055164  00000-0  23157-2 0  9999
2 44951  53.0124  86.7653 0002049 193.2030 166.8913 15.22952314167561
1 44951U 20001AP  23009.49429247  .00050380  00000-0  21137-2 0  9993
2 44951  53.0122  84.0422 0002023 196.1567 163.9364 15.23012484167657
1 44951U 20001AP  23009.49429247  .00050380  00000-0  21137-2 0  9993
2 44951  53.0122  84.0422 0002023 196.1567 163.9364 15.23012484167657
1 44951U 20001AP  23009.88802152  .00051029  00000-0  21382-2 0  9999
2 44951  53.0120  82.2276 0001950 196.3948 163.6985 15.23049916167718
1 44951U 20001AP  23010.34735811  .00048057  00000-0  20123-2 0  9998
2 44951  53.0127  80.1102 0001915 199.4062 160.6861 15.23100270167780
1 44951U 20001AP  23010.60982932  .00049421  00000-0  20668-2 0  9995
2 44951  53.0126  78.8997 0001915 199.7745 160.3177 15.23130554167826
1 44951U 20001AP  23010.60982932  .00049421  00000-0  20668-2 0  9995
2 44951  53.0126  78.8997 0001915 199.7745 160.3177 15.23130554167826
1 44951U 20001AP  23011.59405127  .00060385  00000-0  25098-2 0  9994
2 44951  53.0123  74.3609 0001755 202.8556 157.2362 15.23247441167973
1 44951U 20001AP  23011.59405127  .00060385  00000-0  25098-2 0  9994
2 44951  53.0123  74.3609 0001755 202.8556 157.2362 15.23247441167973
1 44951U 20001AP  23011.85649756  .00059726  00000-0  24806-2 0  9994
2 44951  53.0122  73.1510 0001669 203.8058 156.2861 15.23277175168018
1 44951U 20001AP  23012.84062155  .00059414  00000-0  24591-2 0  9991
2 44951  53.0122  68.6116 0001494 207.1753 152.9165 15.23396716168163
1 44951U 20001AP  23012.84062155  .00059414  00000-0  24591-2 0  9991
2 44951  53.0122  68.6116 0001494 207.1753 152.9165 15.23396716168163
1 44951U 20001AP  23013.56226221  .00057556  00000-0  23767-2 0  9996
2 44951  53.0125  65.2820 0001437 208.5935 151.4983 15.23489498168279
1 44951U 20001AP  23013.82466610  .00065450  00000-0  26951-2 0  9993
2 44951  53.0126  64.0718 0001357 209.9270 150.1648 15.23524103168313
1 44951U 20001AP  23014.15266231  .00066527  00000-0  27352-2 0  9999
2 44951  53.0124  62.5585 0001280 213.9416 146.1499 15.23569100168368
1 44951U 20001AP  23014.41505125  .00077168  00000-0  31618-2 0  9999
2 44951  53.0129  61.3472 0001304 213.4498 146.6416 15.23612772168400
1 44951U 20001AP  23015.13659190  .00091810  00000-0  37407-2 0  9993
2 44951  53.0130  58.0182 0001164 213.1655 146.9268 15.23711061168510
1 44951U 20001AP  23015.39895720  .00078756  00000-0  32129-2 0  9992
2 44951  53.0131  56.8069 0001182 213.4419 146.6503 15.23748733168551
1 44951U 20001AP  23015.39895720  .00078756  00000-0  32129-2 0  9992
2 44951  53.0131  56.8069 0001182 213.4419 146.6503 15.23748733168551
1 44951U 20001AP  23016.51392840  .00072387  00000-0  29406-2 0  9990
2 44951  53.0135  51.6605 0001068 214.4243 145.6684 15.23933140168729
1 44951U 20001AP  23017.36647340  .00059028  00000-0  23973-2 0  9992
2 44951  53.0137  47.7247 0000945 216.1672 143.9260 15.24038288168852
1 44951U 20001AP  23017.36647340  .00059028  00000-0  23973-2 0  9992
2 44951  53.0137  47.7247 0000945 216.1672 143.9260 15.24038288168852
1 44951U 20001AP  23018.35010455  .00039801  00000-0  16188-2 0  9990
2 44951  53.0142  43.1826 0002730 183.1292 176.9688 15.24167149169003
1 44951U 20001AP  23019.39921782  .00065399  00000-0  26310-2 0  9998
2 44951  53.0149  38.3377 0000813 206.6829 153.4125 15.24308758169160
1 44951U 20001AP  23019.39921782  .00065399  00000-0  26310-2 0  9998
2 44951  53.0149  38.3377 0000813 206.6829 153.4125 15.24308758169160
1 44951U 20001AP  23020.31711130  .00063788  00000-0  25578-2 0  9991
2 44951  53.0151  34.0978 0000771 200.7973 159.2992 15.24430362169300
1 44951U 20001AP  23021.30048781  .00073029  00000-0  29111-2 0  9992
2 44951  53.0154  29.5539 0000757 196.4667 163.6305 15.24563868169451
1 44951U 20001AP  23023.26697620  .00067078  00000-0  26554-2 0  9996
2 44951  53.0168  20.4650 0000781 184.3264 175.7725 15.24836901169750
1 44951U 20001AP  23024.38116507  .00068419  00000-0  26954-2 0  9994
2 44951  53.0178  15.3138 0000861 176.9453 183.1549 15.24989642169928
1 44951U 20001AP  23025.36418253  .00059019  00000-0  23213-2 0  9997
2 44951  53.0185  10.7685 0000916 174.4637 185.6370 15.25113336170077
1 44951U 20001AP  23025.36418253  .00059019  00000-0  23213-2 0  9997
2 44951  53.0185  10.7685 0000916 174.4637 185.6370 15.25113336170077
1 44951U 20001AP  23026.08501077  .00072235  00000-0  28247-2 0  9991
2 44951  53.0193   7.4352 0000925 171.5828 188.5185 15.25211608170189
1 44951U 20001AP  23026.34711897  .00063159  00000-0  24723-2 0  9993
2 44951  53.0193   6.2226 0000994 171.2371 188.8643 15.25241360170227
1 44951U 20001AP  23026.34711897  .00063159  00000-0  24723-2 0  9993
2 44951  53.0193   6.2226 0000994 171.2371 188.8643 15.25241360170227
1 44951U 20001AP  23027.32997269  .00055479  00000-0  21674-2 0  9999
2 44951  53.0197   1.6764 0001060 169.9859 190.1159 15.25366963170378
1 44951U 20001AP  23028.18171630  .00062216  00000-0  24193-2 0  9996
2 44951  53.0199 357.7362 0001069 170.3846 189.7171 15.25469645170504
1 44951U 20001AP  23028.37826430  .00059657  00000-0  23194-2 0  9997
2 44951  53.0200 356.8268 0001120 169.4940 190.6081 15.25494680170535
1 44951U 20001AP  23029.29545063  .00052377  00000-0  20338-2 0  9998
2 44951  53.0202 352.5828 0001131 169.6117 190.4903 15.25595792170674
1 44951U 20001AP  23029.88503924  .00048129  00000-0  18677-2 0  9996
2 44951  53.0203 349.8553 0001049 168.8154 191.2867 15.25654497170765
1 44951U 20001AP  23030.34359140  .00046911  00000-0  18184-2 0  9998
2 44951  53.0205 347.7323 0001166 168.3429 191.7595 15.25703803170836
1 44951U 20001AP  23030.34359140  .00046911  00000-0  18184-2 0  9998
2 44951  53.0205 347.7323 0001166 168.3429 191.7595 15.25703803170836
1 44951U 20001AP  23031.26065435  .00053574  00000-0  20670-2 0  9997
2 44951  53.0207 343.4877 0001151 169.1507 190.9515 15.25799184170970
1 44951U 20001AP  23031.26065435  .00053574  00000-0  20670-2 0  9997
2 44951  53.0207 343.4877 0001151 169.1507 190.9515 15.25799184170970
