1 44959U 20001AX  22365.09555125  .00002256  00000-0  17027-3 0  9999
2 44959  53.0550 134.6818 0001315  73.6016 286.5117 15.06405620164870
1 44959U 20001AX  22365.09555125  .00002256  00000-0  17027-3 0  9999
2 44959  53.0550 134.6818 0001315  73.6016 286.5117 15.06405620164870
1 44959U 20001AX  22365.62632594  .00002639  00000-0  19600-3 0  9998
2 44959  53.0550 132.2990 0001345  74.9000 285.2138 15.06402660164954
1 44959U 20001AX  23001.15710643  .00000060  00000-0  22901-4 0  9991
2 44959  53.0549 129.9178 0001451  60.9998 299.1136 15.06397824165039
1 44959U 20001AX  23001.62154532 -.00001478  00000-0 -80372-4 0  9994
2 44959  53.0549 127.8336 0001518  60.6715 299.4426 15.06386851165101
1 44959U 20001AX  23001.62154532 -.00001478  00000-0 -80372-4 0  9994
2 44959  53.0549 127.8336 0001518  60.6715 299.4426 15.06386851165101
1 44959U 20001AX  23002.61674702 -.00000612  00000-0 -22166-4 0  9996
2 44959  53.0553 123.3656 0001450  66.0416 294.0725 15.06395333165259
1 44959U 20001AX  23003.61195486  .00002043  00000-0  15606-3 0  9992
2 44959  53.0560 118.9001 0001602  67.6713 292.4445 15.06389161165407
1 44959U 20001AX  23004.47446860  .00001350  00000-0  10953-3 0  9992
2 44959  53.0564 115.0282 0001563  64.5373 295.5778 15.06392663165532
1 44959U 20001AX  23004.47446860  .00001350  00000-0  10953-3 0  9992
2 44959  53.0564 115.0282 0001563  64.5373 295.5778 15.06392663165532
1 44959U 20001AX  23004.60715379  .00003008  00000-0  22074-3 0  9990
2 44959  53.0553 114.4307 0001479  66.9733 293.1412 15.06403504165551
1 44959U 20001AX  23004.60715379  .00003008  00000-0  22074-3 0  9990
2 44959  53.0553 114.4307 0001479  66.9733 293.1412 15.06403504165551
1 44959U 20001AX  23005.00521947  .00003624  00000-0  26188-3 0  9995
2 44959  53.0560 112.6444 0001501  64.1086 296.0057 15.06422453165616
1 44959U 20001AX  23005.40330459  .00002926  00000-0  21516-3 0  9999
2 44959  53.0553 110.8556 0001579  65.8669 294.2485 15.06411220165673
1 44959U 20001AX  23005.40330459  .00002926  00000-0  21516-3 0  9999
2 44959  53.0553 110.8556 0001579  65.8669 294.2485 15.06411220165673
1 44959U 20001AX  23006.53122931 -.00003671  00000-0 -22776-3 0  9997
2 44959  53.0553 105.7919 0001627  61.3300 298.7852 15.06383363165848
1 44959U 20001AX  23006.66392401 -.00003584  00000-0 -22195-3 0  9990
2 44959  53.0552 105.1962 0001651  61.4508 298.6647 15.06383031165862
1 44959U 20001AX  23006.99565306 -.00003238  00000-0 -19862-3 0  9995
2 44959  53.0547 103.7102 0001719  59.8868 300.2291 15.06392846165916
1 44959U 20001AX  23007.26103511 -.00001224  00000-0 -63318-4 0  9991
2 44959  53.0559 102.5155 0001615  61.5890 298.5262 15.06396600165957
1 44959U 20001AX  23007.26103511 -.00001224  00000-0 -63318-4 0  9991
2 44959  53.0559 102.5155 0001615  61.5890 298.5262 15.06396600165957
1 44959U 20001AX  23007.52642013  .00001079  00000-0  91306-4 0  9999
2 44959  53.0549 101.3254 0001695  61.2467 298.8692 15.06398260165996
1 44959U 20001AX  23008.52163457  .00005073  00000-0  35928-3 0  9995
2 44959  53.0547  96.8588 0001838  59.7250 300.3921 15.06391120166143
1 44959U 20001AX  23008.52163457  .00005073  00000-0  35928-3 0  9995
2 44959  53.0547  96.8588 0001838  59.7250 300.3921 15.06391120166143
1 44959U 20001AX  23009.58317460  .00002789  00000-0  20601-3 0  9990
2 44959  53.0546  92.0927 0001628  43.6819 316.4299 15.06408693166305
1 44959U 20001AX  23009.64952122  .00002559  00000-0  19057-3 0  9995
2 44959  53.0555  91.7956 0001617  42.9240 317.1875 15.06408636166317
1 44959U 20001AX  23009.91490822  .00001697  00000-0  13275-3 0  9997
2 44959  53.0550  90.6038 0001579  44.3760 315.7355 15.06406365166359
1 44959U 20001AX  23010.24664457  .00002056  00000-0  15690-3 0  9995
2 44959  53.0543  89.1153 0001746  54.5268 305.5884 15.06402282166408
1 44959U 20001AX  23010.57838409 -.00001087  00000-0 -54111-4 0  9998
2 44959  53.0543  87.6259 0001672  48.1185 311.9946 15.06390823166455
1 44959U 20001AX  23011.10914953  .00001149  00000-0  96025-4 0  9994
2 44959  53.0549  85.2417 0001732  44.9548 315.1581 15.06410275166539
1 44959U 20001AX  23011.50721637  .00002374  00000-0  17813-3 0  9991
2 44959  53.0558  83.4550 0001499  50.9064 309.2058 15.06421264166596
1 44959U 20001AX  23011.50721637  .00002374  00000-0  17813-3 0  9991
2 44959  53.0558  83.4550 0001499  50.9064 309.2058 15.06421264166596
1 44959U 20001AX  23011.90532143 -.00000751  00000-0 -31520-4 0  9998
2 44959  53.0553  81.6688 0001757  53.3138 306.8013 15.06392027166654
1 44959U 20001AX  23011.90532143 -.00000751  00000-0 -31520-4 0  9998
2 44959  53.0553  81.6688 0001757  53.3138 306.8013 15.06392027166654
1 44959U 20001AX  23012.90052269  .00000609  00000-0  59782-4 0  9995
2 44959  53.0562  77.1990 0001545  59.2571 300.8570 15.06395012166807
1 44959U 20001AX  23013.56398765 -.00001535  00000-0 -84119-4 0  9995
2 44959  53.0555  74.2205 0001850  67.5764 292.5421 15.06405935166900
1 44959U 20001AX  23013.56398765 -.00001535  00000-0 -84119-4 0  9995
2 44959  53.0555  74.2205 0001850  67.5764 292.5421 15.06405935166900
1 44959U 20001AX  23013.89572941  .00000052  00000-0  22409-4 0  9996
2 44959  53.0550  72.7306 0001936  67.9011 292.2183 15.06393339166955
1 44959U 20001AX  23014.16112146  .00001454  00000-0  11655-3 0  9991
2 44959  53.0546  71.5408 0001968  69.4890 290.6310 15.06389244166995
1 44959U 20001AX  23014.42650593  .00003582  00000-0  25926-3 0  9993
2 44959  53.0547  70.3503 0001930  69.1167 291.0028 15.06397946167037
1 44959U 20001AX  23015.15632889  .00002277  00000-0  17179-3 0  9993
2 44959  53.0548  67.0732 0001960  70.9221 289.1980 15.06390746167147
1 44959U 20001AX  23015.55440724  .00001398  00000-0  11275-3 0  9996
2 44959  53.0550  65.2860 0002047  77.0477 283.0741 15.06398227167207
1 44959U 20001AX  23015.81979638  .00000797  00000-0  72394-4 0  9998
2 44959  53.0552  64.0943 0002061  77.3909 282.7310 15.06395805167248
1 44959U 20001AX  23016.54960181  .00006306  00000-0  44166-3 0  9999
2 44959  53.0568  60.8169 0002053  81.2821 278.8400 15.06416307167356
1 44959U 20001AX  23016.81500021 -.00001429  00000-0 -77066-4 0  9991
2 44959  53.0549  59.6251 0002311  80.6501 279.4750 15.06389601167393
1 44959U 20001AX  23016.81500021 -.00001429  00000-0 -77066-4 0  9991
2 44959  53.0549  59.6251 0002311  80.6501 279.4750 15.06389601167393
1 44959U 20001AX  23017.14674212 -.00005213  00000-0 -33153-3 0  9995
2 44959  53.0555  58.1397 0002050  95.5431 264.5792 15.06377086167443
1 44959U 20001AX  23017.47847897 -.00003701  00000-0 -22983-3 0  9991
2 44959  53.0541  56.6505 0002065  91.7628 268.3597 15.06378558167499
1 44959U 20001AX  23018.34098619  .00023225  00000-0  15722-2 0  9991
2 44959  53.0551  52.7778 0001970 100.8914 259.2296 15.06417611167627
1 44959U 20001AX  23018.47367711  .00028585  00000-0  19285-2 0  9999
2 44959  53.0549  52.1820 0001918  99.4235 260.6971 15.06430765167640
1 44959U 20001AX  23018.80541009  .00018026  00000-0  12252-2 0  9996
2 44959  53.0562  50.6926 0002059  92.5585 267.5640 15.06423088167698
1 44959U 20001AX  23018.80541009  .00018026  00000-0  12252-2 0  9996
2 44959  53.0562  50.6926 0002059  92.5585 267.5640 15.06423088167698
1 44959U 20001AX  23019.20348717  .00008062  00000-0  55927-3 0  9998
2 44959  53.0546  48.9057 0001787  98.1512 261.9680 15.06417836167757
1 44959U 20001AX  23019.33617844  .00012879  00000-0  88131-3 0  9996
2 44959  53.0547  48.3100 0001758  97.8732 262.2457 15.06425433167779
1 44959U 20001AX  23019.80060880  .00024657  00000-0  16677-2 0  9992
2 44959  53.0545  46.2247 0001714  88.2547 271.8638 15.06415747167848
1 44959U 20001AX  23020.06600018  .00013206  00000-0  90387-3 0  9994
2 44959  53.0554  45.0339 0002088  86.6241 273.4987 15.06396043167881
1 44959U 20001AX  23020.46408245  .00023524  00000-0  15929-2 0  9998
2 44959  53.0556  43.2471 0001921  85.3879 274.7329 15.06399913167948
1 44959U 20001AX  23021.26024386  .00019939  00000-0  13532-2 0  9990
2 44959  53.0558  39.6707 0002281 107.7608 252.3630 15.06412299168064
1 44959U 20001AX  23022.32179112  .00009902  00000-0  68248-3 0  9990
2 44959  53.0544  34.9061 0001510  86.1816 273.9345 15.06412903168227
1 44959U 20001AX  23023.05161292  .00007574  00000-0  52691-3 0  9999
2 44959  53.0558  31.6313 0001070  80.5433 279.5677 15.06390995168338
1 44959U 20001AX  23024.24585716  .00005778  00000-0  40640-3 0  9997
2 44959  53.0557  26.2711 0001846 112.5448 247.5737 15.06404272168518
1 44959U 20001AX  23024.97567289  .00004402  00000-0  31423-3 0  9994
2 44959  53.0555  22.9899 0001786 119.6341 240.4826 15.06401392168622
1 44959U 20001AX  23025.37375303  .00003983  00000-0  28608-3 0  9997
2 44959  53.0557  21.2034 0001753 114.5704 245.5468 15.06404555168686
1 44959U 20001AX  23025.70549236  .00001406  00000-0  11329-3 0  9992
2 44959  53.0564  19.7176 0001716 103.3414 256.7766 15.06396458168739
1 44959U 20001AX  23025.70549236  .00001406  00000-0  11329-3 0  9992
2 44959  53.0564  19.7176 0001716 103.3414 256.7766 15.06396458168739
1 44959U 20001AX  23026.36895764  .00003584  00000-0  25935-3 0  9992
2 44959  53.0564  16.7352 0001816 116.1637 243.9539 15.06404719168839
1 44959U 20001AX  23027.23146221  .00009003  00000-0  62215-3 0  9990
2 44959  53.0558  12.8656 0001749 101.5371 258.5814 15.06421396168966
1 44959U 20001AX  23027.36415375  .00009403  00000-0  64887-3 0  9994
2 44959  53.0559  12.2702 0001769 100.7390 259.3798 15.06424180168983
1 44959U 20001AX  23028.22666859  .00000865  00000-0  76965-4 0  9999
2 44959  53.0561   8.3983 0001505  98.1874 261.9286 15.06399628169113
1 44959U 20001AX  23028.35936177  .00000801  00000-0  72670-4 0  9995
2 44959  53.0566   7.8031 0001581  98.9942 261.1226 15.06401082169130
1 44959U 20001AX  23029.28821697  .00000912  00000-0  80133-4 0  9994
2 44959  53.0561   3.6346 0001548  96.0074 264.1091 15.06404191169278
1 44959U 20001AX  23029.95169400  .00000679  00000-0  64478-4 0  9999
2 44959  53.0546   0.6552 0001428  87.0605 273.0547 15.06390185169377
1 44959U 20001AX  23030.28342324  .00002506  00000-0  18710-3 0  9993
2 44959  53.0561 359.1660 0001579  97.9155 262.2013 15.06400749169425
1 44959U 20001AX  23030.28342324  .00002506  00000-0  18710-3 0  9993
2 44959  53.0561 359.1660 0001579  97.9155 262.2013 15.06400749169425
1 44959U 20001AX  23030.94689408  .00000665  00000-0  63544-4 0  9993
2 44959  53.0550 356.1877 0001379 100.5081 259.6063 15.06397225169527
1 44959U 20001AX  23031.27862512  .00002367  00000-0  17773-3 0  9992
2 44959  53.0553 354.6983 0001412  99.1751 260.9398 15.06404531169576
1 44959U 20001AX  23031.87575001  .00002373  00000-0  17814-3 0  9995
2 44959  53.0555 352.0177 0001462 105.7614 254.3537 15.06400151169668
