1 44955U 20001AT  22365.39042876  .00002232  00000-0  16870-3 0  9991
2 44955  53.0538 133.3563 0001526  58.4966 301.6172 15.06402911164863
1 44955U 20001AT  22365.65581697  .00001922  00000-0  14790-3 0  9993
2 44955  53.0539 132.1652 0001578  56.6778 303.4362 15.06401807164907
1 44955U 20001AT  22365.65581697  .00001922  00000-0  14790-3 0  9993
2 44955  53.0539 132.1652 0001578  56.6778 303.4362 15.06401807164907
1 44955U 20001AT  23001.05390202 -.00000335  00000-0 -35757-5 0  9992
2 44955  53.0539 130.3783 0001453  51.5475 308.5644 15.06400032164966
1 44955U 20001AT  23001.05390202 -.00000335  00000-0 -35757-5 0  9992
2 44955  53.0539 130.3783 0001453  51.5475 308.5644 15.06400032164966
1 44955U 20001AT  23001.71739752  .00016801  00000-0  11468-2 0  9995
2 44955  53.0561 127.4007 0002167  56.9225 303.1972 15.06311331165062
1 44955U 20001AT  23001.71739752  .00016801  00000-0  11468-2 0  9995
2 44955  53.0561 127.4007 0002167  56.9225 303.1972 15.06311331165062
1 44955U 20001AT  23002.44719026 -.00000084  00000-0  13255-4 0  9993
2 44955  53.0546 124.1231 0001608  53.4341 306.6796 15.06396953165175
1 44955U 20001AT  23002.44719026 -.00000084  00000-0  13255-4 0  9993
2 44955  53.0546 124.1231 0001608  53.4341 306.6796 15.06396953165175
1 44955U 20001AT  23002.71257804  .00000204  00000-0  32608-4 0  9990
2 44955  53.0546 122.9320 0001658  52.5195 307.5944 15.06396633165217
1 44955U 20001AT  23003.57509985  .00005758  00000-0  40541-3 0  9998
2 44955  53.0547 119.0598 0001540  57.5770 302.5368 15.06372814165340
1 44955U 20001AT  23003.57509985  .00005758  00000-0  40541-3 0  9998
2 44955  53.0547 119.0598 0001540  57.5770 302.5368 15.06372814165340
1 44955U 20001AT  23003.70778621  .00001096  00000-0  92458-4 0  9994
2 44955  53.0548 118.4641 0001680  56.8279 303.2871 15.06392588165363
1 44955U 20001AT  23004.57029403  .00001109  00000-0  93359-4 0  9993
2 44955  53.0549 114.5917 0001706  58.7582 301.3574 15.06397753165496
1 44955U 20001AT  23005.30008897  .00003588  00000-0  25952-3 0  9995
2 44955  53.0561 111.3136 0001718  61.4770 298.6391 15.06416901165606
1 44955U 20001AT  23005.56548118  .00004051  00000-0  29058-3 0  9995
2 44955  53.0531 110.1243 0001863  54.2069 305.9093 15.06414999165641
1 44955U 20001AT  23005.56548118  .00004051  00000-0  29058-3 0  9995
2 44955  53.0531 110.1243 0001863  54.2069 305.9093 15.06414999165641
1 44955U 20001AT  23006.29530383 -.00002640  00000-0 -15835-3 0  9993
2 44955  53.0530 106.8502 0001879  43.5011 316.6126 15.06400965165751
1 44955U 20001AT  23006.56070250 -.00007485  00000-0 -48442-3 0  9997
2 44955  53.0536 105.6578 0001795  42.1556 317.9571 15.06377496165797
1 44955U 20001AT  23006.95878477 -.00003134  00000-0 -19160-3 0  9999
2 44955  53.0537 103.8691 0001891  48.8301 311.2851 15.06388541165850
1 44955U 20001AT  23007.29051075 -.00001492  00000-0 -81254-4 0  9993
2 44955  53.0539 102.3787 0001634  34.7511 325.3584 15.06397310165903
1 44955U 20001AT  23007.29051075 -.00001492  00000-0 -81254-4 0  9993
2 44955  53.0539 102.3787 0001634  34.7511 325.3584 15.06397310165903
1 44955U 20001AT  23007.68859503  .00002282  00000-0  17208-3 0  9991
2 44955  53.0547 100.5931 0001847  41.5748 318.5381 15.06396548165964
1 44955U 20001AT  23007.95398667  .00002102  00000-0  16000-3 0  9990
2 44955  53.0544  99.4025 0001847  39.6743 320.4381 15.06390590166003
1 44955U 20001AT  23008.28572494  .00005562  00000-0  39214-3 0  9994
2 44955  53.0538  97.9134 0001846  39.7645 320.3479 15.06386989166050
1 44955U 20001AT  23008.61745972  .00004779  00000-0  33957-3 0  9991
2 44955  53.0539  96.4243 0001880  39.6418 320.4708 15.06390244166102
1 44955U 20001AT  23009.01553658  .00003288  00000-0  23953-3 0  9993
2 44955  53.0541  94.6375 0001867  41.1186 318.9943 15.06400177166162
1 44955U 20001AT  23009.47996420  .00001052  00000-0  89509-4 0  9998
2 44955  53.0541  92.5525 0001839  40.2906 319.8219 15.06400472166237
1 44955U 20001AT  23010.20978072  .00001443  00000-0  11578-3 0  9998
2 44955  53.0538  89.2762 0001874  38.9093 321.2030 15.06399195166348
1 44955U 20001AT  23010.47516850  .00000936  00000-0  81745-4 0  9999
2 44955  53.0535  88.0844 0001956  41.0601 319.0535 15.06398567166385
1 44955U 20001AT  23010.60786183  .00000762  00000-0  70071-4 0  9999
2 44955  53.0534  87.4887 0001976  41.4999 318.6140 15.06398837166400
1 44955U 20001AT  23011.00595815  .00009892  00000-0  68266-3 0  9999
2 44955  53.0545  85.7010 0001617  47.7395 312.3731 15.06364615166462
1 44955U 20001AT  23011.47036428  .00001916  00000-0  14747-3 0  9994
2 44955  53.0546  83.6165 0002116  43.5888 316.5268 15.06406093166533
1 44955U 20001AT  23011.47036428  .00001916  00000-0  14747-3 0  9994
2 44955  53.0546  83.6165 0002116  43.5888 316.5268 15.06406093166533
1 44955U 20001AT  23012.59826438  .00000441  00000-0  48510-4 0  9994
2 44955  53.0546  78.5540 0002170  36.7951 323.3186 15.06398381166702
1 44955U 20001AT  23012.86365272  .00000170  00000-0  30308-4 0  9993
2 44955  53.0550  77.3629 0002202  37.5040 322.6103 15.06398525166741
1 44955U 20001AT  23013.59344490  .00005766  00000-0  40538-3 0  9994
2 44955  53.0539  74.0857 0002263  42.6118 317.5047 15.06427317166859
1 44955U 20001AT  23013.85885086 -.00002125  00000-0 -12380-3 0  9996
2 44955  53.0536  72.8949 0002700  47.3120 312.8096 15.06394152166891
1 44955U 20001AT  23014.19060567 -.00008950  00000-0 -58335-3 0  9995
2 44955  53.0546  71.4055 0002071  40.9367 319.1778 15.06357386166949
1 44955U 20001AT  23014.45599507 -.00007150  00000-0 -46203-3 0  9997
2 44955  53.0544  70.2171 0001941  53.6799 306.4369 15.06362617166980
1 44955U 20001AT  23014.85407700 -.00002219  00000-0 -13019-3 0  9994
2 44955  53.0547  68.4274 0002140  48.0130 312.1041 15.06376081167044
1 44955U 20001AT  23015.51755109  .00029617  00000-0  19983-2 0  9991
2 44955  53.0534  65.4482 0002013  53.4370 306.6804 15.06409427167140
1 44955U 20001AT  23015.51755109  .00029617  00000-0  19983-2 0  9991
2 44955  53.0534  65.4482 0002013  53.4370 306.6804 15.06409427167140
1 44955U 20001AT  23015.84928507  .00026611  00000-0  17979-2 0  9995
2 44955  53.0535  63.9595 0001991  56.0205 304.0973 15.06414995167199
1 44955U 20001AT  23015.98197935  .00025590  00000-0  17299-2 0  9993
2 44955  53.0519  63.3632 0002305  64.1961 295.9265 15.06413989167213
1 44955U 20001AT  23016.51274604  .00020143  00000-0  13662-2 0  9991
2 44955  53.0532  60.9800 0002045  60.6801 299.4392 15.06429786167293
1 44955U 20001AT  23016.84448527  .00014399  00000-0  98343-3 0  9990
2 44955  53.0538  59.4914 0002068  66.4428 293.6778 15.06405513167344
1 44955U 20001AT  23016.84448527  .00014399  00000-0  98343-3 0  9990
2 44955  53.0538  59.4914 0002068  66.4428 293.6778 15.06405513167344
1 44955U 20001AT  23017.10987695 -.00003390  00000-0 -20888-3 0  9994
2 44955  53.0537  58.2996 0001873  72.3980 287.7213 15.06376689167385
1 44955U 20001AT  23017.37527081  .00016199  00000-0  11045-2 0  9995
2 44955  53.0537  57.1082 0002090  73.8103 286.3116 15.06378186167420
1 44955U 20001AT  23017.37527081  .00016199  00000-0  11045-2 0  9995
2 44955  53.0537  57.1082 0002090  73.8103 286.3116 15.06378186167420
1 44955U 20001AT  23018.37047242  .00036449  00000-0  24509-2 0  9991
2 44955  53.0542  52.6412 0002097  74.2427 285.8793 15.06435127167574
1 44955U 20001AT  23018.37047242  .00036449  00000-0  24509-2 0  9991
2 44955  53.0542  52.6412 0002097  74.2427 285.8793 15.06435127167574
1 44955U 20001AT  23019.10028029  .00023486  00000-0  15892-2 0  9997
2 44955  53.0552  49.3657 0001785  77.9901 282.1287 15.06426450167688
1 44955U 20001AT  23019.36566411  .00025054  00000-0  16938-2 0  9992
2 44955  53.0554  48.1744 0001751  79.5275 280.5911 15.06424381167721
1 44955U 20001AT  23019.36566411  .00025054  00000-0  16938-2 0  9992
2 44955  53.0554  48.1744 0001751  79.5275 280.5911 15.06424381167721
1 44955U 20001AT  23019.76374647  .00027060  00000-0  18279-2 0  9993
2 44955  53.0551  46.3869 0002059  82.7941 277.3282 15.06413796167783
1 44955U 20001AT  23020.09548271  .00005667  00000-0  39911-3 0  9993
2 44955  53.0555  44.8985 0002023  97.7321 262.3898 15.06391182167835
1 44955U 20001AT  23020.36087251  .00015990  00000-0  10901-2 0  9996
2 44955  53.0553  43.7081 0002011  96.9058 263.2160 15.06392896167872
1 44955U 20001AT  23021.22338605  .00003246  00000-0  23673-3 0  9996
2 44955  53.0551  39.8369 0002090 100.7570 259.3654 15.06393572168007
1 44955U 20001AT  23021.42242451  .00006025  00000-0  42297-3 0  9992
2 44955  53.0547  38.9421 0002012  91.8932 268.2287 15.06403977168032
1 44955U 20001AT  23022.35127863  .00009162  00000-0  63300-3 0  9997
2 44955  53.0552  34.7729 0001904  94.1825 265.9381 15.06411603168178
1 44955U 20001AT  23022.74936515  .00002482  00000-0  18550-3 0  9997
2 44955  53.0549  32.9864 0002200  76.1344 283.9889 15.06398445168238
1 44955U 20001AT  23023.41283856  .00000567  00000-0  56999-4 0  9997
2 44955  53.0539  30.0062 0002303  78.5747 281.5501 15.06392254168331
1 44955U 20001AT  23024.20899910  .00012325  00000-0  84460-3 0  9997
2 44955  53.0548  26.4295 0001998  85.2629 274.8588 15.06410214168451
1 44955U 20001AT  23024.80611968  .00006905  00000-0  48187-3 0  9991
2 44955  53.0545  23.7527 0002297  91.1387 268.9865 15.06408740168549
1 44955U 20001AT  23025.27054827  .00003859  00000-0  27782-3 0  9991
2 44955  53.0547  21.6642 0001792  86.7252 273.3942 15.06403216168613
1 44955U 20001AT  23025.27054827  .00003859  00000-0  27782-3 0  9991
2 44955  53.0547  21.6642 0001792  86.7252 273.3942 15.06403216168613
1 44955U 20001AT  23025.80132244  .00001779  00000-0  13831-3 0  9999
2 44955  53.0553  19.2824 0001726  86.7297 273.3890 15.06401553168693
1 44955U 20001AT  23026.13305776  .00000930  00000-0  81316-4 0  9990
2 44955  53.0553  17.7946 0001828  89.1748 270.9450 15.06399546168741
1 44955U 20001AT  23026.39844059  .00003471  00000-0  25173-3 0  9991
2 44955  53.0550  16.6020 0001931  96.7559 263.3649 15.06408928168783
1 44955U 20001AT  23026.39844059  .00003471  00000-0  25173-3 0  9991
2 44955  53.0550  16.6020 0001931  96.7559 263.3649 15.06408928168783
1 44955U 20001AT  23027.26095489  .00001838  00000-0  14224-3 0  9993
2 44955  53.0551  12.7285 0001797  93.7294 266.3901 15.06399456168911
1 44955U 20001AT  23027.32730162  .00001191  00000-0  98841-4 0  9994
2 44955  53.0554  12.4315 0001771  94.7664 265.3527 15.06399907168924
1 44955U 20001AT  23028.32250567  .00001566  00000-0  12403-3 0  9996
2 44955  53.0553   7.9630 0001791 102.4823 257.6367 15.06401237169071
1 44955U 20001AT  23028.32250567  .00001566  00000-0  12403-3 0  9996
2 44955  53.0553   7.9630 0001791 102.4823 257.6367 15.06401237169071
1 44955U 20001AT  23028.85328539  .00001737  00000-0  13549-3 0  9991
2 44955  53.0555   5.5811 0001752  96.9367 263.1822 15.06395046169152
1 44955U 20001AT  23029.31770889  .00003049  00000-0  22344-3 0  9993
2 44955  53.0556   3.4959 0001751  96.1083 264.0106 15.06404983169223
1 44955U 20001AT  23029.91483351  .00001085  00000-0  91757-4 0  9997
2 44955  53.0555   0.8157 0001702  95.5285 264.5898 15.06399665169319
1 44955U 20001AT  23030.31291354  .00001282  00000-0  10498-3 0  9994
2 44955  53.0553 359.0295 0001673  88.6173 271.5008 15.06401388169378
1 44955U 20001AT  23030.31291354  .00001282  00000-0  10498-3 0  9994
2 44955  53.0553 359.0295 0001673  88.6173 271.5008 15.06401388169378
1 44955U 20001AT  23030.91003559  .00001310  00000-0  10684-3 0  9997
2 44955  53.0556 356.3484 0001719  90.3061 269.8125 15.06399619169461
1 44955U 20001AT  23031.30811042  .00003048  00000-0  22341-3 0  9998
2 44955  53.0557 354.5613 0001730  90.3307 269.7881 15.06409777169524
1 44955U 20001AT  23031.90523602  .00000856  00000-0  76381-4 0  9994
2 44955  53.0545 351.8804 0002048  91.8067 268.3156 15.06400493169611
