1 44952U 20001AQ  22365.15269075  .00001652  00000-0  12974-3 0  9990
2 44952  53.0529 154.4347 0001388  88.1685 271.9463 15.06406878164608
1 44952U 20001AQ  22365.41807455  .00002676  00000-0  19842-3 0  9997
2 44952  53.0527 153.2428 0001389  89.0735 271.0413 15.06408218164640
1 44952U 20001AQ  22365.68346442  .00002178  00000-0  16503-3 0  9998
2 44952  53.0528 152.0517 0001424  88.3699 271.7453 15.06405481164682
1 44952U 20001AQ  23001.14789756  .00001537  00000-0  12206-3 0  9990
2 44952  53.0534 149.9663 0001338  88.9451 271.1691 15.06398011164758
1 44952U 20001AQ  23001.41329255  .00002889  00000-0  21284-3 0  9991
2 44952  53.0537 148.7749 0001361  92.5223 267.5921 15.06382341164795
1 44952U 20001AQ  23001.41329255  .00002889  00000-0  21284-3 0  9991
2 44952  53.0537 148.7749 0001361  92.5223 267.5921 15.06382341164795
1 44952U 20001AQ  23001.67868372  .00001709  00000-0  13365-3 0  9998
2 44952  53.0538 147.5839 0001344  89.3788 270.7355 15.06381965164837
1 44952U 20001AQ  23002.40849701 -.00001502  00000-0 -81943-4 0  9996
2 44952  53.0550 144.3084 0001312  82.5023 277.6115 15.06394689164949
1 44952U 20001AQ  23002.80657238  .00000519  00000-0  53738-4 0  9998
2 44952  53.0536 142.5215 0001461  86.1565 273.9591 15.06398448165007
1 44952U 20001AQ  23002.80657238  .00000519  00000-0  53738-4 0  9998
2 44952  53.0536 142.5215 0001461  86.1565 273.9591 15.06398448165007
1 44952U 20001AQ  23003.40369888  .00000914  00000-0  80265-4 0  9990
2 44952  53.0532 139.8419 0001505  85.5890 274.5271 15.06392523165090
1 44952U 20001AQ  23003.40369888  .00000914  00000-0  80265-4 0  9990
2 44952  53.0532 139.8419 0001505  85.5890 274.5271 15.06392523165090
1 44952U 20001AQ  23004.39889862  .00001233  00000-0  10164-3 0  9993
2 44952  53.0538 135.3728 0001412  82.3647 277.7503 15.06401491165247
1 44952U 20001AQ  23004.66428321  .00001677  00000-0  13145-3 0  9996
2 44952  53.0539 134.1815 0001424  81.8203 278.2947 15.06404762165283
1 44952U 20001AQ  23004.66428321  .00001677  00000-0  13145-3 0  9996
2 44952  53.0539 134.1815 0001424  81.8203 278.2947 15.06404762165283
1 44952U 20001AQ  23005.06235423  .00002824  00000-0  20833-3 0  9997
2 44952  53.0542 132.3945 0001464  80.8789 279.2366 15.06414649165341
1 44952U 20001AQ  23005.46043856  .00002132  00000-0  16198-3 0  9999
2 44952  53.0530 130.6076 0001394  83.9998 276.1150 15.06405988165402
1 44952U 20001AQ  23005.46043856  .00002132  00000-0  16198-3 0  9999
2 44952  53.0530 130.6076 0001394  83.9998 276.1150 15.06405988165402
1 44952U 20001AQ  23005.72582348  .00001763  00000-0  13720-3 0  9999
2 44952  53.0533 129.4155 0001352  78.7852 281.3289 15.06408440165445
1 44952U 20001AQ  23006.32295184  .00000488  00000-0  51693-4 0  9990
2 44952  53.0548 126.7349 0002316  79.2127 280.9122 15.06402786165536
1 44952U 20001AQ  23006.58833914 -.00000593  00000-0 -20852-4 0  9999
2 44952  53.0548 125.5437 0002727  78.6320 281.4976 15.06399988165571
1 44952U 20001AQ  23007.31816029 -.00000939  00000-0 -44164-4 0  9995
2 44952  53.0541 122.2659 0001686  82.1180 278.0000 15.06390953165686
1 44952U 20001AQ  23007.58354666  .00000611  00000-0  59940-4 0  9991
2 44952  53.0543 121.0750 0001488  80.7150 279.4007 15.06395438165728
1 44952U 20001AQ  23008.57875805  .00006350  00000-0  44488-3 0  9990
2 44952  53.0545 116.6109 0001640  74.1665 285.9504 15.06391390165879
1 44952U 20001AQ  23008.71144856  .00003827  00000-0  27569-3 0  9998
2 44952  53.0535 116.0143 0001586  69.8221 290.2939 15.06396927165892
1 44952U 20001AQ  23009.30856766  .00001864  00000-0  14400-3 0  9993
2 44952  53.0519 113.3325 0001377  57.8312 302.2810 15.06402400165988
1 44952U 20001AQ  23009.70664696  .00002169  00000-0  16446-3 0  9997
2 44952  53.0525 111.5461 0001214  60.0562 300.0548 15.06404895166041
1 44952U 20001AQ  23009.70664696  .00002169  00000-0  16446-3 0  9997
2 44952  53.0525 111.5461 0001214  60.0562 300.0548 15.06404895166041
1 44952U 20001AQ  23010.30377336 -.00000238  00000-0  29406-5 0  9995
2 44952  53.0535 108.8653 0001569  68.9534 291.1623 15.06395639166132
1 44952U 20001AQ  23010.56916132 -.00000695  00000-0 -27795-4 0  9992
2 44952  53.0529 107.6742 0001521  64.9222 295.1924 15.06393968166174
1 44952U 20001AQ  23010.63551097  .00000221  00000-0  33707-4 0  9998
2 44952  53.0536 107.3760 0001515  65.0648 295.0498 15.06395084166183
1 44952U 20001AQ  23011.49802979 -.00001023  00000-0 -49797-4 0  9990
2 44952  53.0527 103.5036 0001468  57.5656 302.5475 15.06390500166311
1 44952U 20001AQ  23011.49802979 -.00001023  00000-0 -49797-4 0  9990
2 44952  53.0527 103.5036 0001468  57.5656 302.5475 15.06390500166311
1 44952U 20001AQ  23011.63072270 -.00000003  00000-0  18738-4 0  9996
2 44952  53.0542 102.9084 0001685  62.5051 297.6109 15.06391381166338
1 44952U 20001AQ  23012.49323311  .00002096  00000-0  15963-3 0  9995
2 44952  53.0519  99.0356 0001377  68.4952 291.6183 15.06391577166460
1 44952U 20001AQ  23012.95766225  .00003774  00000-0  27216-3 0  9999
2 44952  53.0530  96.9531 0001518  65.3040 294.8107 15.06395297166537
1 44952U 20001AQ  23013.55477797  .00004912  00000-0  34831-3 0  9995
2 44952  53.0530  94.2724 0001395  66.0642 294.0493 15.06409838166628
1 44952U 20001AQ  23013.55477797  .00004912  00000-0  34831-3 0  9995
2 44952  53.0530  94.2724 0001395  66.0642 294.0493 15.06409838166628
1 44952U 20001AQ  23014.21825194  .00001642  00000-0  12910-3 0  9998
2 44952  53.0515  91.2930 0001656  77.8274 282.2900 15.06399658166729
1 44952U 20001AQ  23015.21345897 -.00000598  00000-0 -21274-4 0  9991
2 44952  53.0535  86.8218 0001421 101.5988 258.5161 15.06390510166876
1 44952U 20001AQ  23015.34614990  .00001021  00000-0  87410-4 0  9992
2 44952  53.0531  86.2282 0001294  90.4502 269.6636 15.06396382166898
1 44952U 20001AQ  23015.87692237  .00002190  00000-0  16584-3 0  9991
2 44952  53.0529  83.8443 0001714  84.9584 275.1601 15.06404702166971
1 44952U 20001AQ  23015.87692237  .00002190  00000-0  16584-3 0  9991
2 44952  53.0529  83.8443 0001714  84.9584 275.1601 15.06404702166971
1 44952U 20001AQ  23016.60673139  .00010221  00000-0  70370-3 0  9990
2 44952  53.0536  80.5689 0001215  83.7692 276.3435 15.06417794167084
1 44952U 20001AQ  23016.87213006 -.00002161  00000-0 -12625-3 0  9997
2 44952  53.0534  79.3754 0001984  87.7597 272.3619 15.06387542167124
1 44952U 20001AQ  23016.87213006 -.00002161  00000-0 -12625-3 0  9997
2 44952  53.0534  79.3754 0001984  87.7597 272.3619 15.06387542167124
1 44952U 20001AQ  23017.53560897 -.00004650  00000-0 -29370-3 0  9994
2 44952  53.0530  76.3998 0001288 104.1054 256.0079 15.06374491167225
1 44952U 20001AQ  23017.53560897 -.00004650  00000-0 -29370-3 0  9994
2 44952  53.0530  76.3998 0001288 104.1054 256.0079 15.06374491167225
1 44952U 20001AQ  23018.33177025  .00032758  00000-0  22063-2 0  9999
2 44952  53.0529  72.8251 0001236 108.0971 252.0153 15.06425944167342
1 44952U 20001AQ  23018.39811601  .00038940  00000-0  26164-2 0  9995
2 44952  53.0529  72.5278 0001228 106.0695 254.0429 15.06432834167355
1 44952U 20001AQ  23018.86253974  .00020809  00000-0  14106-2 0  9998
2 44952  53.0535  70.4426 0001542  88.3293 271.7873 15.06429948167428
1 44952U 20001AQ  23018.86253974  .00020809  00000-0  14106-2 0  9998
2 44952  53.0535  70.4426 0001542  88.3293 271.7873 15.06429948167428
1 44952U 20001AQ  23019.12792432  .00001199  00000-0  99303-4 0  9990
2 44952  53.0531  69.2522 0001431  97.6087 262.5064 15.06416027167466
1 44952U 20001AQ  23019.39330963  .00006973  00000-0  48630-3 0  9997
2 44952  53.0532  68.0595 0001306  99.4890 260.6247 15.06416725167509
1 44952U 20001AQ  23019.85773649  .00002136  00000-0  16221-3 0  9998
2 44952  53.0521  65.9745 0001189  80.9496 279.1627 15.06409684167576
1 44952U 20001AQ  23020.38851616 -.00001283  00000-0 -67228-4 0  9997
2 44952  53.0537  63.5913 0001442  85.1175 274.9978 15.06396754167651
1 44952U 20001AQ  23020.38851616 -.00001283  00000-0 -67228-4 0  9997
2 44952  53.0537  63.5913 0001442  85.1175 274.9978 15.06396754167651
1 44952U 20001AQ  23021.38371901  .00018693  00000-0  12698-2 0  9992
2 44952  53.0535  59.1242 0001574  76.1535 283.9629 15.06419420167807
1 44952U 20001AQ  23022.11353372  .00005236  00000-0  37010-3 0  9991
2 44952  53.0532  55.8468 0001510  93.1682 266.9479 15.06406283167918
1 44952U 20001AQ  23022.77700379  .00008781  00000-0  60767-3 0  9999
2 44952  53.0523  52.8675 0001083  84.2755 275.8358 15.06399981168015
1 44952U 20001AQ  23023.10874311  .00004027  00000-0  28914-3 0  9992
2 44952  53.0532  51.3804 0001941  98.2670 261.8539 15.06394187168061
1 44952U 20001AQ  23024.23664425  .00001171  00000-0  97503-4 0  9998
2 44952  53.0544  46.3176 0001541  93.2574 266.8591 15.06392902168239
1 44952U 20001AQ  23025.03280270  .00005736  00000-0  40358-3 0  9995
2 44952  53.0537  42.7423 0001544  89.7725 270.3440 15.06406137168359
1 44952U 20001AQ  23025.36453263  .00007091  00000-0  49424-3 0  9994
2 44952  53.0534  41.2526 0001417  91.9604 268.1547 15.06413831168402
1 44952U 20001AQ  23026.02800396  .00002741  00000-0  20281-3 0  9998
2 44952  53.0546  38.2746 0001441 100.0347 260.0805 15.06403755168501
1 44952U 20001AQ  23026.02800396  .00002741  00000-0  20281-3 0  9998
2 44952  53.0546  38.2746 0001441 100.0347 260.0805 15.06403755168501
1 44952U 20001AQ  23027.28859717  .00001070  00000-0  90735-4 0  9994
2 44952  53.0540  32.6159 0001513  98.3512 261.7649 15.06398392168698
1 44952U 20001AQ  23027.28859717  .00001070  00000-0  90735-4 0  9994
2 44952  53.0540  32.6159 0001513  98.3512 261.7649 15.06398392168698
1 44952U 20001AQ  23028.28381591  .00003255  00000-0  23737-3 0  9999
2 44952  53.0541  28.1483 0001322  95.4491 264.6649 15.06394297168840
1 44952U 20001AQ  23028.94728036  .00005197  00000-0  36746-3 0  9992
2 44952  53.0537  25.1683 0001253  86.5434 273.5698 15.06405571168947
1 44952U 20001AQ  23029.27901035  .00009585  00000-0  66113-3 0  9997
2 44952  53.0539  23.6794 0001270  87.6258 272.4876 15.06419334168993
1 44952U 20001AQ  23029.94247604  .00000260  00000-0  36343-4 0  9990
2 44952  53.0543  20.6995 0001696  87.6308 272.4876 15.06411965169090
1 44952U 20001AQ  23030.34055315  .00002006  00000-0  15348-3 0  9993
2 44952  53.0533  18.9129 0001233  99.3607 260.7521 15.06412970169158
1 44952U 20001AQ  23030.40690021  .00003495  00000-0  25333-3 0  9997
2 44952  53.0534  18.6153 0001273 103.0562 257.0569 15.06409267169167
1 44952U 20001AQ  23030.93767678  .00001646  00000-0  12936-3 0  9999
2 44952  53.0537  16.2321 0001413 103.0413 257.0734 15.06399200169240
1 44952U 20001AQ  23030.93767678  .00001646  00000-0  12936-3 0  9999
2 44952  53.0537  16.2321 0001413 103.0413 257.0734 15.06399200169240
1 44952U 20001AQ  23031.33575546  .00002460  00000-0  18394-3 0  9994
2 44952  53.0538  14.4448 0001386 100.2197 259.8949 15.06406529169306
