1 44969U 20001BH  22365.09923399  .00004053  00000-0  29074-3 0  9994
2 44969  53.0545 134.6754 0001694  58.0018 302.1135 15.06415580164874
1 44969U 20001BH  22365.36462896  .00004472  00000-0  31883-3 0  9990
2 44969  53.0536 133.4840 0001700  57.6688 302.4465 15.06410986164912
1 44969U 20001BH  22365.63001709  .00005514  00000-0  38869-3 0  9991
2 44969  53.0558 132.2930 0001730  58.9020 301.2139 15.06409138164956
1 44969U 20001BH  22365.82905947  .00002212  00000-0  16732-3 0  9996
2 44969  53.0541 131.3996 0001725  56.7966 303.3188 15.06401580164982
1 44969U 20001BH  23001.35984513 -.00003503  00000-0 -21645-3 0  9993
2 44969  53.0523 129.0147 0001717  72.9077 287.2100 15.06384138165061
1 44969U 20001BH  23001.49254039 -.00004972  00000-0 -31526-3 0  9991
2 44969  53.0550 128.4197 0001492  63.7241 296.3901 15.06383323165087
1 44969U 20001BH  23001.75792885 -.00003837  00000-0 -23892-3 0  9992
2 44969  53.0548 127.2275 0001745  59.2219 300.8942 15.06385847165128
1 44969U 20001BH  23002.62043185  .00002472  00000-0  18480-3 0  9990
2 44969  53.0530 123.3580 0001679  47.7969 312.3162 15.06403042165259
1 44969U 20001BH  23002.68677766  .00003432  00000-0  24915-3 0  9991
2 44969  53.0535 123.0597 0001728  51.7723 308.3422 15.06406447165264
1 44969U 20001BH  23003.01851847  .00004281  00000-0  30612-3 0  9997
2 44969  53.0530 121.5710 0001766  45.9009 314.2125 15.06396870165313
1 44969U 20001BH  23003.61564231  .00000638  00000-0  61766-4 0  9998
2 44969  53.0545 118.8885 0001688  43.4043 316.7079 15.06394885165404
1 44969U 20001BH  23003.74833813  .00001555  00000-0  12326-3 0  9993
2 44969  53.0545 118.2932 0001680  51.2920 308.8219 15.06394579165424
1 44969U 20001BH  23003.74833813  .00001555  00000-0  12326-3 0  9993
2 44969  53.0545 118.2932 0001680  51.2920 308.8219 15.06394579165424
1 44969U 20001BH  23004.47814700  .00002704  00000-0  20036-3 0  9992
2 44969  53.0543 115.0181 0001824  46.0782 314.0358 15.06406524165530
1 44969U 20001BH  23004.61084088  .00002474  00000-0  18491-3 0  9992
2 44969  53.0544 114.4218 0001804  47.5113 312.6028 15.06405372165557
1 44969U 20001BH  23005.40699296  .00006768  00000-0  47257-3 0  9995
2 44969  53.0536 110.8479 0001859  44.4136 315.7002 15.06419847165679
1 44969U 20001BH  23005.67237670  .00005281  00000-0  37293-3 0  9996
2 44969  53.0536 109.6567 0001865  44.2897 315.8241 15.06420859165718
1 44969U 20001BH  23006.26950374 -.00004373  00000-0 -27490-3 0  9996
2 44969  53.0538 106.9763 0001965  46.0835 314.0316 15.06394710165801
1 44969U 20001BH  23006.53489673 -.00007172  00000-0 -46325-3 0  9993
2 44969  53.0545 105.7855 0002135  41.1938 318.9212 15.06383069165845
1 44969U 20001BH  23006.66759218 -.00006078  00000-0 -38967-3 0  9999
2 44969  53.0542 105.1894 0001965  45.9515 314.1636 15.06382335165867
1 44969U 20001BH  23007.26471683  .00002910  00000-0  21421-3 0  9999
2 44969  53.0542 102.5090 0002141  42.6608 317.4547 15.06393402165954
1 44969U 20001BH  23007.26471683  .00002910  00000-0  21421-3 0  9999
2 44969  53.0542 102.5090 0002141  42.6608 317.4547 15.06393402165954
1 44969U 20001BH  23007.66280024  .00012494  00000-0  85611-3 0  9999
2 44969  53.0542 100.7215 0002152  45.5439 314.5725 15.06401900166016
1 44969U 20001BH  23008.52531172  .00007993  00000-0  55482-3 0  9999
2 44969  53.0552  96.8503 0002239  42.7661 317.3502 15.06404674166143
1 44969U 20001BH  23008.52531172  .00007993  00000-0  55482-3 0  9999
2 44969  53.0552  96.8503 0002239  42.7661 317.3502 15.06404674166143
1 44969U 20001BH  23008.92339431  .00004158  00000-0  29789-3 0  9998
2 44969  53.0542  95.0640 0002237  41.0439 319.0718 15.06400228166204
1 44969U 20001BH  23008.92339431  .00004158  00000-0  29789-3 0  9998
2 44969  53.0542  95.0640 0002237  41.0439 319.0718 15.06400228166204
1 44969U 20001BH  23009.52051408  .00002075  00000-0  15817-3 0  9993
2 44969  53.0534  92.3833 0002047  30.9066 329.2043 15.06399945166297
1 44969U 20001BH  23009.65320682  .00002184  00000-0  16550-3 0  9996
2 44969  53.0530  91.7864 0002109  31.4185 328.6929 15.06401496166311
1 44969U 20001BH  23010.18398177  .00001395  00000-0  11257-3 0  9992
2 44969  53.0518  89.4032 0002117  31.9165 328.1952 15.06400157166392
1 44969U 20001BH  23010.51572088 -.00000587  00000-0 -20493-4 0  9991
2 44969  53.0538  87.9135 0002209  31.8182 328.2940 15.06392593166449
1 44969U 20001BH  23010.51572088 -.00000587  00000-0 -20493-4 0  9991
2 44969  53.0538  87.9135 0002209  31.8182 328.2940 15.06392593166449
1 44969U 20001BH  23011.11283669  .00002086  00000-0  15889-3 0  9998
2 44969  53.0532  85.2330 0002333  34.4324 325.6816 15.06404451166536
1 44969U 20001BH  23011.51091749  .00002370  00000-0  17794-3 0  9991
2 44969  53.0536  83.4476 0002495  36.0154 324.1003 15.06404245166598
1 44969U 20001BH  23011.90899935  .00000991  00000-0  85432-4 0  9999
2 44969  53.0528  81.6570 0002112  35.6251 324.4878 15.06399220166659
1 44969U 20001BH  23012.10804730  .00000633  00000-0  61420-4 0  9995
2 44969  53.0536  80.7642 0001895  32.2708 327.8397 15.06390739166687
1 44969U 20001BH  23012.43977807  .00002132  00000-0  16200-3 0  9998
2 44969  53.0546  79.2763 0002110  39.9386 320.1758 15.06396461166733
1 44969U 20001BH  23012.43977807  .00002132  00000-0  16200-3 0  9998
2 44969  53.0546  79.2763 0002110  39.9386 320.1758 15.06396461166733
1 44969U 20001BH  23013.56767879 -.00000187  00000-0  63709-5 0  9996
2 44969  53.0532  74.2112 0002083  55.3966 304.7219 15.06396410166909
1 44969U 20001BH  23013.56767879 -.00000187  00000-0  63709-5 0  9996
2 44969  53.0532  74.2112 0002083  55.3966 304.7219 15.06396410166909
1 44969U 20001BH  23014.96097395  .00001917  00000-0  14759-3 0  9990
2 44969  53.0525  67.9564 0002051  53.9081 306.2098 15.06387307167119
1 44969U 20001BH  23015.42540179  .00002329  00000-0  17527-3 0  9999
2 44969  53.0523  65.8709 0002116  55.2146 304.9042 15.06392890167188
1 44969U 20001BH  23015.82348056  .00002163  00000-0  16407-3 0  9995
2 44969  53.0525  64.0844 0002123  57.4985 302.6208 15.06398594167247
1 44969U 20001BH  23015.82348056  .00002163  00000-0  16407-3 0  9995
2 44969  53.0525  64.0844 0002123  57.4985 302.6208 15.06398594167247
1 44969U 20001BH  23016.42059701  .00012960  00000-0  88682-3 0  9998
2 44969  53.0543  61.4074 0001917  66.2031 293.9159 15.06421902167330
1 44969U 20001BH  23016.55328798  .00015880  00000-0  10817-2 0  9995
2 44969  53.0540  60.8113 0001949  66.4364 293.6830 15.06428935167358
1 44969U 20001BH  23016.88502934 -.00009496  00000-0 -61963-3 0  9994
2 44969  53.0534  59.3221 0001918  81.7414 278.3792 15.06387644167400
1 44969U 20001BH  23016.88502934 -.00009496  00000-0 -61963-3 0  9994
2 44969  53.0534  59.3221 0001918  81.7414 278.3792 15.06387644167400
1 44969U 20001BH  23017.94659436  .00009896  00000-0  68262-3 0  9993
2 44969  53.0536  54.5567 0001971  85.0169 275.1045 15.06384030167564
1 44969U 20001BH  23018.34467063  .00028811  00000-0  19439-2 0  9990
2 44969  53.0539  52.7701 0001959  86.3205 273.8008 15.06424895167623
1 44969U 20001BH  23018.80909254  .00017947  00000-0  12198-2 0  9997
2 44969  53.0516  50.6834 0001903  87.0421 273.0786 15.06426139167694
1 44969U 20001BH  23018.80909254  .00017947  00000-0  12198-2 0  9997
2 44969  53.0516  50.6834 0001903  87.0421 273.0786 15.06426139167694
1 44969U 20001BH  23019.07447918  .00007578  00000-0  52681-3 0  9992
2 44969  53.0543  49.4949 0002058  81.1147 279.0074 15.06417463167730
1 44969U 20001BH  23019.47255405  .00025819  00000-0  17446-2 0  9991
2 44969  53.0534  47.7057 0001796  87.4224 272.6971 15.06426648167790
1 44969U 20001BH  23019.80428971  .00017440  00000-0  11864-2 0  9997
2 44969  53.0535  46.2162 0001631  92.1887 267.9289 15.06413594167849
1 44969U 20001BH  23020.33507017  .00022858  00000-0  15486-2 0  9999
2 44969  53.0535  43.8335 0001798  97.9271 262.1922 15.06395847167928
1 44969U 20001BH  23020.33507017  .00022858  00000-0  15486-2 0  9999
2 44969  53.0535  43.8335 0001798  97.9271 262.1922 15.06395847167928
1 44969U 20001BH  23021.26393357  .00017185  00000-0  11698-2 0  9990
2 44969  53.0533  39.6629 0001540  88.2901 271.8265 15.06398081168069
1 44969U 20001BH  23022.45816494  .00018350  00000-0  12464-2 0  9991
2 44969  53.0535  34.3017 0001787  95.4137 264.7056 15.06435184168243
1 44969U 20001BH  23022.72355799 -.00005679  00000-0 -36263-3 0  9993
2 44969  53.0531  33.1093 0002212  99.8235 260.3004 15.06397329168288
1 44969U 20001BH  23024.24954575  .00010916  00000-0  75060-3 0  9995
2 44969  53.0536  26.2603 0002014 110.1777 249.9428 15.06400170168519
1 44969U 20001BH  23025.04570598  .00007643  00000-0  53131-3 0  9991
2 44969  53.0543  22.6832 0002131 101.9742 258.1486 15.06408049168633
1 44969U 20001BH  23025.24474793  .00004641  00000-0  33027-3 0  9990
2 44969  53.0539  21.7922 0001702 108.7410 251.3763 15.06401411168660
1 44969U 20001BH  23025.24474793  .00004641  00000-0  33027-3 0  9990
2 44969  53.0539  21.7922 0001702 108.7410 251.3763 15.06401411168660
1 44969U 20001BH  23025.70917591  .00003656  00000-0  26423-3 0  9996
2 44969  53.0529  19.7058 0001721 107.5127 252.6050 15.06398826168735
1 44969U 20001BH  23025.97456496  .00002398  00000-0  17983-3 0  9990
2 44969  53.0529  18.5157 0001744 106.2028 253.9152 15.06398717168773
1 44969U 20001BH  23026.37264380  .00003146  00000-0  22995-3 0  9995
2 44969  53.0546  16.7275 0001942 106.7343 253.3859 15.06405298168836
1 44969U 20001BH  23027.23515596  .00002760  00000-0  20412-3 0  9992
2 44969  53.0530  12.8562 0001667  98.2919 261.8259 15.06400675168969
1 44969U 20001BH  23027.36784775  .00003305  00000-0  24061-3 0  9993
2 44969  53.0538  12.2600 0001719  98.4409 261.6775 15.06404569168987
1 44969U 20001BH  23028.23034588  .00008009  00000-0  55559-3 0  9992
2 44969  53.0545   8.3895 0001641  98.9177 261.1998 15.06424194169112
1 44969U 20001BH  23028.36303503  .00008732  00000-0  60390-3 0  9994
2 44969  53.0544   7.7926 0001611 100.8375 259.2796 15.06429102169139
1 44969U 20001BH  23029.29190101 -.00005647  00000-0 -36065-3 0  9991
2 44969  53.0530   3.6227 0001274  92.9746 267.1389 15.06386905169275
1 44969U 20001BH  23029.88902456 -.00002408  00000-0 -14287-3 0  9994
2 44969  53.0544   0.9427 0001220  97.0945 263.0183 15.06389508169369
1 44969U 20001BH  23030.28710855  .00008726  00000-0  60404-3 0  9999
2 44969  53.0540 359.1559 0001165  94.8458 265.2664 15.06393967169421
1 44969U 20001BH  23030.28710855  .00008726  00000-0  60404-3 0  9999
2 44969  53.0540 359.1559 0001165  94.8458 265.2664 15.06393967169421
1 44969U 20001BH  23030.95056997  .00015360  00000-0  10472-2 0  9994
2 44969  53.0533 356.1773 0001160  96.5534 263.5587 15.06422372169526
1 44969U 20001BH  23030.95056997  .00015360  00000-0  10472-2 0  9994
2 44969  53.0533 356.1773 0001160  96.5534 263.5587 15.06422372169526
1 44969U 20001BH  23031.28229591  .00018873  00000-0  12812-2 0  9995
2 44969  53.0533 354.6879 0001181  97.0179 263.0944 15.06439002169575
1 44969U 20001BH  23031.28229591  .00018873  00000-0  12812-2 0  9995
2 44969  53.0533 354.6879 0001181  97.0179 263.0944 15.06439002169575
1 44969U 20001BH  23031.87942347  .00001275  00000-0  10448-3 0  9993
2 44969  53.0531 352.0066 0001562  96.2531 263.8636 15.06403184169667
