1 44963U 20001BB  23001.52070489  .00082723  00000-0  28887-2 0  9997
2 44963  52.9773  95.2996 0001513 339.8557  20.2380 15.28880501166243
1 44963U 20001BB  23001.52070489  .00082723  00000-0  28887-2 0  9997
2 44963  52.9773  95.2996 0001513 339.8557  20.2380 15.28880501166232
1 44963U 20001BB  23002.50120584  .00083388  00000-0  28974-2 0  9993
2 44963  52.9781  90.7345 0001719 350.0760  10.0203 15.29039566166394
1 44963U 20001BB  23002.63193189  .00066978  00000-0  23338-2 0  9993
2 44963  52.9778  90.1257 0001731 350.7510   9.3455 15.29053620166410
1 44963U 20001BB  23002.95874134  .00064860  00000-0  22582-2 0  9992
2 44963  52.9780  88.6046 0001898 353.4767   6.6206 15.29094234166453
1 44963U 20001BB  23003.61233032  .00064155  00000-0  22276-2 0  9999
2 44963  52.9780  85.5602 0002012 358.3258   1.7733 15.29187482166566
1 44963U 20001BB  23004.46193155  .00112310  00000-0  38464-2 0  9997
2 44963  52.9779  81.6032 0002268   4.0800 356.0216 15.29346482166692
1 44963U 20001BB  23004.46193155  .00112310  00000-0  38464-2 0  9997
2 44963  52.9779  81.6032 0002268   4.0800 356.0216 15.29346482166681
1 44963U 20001BB  23004.52728159  .00111375  00000-0  38134-2 0  9996
2 44963  52.9779  81.2989 0002251   5.9394 354.1631 15.29359906166706
1 44963U 20001BB  23005.24609212  .00070096  00000-0  24077-2 0  9999
2 44963  52.9774  77.9507 0002523   9.2331 350.8713 15.29497724166805
1 44963U 20001BB  23005.57280248  .00076435  00000-0  26169-2 0  9996
2 44963  52.9773  76.4276 0002529  10.8950 349.2102 15.29562332166860
1 44963U 20001BB  23005.57280248  .00076435  00000-0  26169-2 0  9996
2 44963  52.9773  76.4276 0002529  10.8950 349.2102 15.29562332166859
1 44963U 20001BB  23006.55285151  .00079978  00000-0  27197-2 0  9990
2 44963  52.9769  71.8604 0002824  17.5373 342.5722 15.29759939167002
1 44963U 20001BB  23007.20615091  .00093199  00000-0  31497-2 0  9992
2 44963  52.9765  68.8154 0003008  21.5064 338.6060 15.29882717167115
1 44963U 20001BB  23007.20615091  .00093199  00000-0  31497-2 0  9992
2 44963  52.9765  68.8154 0003008  21.5064 338.6060 15.29882717167104
1 44963U 20001BB  23007.85939993  .00097031  00000-0  32652-2 0  9996
2 44963  52.9761  65.7693 0003205  25.8234 334.2924 15.29999347167210
1 44963U 20001BB  23008.44728045  .00085773  00000-0  28829-2 0  9997
2 44963  52.9757  63.0272 0003275  28.6555 331.4623 15.30102893167302
1 44963U 20001BB  23008.44728045  .00085773  00000-0  28829-2 0  9997
2 44963  52.9757  63.0272 0003275  28.6555 331.4623 15.30102893167290
1 44963U 20001BB  23008.83917879  .00090541  00000-0  30339-2 0  9993
2 44963  52.9758  61.1997 0003468  29.7122 330.4073 15.30172996167367
1 44963U 20001BB  23009.10043308  .00099763  00000-0  33319-2 0  9997
2 44963  52.9756  59.9812 0003522  29.9907 330.1292 15.30227953167397
1 44963U 20001BB  23009.42698923  .00089549  00000-0  29907-2 0  9990
2 44963  52.9754  58.4569 0003513  31.1494 328.9712 15.30286392167455
1 44963U 20001BB  23009.42698923  .00089549  00000-0  29907-2 0  9990
2 44963  52.9754  58.4569 0003513  31.1494 328.9712 15.30286392167444
1 44963U 20001BB  23010.40658412  .00093275  00000-0  30958-2 0  9998
2 44963  52.9748  53.8858 0003599  34.3927 325.7304 15.30466143167601
1 44963U 20001BB  23011.25546560  .00105463  00000-0  34737-2 0  9994
2 44963  52.9750  49.9236 0003730  38.4276 321.6987 15.30645204167721
1 44963U 20001BB  23011.51663917  .00113137  00000-0  37146-2 0  9993
2 44963  52.9752  48.7041 0003775  40.3532 319.7746 15.30707384167774
1 44963U 20001BB  23011.51663917  .00113137  00000-0  37146-2 0  9993
2 44963  52.9752  48.7041 0003775  40.3532 319.7746 15.30707384167763
1 44963U 20001BB  23012.36538216  .00119558  00000-0  38972-2 0  9991
2 44963  52.9756  44.7411 0003923  44.0573 316.0737 15.30906419167901
1 44963U 20001BB  23012.36538216  .00119558  00000-0  38972-2 0  9991
2 44963  52.9756  44.7411 0003923  44.0573 316.0737 15.30906419167899
1 44963U 20001BB  23013.34456010  .00125805  00000-0  40659-2 0  9998
2 44963  52.9763  40.1675 0004107  49.6844 310.4513 15.31149685168050
1 44963U 20001BB  23013.34456010  .00125805  00000-0  40659-2 0  9998
2 44963  52.9763  40.1675 0004107  49.6844 310.4513 15.31149685168049
1 44963U 20001BB  23014.06252037  .00134780  00000-0  43237-2 0  9998
2 44963  52.9767  36.8136 0004279  53.1898 306.9492 15.31343514168151
1 44963U 20001BB  23014.32357268  .00155484  00000-0  49595-2 0  9996
2 44963  52.9770  35.5933 0004301  54.7788 305.3613 15.31426082168191
1 44963U 20001BB  23014.78038422  .00135097  00000-0  43062-2 0  9995
2 44963  52.9769  33.4582 0004479  57.8437 302.2996 15.31547155168260
1 44963U 20001BB  23015.04140460  .00178257  00000-0  56318-2 0  9994
2 44963  52.9769  32.2381 0004531  59.0814 301.0630 15.31624904168301
1 44963U 20001BB  23015.30240924  .00167188  00000-0  52776-2 0  9994
2 44963  52.9770  31.0169 0004538  61.5094 298.6361 15.31704136168352
1 44963U 20001BB  23015.30240924  .00167188  00000-0  52776-2 0  9994
2 44963  52.9770  31.0169 0004538  61.5094 298.6361 15.31704136168341
1 44963U 20001BB  23015.75913243  .00138371  00000-0  43669-2 0  9997
2 44963  52.9771  28.8816 0004664  63.7025 296.4452 15.31849510168425
1 44963U 20001BB  23016.28104264  .00181747  00000-0  56631-2 0  9999
2 44963  52.9768  26.4407 0004834  65.2993 294.8509 15.32051664168499
1 44963U 20001BB  23016.34627689  .00183398  00000-0  57090-2 0  9991
2 44963  52.9769  26.1358 0004836  65.1665 294.9837 15.32075078168512
1 44963U 20001BB  23016.73766634  .00147073  00000-0  45878-2 0  9999
2 44963  52.9766  24.3055 0004880  65.6072 294.5436 15.32179309168578
1 44963U 20001BB  23016.73766634  .00147073  00000-0  45878-2 0  9999
2 44963  52.9766  24.3055 0004880  65.6072 294.5436 15.32179309168567
1 44963U 20001BB  23017.25947448  .00147057  00000-0  45653-2 0  9994
2 44963  52.9772  21.8635 0005090  68.1238 292.0303 15.32332322168658
1 44963U 20001BB  23017.71601640  .00144259  00000-0  44633-2 0  9994
2 44963  52.9769  19.7270 0005186  70.4447 289.7112 15.32453593168722
1 44963U 20001BB  23018.30294325  .00177128  00000-0  54236-2 0  9999
2 44963  52.9766  16.9790 0005263  74.2788 285.8792 15.32629744168804
1 44963U 20001BB  23018.36815223  .00184381  00000-0  56350-2 0  9999
2 44963  52.9762  16.6732 0005253  74.8437 285.3143 15.32656733168824
1 44963U 20001BB  23018.69418665  .00178241  00000-0  54344-2 0  9993
2 44963  52.9758  15.1467 0005256  76.4124 283.7461 15.32760802168875
1 44963U 20001BB  23019.15059575  .00138082  00000-0  42167-2 0  9995
2 44963  52.9752  13.0085 0005237  78.9586 281.2003 15.32899941168939
1 44963U 20001BB  23019.34618738  .00139837  00000-0  42614-2 0  9994
2 44963  52.9750  12.0915 0005209  80.2938 279.8649 15.32957921168970
1 44963U 20001BB  23020.25884572  .00146905  00000-0  44327-2 0  9994
2 44963  52.9744   7.8160 0005241  85.8091 274.3507 15.33238594169113
1 44963U 20001BB  23020.25884572  .00146905  00000-0  44327-2 0  9994
2 44963  52.9744   7.8160 0005241  85.8091 274.3507 15.33238594169102
1 44963U 20001BB  23021.23651233  .00172986  00000-0  51499-2 0  9995
2 44963  52.9747   3.2331 0005346  91.5546 268.6066 15.33542814169255
1 44963U 20001BB  23022.40945212  .00164491  00000-0  48446-2 0  9998
2 44963  52.9754 357.7313 0005536  97.0864 263.0766 15.33922169169436
1 44963U 20001BB  23023.38667521  .00164984  00000-0  48079-2 0  9999
2 44963  52.9762 353.1466 0005810 103.1363 257.0285 15.34253423169588
1 44963U 20001BB  23024.62419400  .00159654  00000-0  45979-2 0  9992
2 44963  52.9768 347.3360 0006155 109.2158 250.9509 15.34649101169778
1 44963U 20001BB  23025.14516535  .00174221  00000-0  49830-2 0  9994
2 44963  52.9763 344.8895 0006181 111.6076 248.5583 15.34798705169852
1 44963U 20001BB  23025.27540122  .00132047  00000-0  37983-2 0  9993
2 44963  52.9763 344.2784 0006129 112.0943 248.0709 15.34817532169881
1 44963U 20001BB  23025.60097713  .00143355  00000-0  41050-2 0  9997
2 44963  52.9762 342.7489 0006214 114.1898 245.9752 15.34904810169927
1 44963U 20001BB  23026.12185882  .00152569  00000-0  43422-2 0  9992
2 44963  52.9766 340.2993 0006364 118.4256 241.7386 15.35052911170011
1 44963U 20001BB  23026.96818037  .00137708  00000-0  38974-2 0  9993
2 44963  52.9756 336.3224 0006461 121.7876 238.3755 15.35297811170131
1 44963U 20001BB  23027.16346458  .00129044  00000-0  36496-2 0  9990
2 44963  52.9755 335.4041 0006520 123.3868 236.7757 15.35361347170176
1 44963U 20001BB  23028.07470138  .00141532  00000-0  39623-2 0  9995
2 44963  52.9748 331.1188 0006715 128.2045 231.9561 15.35618798170311
1 44963U 20001BB  23028.07470138  .00141532  00000-0  39623-2 0  9995
2 44963  52.9748 331.1188 0006715 128.2045 231.9561 15.35618798170300
1 44963U 20001BB  23028.85564371  .00116304  00000-0  32478-2 0  9994
2 44963  52.9747 327.4467 0006897 132.1324 228.0263 15.35819085170423
1 44963U 20001BB  23029.24607786  .00118546  00000-0  32989-2 0  9993
2 44963  52.9746 325.6087 0007043 135.2826 224.8744 15.35915699170498
1 44963U 20001BB  23030.09194827  .00101968  00000-0  28302-2 0  9999
2 44963  52.9746 321.6272 0006998 138.4842 221.6692 15.36081624170626
1 44963U 20001BB  23030.09194827  .00101968  00000-0  28302-2 0  9999
2 44963  52.9746 321.6272 0006998 138.4842 221.6692 15.36081624170615
1 44963U 20001BB  23031.13289321  .00109934  00000-0  30267-2 0  9993
2 44963  52.9748 316.7263 0007077 142.6760 217.4734 15.36292214170784
1 44963U 20001BB  23031.13289321  .00109934  00000-0  30267-2 0  9993
2 44963  52.9748 316.7263 0007077 142.6760 217.4734 15.36292214170773
1 44963U 20001BB  23032.17368228  .00108970  00000-0  29770-2 0  9998
2 44963  52.9758 311.8252 0007208 146.6444 213.5013 15.36537290170938
1 44963U 20001BB  23033.14927385  .00110495  00000-0  29967-2 0  9994
2 44963  52.9766 307.2290 0007441 149.9133 210.2296 15.36755125171092
1 44963U 20001BB  23034.12471511  .00099552  00000-0  26839-2 0  9993
2 44963  52.9757 302.6320 0007471 154.4925 205.6446 15.36995941171242
1 44963U 20001BB  23034.12471511  .00099552  00000-0  26839-2 0  9993
2 44963  52.9757 302.6320 0007471 154.4925 205.6446 15.36995941171231
1 44963U 20001BB  23035.16501215  .00134809  00000-0  35807-2 0  9993
2 44963  52.9753 297.7288 0007515 159.5690 200.5613 15.37281782171409
1 44963U 20001BB  23035.16501215  .00134809  00000-0  35807-2 0  9993
2 44963  52.9753 297.7288 0007515 159.5690 200.5613 15.37281782171397
1 44963U 20001BB  23035.88010577  .00115839  00000-0  30676-2 0  9999
2 44963  52.9747 294.3567 0007506 162.6245 197.5015 15.37466385171513
1 44963U 20001BB  23036.07511826  .00109552  00000-0  29006-2 0  9994
2 44963  52.9738 293.4369 0007526 163.3071 196.8180 15.37503166171547
1 44963U 20001BB  23036.07511826  .00109552  00000-0  29006-2 0  9994
2 44963  52.9738 293.4369 0007526 163.3071 196.8180 15.37503166171536
1 44963U 20001BB  23036.92010617  .00118210  00000-0  31059-2 0  9992
2 44963  52.9735 289.4508 0007551 167.1234 192.9961 15.37696829171672
1 44963U 20001BB  23037.11508803  .00118939  00000-0  31199-2 0  9996
2 44963  52.9733 288.5304 0007542 168.2906 191.8272 15.37744272171705
1 44963U 20001BB  23037.11508803  .00118939  00000-0  31199-2 0  9996
2 44963  52.9733 288.5304 0007542 168.2906 191.8272 15.37744272171693
1 44963U 20001BB  23037.95992390  .00149865  00000-0  38795-2 0  9997
2 44963  52.9732 284.5436 0007579 172.5745 187.5370 15.38005617171834
1 44963U 20001BB  23037.95992390  .00149865  00000-0  38795-2 0  9997
2 44963  52.9732 284.5436 0007579 172.5745 187.5370 15.38005617171823
1 44963U 20001BB  23038.93453222  .00172489  00000-0  43977-2 0  9998
2 44963  52.9733 279.9415 0007506 177.0778 183.0269 15.38372492171988
1 44963U 20001BB  23038.93453222  .00172489  00000-0  43977-2 0  9998
2 44963  52.9733 279.9415 0007506 177.0778 183.0269 15.38372492171977
1 44963U 20001BB  23038.93453241  .00168170  00000-0  42908-2 0  9994
2 44963  52.9739 279.9416 0007523 177.2912 182.8132 15.38368515171983
1 44963U 20001BB  23039.77899822  .00202858  00000-0  50926-2 0  9997
2 44963  52.9737 275.9511 0007322 182.4637 177.6331 15.38715601172102
1 44963U 20001BB  23039.90889894  .00205300  00000-0  51425-2 0  9990
2 44963  52.9738 275.3368 0007350 183.1590 176.9367 15.38772737172131
1 44963U 20001BB  23040.03879547  .00202632  00000-0  50688-2 0  9995
2 44963  52.9737 274.7228 0007342 183.8774 176.2172 15.38825858172152
1 44963U 20001BB  23040.75314110  .00212291  00000-0  52503-2 0  9994
2 44963  52.9732 271.3449 0007280 187.4972 172.5922 15.39133245172252
1 44963U 20001BB  23040.81807448  .00214893  00000-0  53077-2 0  9999
2 44963  52.9732 271.0378 0007297 187.8965 172.1923 15.39161930172275
1 44963U 20001BB  23040.88300688  .00216832  00000-0  53493-2 0  9997
2 44963  52.9732 270.7306 0007310 188.1086 171.9799 15.39189524172284
1 44963U 20001BB  23041.85684262  .00214724  00000-0  52240-2 0  9995
2 44963  52.9725 266.1231 0007350 193.2419 166.8392 15.39623486172432
1 44963U 20001BB  23041.85684262  .00214724  00000-0  52240-2 0  9995
2 44963  52.9725 266.1231 0007350 193.2419 166.8392 15.39623486172421
1 44963U 20001BB  23042.89530910  .00222380  00000-0  53249-2 0  9997
2 44963  52.9720 261.2062 0007306 198.8093 161.2641 15.40075263172594
1 44963U 20001BB  23042.89530910  .00222380  00000-0  53249-2 0  9997
2 44963  52.9720 261.2062 0007306 198.8093 161.2641 15.40075263172583
1 44963U 20001BB  23043.54419630  .00237191  00000-0  56156-2 0  9991
2 44963  52.9716 258.1345 0007519 202.6143 157.4529 15.40355435172699
1 44963U 20001BB  23043.73883794  .00241089  00000-0  56872-2 0  9994
2 44963  52.9716 257.2124 0007589 203.7780 156.2873 15.40448894172725
1 44963U 20001BB  23043.73883794  .00241089  00000-0  56872-2 0  9994
2 44963  52.9716 257.2124 0007589 203.7780 156.2873 15.40448894172714
1 44963U 20001BB  23044.84159320  .00222118  00000-0  51670-2 0  9991
2 44963  52.9720 251.9849 0007439 212.3340 147.7208 15.40951712172889
1 44963U 20001BB  23045.29556411  .00243013  00000-0  55976-2 0  9993
2 44963  52.9724 249.8320 0007289 216.3808 143.6700 15.41163141172962
1 44963U 20001BB  23045.29556411  .00243013  00000-0  55976-2 0  9993
2 44963  52.9724 249.8320 0007289 216.3808 143.6700 15.41163141172951
1 44963U 20001BB  23045.81431694  .00220537  00000-0  50589-2 0  9997
2 44963  52.9725 247.3712 0007195 220.1201 139.9272 15.41381987173049
1 44963U 20001BB  23045.81431694  .00220537  00000-0  50589-2 0  9997
2 44963  52.9725 247.3712 0007195 220.1201 139.9272 15.41381987173038
1 44963U 20001BB  23046.59230111  .00288311  00000-0  64721-2 0  9991
2 44963  52.9714 243.6787 0007025 225.0046 135.0388 15.41754373173162
1 44963U 20001BB  23046.78676536  .00282550  00000-0  63259-2 0  9991
2 44963  52.9708 242.7541 0007073 225.8622 134.1800 15.41857550173197
1 44963U 20001BB  23046.78676536  .00282550  00000-0  63259-2 0  9991
2 44963  52.9708 242.7541 0007073 225.8622 134.1800 15.41857550173186
1 44963U 20001BB  23047.56448900  .00270576  00000-0  59841-2 0  9997
2 44963  52.9705 239.0612 0007084 231.0963 128.9409 15.42273471173316
1 44963U 20001BB  23047.88848209  .00242421  00000-0  53546-2 0  9992
2 44963  52.9705 237.5214 0007100 233.6186 126.4163 15.42426413173362
1 44963U 20001BB  23047.95327664  .00232011  00000-0  51268-2 0  9990
2 44963  52.9704 237.2135 0007110 234.0863 125.9481 15.42456693173368
1 44963U 20001BB  23048.53637761  .00203198  00000-0  44720-2 0  9996
2 44963  52.9702 234.4415 0007049 238.3693 121.6623 15.42697087173461
1 44963U 20001BB  23048.53637761  .00203198  00000-0  44720-2 0  9996
2 44963  52.9702 234.4415 0007049 238.3693 121.6623 15.42697087173450
1 44963U 20001BB  23048.86028585  .00184277  00000-0  40506-2 0  9994
2 44963  52.9704 232.9012 0007087 240.8224 119.2071 15.42813021173513
1 44963U 20001BB  23048.98984160  .00186735  00000-0  40958-2 0  9999
2 44963  52.9703 232.2848 0007085 241.8375 118.1914 15.42866931173521
1 44963U 20001BB  23049.50802572  .00187178  00000-0  40792-2 0  9992
2 44963  52.9703 229.8200 0007008 244.8573 115.1704 15.43057048173619
1 44963U 20001BB  23049.89661681  .00198793  00000-0  43012-2 0  9991
2 44963  52.9706 227.9707 0007140 248.8538 111.1703 15.43222057173669
1 44963U 20001BB  23050.60892553  .00208148  00000-0  44510-2 0  9996
2 44963  52.9707 224.5804 0007162 255.2376 104.7835 15.43532139173778
1 44963U 20001BB  23051.19162036  .00215991  00000-0  45758-2 0  9996
2 44963  52.9708 221.8057 0007159 260.6333  99.3862 15.43776523173875
1 44963U 20001BB  23051.19162036  .00215991  00000-0  45758-2 0  9996
2 44963  52.9708 221.8057 0007159 260.6333  99.3862 15.43776523173864
1 44963U 20001BB  23051.83896027  .00195949  00000-0  41292-2 0  9990
2 44963  52.9701 218.7232 0007005 268.0247  91.9955 15.44017509173968
1 44963U 20001BB  23052.61562949  .00235294  00000-0  48786-2 0  9993
2 44963  52.9707 215.0225 0007098 274.0382  85.9811 15.44334623174093
1 44963U 20001BB  23052.74505805  .00233057  00000-0  48246-2 0  9991
2 44963  52.9706 214.4045 0007094 274.4120  85.6073 15.44390293174109
1 44963U 20001BB  23052.80977037  .00227660  00000-0  47119-2 0  9999
2 44963  52.9708 214.0961 0007070 274.7286  85.2910 15.44418404174127
1 44963U 20001BB  23053.13331635  .00199265  00000-0  41227-2 0  9997
2 44963  52.9707 212.5534 0007104 277.0354  82.9843 15.44544921174162
1 44963U 20001BB  23053.52153449  .00197939  00000-0  40736-2 0  9995
2 44963  52.9707 210.7021 0007168 279.7719  80.2476 15.44706092174237
1 44963U 20001BB  23053.78032542  .00201788  00000-0  41362-2 0  9997
2 44963  52.9710 209.4680 0007247 282.2827  77.7366 15.44807751174271
1 44963U 20001BB  23053.78032542  .00201788  00000-0  41362-2 0  9997
2 44963  52.9710 209.4680 0007247 282.2827  77.7366 15.44807751174260
1 44963U 20001BB  23054.55659510  .00234249  00000-0  47274-2 0  9999
2 44963  52.9713 205.7640 0007463 288.1386  71.8806 15.45132082174390
1 44963U 20001BB  23054.81531528  .00218315  00000-0  44000-2 0  9996
2 44963  52.9715 204.5293 0007485 290.0971  69.9228 15.45234956174433
1 44963U 20001BB  23054.81531528  .00218315  00000-0  44000-2 0  9996
2 44963  52.9715 204.5293 0007485 290.0971  69.9228 15.45234956174422
1 44963U 20001BB  23055.39736442  .00232109  00000-0  46271-2 0  9991
2 44963  52.9717 201.7512 0007501 294.3278  65.6944 15.45499891174523
1 44963U 20001BB  23055.59135823  .00196224  00000-0  39207-2 0  9997
2 44963  52.9717 200.8250 0007566 296.0094  64.0131 15.45577559174549
1 44963U 20001BB  23055.65602085  .00189002  00000-0  37771-2 0  9993
2 44963  52.9717 200.5162 0007592 296.4639  63.5586 15.45601549174563
1 44963U 20001BB  23056.10862447  .00199737  00000-0  39580-2 0  9990
2 44963  52.9711 198.3543 0007784 300.0640  59.9592 15.45803496174629
1 44963U 20001BB  23056.49652172  .00227171  00000-0  44552-2 0  9993
2 44963  52.9704 196.5013 0007936 303.1082  56.9160 15.45994404174680
1 44963U 20001BB  23056.56116726  .00214785  00000-0  42161-2 0  9992
2 44963  52.9704 196.1924 0007962 303.5542  56.4702 15.46017474174705
1 44963U 20001BB  23056.75509595  .00236102  00000-0  46062-2 0  9994
2 44963  52.9705 195.2658 0008078 304.7571  55.2673 15.46110249174735
1 44963U 20001BB  23057.07828093  .00258128  00000-0  49908-2 0  9991
2 44963  52.9697 193.7209 0008393 305.4473  54.5748 15.46283060174770
1 44963U 20001BB  23057.46605330  .00297430  00000-0  56744-2 0  9996
2 44963  52.9698 191.8674 0008498 307.5211  52.5022 15.46517397174849
1 44963U 20001BB  23057.46605330  .00297430  00000-0  56744-2 0  9996
2 44963  52.9698 191.8674 0008498 307.5211  52.5022 15.46517397174838
1 44963U 20001BB  23057.72453903  .00286485  00000-0  54481-2 0  9996
2 44963  52.9697 190.6312 0008548 309.5657  50.4593 15.46652600174887
1 44963U 20001BB  23057.72453903  .00286485  00000-0  54481-2 0  9996
2 44963  52.9697 190.6312 0008548 309.5657  50.4593 15.46652600174876
1 44963U 20001BB  23058.37065349  .00373996  00000-0  69376-2 0  9994
2 44963  52.9699 187.5405 0008793 314.3866  45.6419 15.47035660174981
1 44963U 20001BB  23058.37065349  .00373996  00000-0  69376-2 0  9994
2 44963  52.9699 187.5405 0008793 314.3866  45.6419 15.47035660174970
1 44963U 20001BB  23058.75823127  .00752049  00000-0  13285-1 0  9999
2 44963  52.9695 185.6843 0009071 318.0157  42.0153 15.47445474175048
1 44963U 20001BB  23058.75823127  .00752049  00000-0  13285-1 0  9999
2 44963  52.9695 185.6843 0009071 318.0157  42.0153 15.47445474175037
1 44963U 20001BB  23059.53318534  .00270522  00000-0  49512-2 0  9991
2 44963  52.9689 181.9707 0009177 321.9162  38.1194 15.47816757175165
1 44963U 20001BB  23059.66232146  .00263377  00000-0  48134-2 0  9998
2 44963  52.9692 181.3517 0009208 322.5550  37.4814 15.47886049175178
1 44963U 20001BB  23059.72688742  .00267855  00000-0  48858-2 0  9990
2 44963  52.9692 181.0425 0009278 323.1338  36.9029 15.47923701175192
1 44963U 20001BB  23060.30791610  .00300470  00000-0  53956-2 0  9991
2 44963  52.9689 178.2572 0009557 327.0304  33.0105 15.48246295175274
1 44963U 20001BB  23060.56611345  .00251133  00000-0  45201-2 0  9990
2 44963  52.9689 177.0191 0009684 328.5127  31.5299 15.48367452175319
1 44963U 20001BB  23060.82428786  .00235538  00000-0  42286-2 0  9995
2 44963  52.9686 175.7806 0009774 329.5820  30.4618 15.48500074175362
1 44963U 20001BB  23061.72773183  .00270430  00000-0  47536-2 0  9992
2 44963  52.9695 171.4459 0010117 335.0697  24.9819 15.48966439175504
1 44963U 20001BB  23062.43737124  .00360836  00000-0  61671-2 0  9992
2 44963  52.9696 168.0387 0010411 338.8372  21.2202 15.49424726175601
1 44963U 20001BB  23062.50187207  .00372240  00000-0  63403-2 0  9998
2 44963  52.9696 167.7288 0010439 339.1873  20.8707 15.49479372175621
1 44963U 20001BB  23062.69536415  .00370167  00000-0  62753-2 0  9990
2 44963  52.9699 166.7998 0010526 340.1306  19.9289 15.49620501175650
1 44963U 20001BB  23062.69536415  .00370167  00000-0  62753-2 0  9990
2 44963  52.9699 166.7998 0010526 340.1306  19.9289 15.49620501175649
1 44963U 20001BB  23063.27572545  .00420789  00000-0  69693-2 0  9995
2 44963  52.9703 164.0110 0010800 343.5549  16.5106 15.50092106175730
1 44963U 20001BB  23063.46913976  .00413030  00000-0  68096-2 0  9990
2 44963  52.9702 163.0813 0010883 344.2845  15.7822 15.50249250175770
1 44963U 20001BB  23063.66253402  .00424285  00000-0  69450-2 0  9992
2 44963  52.9700 162.1512 0011000 344.6669  15.4003 15.50410494175806
1 44963U 20001BB  23064.30703779  .00472627  00000-0  75364-2 0  9995
2 44963  52.9693 159.0498 0011718 348.0955  11.9774 15.50966196175909
1 44963U 20001BB  23064.30703779  .00472627  00000-0  75364-2 0  9995
2 44963  52.9693 159.0498 0011718 348.0955  11.9774 15.50966196175897
1 44963U 20001BB  23064.82247138  .00428380  00000-0  67626-2 0  9993
2 44963  52.9687 156.5675 0011923 350.4755   9.6025 15.51406590175983
1 44963U 20001BB  23064.82247138  .00428380  00000-0  67626-2 0  9993
2 44963  52.9687 156.5675 0011923 350.4755   9.6025 15.51406590175972
1 44963U 20001BB  23065.27334517  .00535917  00000-0  82084-2 0  9991
2 44963  52.9683 154.3948 0012071 352.0511   8.0304 15.51865152176045
1 44963U 20001BB  23065.46654121  .00489183  00000-0  74952-2 0  9996
2 44963  52.9683 153.4633 0012146 353.3109   6.7735 15.52022075176072
1 44963U 20001BB  23065.59532705  .00439667  00000-0  67563-2 0  9995
2 44963  52.9679 152.8420 0012196 353.9803   6.1056 15.52116980176109
1 44963U 20001BB  23065.59532705  .00439667  00000-0  67563-2 0  9995
2 44963  52.9679 152.8420 0012196 353.9803   6.1056 15.52116980176097
1 44963U 20001BB  23066.23912006  .00544652  00000-0  80843-2 0  9990
2 44963  52.9679 149.7354 0012502 357.4554   2.6388 15.52705889176193
1 44963U 20001BB  23066.81834118  .00443617  00000-0  65622-2 0  9998
2 44963  52.9672 146.9372 0012959   0.4908 359.6110 15.53153365176295
1 44963U 20001BB  23066.81834118  .00443617  00000-0  65622-2 0  9998
2 44963  52.9672 146.9372 0012959   0.4908 359.6110 15.53153365176284
1 44963U 20001BB  23066.94703400  .00401445  00000-0  59522-2 0  9996
2 44963  52.9672 146.3156 0013063   1.1514 358.9522 15.53237033176303
1 44963U 20001BB  23067.91197137  .00466015  00000-0  66666-2 0  9999
2 44963  52.9666 141.6501 0013302   6.1633 353.9537 15.53994408176465
1 44963U 20001BB  23067.91197137  .00466015  00000-0  66666-2 0  9999
2 44963  52.9666 141.6501 0013302   6.1633 353.9537 15.53994408176454
1 44963U 20001BB  23068.55499070  .00534389  00000-0  74222-2 0  9998
2 44963  52.9663 138.5390 0013383   9.0191 351.1056 15.54566574176560
1 44963U 20001BB  23068.55499070  .00534389  00000-0  74222-2 0  9998
2 44963  52.9663 138.5390 0013383   9.0191 351.1056 15.54566574176559
1 44963U 20001BB  23069.19776120  .00520087  00000-0  70784-2 0  9992
2 44963  52.9664 135.4257 0013420  11.5506 348.5808 15.55170931176653
1 44963U 20001BB  23069.45480021  .00490185  00000-0  66410-2 0  9999
2 44963  52.9670 134.1796 0013501  12.9029 347.2323 15.55397656176696
1 44963U 20001BB  23069.58330647  .00424645  00000-0  57812-2 0  9995
2 44963  52.9670 133.5569 0013554  13.6276 346.5096 15.55490202176710
1 44963U 20001BB  23069.90452893  .00467293  00000-0  62581-2 0  9994
2 44963  52.9672 131.9998 0013684  15.1855 344.9562 15.55788287176773
1 44963U 20001BB  23070.16146438  .00466446  00000-0  61942-2 0  9998
2 44963  52.9673 130.7535 0013716  16.4801 343.6652 15.56019856176809
1 44963U 20001BB  23070.54679163  .00447828  00000-0  58823-2 0  9993
2 44963  52.9671 128.8840 0013945  18.0849 342.0654 15.56376119176878
1 44963U 20001BB  23070.67521467  .00442472  00000-0  57905-2 0  9990
2 44963  52.9672 128.2608 0013967  18.7544 341.3978 15.56493931176893
1 44963U 20001BB  23070.67521467  .00442472  00000-0  57905-2 0  9990
2 44963  52.9672 128.2608 0013967  18.7544 341.3978 15.56493931176882
1 44963U 20001BB  23071.50973630  .00490920  00000-0  62077-2 0  9993
2 44963  52.9666 124.2070 0014028  22.7011 337.4616 15.57252708177025
1 44963U 20001BB  23071.50973630  .00490920  00000-0  62077-2 0  9993
2 44963  52.9666 124.2070 0014028  22.7011 337.4616 15.57252708177014
1 44963U 20001BB  23072.53625696  .00458366  00000-0  56132-2 0  9996
2 44963  52.9661 119.2143 0013987  27.2704 332.9038 15.58219396177189
1 44963U 20001BB  23072.53625696  .00458366  00000-0  56132-2 0  9996
2 44963  52.9661 119.2143 0013987  27.2704 332.9038 15.58219396177178
1 44963U 20001BB  23072.60039471  .00437461  00000-0  53617-2 0  9992
2 44963  52.9659 118.9018 0013963  27.4846 332.6900 15.58267238177189
1 44963U 20001BB  23073.30578525  .00465205  00000-0  55689-2 0  9996
2 44963  52.9655 115.4675 0014032  30.2333 329.9485 15.58799804177295
1 44963U 20001BB  23073.49807226  .00520049  00000-0  61132-2 0  9997
2 44963  52.9648 114.5296 0014076  31.3820 328.8027 15.59099299177334
1 44963U 20001BB  23073.81854940  .00543349  00000-0  62888-2 0  9995
2 44963  52.9640 112.9677 0014324  32.2357 327.9527 15.59428828177386
1 44963U 20001BB  23073.81854940  .00543349  00000-0  62888-2 0  9995
2 44963  52.9640 112.9677 0014324  32.2357 327.9527 15.59428828177375
1 44963U 20001BB  23074.07487840  .00588677  00000-0  66996-2 0  9992
2 44963  52.9635 111.7176 0014358  33.5932 326.5986 15.59723908177416
1 44963U 20001BB  23074.52333766  .00641741  00000-0  71105-2 0  9999
2 44963  52.9632 109.5289 0014223  35.9207 324.2758 15.60256732177493
1 44963U 20001BB  23074.52333766  .00641741  00000-0  71105-2 0  9999
2 44963  52.9632 109.5289 0014223  35.9207 324.2758 15.60256732177482
1 44963U 20001BB  23074.58739206  .00576521  00000-0  64265-2 0  9996
2 44963  52.9636 109.2148 0014301  36.3394 323.8585 15.60309523177509
1 44963U 20001BB  23074.58739206  .00576521  00000-0  64265-2 0  9996
2 44963  52.9636 109.2148 0014301  36.3394 323.8585 15.60309523177497
1 44963U 20001BB  23075.48384986  .00497706  00000-0  54065-2 0  9991
2 44963  52.9639 104.8331 0014310  40.6983 319.5095 15.61238491177637
1 44963U 20001BB  23075.54786304  .00471627  00000-0  51291-2 0  9990
2 44963  52.9638 104.5200 0014318  41.0486 319.1600 15.61292581177659
1 44963U 20001BB  23075.80389157  .00452538  00000-0  48905-2 0  9992
2 44963  52.9639 103.2673 0014309  42.1021 318.1087 15.61518162177695
1 44963U 20001BB  23075.80389157  .00452538  00000-0  48905-2 0  9992
2 44963  52.9639 103.2673 0014309  42.1021 318.1087 15.61518162177684
1 44963U 20001BB  23076.25185769  .00426942  00000-0  45627-2 0  9993
2 44963  52.9640 101.0757 0014375  44.1566 316.0591 15.61888161177758
1 44963U 20001BB  23076.31584374  .00445273  00000-0  47367-2 0  9996
2 44963  52.9640 100.7624 0014346  44.5755 315.6408 15.61948931177775
1 44963U 20001BB  23076.31584374  .00445273  00000-0  47367-2 0  9996
2 44963  52.9640 100.7624 0014346  44.5755 315.6408 15.61948931177764
1 44963U 20001BB  23076.76368507  .00509764  00000-0  52973-2 0  9998
2 44963  52.9636  98.5694 0014234  47.1485 313.0720 15.62348202177849
1 44963U 20001BB  23076.76368507  .00509764  00000-0  52973-2 0  9998
2 44963  52.9636  98.5694 0014234  47.1485 313.0720 15.62348202177838
1 44963U 20001BB  23077.08350663  .00449755  00000-0  46640-2 0  9995
2 44963  52.9636  97.0021 0014086  49.1771 311.0461 15.62594844177881
1 44963U 20001BB  23077.53115989  .00451926  00000-0  46142-2 0  9995
2 44963  52.9645  94.8088 0013935  51.3505 308.8752 15.62989061177966
1 44963U 20001BB  23078.23438223  .00474008  00000-0  47063-2 0  9991
2 44963  52.9648  91.3596 0013773  55.1771 305.0536 15.63635365178069
1 44963U 20001BB  23078.29829628  .00498237  00000-0  49183-2 0  9995
2 44963  52.9651  91.0456 0013817  55.5071 304.7244 15.63706096178085
1 44963U 20001BB  23078.29829628  .00498237  00000-0  49183-2 0  9995
2 44963  52.9651  91.0456 0013817  55.5071 304.7244 15.63706096178074
1 44963U 20001BB  23078.74562008  .00489860  00000-0  47570-2 0  9991
2 44963  52.9650  88.8493 0013663  57.9086 302.3251 15.64151093178152
1 44963U 20001BB  23078.74562008  .00489860  00000-0  47570-2 0  9991
2 44963  52.9650  88.8493 0013663  57.9086 302.3251 15.64151093178141
1 44963U 20001BB  23079.25667693  .00615150  00000-0  57432-2 0  9995
2 44963  52.9644  86.3383 0013510  61.1381 299.0986 15.64760081178220
1 44963U 20001BB  23079.38441180  .00589904  00000-0  54944-2 0  9992
2 44963  52.9642  85.7113 0013610  61.7554 298.4832 15.64896897178252
1 44963U 20001BB  23079.38441180  .00589904  00000-0  54944-2 0  9992
2 44963  52.9642  85.7113 0013610  61.7554 298.4832 15.64896897178241
1 44963U 20001BB  23080.27818800  .00769703  00000-0  66930-2 0  9994
2 44963  52.9633  81.3133 0013434  68.2993 291.9449 15.66075149178386
1 44963U 20001BB  23080.40581617  .00690846  00000-0  60307-2 0  9995
2 44963  52.9634  80.6850 0013444  69.2599 290.9854 15.66217408178418
1 44963U 20001BB  23080.40581617  .00690846  00000-0  60307-2 0  9995
2 44963  52.9634  80.6850 0013444  69.2599 290.9854 15.66217408178407
1 44963U 20001BB  23081.23505776  .00786457  00000-0  64866-2 0  9997
2 44963  52.9623  76.5978 0013100  75.3868 284.8598 15.67344435178539
1 44963U 20001BB  23081.68132186  .00785920  00000-0  63218-2 0  9991
2 44963  52.9612  74.3930 0012927  79.7141 280.5330 15.67966703178613
1 44963U 20001BB  23081.68132186  .00785920  00000-0  63218-2 0  9991
2 44963  52.9612  74.3930 0012927  79.7141 280.5330 15.67966703178602
1 44963U 20001BB  23082.19112014  .00693036  00000-0  54832-2 0  9994
2 44963  52.9608  71.8738 0012671  84.4428 275.8031 15.68651152178685
1 44963U 20001BB  23082.38223841  .00665507  00000-0  52311-2 0  9998
2 44963  52.9608  70.9286 0012577  86.1973 274.0480 15.68893223178723
1 44963U 20001BB  23082.38223841  .00665507  00000-0  52311-2 0  9998
2 44963  52.9608  70.9286 0012577  86.1973 274.0480 15.68893223178712
1 44963U 20001BB  23082.95537110  .01074648  00000-0  78596-2 0  9992
2 44963  52.9609  68.0916 0012303  90.9723 269.2702 15.69923806178810
1 44963U 20001BB  23083.20996036  .01619423  00000-0  11390-1 0  9991
2 44963  52.9609  66.8299 0012043  91.9978 268.2416 15.70636586178846
1 44963U 20001BB  23083.33721554  .01777068  00000-0  12178-1 0  9991
2 44963  52.9608  66.1985 0011995  92.6885 267.5504 15.70985451178871
1 44963U 20001BB  23083.65525958  .01131945  00000-0  78436-2 0  9994
2 44963  52.9601  64.6181 0011717  94.3416 265.8939 15.71503982178921
1 44963U 20001BB  23083.65525958  .01131945  00000-0  78436-2 0  9994
2 44963  52.9601  64.6181 0011717  94.3416 265.8939 15.71503982178910
1 44963U 20001BB  23083.97317066  .00751381  00000-0  51359-2 0  9994
2 44963  52.9591  63.0316 0011989  94.8964 265.2873 15.72015748178960
1 44963U 20001BB  23084.03675346  .01126016  00000-0  74435-2 0  9992
2 44963  52.9602  62.7155 0011338  87.4590 272.7910 15.72233531178979
1 44963U 20001BB  23084.41805236  .01099168  00000-0  70757-2 0  9997
2 44963  52.9609  60.8186 0011102  90.6368 269.4879 15.72928675179032
1 44963U 20001BB  23084.74678051  .01027630  00000-0  65050-2 0  9991
2 44963  52.9661  59.1835 0011707 101.3015 321.6637 15.73488253179084
1 44963U 20001BB  23084.74678051  .01082177  00000-0  68031-2 0  9990
2 44963  52.9634  59.1890 0011737  98.4392 324.5342 15.73521146179086
1 44963U 20001BB  23084.79922642  .01075836  00000-0  67420-2 0  9998
2 44963  52.9633  58.9271 0011752  98.5572 261.6761 15.73609664179092
1 44963U 20001BB  23084.92623761  .01079934  00000-0  66968-2 0  9992
2 44963  52.9634  58.2919 0011817  99.3278 260.8924 15.73845677179110
1 44963U 20001BB  23085.06907163  .01073389  00000-0  65885-2 0  9994
2 44963  52.9640  57.5796 0011509 100.1859 349.8397 15.74103059179132
1 44963U 20001BB  23085.24368979  .01084645  00000-0  65563-2 0  9990
2 44963  52.9640  56.7087 0011484 100.3611 259.8675 15.74434383179165
1 44963U 20001BB  23085.37063427  .01085158  00000-0  64930-2 0  9991
2 44963  52.9640  56.0738 0011578 104.3495 255.8749 15.74668739179183
1 44963U 20001BB  23085.49756153  .01084514  00000-0  64234-2 0  9991
2 44963  52.9649  55.4403 0011839 106.9050 253.3219 15.74903587179200
1 44963U 20001BB  23085.87822785  .01086885  00000-0  62411-2 0  9996
2 44963  52.9653  53.5427 0012224 111.3429 248.8607 15.75609352179269
1 44963U 20001BB  23085.87822785  .01086885  00000-0  62411-2 0  9996
2 44963  52.9653  53.5427 0012224 111.3429 248.8607 15.75609352179269
1 44963U 20001BB  23086.19532475  .01171843  00000-0  64780-2 0  9996
2 44963  52.9622  51.9572 0011492 109.1809 251.0918 15.76294453179311
1 44963U 20001BB  23086.44890518  .01120461  00000-0  61118-2 0  9991
2 44963  52.9662  50.6920 0011989 118.1698 242.0500 15.76710994179359
1 44963U 20001BB  23086.44890518  .01120461  00000-0  61118-2 0  9991
2 44963  52.9662  50.6920 0011989 118.1698 242.0500 15.76710994179359
1 44963U 20001BB  23087.20915301  .01246781  00000-0  62479-2 0  9999
2 44963  52.9661  46.8829 0012439 131.5243 228.7330 15.78341205179471
1 44963U 20001BB  23087.46239537  .01266807  00000-0  61928-2 0  9996
2 44963  52.9651  45.6117 0010734 128.6427 231.5503 15.78868165179512
1 44963U 20001BB  23087.46239537  .01266807  00000-0  61928-2 0  9996
2 44963  52.9651  45.6117 0010734 128.6427 231.5503 15.78868165179512
1 44963U 20001BB  23087.90535756  .01296868  00000-0  61622-2 0  9998
2 44963  52.9658  43.3957 0010970 129.3647 230.8010 15.79856742179581
1 44963U 20001BB  23088.03186969  .01312960  00000-0  61486-2 0  9991
2 44963  52.9674  42.7556 0011274 129.1308 231.0462 15.80144753179608
1 44963U 20001BB  23088.15836137  .01325226  00000-0  61215-2 0  9992
2 44963  52.9673  42.1189 0010785 131.6661 228.5361 15.80428751179623
1 44963U 20001BB  23088.34803975  .01359553  00000-0  61318-2 0  9991
2 44963  52.9674  41.1634 0010760 133.4018 226.7940 15.80889915179656
1 44963U 20001BB  23088.34803975  .01359553  00000-0  61318-2 0  9991
2 44963  52.9674  41.1634 0010760 133.4018 226.7940 15.80889915179656
1 44963U 20001BB  23089.05821719  .01758526  00000-0  70905-2 0  9991
2 44963  52.9652  37.5822 0010813 149.0903 298.2648 15.83072019179768
1 44963U 20001BB  23090.06855559  .02429466  00000-0  80058-2 0  9992
2 44963  52.9613  32.4837 0011116 164.3045 291.1257 15.86863407179927
1 44963U 20001BB  23090.07256598  .02422971  00000-0  79777-2 0  9991
2 44963  52.9619  32.4575 0011393 164.3878 313.9799 15.86885988179925
1 44963U 20001BB  23090.13388598  .02458921  00000-0  79777-2 0  9998
2 44963  52.9619  32.1459 0011333 164.7367 304.1780 15.87146730179933
1 44963U 20001BB  23090.17782544  .02318883  00000-0  74044-2 0  9995
2 44963  52.9624  31.9206 0010628 156.9917 203.0254 15.87160279179944
1 44963U 20001BB  23090.95324654  .02609252  46874-2  84323-2 0  9990
2 44963  52.9589  27.9666 0011629 174.1885 305.2484 15.91269146180060
1 44963U 20001BB  23091.12079243  .02738284  55842-2  85029-2 0  9998
2 44963  52.9621  27.1192 0010447 179.4403 180.6658 15.92294823180096
1 44963U 20001BB  23091.37173112  .02911644  71525-2  85248-2 0  9997
2 44963  52.9632  25.8218 0010672 184.7974 175.2587 15.93812113180139
1 44963U 20001BB  23091.37173112  .02911644  71525-2  85248-2 0  9997
2 44963  52.9632  25.8218 0010672 184.7974 175.2587 15.93812113180139
1 44963U 20001BB  23091.95138733  .03203171  12158-1  82497-2 0  9990
2 44963  52.9561  22.8476 0010459 191.1964 260.0999 15.97472092180229
1 44963U 20001BB  23092.12707630  .03332251  17288-1  85019-2 0  9992
2 44963  52.9613  21.9381 0010930 190.4584 192.2985 15.98924387180250
1 44963U 20001BB  23092.99583070  .04820097  69745-1  84301-2 0  9996
2 44963  52.9548  17.4275 0011645 204.3626 155.3466 16.08117134180390
1 44963U 20001BB  23093.38641381  .07156036  15199+0  77687-2 0  9999
2 44963  52.9507  15.3715 0010449 221.7682 244.7455 16.14610696180453
1 44963U 20001BB  23093.75401987  .17465224  11915-4  57522-2 0  9992
2 44963  52.9501  13.4016 0009297 253.2049 197.5862 16.25071024180518
1 44963U 20001BB  23093.93078881  .42761989  12285-4  40975-2 0  9995
2 44963  52.9473  12.4416 0005789 258.3409 150.7712 16.37645075180541
