1 44966U 20001BE  22365.08818381  .00002900  00000-0  21351-3 0  9993
2 44966  53.0537 134.7309 0001600  58.9273 301.1873 15.06402231164875
1 44966U 20001BE  22365.61895665  .00002078  00000-0  15835-3 0  9998
2 44966  53.0540 132.3478 0001540  60.1322 299.9820 15.06404018164953
1 44966U 20001BE  22365.68530358  .00001422  00000-0  11434-3 0  9993
2 44966  53.0547 132.0483 0001625  59.2971 300.8178 15.06405033164963
1 44966U 20001BE  23001.08339167 -.00000431  00000-0 -10011-4 0  9992
2 44966  53.0543 130.2621 0001610  59.1480 300.9667 15.06397246165029
1 44966U 20001BE  23001.61417294 -.00002693  00000-0 -16194-3 0  9998
2 44966  53.0538 127.8805 0001712  59.5232 300.5926 15.06394710165107
1 44966U 20001BE  23001.68051842 -.00002512  00000-0 -14978-3 0  9996
2 44966  53.0539 127.5823 0001749  60.6357 299.4807 15.06396313165112
1 44966U 20001BE  23002.60937038 -.00000918  00000-0 -42728-4 0  9992
2 44966  53.0540 123.4122 0001723  57.6541 302.4615 15.06396142165251
1 44966U 20001BE  23002.74206459 -.00000354  00000-0 -48856-5 0  9996
2 44966  53.0541 122.8165 0001633  59.2794 300.8356 15.06393949165278
1 44966U 20001BE  23003.60457710  .00002012  00000-0  15398-3 0  9994
2 44966  53.0542 118.9448 0001731  53.3675 306.7473 15.06389319165407
1 44966U 20001BE  23004.59977392  .00002592  00000-0  19280-3 0  9993
2 44966  53.0544 114.4775 0001702  47.7258 312.3875 15.06405517165559
1 44966U 20001BE  23004.59977392  .00002592  00000-0  19280-3 0  9993
2 44966  53.0544 114.4775 0001702  47.7258 312.3875 15.06405517165559
1 44966U 20001BE  23005.39592769  .00003468  00000-0  25148-3 0  9996
2 44966  53.0545 110.9034 0001791  45.5296 314.5840 15.06414232165678
1 44966U 20001BE  23005.66131573  .00003352  00000-0  24375-3 0  9991
2 44966  53.0539 109.7117 0001837  42.4501 317.6630 15.06414834165719
1 44966U 20001BE  23006.32479622 -.00001919  00000-0 -10989-3 0  9990
2 44966  53.0546 106.7329 0002892  60.6907 299.4371 15.06397487165817
1 44966U 20001BE  23006.65653995 -.00005541  00000-0 -35357-3 0  9994
2 44966  53.0542 105.2440 0002136  50.4671 309.6507 15.06379308165869
1 44966U 20001BE  23006.65653995 -.00005541  00000-0 -35357-3 0  9994
2 44966  53.0542 105.2440 0002136  50.4671 309.6507 15.06379308165869
1 44966U 20001BE  23007.25366158 -.00001444  00000-0 -78053-4 0  9992
2 44966  53.0557 102.5626 0001878  46.8145 313.3000 15.06395978165959
1 44966U 20001BE  23007.25366158 -.00001444  00000-0 -78053-4 0  9992
2 44966  53.0557 102.5626 0001878  46.8145 313.3000 15.06395978165959
1 44966U 20001BE  23008.44791046  .00004242  00000-0  30362-3 0  9999
2 44966  53.0541  97.2022 0001779  44.8874 315.2258 15.06390118166137
1 44966U 20001BE  23008.44791046  .00004242  00000-0  30362-3 0  9999
2 44966  53.0541  97.2022 0001779  44.8874 315.2258 15.06390118166137
1 44966U 20001BE  23009.50945376  .00003087  00000-0  22601-3 0  9997
2 44966  53.0543  92.4368 0002008  43.0266 317.0880 15.06404481166298
1 44966U 20001BE  23009.50945376  .00003087  00000-0  22601-3 0  9997
2 44966  53.0543  92.4368 0002008  43.0266 317.0880 15.06404481166298
1 44966U 20001BE  23009.90753276  .00001135  00000-0  95079-4 0  9999
2 44966  53.0541  90.6502 0002054  42.5515 317.5633 15.06405317166355
1 44966U 20001BE  23010.23927352 -.00000537  00000-0 -17181-4 0  9990
2 44966  53.0538  89.1609 0001884  38.4616 321.6507 15.06392191166405
1 44966U 20001BE  23010.57100467  .00000063  00000-0  23150-4 0  9992
2 44966  53.0539  87.6712 0002012  36.9822 323.1306 15.06397685166452
1 44966U 20001BE  23010.63735282 -.00000185  00000-0  64782-5 0  9991
2 44966  53.0538  87.3741 0002034  37.7541 322.3590 15.06396616166461
1 44966U 20001BE  23011.03542773  .00003109  00000-0  22747-3 0  9998
2 44966  53.0538  85.5873 0001930  37.9048 322.2077 15.06410026166523
1 44966U 20001BE  23011.49985445  .00002989  00000-0  21946-3 0  9990
2 44966  53.0538  83.5026 0002015  35.1978 324.9144 15.06408731166599
1 44966U 20001BE  23011.89794218 -.00000211  00000-0  47497-5 0  9998
2 44966  53.0541  81.7171 0002046  44.6880 315.4274 15.06394827166651
1 44966U 20001BE  23011.89794218 -.00000211  00000-0  47497-5 0  9998
2 44966  53.0541  81.7171 0002046  44.6880 315.4274 15.06394827166651
1 44966U 20001BE  23012.89314555 -.00001366  00000-0 -72820-4 0  9991
2 44966  53.0537  77.2475 0001836  40.0115 320.1009 15.06392308166808
1 44966U 20001BE  23013.42392932 -.00002031  00000-0 -11754-3 0  9994
2 44966  53.0536  74.8640 0002036  48.6953 311.4211 15.06383018166885
1 44966U 20001BE  23013.42392932 -.00002031  00000-0 -11754-3 0  9994
2 44966  53.0536  74.8640 0002036  48.6953 311.4211 15.06383018166885
1 44966U 20001BE  23013.88836000  .00002547  00000-0  18990-3 0  9992
2 44966  53.0532  72.7794 0002309  50.2608 309.8584 15.06391618166954
1 44966U 20001BE  23014.55182857  .00007499  00000-0  52176-3 0  9996
2 44966  53.0512  69.7996 0001985  56.5925 303.5254 15.06401699167050
1 44966U 20001BE  23015.14895852  .00001983  00000-0  15205-3 0  9992
2 44966  53.0533  67.1210 0002064  60.0311 300.0883 15.06389357167148
1 44966U 20001BE  23015.54703540  .00007060  00000-0  49229-3 0  9993
2 44966  53.0520  65.3326 0002043  64.4179 295.7021 15.06405970167200
1 44966U 20001BE  23015.54703540  .00007060  00000-0  49229-3 0  9993
2 44966  53.0520  65.3326 0002043  64.4179 295.7021 15.06405970167200
1 44966U 20001BE  23016.54222882  .00026990  00000-0  18219-2 0  9996
2 44966  53.0534  60.8649 0001980  64.8109 295.3085 15.06440795167355
1 44966U 20001BE  23016.80762482  .00010464  00000-0  72035-3 0  9996
2 44966  53.0531  59.6707 0002648  65.6802 294.4463 15.06400069167398
1 44966U 20001BE  23016.80762482  .00010464  00000-0  72035-3 0  9996
2 44966  53.0531  59.6707 0002648  65.6802 294.4463 15.06400069167398
1 44966U 20001BE  23017.13936245 -.00004982  00000-0 -31595-3 0  9999
2 44966  53.0526  58.1840 0001872  80.4882 279.6319 15.06378371167446
1 44966U 20001BE  23017.40475682  .00017798  00000-0  12116-2 0  9996
2 44966  53.0527  56.9935 0001831  86.0924 274.0274 15.06373036167488
1 44966U 20001BE  23018.33361267  .00034751  00000-0  23386-2 0  9991
2 44966  53.0524  52.8236 0001891  86.8412 273.2794 15.06427568167624
1 44966U 20001BE  23018.39995829  .00034859  00000-0  23456-2 0  9991
2 44966  53.0524  52.5258 0001889  86.5391 273.5814 15.06431189167636
1 44966U 20001BE  23018.79803538  .00023090  00000-0  15627-2 0  9996
2 44966  53.0529  50.7382 0001981  84.3916 275.7299 15.06429440167695
1 44966U 20001BE  23018.79803538  .00023090  00000-0  15627-2 0  9996
2 44966  53.0529  50.7382 0001981  84.3916 275.7299 15.06429440167695
1 44966U 20001BE  23019.12976768  .00008715  00000-0  60301-3 0  9997
2 44966  53.0515  49.2488 0001991  85.8814 274.2403 15.06415710167746
1 44966U 20001BE  23019.39515017  .00030645  00000-0  20657-2 0  9998
2 44966  53.0519  48.0577 0001702  87.3003 272.8181 15.06427641167780
1 44966U 20001BE  23019.79323242  .00022596  00000-0  15302-2 0  9996
2 44966  53.0518  46.2700 0001823  91.8352 268.2846 15.06418440167849
1 44966U 20001BE  23020.05862294  .00011295  00000-0  77606-3 0  9992
2 44966  53.0520  45.0786 0001781  99.4559 260.6632 15.06393807167881
1 44966U 20001BE  23020.32401245  .00024199  00000-0  16382-2 0  9997
2 44966  53.0519  43.8876 0001787 100.2497 259.8694 15.06393104167926
1 44966U 20001BE  23021.25285501  .00033099  00000-0  22276-2 0  9993
2 44966  53.0522  39.7170 0001892 101.2215 258.8986 15.06448264168064
1 44966U 20001BE  23022.31434516  .00031449  00000-0  21143-2 0  9992
2 44966  53.0524  34.9510 0001918 100.8804 259.2400 15.06513769168226
1 44966U 20001BE  23023.70748168  .00027418  00000-0  18427-2 0  9999
2 44966  53.0526  28.6945 0001982 105.4926 254.6282 15.06594836168431
1 44966U 20001BE  23025.03420891  .00028638  00000-0  19196-2 0  9996
2 44966  53.0525  22.7358 0002039 109.4817 250.6392 15.06670934168634
1 44966U 20001BE  23025.36588060  .00025929  00000-0  17397-2 0  9996
2 44966  53.0525  21.2466 0002059 108.8153 251.3059 15.06686714168682
1 44966U 20001BE  23025.69754894  .00027728  00000-0  18577-2 0  9992
2 44966  53.0526  19.7565 0002076 109.6500 250.4713 15.06705139168735
1 44966U 20001BE  23026.29454159  .00028558  00000-0  19108-2 0  9993
2 44966  53.0529  17.0754 0002128 109.4977 250.6242 15.06738272168826
1 44966U 20001BE  23026.29454159  .00028558  00000-0  19108-2 0  9993
2 44966  53.0529  17.0754 0002128 109.4977 250.6242 15.06738272168826
1 44966U 20001BE  23027.35582990  .00024880  00000-0  16655-2 0  9994
2 44966  53.0531  12.3079 0002177 110.9907 249.1315 15.06793792168980
1 44966U 20001BE  23027.35582990  .00024880  00000-0  16655-2 0  9994
2 44966  53.0531  12.3079 0002177 110.9907 249.1315 15.06793792168980
1 44966U 20001BE  23028.35075176  .00024858  00000-0  16617-2 0  9991
2 44966  53.0530   7.8392 0002148 111.1966 248.9253 15.06845904169131
1 44966U 20001BE  23029.27931580  .00021872  00000-0  14632-2 0  9991
2 44966  53.0531   3.6675 0002171 113.7585 246.3632 15.06890061169273
1 44966U 20001BE  23029.34564082  .00021642  00000-0  14480-2 0  9994
2 44966  53.0531   3.3696 0002169 113.9853 246.1363 15.06892918169283
1 44966U 20001BE  23030.27417778  .00018946  00000-0  12691-2 0  9992
2 44966  53.0533 359.1977 0002203 116.9447 243.1768 15.06931002169420
1 44966U 20001BE  23030.93740460  .00017226  00000-0  11551-2 0  9996
2 44966  53.0535 356.2173 0002241 119.5117 240.6096 15.06956333169524
1 44966U 20001BE  23030.93740460  .00017226  00000-0  11551-2 0  9996
2 44966  53.0535 356.2173 0002241 119.5117 240.6096 15.06956333169524
1 44966U 20001BE  23031.33533482  .00020820  00000-0  13908-2 0  9997
2 44966  53.0531 354.4296 0002207 119.5664 240.5546 15.06974758169581
