1 44967U 20001BF  22365.64106457  .00001710  00000-0  13367-3 0  9996
2 44967  53.0540 132.2304 0001786  55.2275 304.8882 15.06407990164962
1 44967U 20001BF  22365.77376014  .00000878  00000-0  77807-4 0  9992
2 44967  53.0547 131.6354 0001604  47.1589 312.9534 15.06405674164987
1 44967U 20001BF  23001.30454595 -.00000680  00000-0 -26765-4 0  9990
2 44967  53.0539 129.2521 0001712  50.9954 309.1187 15.06393739165065
1 44967U 20001BF  23001.63629012 -.00000648  00000-0 -24598-4 0  9990
2 44967  53.0552 127.7612 0001571  51.6471 308.4659 15.06381182165110
1 44967U 20001BF  23001.63629012 -.00000648  00000-0 -24598-4 0  9990
2 44967  53.0552 127.7612 0001571  51.6471 308.4659 15.06381182165110
1 44967U 20001BF  23002.29975628 -.00000916  00000-0 -42629-4 0  9993
2 44967  53.0549 124.7837 0001671  46.5009 313.6119 15.06391811165213
1 44967U 20001BF  23002.63148734 -.00000094  00000-0  12625-4 0  9990
2 44967  53.0548 123.2951 0001682  47.0623 313.0507 15.06396173165269
1 44967U 20001BF  23003.42765478  .00003591  00000-0  25994-3 0  9994
2 44967  53.0547 119.7207 0001726  47.2124 312.9010 15.06387600165384
1 44967U 20001BF  23003.42765478  .00003591  00000-0  25994-3 0  9994
2 44967  53.0547 119.7207 0001726  47.2124 312.9010 15.06387600165384
1 44967U 20001BF  23004.55554909  .00002243  00000-0  16941-3 0  9999
2 44967  53.0540 114.6581 0001593  44.3223 315.7893 15.06401676165555
1 44967U 20001BF  23004.55554909  .00002243  00000-0  16941-3 0  9999
2 44967  53.0540 114.6581 0001593  44.3223 315.7893 15.06401676165555
1 44967U 20001BF  23004.62189216  .00003697  00000-0  26691-3 0  9999
2 44967  53.0540 114.3601 0001874  50.9502 309.1654 15.06409264165564
1 44967U 20001BF  23004.62189216  .00003697  00000-0  26691-3 0  9999
2 44967  53.0540 114.3601 0001874  50.9502 309.1654 15.06409264165564
1 44967U 20001BF  23005.55073873  .00003619  00000-0  26165-3 0  9993
2 44967  53.0545 110.1897 0001850  44.6152 315.4985 15.06414985165704
1 44967U 20001BF  23005.68343035  .00003192  00000-0  23302-3 0  9993
2 44967  53.0544 109.5938 0001858  46.1355 313.9787 15.06416623165727
1 44967U 20001BF  23006.28055925 -.00003535  00000-0 -21852-3 0  9999
2 44967  53.0547 106.9146 0001729  38.8564 321.2549 15.06400209165810
1 44967U 20001BF  23006.67864133 -.00003116  00000-0 -19035-3 0  9996
2 44967  53.0548 105.1279 0001744  36.9099 323.2010 15.06397503165871
1 44967U 20001BF  23007.27577624 -.00003704  00000-0 -22999-3 0  9995
2 44967  53.0545 102.4461 0001756  41.7293 318.3830 15.06382498165966
1 44967U 20001BF  23007.27577624 -.00003704  00000-0 -22999-3 0  9995
2 44967  53.0545 102.4461 0001756  41.7293 318.3830 15.06382498165966
1 44967U 20001BF  23007.67385456  .00004942  00000-0  35046-3 0  9999
2 44967  53.0543 100.6606 0001960  35.4253 324.6866 15.06398620166029
1 44967U 20001BF  23007.67385456  .00004942  00000-0  35046-3 0  9999
2 44967  53.0543 100.6606 0001960  35.4253 324.6866 15.06398620166029
1 44967U 20001BF  23008.20463427  .00003831  00000-0  27603-3 0  9990
2 44967  53.0537  98.2768 0001878  32.5627 327.5478 15.06391298166108
1 44967U 20001BF  23008.53636935  .00006059  00000-0  42535-3 0  9998
2 44967  53.0537  96.7878 0001986  31.2563 328.8544 15.06397809166155
1 44967U 20001BF  23008.66906171  .00006108  00000-0  42861-3 0  9991
2 44967  53.0541  96.1921 0001988  33.5447 326.5667 15.06401399166174
1 44967U 20001BF  23009.59791356  .00001809  00000-0  14033-3 0  9994
2 44967  53.0544  92.0227 0002119  37.1341 322.9794 15.06404453166312
1 44967U 20001BF  23009.66426074  .00001427  00000-0  11465-3 0  9996
2 44967  53.0545  91.7249 0002125  37.0463 323.0672 15.06403312166325
1 44967U 20001BF  23009.66426074  .00001427  00000-0  11465-3 0  9996
2 44967  53.0545  91.7249 0002125  37.0463 323.0672 15.06403312166325
1 44967U 20001BF  23010.26138596 -.00000994  00000-0 -47848-4 0  9998
2 44967  53.0553  89.0449 0002235  41.7683 318.3476 15.06396373166411
1 44967U 20001BF  23010.59311934 -.00000231  00000-0  33994-5 0  9994
2 44967  53.0538  87.5553 0002377  38.5155 321.6003 15.06397592166460
1 44967U 20001BF  23011.58831662  .00002691  00000-0  19943-3 0  9996
2 44967  53.0547  83.0883 0002435  36.6736 323.4419 15.06407933166615
1 44967U 20001BF  23011.58831662  .00002691  00000-0  19943-3 0  9996
2 44967  53.0547  83.0883 0002435  36.6736 323.4419 15.06407933166615
1 44967U 20001BF  23012.45082253  .00002000  00000-0  15312-3 0  9997
2 44967  53.0554  79.2161 0002400  38.3995 321.7165 15.06402968166743
1 44967U 20001BF  23012.45082253  .00002000  00000-0  15312-3 0  9997
2 44967  53.0554  79.2161 0002400  38.3995 321.7165 15.06402968166743
1 44967U 20001BF  23013.44601029  .00001765  00000-0  13733-3 0  9997
2 44967  53.0556  74.7481 0002513  26.9479 333.1640 15.06420128166894
1 44967U 20001BF  23013.44601029  .00001765  00000-0  13733-3 0  9997
2 44967  53.0556  74.7481 0002513  26.9479 333.1640 15.06420128166894
1 44967U 20001BF  23013.57869835  .00003145  00000-0  22982-3 0  9992
2 44967  53.0547  74.1510 0002478  38.6364 321.4801 15.06424230166914
1 44967U 20001BF  23014.57394178 -.00003616  00000-0 -22413-3 0  9990
2 44967  53.0543  69.6830 0002330  42.3586 317.7583 15.06373923167063
1 44967U 20001BF  23015.50280901  .00000150  00000-0  28983-4 0  9999
2 44967  53.0534  65.5129 0002247  36.5785 323.5357 15.06373836167205
1 44967U 20001BF  23015.50280901  .00000150  00000-0  28983-4 0  9999
2 44967  53.0534  65.5129 0002247  36.5785 323.5357 15.06373836167205
1 44967U 20001BF  23015.83454668  .00016732  00000-0  11396-2 0  9999
2 44967  53.0551  64.0250 0002288  48.1836 311.9348 15.06395508167250
1 44967U 20001BF  23015.83454668  .00016732  00000-0  11396-2 0  9999
2 44967  53.0551  64.0250 0002288  48.1836 311.9348 15.06395508167250
1 44967U 20001BF  23016.56434625  .00029137  00000-0  19639-2 0  9992
2 44967  53.0542  60.7500 0002330  51.0671 309.0525 15.06456264167363
1 44967U 20001BF  23016.82974124 -.00002756  00000-0 -16616-3 0  9997
2 44967  53.0541  59.5570 0002338  62.6367 297.4860 15.06404807167406
1 44967U 20001BF  23016.82974124 -.00002756  00000-0 -16616-3 0  9997
2 44967  53.0541  59.5570 0002338  62.6367 297.4860 15.06404807167406
1 44967U 20001BF  23017.16148267  .00006139  00000-0  43091-3 0  9990
2 44967  53.0541  58.0682 0002504  66.9919 293.1334 15.06381401167457
1 44967U 20001BF  23017.36052705  .00013043  00000-0  89338-3 0  9999
2 44967  53.0562  57.1763 0002656  67.5735 292.5535 15.06378875167481
1 44967U 20001BF  23018.28938439  .00038277  00000-0  25727-2 0  9995
2 44967  53.0542  53.0051 0002180  68.7679 291.3543 15.06427773167620
1 44967U 20001BF  23018.48842050  .00036539  00000-0  24566-2 0  9999
2 44967  53.0541  52.1112 0002227  69.0997 291.0230 15.06438687167655
1 44967U 20001BF  23018.82014351  .00036166  00000-0  24304-2 0  9998
2 44967  53.0542  50.6219 0002265  69.6433 290.4799 15.06460645167708
1 44967U 20001BF  23019.08553798  .00024008  00000-0  16239-2 0  9990
2 44967  53.0549  49.4328 0001840  66.6841 293.4342 15.06428065167741
1 44967U 20001BF  23019.48361264  .00026107  00000-0  17635-2 0  9992
2 44967  53.0552  47.6440 0001907  71.5795 288.5401 15.06433365167804
1 44967U 20001BF  23019.48361264  .00026107  00000-0  17635-2 0  9992
2 44967  53.0552  47.6440 0001907  71.5795 288.5401 15.06433365167804
1 44967U 20001BF  23020.08073966  .00019616  00000-0  13320-2 0  9993
2 44967  53.0545  44.9629 0001799  85.7446 274.3749 15.06402754167899
1 44967U 20001BF  23020.47882186  .00010318  00000-0  71054-3 0  9997
2 44967  53.0547  43.1754 0002006  86.5990 273.5228 15.06400834167953
1 44967U 20001BF  23020.47882186  .00010318  00000-0  71054-3 0  9997
2 44967  53.0547  43.1754 0002006  86.5990 273.5228 15.06400834167953
1 44967U 20001BF  23021.27498843  .00015230  00000-0  10391-2 0  9993
2 44967  53.0548  39.6011 0002343  94.5811 265.5445 15.06399573168078
1 44967U 20001BF  23021.34133455  .00019103  00000-0  12976-2 0  9990
2 44967  53.0549  39.3041 0002196  88.3900 271.7340 15.06408080168083
1 44967U 20001BF  23022.40288461  .00009425  00000-0  65064-3 0  9999
2 44967  53.0546  34.5385 0001931  91.3149 268.8061 15.06407838168248
1 44967U 20001BF  23022.73461953  .00002219  00000-0  16786-3 0  9995
2 44967  53.0541  33.0478 0001904 103.6764 256.4437 15.06394807168296
1 44967U 20001BF  23024.26060139  .00003197  00000-0  23345-3 0  9991
2 44967  53.0547  26.1972 0001993 106.4539 253.6669 15.06401583168525
1 44967U 20001BF  23024.72503071  .00001766  00000-0  13744-3 0  9991
2 44967  53.0558  24.1096 0002343 100.2376 259.8877 15.06394047168595
1 44967U 20001BF  23025.38849621  .00005801  00000-0  40790-3 0  9993
2 44967  53.0546  21.1334 0001936 103.4122 256.7083 15.06409455168691
1 44967U 20001BF  23025.38849621  .00005801  00000-0  40790-3 0  9993
2 44967  53.0546  21.1334 0001936 103.4122 256.7083 15.06409455168691
1 44967U 20001BF  23026.11831772  .00003938  00000-0  28317-3 0  9993
2 44967  53.0559  17.8582 0001824  96.4413 263.6784 15.06397877168804
1 44967U 20001BF  23026.11831772  .00003938  00000-0  28317-3 0  9993
2 44967  53.0559  17.8582 0001824  96.4413 263.6784 15.06397877168804
1 44967U 20001BF  23027.24621556 -.00000928  00000-0 -43423-4 0  9999
2 44967  53.0555  12.7933 0001782  98.2998 261.8194 15.06391518168974
1 44967U 20001BF  23027.24621556 -.00000928  00000-0 -43423-4 0  9999
2 44967  53.0555  12.7933 0001782  98.2998 261.8194 15.06391518168974
1 44967U 20001BF  23027.77700119 -.00003034  00000-0 -18498-3 0  9994
2 44967  53.0550  10.4151 0002000 100.3895 259.7319 15.06377953169053
1 44967U 20001BF  23027.77700119 -.00003034  00000-0 -18498-3 0  9994
2 44967  53.0550  10.4151 0002000 100.3895 259.7319 15.06377953169053
1 44967U 20001BF  23028.37412801  .00000493  00000-0  52018-4 0  9990
2 44967  53.0553   7.7327 0001719  99.9562 260.1621 15.06383962169149
1 44967U 20001BF  23028.90490288  .00007139  00000-0  49768-3 0  9995
2 44967  53.0554   5.3499 0001622 102.5585 257.5585 15.06398092169221
1 44967U 20001BF  23029.30297952  .00020572  00000-0  13949-2 0  9990
2 44967  53.0552   3.5637 0001639 107.2189 252.8979 15.06426802169285
1 44967U 20001BF  23029.90009198  .00011659  00000-0  79975-3 0  9997
2 44967  53.0550   0.8828 0002084 130.3116 229.8055 15.06425569169375
1 44967U 20001BF  23030.29816943  .00007744  00000-0  53784-3 0  9995
2 44967  53.0555 359.0955 0001623 100.7738 259.3434 15.06426943169432
1 44967U 20001BF  23030.29816943  .00007744  00000-0  53784-3 0  9995
2 44967  53.0555 359.0955 0001623 100.7738 259.3434 15.06426943169432
1 44967U 20001BF  23030.89529134  .00003596  00000-0  26014-3 0  9991
2 44967  53.0560 356.4147 0001691 105.1896 254.9280 15.06407013169528
1 44967U 20001BF  23030.89529134  .00003596  00000-0  26014-3 0  9991
2 44967  53.0560 356.4147 0001691 105.1896 254.9280 15.06407013169528
1 44967U 20001BF  23031.29337042  .00003480  00000-0  25234-3 0  9996
2 44967  53.0558 354.6272 0001731 102.0055 258.1128 15.06410603169584
