1 44973U 20001BM  22365.09187055  .00003032  00000-0  22230-3 0  9993
2 44973  53.0544 134.7023 0001379  67.1175 292.9959 15.06410309164877
1 44973U 20001BM  22365.35725644  .00004064  00000-0  29151-3 0  9999
2 44973  53.0546 133.5103 0001346  67.5125 292.6006 15.06408109164918
1 44973U 20001BM  22365.62264627  .00003656  00000-0  26419-3 0  9998
2 44973  53.0551 132.3185 0001417  67.3297 292.7841 15.06405939164958
1 44973U 20001BM  22365.75533906  .00003914  00000-0  28143-3 0  9994
2 44973  53.0550 131.7231 0001465  66.1585 293.9557 15.06407911164973
1 44973U 20001BM  23001.08707839  .00001260  00000-0  10343-3 0  9991
2 44973  53.0534 130.2330 0001284  77.5457 282.5675 15.06403065165020
1 44973U 20001BM  23001.61785659 -.00001986  00000-0 -11450-3 0  9993
2 44973  53.0543 127.8508 0001550  70.0420 290.0736 15.06397499165107
1 44973U 20001BM  23001.75055274 -.00002600  00000-0 -15574-3 0  9996
2 44973  53.0545 127.2585 0001820  49.7164 310.3983 15.06394179165120
1 44973U 20001BM  23001.75055274 -.00002600  00000-0 -15574-3 0  9996
2 44973  53.0545 127.2585 0001820  49.7164 310.3983 15.06394179165120
1 44973U 20001BM  23002.61305971 -.00001099  00000-0 -54847-4 0  9992
2 44973  53.0558 123.3859 0001613  61.4931 298.6221 15.06404449165257
1 44973U 20001BM  23002.74575183  .00000313  00000-0  39876-4 0  9991
2 44973  53.0552 122.7894 0001539  60.0052 300.1089 15.06404469165274
1 44973U 20001BM  23003.60826578  .00003445  00000-0  25003-3 0  9999
2 44973  53.0537 118.9174 0001603  60.0203 300.0945 15.06399789165408
1 44973U 20001BM  23003.60826578  .00003445  00000-0  25003-3 0  9999
2 44973  53.0537 118.9174 0001603  60.0203 300.0945 15.06399789165408
1 44973U 20001BM  23004.60346149  .00004915  00000-0  34847-3 0  9990
2 44973  53.0539 114.4497 0001592  54.2601 305.8536 15.06416072165553
1 44973U 20001BM  23005.33329116 -.00005272  00000-0 -33548-3 0  9992
2 44973  53.0548 111.1743 0001576  62.5488 297.5661 15.06380391165660
1 44973U 20001BM  23005.33329116 -.00005272  00000-0 -33548-3 0  9992
2 44973  53.0548 111.1743 0001576  62.5488 297.5661 15.06380391165660
1 44973U 20001BM  23005.66502886 -.00001967  00000-0 -11320-3 0  9996
2 44973  53.0539 109.6832 0001798  60.1493 299.9675 15.06386233165715
1 44973U 20001BM  23006.26215013  .00001730  00000-0  13502-3 0  9996
2 44973  53.0551 107.0028 0001544  68.9064 291.2090 15.06392818165809
1 44973U 20001BM  23006.66023083  .00014843  00000-0  10130-2 0  9996
2 44973  53.0540 105.2164 0001527  68.1312 291.9839 15.06408446165866
1 44973U 20001BM  23006.66023083  .00014843  00000-0  10130-2 0  9996
2 44973  53.0540 105.2164 0001527  68.1312 291.9839 15.06408446165866
1 44973U 20001BM  23006.99197126  .00003975  00000-0  28567-3 0  9990
2 44973  53.0546 103.7279 0002208  73.4774 286.6458 15.06394150165910
1 44973U 20001BM  23006.99197126  .00003975  00000-0  28567-3 0  9990
2 44973  53.0546 103.7279 0002208  73.4774 286.6458 15.06394150165910
1 44973U 20001BM  23007.39005296  .00001215  00000-0  10048-3 0  9991
2 44973  53.0534 101.9398 0001460  82.2055 277.9100 15.06389665165976
1 44973U 20001BM  23008.25256643  .00011688  00000-0  80220-3 0  9995
2 44973  53.0540  98.0683 0001448  79.2807 280.8345 15.06400874166109
1 44973U 20001BM  23008.51795190  .00012153  00000-0  83315-3 0  9995
2 44973  53.0539  96.8772 0001468  77.2777 282.8376 15.06408454166140
1 44973U 20001BM  23009.24776486  .00003521  00000-0  25510-3 0  9995
2 44973  53.0537  93.6018 0001398  72.2275 287.8867 15.06405729166250
1 44973U 20001BM  23009.51315079  .00003934  00000-0  28278-3 0  9994
2 44973  53.0540  92.4099 0001327  76.1331 283.9805 15.06406859166296
1 44973U 20001BM  23009.91123262  .00000956  00000-0  83038-4 0  9996
2 44973  53.0547  90.6229 0001229  73.3142 286.7981 15.06400789166357
1 44973U 20001BM  23010.24297080 -.00001652  00000-0 -92024-4 0  9995
2 44973  53.0532  89.1349 0001438  80.8170 279.2982 15.06394298166404
1 44973U 20001BM  23010.50835332  .00000317  00000-0  40202-4 0  9998
2 44973  53.0549  87.9438 0001463  89.0075 271.1082 15.06402286166443
1 44973U 20001BM  23010.57469863  .00000743  00000-0  68783-4 0  9994
2 44973  53.0538  87.6448 0001336  84.8099 275.3043 15.06404453166459
1 44973U 20001BM  23010.57469863  .00000743  00000-0  68783-4 0  9994
2 44973  53.0538  87.6448 0001336  84.8099 275.3043 15.06404453166459
1 44973U 20001BM  23011.10548067  .00002608  00000-0  19398-3 0  9997
2 44973  53.0539  85.2610 0001314  87.1743 272.9396 15.06390775166537
1 44973U 20001BM  23011.50355388  .00002560  00000-0  19063-3 0  9999
2 44973  53.0542  83.4752 0001253  84.1426 275.9706 15.06407422166597
1 44973U 20001BM  23011.50355388  .00002560  00000-0  19063-3 0  9999
2 44973  53.0542  83.4752 0001253  84.1426 275.9706 15.06407422166597
1 44973U 20001BM  23011.90163838  .00002140  00000-0  16249-3 0  9997
2 44973  53.0538  81.6882 0001386  93.6070 266.5077 15.06400339166657
1 44973U 20001BM  23012.10068393 -.00000103  00000-0  11958-4 0  9991
2 44973  53.0540  80.7941 0001363  97.0869 263.0275 15.06390193166686
1 44973U 20001BM  23012.56510848  .00001362  00000-0  11028-3 0  9992
2 44973  53.0548  78.7093 0001327  95.8548 264.2592 15.06399375166753
1 44973U 20001BM  23012.89684170  .00000476  00000-0  50845-4 0  9994
2 44973  53.0560  77.2191 0001225  87.4534 272.6596 15.06402994166804
1 44973U 20001BM  23013.42762013  .00000913  00000-0  80175-4 0  9992
2 44973  53.0543  74.8342 0001430 111.3342 248.7799 15.06396726166880
1 44973U 20001BM  23013.42762013  .00000913  00000-0  80175-4 0  9992
2 44973  53.0543  74.8342 0001430 111.3342 248.7799 15.06396726166880
1 44973U 20001BM  23014.55551206  .00003614  00000-0  26134-3 0  9992
2 44973  53.0550  69.7722 0001357 103.2774 256.8367 15.06407536167053
1 44973U 20001BM  23015.15264428 -.00000719  00000-0 -29400-4 0  9991
2 44973  53.0546  67.0934 0001257  96.2422 263.8710 15.06387322167144
1 44973U 20001BM  23015.15264428 -.00000719  00000-0 -29400-4 0  9991
2 44973  53.0546  67.0934 0001257  96.2422 263.8710 15.06387322167144
1 44973U 20001BM  23016.28053277  .00005299  00000-0  37426-3 0  9996
2 44973  53.0548  62.0309 0001394  99.1166 260.9980 15.06409899167316
1 44973U 20001BM  23016.47957088  .00015714  00000-0  10707-2 0  9995
2 44973  53.0547  61.1363 0001362  99.1569 260.9574 15.06426384167347
1 44973U 20001BM  23016.81130995  .00003186  00000-0  23270-3 0  9993
2 44973  53.0548  59.6475 0002009  84.2681 275.8537 15.06404167167397
1 44973U 20001BM  23016.81130995  .00003186  00000-0  23270-3 0  9993
2 44973  53.0548  59.6475 0002009  84.2681 275.8537 15.06404167167397
1 44973U 20001BM  23017.07670219 -.00012928  00000-0 -85113-3 0  9990
2 44973  53.0547  58.4560 0001444  84.9577 275.1576 15.06376060167432
1 44973U 20001BM  23017.54113828  .00003975  00000-0  28575-3 0  9999
2 44973  53.0547  56.3714 0001554  87.5904 272.5263 15.06379268167500
1 44973U 20001BM  23017.54113828  .00003975  00000-0  28575-3 0  9999
2 44973  53.0547  56.3714 0001554  87.5904 272.5263 15.06379268167500
1 44973U 20001BM  23018.33730250  .00035028  00000-0  23572-2 0  9996
2 44973  53.0545  52.7969 0001535  81.5792 278.5371 15.06424956167622
1 44973U 20001BM  23018.40364855  .00031377  00000-0  21145-2 0  9995
2 44973  53.0546  52.4994 0001605  82.4807 277.6364 15.06425780167632
1 44973U 20001BM  23018.80172537  .00020815  00000-0  14111-2 0  9993
2 44973  53.0545  50.7126 0001628  82.3066 277.8108 15.06427530167699
1 44973U 20001BM  23018.80172537  .00020815  00000-0  14111-2 0  9993
2 44973  53.0545  50.7126 0001628  82.3066 277.8108 15.06427530167699
1 44973U 20001BM  23019.46518367  .00008761  00000-0  60589-3 0  9998
2 44973  53.0537  47.7332 0001588  83.9766 276.1404 15.06427397167797
1 44973U 20001BM  23019.46518367  .00008761  00000-0  60589-3 0  9998
2 44973  53.0537  47.7332 0001588  83.9766 276.1404 15.06427397167797
1 44973U 20001BM  23019.79691718  .00001598  00000-0  12610-3 0  9999
2 44973  53.0542  46.2441 0001074  96.3917 263.7194 15.06413335167845
1 44973U 20001BM  23020.06230957  .00006467  00000-0  45253-3 0  9994
2 44973  53.0540  45.0521 0002284  94.0688 266.0562 15.06409146167887
1 44973U 20001BM  23020.46039147  .00003569  00000-0  25836-3 0  9991
2 44973  53.0553  43.2653 0001802 103.6950 256.4239 15.06398707167942
1 44973U 20001BM  23020.46039147  .00003569  00000-0  25836-3 0  9991
2 44973  53.0553  43.2653 0001802 103.6950 256.4239 15.06398707167942
1 44973U 20001BM  23021.25655940  .00007929  00000-0  55059-3 0  9998
2 44973  53.0545  39.6910 0001536  97.8519 262.2644 15.06398404168060
1 44973U 20001BM  23022.31810615  .00009693  00000-0  66848-3 0  9996
2 44973  53.0557  34.9269 0001702  93.7565 266.3619 15.06413473168228
1 44973U 20001BM  23022.71618698  .00004210  00000-0  30130-3 0  9992
2 44973  53.0552  33.1392 0001359  91.4049 268.7095 15.06405503168286
1 44973U 20001BM  23023.31331179  .00002415  00000-0  18100-3 0  9993
2 44973  53.0561  30.4596 0001886 110.3220 249.7972 15.06398934168371
1 44973U 20001BM  23024.24217152  .00002408  00000-0  18052-3 0  9998
2 44973  53.0560  26.2913 0001860 113.9841 246.1343 15.06398078168514
1 44973U 20001BM  23025.30372208  .00004074  00000-0  29222-3 0  9992
2 44973  53.0557  21.5229 0001558  92.9524 267.1643 15.06402911168671
1 44973U 20001BM  23025.30372208  .00004074  00000-0  29222-3 0  9992
2 44973  53.0557  21.5229 0001558  92.9524 267.1643 15.06402911168671
1 44973U 20001BM  23025.70180556  .00002274  00000-0  17155-3 0  9991
2 44973  53.0566  19.7342 0001650  90.6633 269.4545 15.06397717168735
1 44973U 20001BM  23025.70180556  .00002274  00000-0  17155-3 0  9991
2 44973  53.0566  19.7342 0001650  90.6633 269.4545 15.06397717168735
1 44973U 20001BM  23026.03354127  .00001729  00000-0  13499-3 0  9996
2 44973  53.0567  18.2450 0001663  89.0833 271.0346 15.06396654168780
1 44973U 20001BM  23027.22778177  .00002000  00000-0  15314-3 0  9994
2 44973  53.0560  12.8855 0001564 100.3666 259.7499 15.06403533168960
1 44973U 20001BM  23027.36047389  .00002660  00000-0  19738-3 0  9999
2 44973  53.0559  12.2890 0001560  99.3091 260.8075 15.06406254168984
1 44973U 20001BM  23028.22298610  .00002124  00000-0  16146-3 0  9995
2 44973  53.0555   8.4178 0001383  98.6288 261.4858 15.06401339169110
1 44973U 20001BM  23028.28933185  .00002505  00000-0  18697-3 0  9990
2 44973  53.0558   8.1194 0001465 101.8748 258.2406 15.06403573169123
1 44973U 20001BM  23028.88645619  .00000686  00000-0  64973-4 0  9995
2 44973  53.0554   5.4395 0001412 102.0023 258.1125 15.06397837169215
1 44973U 20001BM  23029.35087994  .00003237  00000-0  23608-3 0  9998
2 44973  53.0552   3.3543 0001426 101.5839 258.5311 15.06406793169289
1 44973U 20001BM  23029.88165910 -.00000538  00000-0 -17227-4 0  9995
2 44973  53.0547   0.9725 0001365 101.5733 258.5409 15.06395029169369
1 44973U 20001BM  23030.27973687  .00001506  00000-0  11994-3 0  9996
2 44973  53.0548 359.1854 0001371 102.5068 257.6074 15.06402553169427
1 44973U 20001BM  23030.27973687  .00001506  00000-0  11994-3 0  9996
2 44973  53.0548 359.1854 0001371 102.5068 257.6074 15.06402553169427
1 44973U 20001BM  23030.94320885  .00000121  00000-0  27030-4 0  9997
2 44973  53.0550 356.2069 0001381 102.5310 257.5834 15.06396138169522
1 44973U 20001BM  23030.94320885  .00000121  00000-0  27030-4 0  9997
2 44973  53.0550 356.2069 0001381 102.5310 257.5834 15.06396138169522
1 44973U 20001BM  23031.27493995  .00001662  00000-0  13040-3 0  9993
2 44973  53.0547 354.7175 0001341  99.3921 260.7220 15.06403095169577
1 44973U 20001BM  23031.27493995  .00001662  00000-0  13040-3 0  9993
2 44973  53.0547 354.7175 0001341  99.3921 260.7220 15.06403095169577
1 44973U 20001BM  23031.87206395  .00001653  00000-0  12987-3 0  9994
2 44973  53.0551 352.0365 0001453 107.6019 252.5128 15.06399024169661
