1 45048U 20006E   23001.59022264 -.00002861  00000-0 -17327-3 0  9997
2 45048  53.0555 107.9672 0001516  79.3227 280.7933 15.06388132161491
1 45048U 20006E   23001.72291936 -.00003332  00000-0 -20496-3 0  9991
2 45048  53.0557 107.3724 0001563  73.9969 286.1192 15.06386090161173
1 45048U 20006E   23002.38638093 -.00000110  00000-0  11517-4 0  9998
2 45048  53.0555 104.3939 0001570  74.4405 285.6757 15.06392116161273
1 45048U 20006E   23002.58541947  .00000507  00000-0  52932-4 0  9996
2 45048  53.0555 103.5003 0001564  73.0766 287.0395 15.06394975161307
1 45048U 20006E   23003.51428027  .00005308  00000-0  37498-3 0  9996
2 45048  53.0546  99.3302 0001630  75.5110 284.6059 15.06398078161448
1 45048U 20006E   23004.50947899  .00005548  00000-0  39092-3 0  9997
2 45048  53.0551  94.8632 0001543  72.3537 287.7620 15.06410443161596
1 45048U 20006E   23005.50466999  .00006394  00000-0  44750-3 0  9992
2 45048  53.0548  90.3956 0001544  64.7774 295.3375 15.06422415161742
1 45048U 20006E   23006.43352289 -.00010117  00000-0 -66147-3 0  9995
2 45048  53.0548  86.2257 0001480  62.1469 297.9670 15.06387758161883
1 45048U 20006E   23007.16334306  .00002887  00000-0  21267-3 0  9993
2 45048  53.0552  82.9488 0001137  72.1613 287.9500 15.06391259161992
1 45048U 20006E   23007.89316602 -.00006330  00000-0 -40652-3 0  9990
2 45048  53.0537  79.6738 0002371  70.1605 289.9639 15.06387608162108
1 45048U 20006E   23008.49028640  .00010008  00000-0  68975-3 0  9992
2 45048  53.0546  76.9935 0001454  68.2848 291.8295 15.06401513162196
1 45048U 20006E   23009.35280168  .00008550  00000-0  59223-3 0  9998
2 45048  53.0546  73.1223 0001386  72.5641 287.5499 15.06398779162320
1 45048U 20006E   23009.88357635  .00009499  00000-0  65563-3 0  9997
2 45048  53.0546  70.7391 0001417  62.3163 297.7970 15.06407274162407
1 45048U 20006E   23010.41435554  .00003133  00000-0  22917-3 0  9990
2 45048  53.0543  68.3561 0001385  65.2346 294.8787 15.06394166162482
1 45048U 20006E   23011.40955035  .00004197  00000-0  30038-3 0  9995
2 45048  53.0545  63.8878 0001614  56.9675 303.1469 15.06410380162637
1 45048U 20006E   23011.87397646  .00004622  00000-0  32891-3 0  9996
2 45048  53.0546  61.8027 0001531  59.3454 300.7686 15.06408879162704
1 45048U 20006E   23012.40474915  .00002621  00000-0  19474-3 0  9990
2 45048  53.0541  59.4199 0001665  68.3892 291.7274 15.06406677162780
1 45048U 20006E   23013.46630432  .00000222  00000-0  33777-4 0  9993
2 45048  53.0540  54.6553 0001647  60.8695 299.2458 15.06394553162942
1 45048U 20006E   23013.79803503  .00001203  00000-0  99665-4 0  9998
2 45048  53.0544  53.1661 0001646  63.2950 296.8207 15.06401472162999
1 45048U 20006E   23015.52305283  .00002057  00000-0  15693-3 0  9999
2 45048  53.0555  45.4220 0001607  64.9406 295.1750 15.06401491163253
1 45048U 20006E   23015.78844409 -.00000683  00000-0 -26914-4 0  9999
2 45048  53.0559  44.2297 0001973  64.6519 295.4674 15.06394681163290
1 45048U 20006E   23016.45191154  .00002023  00000-0  15466-3 0  9993
2 45048  53.0548  41.2520 0001781  61.6899 298.4269 15.06400581163390
1 45048U 20006E   23016.78364171  .00002323  00000-0  17477-3 0  9997
2 45048  53.0549  39.7626 0001709  61.9923 298.1239 15.06406651163445
1 45048U 20006E   23017.44712261 -.00001898  00000-0 -10859-3 0  9993
2 45048  53.0553  36.7827 0001434  63.2706 296.8430 15.06386247163546
1 45048U 20006E   23018.44234106  .00001899  00000-0  14638-3 0  9999
2 45048  53.0551  32.3156 0001619  65.2570 294.8588 15.06387197163690
1 45048U 20006E   23019.43754024  .00020042  00000-0  13595-2 0  9996
2 45048  53.0548  27.8486 0001636  67.7140 292.4022 15.06429382163847
1 45048U 20006E   23020.30005491  .00007593  00000-0  52802-3 0  9992
2 45048  53.0553  23.9763 0001578  75.6370 284.4794 15.06403934163972
1 45048U 20006E   23025.34242259  .00009960  00000-0  68634-3 0  9996
2 45048  53.0557   1.3409 0001518  94.8798 265.2364 15.06415537164731
1 45048U 20006E   23026.13858790  .00001211  00000-0  10017-3 0  9990
2 45048  53.0562 357.7646 0001510  99.9637 260.1522 15.06400419164854
1 45048U 20006E   23027.33282627  .00003379  00000-0  24555-3 0  9992
2 45048  53.0559 352.4067 0001455  83.7265 276.3889 15.06409479165036
1 45048U 20006E   23028.26168715  .00001008  00000-0  86552-4 0  9999
2 45048  53.0557 348.2363 0001274  94.2527 265.8608 15.06399978165172
1 45048U 20006E   23028.85880893 -.00000268  00000-0  88280-6 0  9992
2 45048  53.0561 345.5548 0001288  97.6114 262.5022 15.06401662165264
1 45048U 20006E   23029.85401543  .00001616  00000-0  12738-3 0  9993
2 45048  53.0561 341.0884 0001319  95.5522 264.5617 15.06396690165416
1 45048U 20006E   23030.25209660  .00002033  00000-0  15534-3 0  9996
2 45048  53.0562 339.3014 0001330  90.6977 269.4165 15.06399423165470
1 45048U 20006E   23031.24729347  .00004835  00000-0  34315-3 0  9995
2 45048  53.0559 334.8335 0001358  90.4989 269.6156 15.06411172165628
1 45048U 20006E   23031.84441944  .00001050  00000-0  89369-4 0  9991
2 45048  53.0561 332.1517 0001523  97.6850 262.4312 15.06398050165718
1 45048U 20006E   23032.24249743  .00002902  00000-0  21360-3 0  9992
2 45048  53.0559 330.3663 0001415  79.8782 280.2367 15.06406186165777
1 45048U 20006E   23033.23769224  .00004805  00000-0  34107-3 0  9990
2 45048  53.0563 325.8991 0001370  83.8431 276.2715 15.06416170165924
1 45048U 20006E   23034.16655188  .00002006  00000-0  15349-3 0  9994
2 45048  53.0561 321.7295 0001227  89.5342 270.5788 15.06403879166064
1 45048U 20006E   23034.83002416 -.00001705  00000-0 -95646-4 0  9994
2 45048  53.0541 318.7505 0001094  91.5133 268.5981 15.06394060166169
1 45048U 20006E   23035.16175749  .00001679  00000-0  13155-3 0  9993
2 45048  53.0554 317.2623 0001123  93.6063 266.5055 15.06401708166210
1 45048U 20006E   23035.75888358  .00002178  00000-0  16511-3 0  9999
2 45048  53.0548 314.5811 0001392  94.0159 266.0989 15.06396828166308
1 45048U 20006E   23036.55504750  .00001499  00000-0  11948-3 0  9993
2 45048  53.0556 311.0078 0001176  95.2667 264.8456 15.06395508166423
1 45048U 20006E   23036.75408929 -.00000051  00000-0  15461-4 0  9995
2 45048  53.0551 310.1137 0001156  98.9588 261.1532 15.06391985166457
1 45048U 20006E   23037.15217182  .00000659  00000-0  63097-4 0  9990
2 45048  53.0547 308.3274 0001095  82.3437 277.7677 15.06395108166516
1 45048U 20006E   23037.88198415  .00002831  00000-0  20881-3 0  9994
2 45048  53.0547 305.0520 0001249  85.6306 274.4825 15.06405434166621
1 45048U 20006E   23038.54545051  .00005760  00000-0  40517-3 0  9992
2 45048  53.0545 302.0727 0001387 109.5542 250.5597 15.06409782166728
1 45048U 20006E   23038.87718438  .00000675  00000-0  64199-4 0  9992
2 45048  53.0542 300.5796 0001413 126.5191 233.5928 15.06401200166774
1 45048U 20006E   23039.20891202  .00008415  00000-0  58276-3 0  9999
2 45048  53.0546 299.0952 0001191  95.6675 264.4449 15.06422827166825
1 45048U 20006E   23039.87238309  .00004214  00000-0  30159-3 0  9998
2 45048  53.0552 296.1149 0001231  99.9117 260.2011 15.06407739166926
1 45048U 20006E   23040.13776497  .00012752  00000-0  87285-3 0  9992
2 45048  53.0551 294.9245 0001284 104.1118 256.0014 15.06425317166968
1 45048U 20006E   23040.80123724  .00010725  00000-0  73782-3 0  9990
2 45048  53.0538 291.9477 0001282 139.2885 220.8200 15.06398271167061
1 45048U 20006E   23041.06662922  .00008387  00000-0  58130-3 0  9998
2 45048  53.0540 290.7566 0001127 100.2555 259.8561 15.06399556167104
1 45048U 20006E   23041.99549672  .00017578  00000-0  11964-2 0  9991
2 45048  53.0553 286.5853 0001159 109.7999 250.3114 15.06388630167247
1 45048U 20006E   23042.92435057  .00010656  00000-0  73304-3 0  9993
2 45048  53.0548 282.4134 0001156  95.1205 264.9916 15.06408637167389
1 45048U 20006E   23043.38877547  .00002152  00000-0  16332-3 0  9998
2 45048  53.0554 280.3294 0000858 125.6729 234.4340 15.06399755167459
1 45048U 20006E   23044.05225185  .00001874  00000-0  14471-3 0  9990
2 45048  53.0542 277.3517 0001514  97.7481 262.3679 15.06395799167554
1 45048U 20006E   23045.31284216  .00006011  00000-0  42204-3 0  9993
2 45048  53.0545 271.6922 0001169  98.7679 261.3443 15.06404141167741
1 45048U 20006E   23045.90996440  .00001178  00000-0  97993-4 0  9992
2 45048  53.0555 269.0119 0001237 100.1907 259.9222 15.06398224167831
1 45048U 20006E   23046.30804403  .00002450  00000-0  18330-3 0  9995
2 45048  53.0552 267.2260 0001176  97.0939 263.0183 15.06402934167898
1 45048U 20006E   23046.90518007 -.00003813  00000-0 -23735-3 0  9994
2 45048  53.0536 264.5437 0001439  78.8025 281.3126 15.06379566167985
1 45048U 20006E   23047.56864845  .00002890  00000-0  21288-3 0  9994
2 45048  53.0542 261.5665 0001059  79.2230 280.8879 15.06394009168083
1 45048U 20006E   23047.90038121  .00014797  00000-0  10099-2 0  9998
2 45048  53.0544 260.0781 0001098  79.0956 281.0157 15.06411229168136
1 45048U 20006E   23048.56384601  .00003737  00000-0  26957-3 0  9991
2 45048  53.0514 257.0996 0001361  83.9187 276.1956 15.06409868168239
1 45048U 20006E   23048.89557966  .00005210  00000-0  36831-3 0  9993
2 45048  53.0532 255.6096 0001184  78.7235 281.3887 15.06406453168286
1 45048U 20006E   23049.55904748 -.00000977  00000-0 -46688-4 0  9990
2 45048  53.0535 252.6314 0001082  74.3536 285.7573 15.06399424168382
1 45048U 20006E   23050.28885696  .00002773  00000-0  20492-3 0  9990
2 45048  53.0529 249.3554 0001240  70.9393 289.1730 15.06409633168492
1 45048U 20006E   23051.01866324  .00010675  00000-0  73396-3 0  9990
2 45048  53.0535 246.0782 0001208  69.3804 290.7314 15.06425838168603
1 45048U 20006E   23052.47830156  .00011228  00000-0  77141-3 0  9992
2 45048  53.0540 239.5254 0001070  78.3213 281.7896 15.06403808168823
1 45048U 20006E   23052.87637900  .00012334  00000-0  84513-3 0  9998
2 45048  53.0540 237.7382 0001100  78.0861 282.0251 15.06414935168883
1 45048U 20006E   23053.53985362 -.00007950  00000-0 -51570-3 0  9997
2 45048  53.0541 234.7599 0001082  86.1961 273.9152 15.06382363168980
1 45048U 20006E   23054.46871904  .00004878  00000-0  34622-3 0  9999
2 45048  53.0545 230.5901 0001195  88.9456 271.1670 15.06390480169120
1 45048U 20006E   23054.80045353  .00005440  00000-0  38387-3 0  9996
2 45048  53.0561 229.1021 0001217  89.5990 270.5138 15.06396732169173
1 45048U 20006E   23055.46394746 -.00004231  00000-0 -26557-3 0  9997
2 45048  53.0544 226.1222 0001959  89.9451 270.1763 15.06360141169279
1 45048U 20006E   23055.72932861  .00008244  00000-0  57184-3 0  9998
2 45048  53.0544 224.9307 0001352  91.9800 268.1343 15.06388540169316
1 45048U 20006E   23056.19375737  .00015064  00000-0  10279-2 0  9994
2 45048  53.0542 222.8459 0001561  91.8889 268.2279 15.06404047169384
1 45048U 20006E   23056.85721624  .00017575  00000-0  11947-2 0  9999
2 45048  53.0544 219.8673 0001740  92.1475 267.9713 15.06435213169483
1 45048U 20006E   23056.92356138  .00017465  00000-0  11873-2 0  9997
2 45048  53.0544 219.5694 0001738  92.0228 268.0960 15.06437331169495
1 45048U 20006E   23057.85240972  .00013056  00000-0  89307-3 0  9998
2 45048  53.0544 215.4007 0001595  92.2204 267.8967 15.06428052169635
1 45048U 20006E   23058.11779620  .00004563  00000-0  32496-3 0  9995
2 45048  53.0546 214.2083 0001684  87.9626 272.1556 15.06408579169675
1 45048U 20006E   23058.71490376  .00053008  00000-0  35428-2 0  9994
2 45048  53.0549 211.5290 0001770  99.9824 260.1364 15.06484243169763
1 45048U 20006E   23059.57741690 -.00006742  00000-0 -43417-3 0  9990
2 45048  53.0549 207.6579 0001790  92.8756 267.2438 15.06395542169894
1 45048U 20006E   23059.84280473 -.00002087  00000-0 -12123-3 0  9995
2 45048  53.0553 206.4669 0001751  83.2783 276.8405 15.06399915169930
1 45048U 20006E   23060.57263113  .00000914  00000-0  80254-4 0  9995
2 45048  53.0546 203.1900 0001403  91.4444 268.6706 15.06383927170046
1 45048U 20006E   23061.63418117  .00015429  00000-0  10520-2 0  9993
2 45048  53.0540 198.4248 0001492  78.3715 281.7441 15.06414386170208
1 45048U 20006E   23062.36398942  .00005540  00000-0  39041-3 0  9990
2 45048  53.0524 195.1472 0000949  96.1987 263.9110 15.06411622170315
1 45048U 20006E   23062.82840855  .00025340  00000-0  17119-2 0  9997
2 45048  53.0526 193.0613 0001409  89.8252 270.2899 15.06444081170384
1 45048U 20006E   23063.49188557  .00037959  00000-0  25536-2 0  9996
2 45048  53.0537 190.0842 0001277 107.3403 252.7726 15.06399600170485
1 45048U 20006E   23063.82361725  .00025711  00000-0  17381-2 0  9995
2 45048  53.0542 188.5935 0001375 110.8757 249.2379 15.06412489170538
1 45048U 20006E   23064.35440132  .00038044  00000-0  25597-2 0  9995
2 45048  53.0540 186.2105 0002222  99.3011 260.8229 15.06392377170611
1 45048U 20006E   23065.74767626  .00012701  00000-0  86934-3 0  9994
2 45048  53.0553 179.9581 0001220  79.8267 280.2859 15.06429263170828
1 45048U 20006E   23066.67653027  .00007022  00000-0  48976-3 0  9990
2 45048  53.0558 175.7888 0001046 149.4884 210.6166 15.06404228170969
1 45048U 20006E   23067.00826834  .00004179  00000-0  29930-3 0  9995
2 45048  53.0558 174.2997 0000721 115.2657 244.8407 15.06391197171016
1 45048U 20006E   23068.53424825  .00016090  00000-0  10959-2 0  9993
2 45048  53.0544 167.4465 0001440  97.2105 262.9048 15.06423743171241
1 45048U 20006E   23069.52944955  .00001907  00000-0  14689-3 0  9990
2 45048  53.0557 162.9797 0001452 104.8782 255.2368 15.06405053171392
1 45048U 20006E   23070.39196589  .00000842  00000-0  75442-4 0  9991
2 45048  53.0539 159.1072 0000988 101.3641 258.7459 15.06390821171525
1 45048U 20006E   23070.72369838  .00004518  00000-0  32200-3 0  9995
2 45048  53.0562 157.6186 0001448 102.1178 257.9973 15.06402042171572
1 45048U 20006E   23071.51987096  .00008352  00000-0  57903-3 0  9992
2 45048  53.0547 154.0467 0001613 106.4451 253.6715 15.06392201171698
1 45048U 20006E   23071.58622011  .00016768  00000-0  11421-2 0  9996
2 45048  53.0553 153.7493 0001707 108.3539 251.7636 15.06393536171707
1 45048U 20006E   23072.51506923  .00011696  00000-0  80228-3 0  9990
2 45048  53.0549 149.5816 0001444 101.8039 258.3113 15.06422310171846
1 45048U 20006E   23073.57663454 -.00000556  00000-0 -18446-4 0  9999
2 45048  53.0543 144.8142 0001407  71.9216 288.1927 15.06383833172002
1 45048U 20006E   23074.50547781  .00038777  00000-0  26040-2 0  9998
2 45048  53.0534 140.6448 0001359  65.3336 294.7795 15.06455116172146
1 45048U 20006E   23074.90355644  .00006048  00000-0  42426-3 0  9990
2 45048  53.0544 138.8571 0001451  76.3658 283.7493 15.06425228172206
1 45048U 20006E   23075.56705252  .00031771  00000-0  21451-2 0  9992
2 45048  53.0537 135.8791 0001409  93.0718 267.0433 15.06349466172304
1 45048U 20006E   23075.89879508  .00026640  00000-0  18022-2 0  9993
2 45048  53.0535 134.3899 0001433  92.5041 267.6112 15.06366531172352
1 45048U 20006E   23076.42957531  .00023491  00000-0  15910-2 0  9990
2 45048  53.0537 132.0073 0001466  90.4757 269.6400 15.06392579172432
1 45048U 20006E   23077.82284925  .00016617  00000-0  11309-2 0  9995
2 45048  53.0543 125.7525 0001541  91.8970 268.2196 15.06429541172646
1 45048U 20006E   23078.41995109  .00017786  00000-0  12081-2 0  9990
2 45048  53.0541 123.0720 0001544  93.2054 266.9112 15.06454973172734
1 45048U 20006E   23078.81803010 -.00003659  00000-0 -22667-3 0  9991
2 45048  53.0544 121.2841 0002385  76.3099 283.8156 15.06425377172794
1 45048U 20006E   23079.48150315  .00015529  00000-0  10595-2 0  9991
2 45048  53.0533 118.3070 0001505  74.3730 285.7425 15.06385410172890
1 45048U 20006E   23079.81323900  .00017314  00000-0  11785-2 0  9996
2 45048  53.0535 116.8181 0001673  74.1941 285.9233 15.06395474172942
1 45048U 20006E   23080.41035435  .00019539  00000-0  13262-2 0  9990
2 45048  53.0534 114.1369 0001526  75.5144 284.6014 15.06421767173036
1 45048U 20006E   23080.80843716  .00010733  00000-0  73820-3 0  9996
2 45048  53.0542 112.3500 0001837  75.9212 284.1981 15.06405906173098
1 45048U 20006E   23081.80365571  .00015462  00000-0  10550-2 0  9999
2 45048  53.0532 107.8812 0001379  84.9123 275.2023 15.06387082173243
1 45048U 20006E   23082.33443224  .00016965  00000-0  11550-2 0  9990
2 45048  53.0539 105.4982 0001507  84.3223 275.7937 15.06402962173323
1 45048U 20006E   23083.32962871  .00033355  00000-0  22449-2 0  9995
2 45048  53.0532 101.0298 0001647  82.5877 277.5299 15.06443659173473
1 45048U 20006E   23084.72287096 -.00015607  00000-0 -10306-2 0  9990
2 45048  53.0546  94.7748 0001490  96.1458 263.9700 15.06420301173686
1 45048U 20006E   23085.71811834  .00017432  00000-0  11882-2 0  9999
2 45048  53.0547  90.3090 0001631 104.4866 255.6304 15.06340396173832
1 45048U 20006E   23086.31525765  .00016982  00000-0  11574-2 0  9998
2 45048  53.0548  87.6287 0001630 106.4007 253.7161 15.06361105173929
1 45048U 20006E   23086.71334333  .00021906  00000-0  14856-2 0  9999
2 45048  53.0546  85.8424 0001642 109.2117 250.9050 15.06384240173983
1 45048U 20006E   23087.37680444  .00027982  00000-0  18884-2 0  9994
2 45048  53.0543  82.8642 0001638 108.9834 251.1333 15.06430562174084
1 45048U 20006E   23087.70853068  .00022951  00000-0  15529-2 0  9999
2 45048  53.0546  81.3741 0001730 107.9848 252.1330 15.06442567174130
1 45048U 20006E   23088.43831450  .00026148  00000-0  17640-2 0  9999
2 45048  53.0546  78.0982 0001694 106.2150 253.9025 15.06479759174589
1 45048U 20006E   23088.70371021 -.00006312  00000-0 -40504-3 0  9991
2 45048  53.0548  76.9063 0001800  91.9667 268.1528 15.06412804174281
1 45048U 20006E   23089.43353019  .00005271  00000-0  37252-3 0  9996
2 45048  53.0547  73.6291 0001770 105.3717 254.7468 15.06397109174395
1 45048U 20006E   23091.29124966  .00027439  00000-0  18547-2 0  9995
2 45048  53.0552  65.2914 0001690 112.7759 247.3409 15.06382483174672
1 45048U 20006E   23091.62298579  .00024303  00000-0  16450-2 0  9992
2 45048  53.0553  63.8019 0001733 115.7077 244.4091 15.06395930174729
1 45048U 20006E   23092.35279083  .00030198  00000-0  20354-2 0  9999
2 45048  53.0553  60.5259 0001719 118.0262 242.0901 15.06439007174835
1 45048U 20006E   23093.28166272  .00019612  00000-0  13324-2 0  9994
2 45048  53.0551  56.3561 0001365 112.1764 247.9370 15.06384608174976
1 45048U 20006E   23093.87878483  .00019797  00000-0  13440-2 0  9996
2 45048  53.0551  53.6761 0001357 114.6496 245.4634 15.06406556175062
1 45048U 20006E   23094.27685719  .00027855  00000-0  18796-2 0  9992
2 45048  53.0551  51.8903 0001355 106.0064 254.1074 15.06437778175126
1 45048U 20006E   23094.60859829  .00008189  00000-0  56803-3 0  9995
2 45048  53.0559  50.3987 0001558  87.6929 272.4238 15.06400124175174
1 45048U 20006E   23095.27207880  .00029644  00000-0  20015-2 0  9997
2 45048  53.0554  47.4224 0001445  79.6819 280.4332 15.06383761175276
1 45048U 20006E   23096.20094389  .00007401  00000-0  51542-3 0  9996
2 45048  53.0571  43.2530 0001068  90.7087 269.4024 15.06385869175413
1 45048U 20006E   23097.26249560  .00011966  00000-0  82075-3 0  9992
2 45048  53.0567  38.4855 0001208  91.2127 268.9001 15.06405512175575
1 45048U 20006E   23098.19132415  .00020973  00000-0  14204-2 0  9991
2 45048  53.0563  34.3174 0001222  96.1687 263.9442 15.06460980175711
1 45048U 20006E   23099.18653241  .00000580  00000-0  57819-4 0  9999
2 45048  53.0558  29.8492 0001266  76.8011 283.3119 15.06395550175864
1 45048U 20006E   23100.18172795  .00030535  00000-0  20577-2 0  9994
2 45048  53.0555  25.3820 0001183  77.3497 282.7624 15.06441432176012
1 45048U 20006E   23101.17694170  .00025096  00000-0  16988-2 0  9997
2 45048  53.0554  20.9144 0001226  92.1653 267.9476 15.06375741176163
1 45048U 20006E   23101.90675697  .00020526  00000-0  13924-2 0  9991
2 45048  53.0558  17.6395 0001122  88.5175 271.5943 15.06411969176276
1 45048U 20006E   23102.17213780  .00026413  00000-0  17839-2 0  9992
2 45048  53.0557  16.4464 0001255  99.5337 260.5794 15.06433040176319
1 45048U 20006E   23103.03465989  .00022721  00000-0  15400-2 0  9998
2 45048  53.0562  12.5757 0001205 138.6577 221.4504 15.06384288176441
1 45048U 20006E   23104.09620241  .00030597  00000-0  20616-2 0  9994
2 45048  53.0559   7.8101 0001227  83.6082 276.5046 15.06445041176606
1 45048U 20006E   23105.15776278  .00028657  00000-0  19346-2 0  9996
2 45048  53.0550   3.0448 0001243 110.5872 249.5250 15.06406997176765
1 45048U 20006E   23105.88756472  .00028451  00000-0  19187-2 0  9995
2 45048  53.0563 359.7682 0001523  94.1479 265.9684 15.06448425176878
1 45048U 20006E   23106.08659602  .00032298  00000-0  21734-2 0  9990
2 45048  53.0547 358.8755 0001476  96.6202 263.4955 15.06466570176908
1 45048U 20006E   23106.88278117  .00027596  00000-0  18655-2 0  9999
2 45048  53.0547 355.3006 0001317  75.2253 284.8882 15.06375281177020
1 45048U 20006E   23107.21452315  .00028076  00000-0  18974-2 0  9999
2 45048  53.0543 353.8117 0001473  69.5892 290.5255 15.06377242177072
1 45048U 20006E   23107.87799048  .00031726  00000-0  21381-2 0  9990
2 45048  53.0547 350.8332 0001450  70.3934 289.7211 15.06419559177175
1 45048U 20006E   23108.07702643  .00037285  00000-0  25062-2 0  9994
2 45048  53.0546 349.9396 0001505  71.9908 288.1245 15.06438311177203
1 45048U 20006E   23108.67415414  .00016620  00000-0  11319-2 0  9997
2 45048  53.0548 347.2590 0001471  80.0702 280.0453 15.06404009177295
1 45048U 20006E   23109.07223948  .00034283  00000-0  23094-2 0  9999
2 45048  53.0547 345.4725 0001318  91.4383 268.6757 15.06397738177351
1 45048U 20006E   23110.06743165  .00024065  00000-0  16273-2 0  9996
2 45048  53.0553 341.0040 0001305  88.8012 271.3127 15.06438377177509
1 45048U 20006E   23110.92995256  .00005978  00000-0  41992-3 0  9990
2 45048  53.0541 337.1267 0002203  85.4294 274.6947 15.06397571177636
1 45048U 20006E   23111.32803874  .00019097  00000-0  12977-2 0  9996
2 45048  53.0535 335.3456 0000699 100.2498 259.8570 15.06393293177698
1 45048U 20006E   23111.72611873  .00017921  00000-0  12187-2 0  9993
2 45048  53.0536 333.5584 0000617  94.7429 265.3630 15.06406947177759
1 45048U 20006E   23112.05784730  .00022506  00000-0  15239-2 0  9999
2 45048  53.0536 332.0690 0000640  92.9145 267.1917 15.06427146177800
1 45048U 20006E   23112.72131545  .00015827  00000-0  10787-2 0  9994
2 45048  53.0533 329.0906 0000596  95.9062 264.1995 15.06411905177904
1 45048U 20006E   23113.58380503  .00025925  00000-0  17505-2 0  9994
2 45048  53.0536 325.2182 0000611 100.8045 259.3013 15.06451637178034
1 45048U 20006E   23113.71649399  .00025386  00000-0  17144-2 0  9990
2 45048  53.0537 324.6233 0000592  86.8463 273.2593 15.06457059178054
1 45048U 20006E   23114.04821117  .00033926  00000-0  22804-2 0  9995
2 45048  53.0539 323.1338 0000571  85.8935 274.2119 15.06483352178102
1 45048U 20006E   23114.64533717  .00063219  00000-0  42192-2 0  9997
2 45048  53.0539 320.4527 0001103 106.6791 253.4319 15.06452544178195
1 45048U 20006E   23116.23770041  .00018582  00000-0  12633-2 0  9997
2 45048  53.0542 313.3040 0000680  65.7302 294.3758 15.06392447178435
1 45048U 20006E   23116.83481882  .00020088  00000-0  13630-2 0  9997
2 45048  53.0540 310.6241 0000701  61.1044 299.0015 15.06416706178526
1 45048U 20006E   23117.23289485  .00015203  00000-0  10367-2 0  9994
2 45048  53.0539 308.8375 0000530  54.3887 305.7152 15.06423042178584
1 45048U 20006E   23118.49347288  .00003201  00000-0  23358-3 0  9999
2 45048  53.0532 303.1809 0001048  79.8754 280.2354 15.06414510178779
1 45048U 20006E   23119.48868149 -.00002025  00000-0 -11711-3 0  9998
2 45048  53.0543 298.7127 0001172  78.3991 281.7129 15.06394948178923
1 45048U 20006E   23120.48388835  .00001534  00000-0  12183-3 0  9995
2 45048  53.0548 294.2437 0001084  78.8941 281.2169 15.06396922179075
1 45048U 20006E   23121.54541374  .00009069  00000-0  62643-3 0  9999
2 45048  53.0536 289.4767 0000900  82.8661 277.2430 15.06430424179234
1 45048U 20006E   23121.74444884  .00016020  00000-0  10904-2 0  9996
2 45048  53.0533 288.5838 0000996  75.7428 284.3671 15.06452708179265
1 45048U 20006E   23122.54061120 -.00011719  00000-0 -76931-3 0  9998
2 45048  53.0540 285.0089 0001092  84.2205 275.8909 15.06393790179724
1 45048U 20006E   23122.73965559 -.00008212  00000-0 -53329-3 0  9998
2 45048  53.0537 284.1148 0001163  88.2393 271.8729 15.06383413179410
1 45048U 20006E   23123.53582809  .00013172  00000-0  90168-3 0  9991
2 45048  53.0538 280.5411 0001232  91.6319 268.4811 15.06393196179533
1 45048U 20006E   23123.86755957  .00016731  00000-0  11391-2 0  9997
2 45048  53.0536 279.0515 0001268  89.3291 270.7843 15.06410270179580
1 45048U 20006E   23124.39834466 -.00003600  00000-0 -22304-3 0  9999
2 45048  53.0536 276.6693 0001333  98.0137 262.1003 15.06379362179667
1 45048U 20006E   23124.73008480  .00003499  00000-0  25380-3 0  9997
2 45048  53.0538 275.1801 0001534  94.9574 265.1590 15.06382002179712
1 45048U 20006E   23125.72528415  .00021105  00000-0  14306-2 0  9991
2 45048  53.0533 270.7124 0001239  93.2393 266.8737 15.06422798179863
1 45048U 20006E   23126.65415059  .00033391  00000-0  22504-2 0  9992
2 45048  53.0534 266.5416 0001065  76.8818 283.2289 15.06392562180005
1 45048U 20006E   23127.11857588  .00030054  00000-0  20270-2 0  9992
2 45048  53.0536 264.4564 0001077  75.2530 284.8578 15.06417321180071
1 45048U 20006E   23127.64933795  .00030407  00000-0  20487-2 0  9997
2 45048  53.0537 262.0740 0001157  71.5100 288.6015 15.06449526180152
1 45048U 20006E   23128.57819836  .00023458  00000-0  15882-2 0  9990
2 45048  53.0540 257.9029 0001283 114.6899 245.4224 15.06406414180290
1 45048U 20006E   23129.50705364  .00029645  00000-0  19992-2 0  9994
2 45048  53.0543 253.7345 0001262  84.3076 275.8057 15.06428049180430
1 45048U 20006E   23130.50226935  .00029562  00000-0  19949-2 0  9998
2 45048  53.0537 249.2671 0001543  66.4092 293.7059 15.06405068180927
1 45048U 20006E   23130.63496253  .00030231  00000-0  20412-2 0  9996
2 45048  53.0535 248.6719 0001225 114.0261 246.0856 15.06373603180606
1 45048U 20006E   23131.03304434  .00024394  00000-0  16509-2 0  9995
2 45048  53.0525 246.8826 0001045 113.5752 246.5347 15.06399636180663
1 45048U 20006E   23131.63015719  .00022573  00000-0  15282-2 0  9990
2 45048  53.0525 244.2031 0001045 110.6055 249.5046 15.06430951180752
1 45048U 20006E   23132.02824194  .00016175  00000-0  11019-2 0  9994
2 45048  53.0535 242.4118 0001280  93.6122 266.5013 15.06411981180817
1 45048U 20006E   23132.42633274  .00017577  00000-0  11967-2 0  9994
2 45048  53.0516 240.6315 0001237  83.8020 276.3109 15.06377067180872
1 45048U 20006E   23133.55422949  .00026144  00000-0  17663-2 0  9993
2 45048  53.0529 235.5672 0001105  75.4398 284.6714 15.06426372181042
1 45048U 20006E   23134.54943810  .00014112  00000-0  96439-3 0  9999
2 45048  53.0540 231.0976 0001205  83.3409 276.7717 15.06398994181194
1 45048U 20006E   23134.68213154  .00013156  00000-0  90043-3 0  9997
2 45048  53.0533 230.5064 0001026  89.2532 270.8575 15.06400879181217
1 45048U 20006E   23135.54463070  .00012968  00000-0  88732-3 0  9999
2 45048  53.0536 226.6338 0001128  93.5463 266.5655 15.06424387181349
1 45048U 20006E   23136.47349425  .00004113  00000-0  29489-3 0  9996
2 45048  53.0540 222.4633 0001159 100.6060 259.5059 15.06396777181489
1 45048U 20006E   23136.60618872  .00003244  00000-0  23664-3 0  9999
2 45048  53.0538 221.8673 0001170 102.6236 257.4884 15.06388897181503
1 45048U 20006E   23137.93312977  .00006217  00000-0  43584-3 0  9999
2 45048  53.0522 215.9091 0001025  91.1647 268.9460 15.06401900181701
1 45048U 20006E   23138.53025851  .00000796  00000-0  72309-4 0  9992
2 45048  53.0528 213.2295 0001099  92.8407 267.2707 15.06389013182131
1 45048U 20006E   23138.92833779  .00002099  00000-0  15977-3 0  9996
2 45048  53.0525 211.4416 0001048 101.6710 258.4397 15.06395829181850
1 45048U 20006E   23139.45910648  .00002881  00000-0  21216-3 0  9998
2 45048  53.0529 209.0594 0001064  86.5522 273.5589 15.06408190181930
1 45048U 20006E   23140.45431028  .00004302  00000-0  30750-3 0  9993
2 45048  53.0528 204.5929 0001196  79.1203 280.9920 15.06406233182085
1 45048U 20006E   23141.58217371  .00012660  00000-0  86612-3 0  9995
2 45048  53.0529 199.5283 0001248  97.4492 262.6639 15.06449561182257
1 45048U 20006E   23141.84757070 -.00005796  00000-0 -37039-3 0  9992
2 45048  53.0533 198.3350 0002017  90.9206 269.2014 15.06408589182299
1 45048U 20006E   23142.57739145  .00001811  00000-0  14049-3 0  9994
2 45048  53.0528 195.0607 0001098 103.2913 256.8198 15.06385046182403
1 45048U 20006E   23142.84278442  .00009463  00000-0  65362-3 0  9997
2 45048  53.0522 193.8695 0001128 105.3623 254.7491 15.06381575182445
1 45048U 20006E   23143.83799525  .00006998  00000-0  48834-3 0  9992
2 45048  53.0516 189.4016 0001040  99.3959 260.7148 15.06391875182599
1 45048U 20006E   23144.36877622  .00001803  00000-0  13993-3 0  9994
2 45048  53.0518 187.0189 0001064  97.9324 262.1786 15.06385005182673
1 45048U 20006E   23146.49187707  .00003975  00000-0  28553-3 0  9998
2 45048  53.0521 177.4875 0000960  94.7530 265.3568 15.06403160182991
1 45048U 20006E   23147.48707151  .00003485  00000-0  25268-3 0  9995
2 45048  53.0526 173.0203 0001028  89.6266 270.4841 15.06411321183145
1 45048U 20006E   23148.21689161  .00000205  00000-0  32673-4 0  9993
2 45048  53.0520 169.7424 0001001  83.4793 276.6310 15.06398376183259
1 45048U 20006E   23148.34958480 -.00000124  00000-0  10537-4 0  9996
2 45048  53.0522 169.1470 0001016  88.6991 271.4115 15.06397877183272
1 45048U 20006E   23149.34478451  .00000305  00000-0  39331-4 0  9995
2 45048  53.0530 164.6792 0000995  88.9065 271.2038 15.06403804183425
1 45048U 20006E   23149.74286791  .00000350  00000-0  42370-4 0  9990
2 45048  53.0527 162.8917 0000998  86.8444 273.2659 15.06399188183487
1 45048U 20006E   23150.40634097  .00000878  00000-0  77858-4 0  9995
2 45048  53.0535 159.9148 0000983  97.1626 262.9475 15.06393019183589
1 45048U 20006E   23151.33519282  .00000902  00000-0  79450-4 0  9994
2 45048  53.0536 155.7450 0000957  94.5522 265.5577 15.06400518183728
1 45048U 20006E   23151.73327484  .00000913  00000-0  80143-4 0  9992
2 45048  53.0536 153.9580 0000947  92.8149 267.2949 15.06398728183784
1 45048U 20006E   23152.26404932  .00001294  00000-0  10577-3 0  9991
2 45048  53.0537 151.5746 0000933  94.8363 265.2733 15.06398516183861
1 45048U 20006E   23153.39193558  .00001691  00000-0  13235-3 0  9990
2 45048  53.0534 146.5119 0000964  88.9376 271.1724 15.06408788184037
1 45048U 20006E   23154.38715132 -.00000291  00000-0 -64661-6 0  9997
2 45048  53.0536 142.0441 0000950  92.3396 267.7702 15.06395316184189
1 45048U 20006E   23154.65253809 -.00000158  00000-0  82563-5 0  9996
2 45048  53.0536 140.8531 0000953  92.7160 267.3938 15.06396223184221
1 45048U 20006E   23155.24965637  .00000012  00000-0  19716-4 0  9998
2 45048  53.0538 138.1723 0000915  91.0438 269.0656 15.06401914184314
1 45048U 20006E   23155.91313050  .00001090  00000-0  92073-4 0  9992
2 45048  53.0536 135.1943 0000989  97.3643 262.7459 15.06391986184410
1 45048U 20006E   23156.31121234  .00001510  00000-0  12027-3 0  9995
2 45048  53.0538 133.4068 0001004  94.5659 265.5444 15.06392718184471
1 45048U 20006E   23156.64294358  .00001971  00000-0  15117-3 0  9993
2 45048  53.0540 131.9175 0000994  93.1081 267.0022 15.06398138184524
1 45048U 20006E   23157.24005904  .00003168  00000-0  23138-3 0  9999
2 45048  53.0532 129.2367 0001039  89.2534 270.8574 15.06409057184615
1 45048U 20006E   23157.63814453  .00000884  00000-0  78216-4 0  9999
2 45048  53.0534 127.4494 0001042  85.9394 274.1714 15.06399695184674
1 45048U 20006E   23158.16893210 -.00000061  00000-0  14797-4 0  9998
2 45048  53.0543 125.0669 0001031  91.1275 268.9832 15.06386877184756
1 45048U 20006E   23158.89873708  .00000431  00000-0  47823-4 0  9994
2 45048  53.0549 121.7880 0001175  94.4578 265.6545 15.06402459184863
1 45048U 20006E   23159.16411804  .00000678  00000-0  64355-4 0  9992
2 45048  53.0538 120.5992 0001234  89.6760 270.4371 15.06410336184906
1 45048U 20006E   23160.15933939  .00000579  00000-0  57774-4 0  9998
2 45048  53.0537 116.1318 0001260  89.3879 270.7254 15.06386508185058
1 45048U 20006E   23160.88914812  .00000643  00000-0  62023-4 0  9992
2 45048  53.0534 112.8549 0001226  83.4530 276.6599 15.06400282185160
1 45048U 20006E   23161.55261759  .00001158  00000-0  96622-4 0  9996
2 45048  53.0536 109.8719 0001331  82.2518 277.8622 15.06395386185266
1 45048U 20006E   23161.88436439  .00000085  00000-0  24584-4 0  9997
2 45048  53.0541 108.3889 0001355  92.4672 267.6472 15.06384218185312
1 45048U 20006E   23162.54782696  .00002001  00000-0  15319-3 0  9995
2 45048  53.0547 105.4104 0001359  92.2380 267.8765 15.06398307185416
1 45048U 20006E   23163.54302448  .00000383  00000-0  44593-4 0  9997
2 45048  53.0539 100.9416 0001581  82.4575 277.6593 15.06401534185568
1 45048U 20006E   23164.20650131  .00000704  00000-0  66159-4 0  9995
2 45048  53.0535  97.9632 0001199  91.2031 268.9096 15.06392119185669
1 45048U 20006E   23165.20169819  .00008144  00000-0  56483-3 0  9998
2 45048  53.0547  93.4948 0001123  90.0133 270.0984 15.06411407185819
1 45048U 20006E   23165.79883086  .00003550  00000-0  25716-3 0  9992
2 45048  53.0541  90.8157 0001545  78.2134 281.9028 15.06394529185908
1 45048U 20006E   23166.06421937  .00001457  00000-0  11668-3 0  9991
2 45048  53.0542  89.6234 0001146  73.8966 286.2149 15.06391249185944
1 45048U 20006E   23167.45749727  .00012668  00000-0  86732-3 0  9995
2 45048  53.0538  83.3683 0001390  78.9103 281.2042 15.06420834186152
1 45048U 20006E   23167.78923039  .00013741  00000-0  93892-3 0  9999
2 45048  53.0544  81.8792 0002077  76.6587 283.4633 15.06425916186209
1 45048U 20006E   23168.45271364  .00019817  00000-0  13463-2 0  9996
2 45048  53.0542  78.9029 0001383  95.3331 264.7816 15.06379454186302
1 45048U 20006E   23168.85079703  .00018228  00000-0  12396-2 0  9992
2 45048  53.0543  77.1157 0001374  96.9667 263.1478 15.06394474186367
1 45048U 20006E   23169.18252979  .00020810  00000-0  14114-2 0  9997
2 45048  53.0542  75.6268 0001360  96.5889 263.5255 15.06410312186412
1 45048U 20006E   23170.50946682  .00014504  00000-0  99017-3 0  9995
2 45048  53.0542  69.6703 0001270  92.0384 268.0750 15.06416675186610
1 45048U 20006E   23170.84119372  .00019657  00000-0  13336-2 0  9993
2 45048  53.0539  68.1804 0001363  95.4671 264.6474 15.06434565186669
1 45048U 20006E   23171.10657259  .00022693  00000-0  15354-2 0  9990
2 45048  53.0541  66.9894 0001270  91.0380 269.0754 15.06449799186703
1 45048U 20006E   23171.70369996  .00010885  00000-0  74841-3 0  9991
2 45048  53.0540  64.3094 0001570  92.1720 267.9449 15.06404824186796
1 45048U 20006E   23171.96909103  .00019198  00000-0  13046-2 0  9994
2 45048  53.0541  63.1181 0001335  74.9112 285.2024 15.06389278186835
1 45048U 20006E   23172.83159415  .00020499  00000-0  13901-2 0  9990
2 45048  53.0546  59.2455 0001427  79.7403 280.3747 15.06425136186964
1 45048U 20006E   23188.15773365  .00016419  00000-0  11184-2 0  9996
2 45048  53.0553 350.4432 0001098  78.1875 281.9237 15.06406930189610
1 45048U 20006E   23189.41831798  .00005100  00000-0  36096-3 0  9996
2 45048  53.0548 344.7844 0001771  83.9006 276.2185 15.06408888189809
1 45048U 20006E   23189.75005394  .00004343  00000-0  31032-3 0  9991
2 45048  53.0546 343.2952 0001031  91.7319 268.3788 15.06397002189855
1 45048U 20006E   23191.14334035  .00005119  00000-0  36231-3 0  9992
2 45048  53.0547 337.0407 0001437  85.8671 274.2482 15.06400537190067
1 45048U 20006E   23191.74046456  .00006997  00000-0  48821-3 0  9998
2 45048  53.0545 334.3603 0001028  74.1294 285.9808 15.06396515190152
1 45048U 20006E   23192.66931497  .00016907  00000-0  11505-2 0  9998
2 45048  53.0556 330.1918 0001113  71.9977 288.1133 15.06423558190294
1 45048U 20006E   23193.39913368 -.00003041  00000-0 -18538-3 0  9997
2 45048  53.0552 326.9139 0001032  83.7467 276.3639 15.06393401190409
1 45048U 20006E   23194.72606275  .00021295  00000-0  14428-2 0  9993
2 45048  53.0552 320.9581 0000928  74.3798 285.7293 15.06435214190601
1 45048U 20006E   23195.52223258  .00007388  00000-0  51432-3 0  9992
2 45048  53.0546 317.3831 0001899  83.9230 276.1975 15.06404978190724
1 45048U 20006E   23196.65011648  .00024863  00000-0  16803-2 0  9994
2 45048  53.0548 312.3200 0000852  90.9677 269.1410 15.06441383190897
1 45048U 20006E   23197.04820602  .00011232  00000-0  77162-3 0  9998
2 45048  53.0548 310.5323 0001927  68.8821 291.2374 15.06404297190957
1 45048U 20006E   23197.31359888  .00013729  00000-0  93892-3 0  9992
2 45048  53.0534 309.3415 0002878  77.0673 283.0637 15.06394021190991
1 45048U 20006E   23197.77803671  .00021000  00000-0  14258-2 0  9995
2 45048  53.0546 307.2573 0000998  51.8774 308.2304 15.06366371191066
1 45048U 20006E   23198.57420300  .00026593  00000-0  17970-2 0  9994
2 45048  53.0551 303.6834 0001060  49.0010 311.1071 15.06409502191186
1 45048U 20006E   23199.43671945  .00012787  00000-0  87612-3 0  9994
2 45048  53.0545 299.8115 0000937  46.1941 313.9125 15.06385354191313
1 45048U 20006E   23200.63095678  .00014204  00000-0  96997-3 0  9994
2 45048  53.0544 294.4503 0000944  62.1654 297.9431 15.06421921191492
1 45048U 20006E   23201.62616107  .00002778  00000-0  20532-3 0  9995
2 45048  53.0543 289.9762 0001083 146.4556 213.6501 15.06396831191640
1 45048U 20006E   23202.55500971  .00013249  00000-0  90608-3 0  9995
2 45048  53.0541 285.8083 0000858  69.9364 290.1718 15.06425284191784
1 45048U 20006E   23205.20886082  .00013694  00000-0  93523-3 0  9993
2 45048  53.0534 273.8982 0000854  77.2941 282.8143 15.06446573191841
1 45048U 20006E   23206.40312467  .00008470  00000-0  58664-3 0  9990
2 45048  53.0537 268.5380 0000948  66.6049 293.5040 15.06410632192025
1 45048U 20006E   23207.53102468  .00007755  00000-0  53890-3 0  9994
2 45048  53.0536 263.4743 0000835  71.1102 288.9978 15.06402541192193
1 45048U 20006E   23207.86275873  .00008232  00000-0  57081-3 0  9998
2 45048  53.0531 261.9841 0000961  90.3107 269.7992 15.06402921192249
1 45048U 20006E   23207.86275873  .00008232  00000-0  57081-3 0  9998
2 45048  53.0531 261.9841 0000961  90.3107 269.7992 15.06402921192586
1 45048U 20006E   23208.85795741  .00004119  00000-0  29517-3 0  9992
2 45048  53.0527 257.5133 0001008  73.9632 286.1468 15.06407140192397
1 45048U 20006E   23209.12334838 -.00003212  00000-0 -19687-3 0  9991
2 45048  53.0516 256.3265 0001490  73.5223 286.5929 15.06388920192777
1 45048U 20006E   23209.52143675 -.00001933  00000-0 -11100-3 0  9992
2 45048  53.0522 254.5389 0001235  69.9133 290.1989 15.06377391192493
1 45048U 20006E   23209.52143675 -.00001933  00000-0 -11100-3 0  9992
2 45048  53.0522 254.5389 0001235  69.9133 290.1989 15.06377391192831
1 45048U 20006E   23210.38395566  .00010141  00000-0  69888-3 0  9991
2 45048  53.0528 250.6667 0001010  68.5794 291.5302 15.06390443192963
1 45048U 20006E   23211.31281268  .00006965  00000-0  48599-3 0  9993
2 45048  53.0528 246.4970 0001088  67.6066 292.5039 15.06401450193106
1 45048U 20006E   23212.37435017  .00008484  00000-0  58742-3 0  9992
2 45048  53.0530 241.7318 0001141  67.1681 292.9428 15.06422098193265
1 45048U 20006E   23213.10416453  .00001575  00000-0  12458-3 0  9995
2 45048  53.0528 238.4544 0001207  64.3079 295.8034 15.06408594193371
1 45048U 20006E   23213.30320559 -.00000697  00000-0 -27905-4 0  9998
2 45048  53.0527 237.5610 0001031  82.8388 277.2718 15.06402933193405
1 45048U 20006E   23214.36475374  .00000479  00000-0  51053-4 0  9998
2 45048  53.0529 232.7953 0001159  64.1128 295.9980 15.06405381193565
1 45048U 20006E   23215.09457269  .00001992  00000-0  15259-3 0  9990
2 45048  53.0526 229.5190 0001057  76.6697 283.4410 15.06398020193678
1 45048U 20006E   23216.28881143  .00002204  00000-0  16681-3 0  9991
2 45048  53.0527 224.1579 0001059  76.2492 283.8614 15.06405284193853
1 45048U 20006E   23217.01863077  .00000874  00000-0  77542-4 0  9994
2 45048  53.0527 220.8820 0001086  76.0446 284.0664 15.06397454193961
1 45048U 20006E   23218.01382651  .00001025  00000-0  87664-4 0  9994
2 45048  53.0535 216.4138 0001096  81.4149 278.6964 15.06406740194113
1 45048U 20006E   23218.67729556  .00000030  00000-0  20919-4 0  9990
2 45048  53.0533 213.4360 0000908  81.3904 278.7188 15.06402869194212
1 45048U 20006E   23219.00904323 -.00000246  00000-0  23961-5 0  9996
2 45048  53.0539 211.9472 0001222  81.6216 278.4911 15.06387367194265
1 45048U 20006E   23219.67250908 -.00000056  00000-0  15106-4 0  9992
2 45048  53.0544 208.9684 0001149  95.6040 264.5080 15.06394467194363
1 45048U 20006E   23220.26962391  .00000882  00000-0  78105-4 0  9999
2 45048  53.0545 206.2875 0001233  82.1615 277.9514 15.06405531194455
1 45048U 20006E   23220.66769020 -.00011798  00000-0 -77352-3 0  9999
2 45048  53.0543 204.5007 0001080  60.1437 299.9659 15.06445598194517
1 45048U 20006E   23220.99945219  .00001485  00000-0  11862-3 0  9995
2 45048  53.0541 203.0111 0001161  92.8460 267.2662 15.06386814194565
1 45048U 20006E   23221.66291398  .00002193  00000-0  16606-3 0  9990
2 45048  53.0544 200.0329 0001182  94.5772 265.5352 15.06399331194660
1 45048U 20006E   23222.32637144  .00002155  00000-0  16347-3 0  9997
2 45048  53.0542 197.0542 0001182  94.3865 265.7259 15.06411889194763
1 45048U 20006E   23222.65811963  .00000393  00000-0  45289-4 0  9996
2 45048  53.0552 195.5658 0001442  81.8351 278.2801 15.06394929194818
1 45048U 20006E   23223.32159448 -.00000136  00000-0  97922-5 0  9992
2 45048  53.0540 192.5856 0001344  93.2681 266.8462 15.06389446194911
1 45048U 20006E   23224.05143091  .00026287  00000-0  17793-2 0  9999
2 45048  53.0529 189.3111 0000824 101.5472 258.5609 15.06353600195026
1 45048U 20006E   23224.31678650  .00004685  00000-0  33319-3 0  9993
2 45048  53.0532 188.1180 0001377  87.4284 272.6862 15.06404939195064
1 45048U 20006E   23224.91391801  .00002030  00000-0  15516-3 0  9990
2 45048  53.0527 185.4376 0001399  84.9335 275.1814 15.06391030195150
1 45048U 20006E   23226.04180541  .00004462  00000-0  31814-3 0  9993
2 45048  53.0532 180.3748 0001238  96.2809 263.8321 15.06411449195320
1 45048U 20006E   23226.30718910  .00009119  00000-0  62994-3 0  9996
2 45048  53.0534 179.1832 0001245  97.0971 263.0159 15.06421233195366
1 45048U 20006E   23227.10336095 -.00001506  00000-0 -82233-4 0  9998
2 45048  53.0543 175.6092 0001465 100.8705 259.2449 15.06392857195488
1 45048U 20006E   23228.09856412  .00016896  00000-0  11500-2 0  9990
2 45048  53.0532 171.1421 0001229  88.5107 271.6023 15.06415012195631
1 45048U 20006E   23229.09377096  .00009740  00000-0  67181-3 0  9994
2 45048  53.0536 166.6741 0001331  88.9863 271.1279 15.06404278195782
1 45048U 20006E   23230.08896067  .00021117  00000-0  14308-2 0  9993
2 45048  53.0546 162.2070 0001454  92.1882 267.9273 15.06439518195933
1 45048U 20006E   23231.15052387  .00020664  00000-0  14030-2 0  9999
2 45048  53.0542 157.4422 0001664  76.1524 283.9650 15.06375904196097
1 45048U 20006E   23233.14093614  .00006330  00000-0  44358-3 0  9999
2 45048  53.0536 148.5068 0001591  91.1338 268.9833 15.06390125196397
1 45048U 20006E   23233.80439832  .00014678  00000-0  10017-2 0  9996
2 45048  53.0535 145.5283 0001584  94.3024 265.8146 15.06418857196498
1 45048U 20006E   23234.13612440  .00019803  00000-0  13432-2 0  9990
2 45048  53.0531 144.0391 0001558  95.9607 264.1559 15.06438266196545
1 45048U 20006E   23235.06499169  .00019515  00000-0  13257-2 0  9999
2 45048  53.0525 139.8697 0001126 107.7170 252.3942 15.06390885196681
1 45048U 20006E   23235.19768935  .00020312  00000-0  13793-2 0  9995
2 45048  53.0527 139.2740 0001391  76.0240 284.0903 15.06379867196705
1 45048U 20006E   23236.12654230  .00019667  00000-0  13349-2 0  9999
2 45048  53.0532 135.1028 0001342  81.3100 278.8040 15.06418179196506
1 45048U 20006E   23236.98905349  .00006913  00000-0  48249-3 0  9991
2 45048  53.0553 131.2206 0001743 135.9036 224.2092 15.06403935196970
1 45048U 20006E   23237.12175232  .00010525  00000-0  72436-3 0  9997
2 45048  53.0540 130.6357 0001383  81.9816 278.1330 15.06402178196658
1 45048U 20006E   23237.85156013  .00016078  00000-0  10951-2 0  9995
2 45048  53.0542 127.3598 0001246  82.4641 277.6490 15.06424423196760
1 45048U 20006E   23238.05059560  .00017745  00000-0  12061-2 0  9993
2 45048  53.0543 126.4666 0001317  96.0352 264.0787 15.06433575197135
1 45048U 20006E   23238.11694045  .00017744  00000-0  12059-2 0  9999
2 45048  53.0541 126.1682 0001287  95.9128 264.2007 15.06436457196805
1 45048U 20006E   23238.71406792  .00002923  00000-0  21497-3 0  9995
2 45048  53.0535 123.4849 0001816  91.5568 268.5629 15.06408971197236
1 45048U 20006E   23238.84676276 -.00002976  00000-0 -18103-3 0  9995
2 45048  53.0543 122.8917 0001374 105.3878 254.7263 15.06392645196916
1 45048U 20006E   23239.04580645  .00002797  00000-0  20664-3 0  9996
2 45048  53.0542 121.9987 0001218  88.6135 271.4993 15.06391178196947
1 45048U 20006E   23239.04580645  .00002797  00000-0  20664-3 0  9996
2 45048  53.0542 121.9987 0001218  88.6135 271.4993 15.06391178197285
1 45048U 20006E   23239.84197093  .00018579  00000-0  12625-2 0  9997
2 45048  53.0538 118.4246 0001135  84.8121 275.2998 15.06410630197068
1 45048U 20006E   23240.04100861  .00015026  00000-0  10251-2 0  9995
2 45048  53.0541 117.5310 0001104  88.8134 271.2982 15.06414699197437
1 45048U 20006E   23240.37274645  .00003301  00000-0  24039-3 0  9996
2 45048  53.0542 116.0419 0001243  90.6561 269.4570 15.06401040197484
1 45048U 20006E   23240.90352790  .00003763  00000-0  27144-3 0  9995
2 45048  53.0538 113.6596 0001385  88.4740 271.6408 15.06390903197221
1 45048U 20006E   23240.96987548  .00006815  00000-0  47608-3 0  9994
2 45048  53.0539 113.3619 0001392  88.8489 271.2660 15.06392795197572
1 45048U 20006E   23241.83238572  .00018589  00000-0  12631-2 0  9995
2 45048  53.0538 109.4902 0001416  89.1509 270.9643 15.06413448197369
1 45048U 20006E   23242.03142400  .00013110  00000-0  89704-3 0  9993
2 45048  53.0537 108.5963 0001506  89.1834 270.9327 15.06414450197730
1 45048U 20006E   23242.36316183  .00003946  00000-0  28363-3 0  9990
2 45048  53.0542 107.1064 0001681  83.9852 276.1329 15.06400339197785
1 45048U 20006E   23242.89392760  .00026977  00000-0  18203-2 0  9993
2 45048  53.0539 104.7254 0003898  97.3682 262.7750 15.06452661197523
1 45048U 20006E   23243.02664137 -.00015996  00000-0 -10586-2 0  9996
2 45048  53.0536 104.1317 0001599  71.4914 288.6249 15.06357361197544
1 45048U 20006E   23243.02664137 -.00015996  00000-0 -10586-2 0  9996
2 45048  53.0536 104.1317 0001599  71.4914 288.6249 15.06357361197881
1 45048U 20006E   23244.02182710  .00016404  00000-0  11168-2 0  9999
2 45048  53.0518  99.6665 0001527  43.6017 316.5092 15.06425090198031
1 45048U 20006E   23244.28721039  .00024128  00000-0  16311-2 0  9997
2 45048  53.0516  98.4738 0002718  78.1739 281.9554 15.06445861197736
1 45048U 20006E   23244.28721039  .00024128  00000-0  16311-2 0  9997
2 45048  53.0516  98.4738 0002718  78.1739 281.9554 15.06445861198074
1 45048U 20006E   23244.61894673  .00004410  00000-0  31467-3 0  9991
2 45048  53.0500  96.9841 0001805  89.1839 270.9357 15.06412505198128
1 45048U 20006E   23244.88434825 -.00018553  00000-0 -12314-2 0  9993
2 45048  53.0508  95.7914 0000753  64.5969 295.5097 15.06355776197822
1 45048U 20006E   23244.88434825 -.00018553  00000-0 -12314-2 0  9993
2 45048  53.0508  95.7914 0000753  64.5969 295.5097 15.06355776198160
1 45048U 20006E   23245.28241187  .00017175  00000-0  11682-2 0  9999
2 45048  53.0508  94.0012 0001019  83.0298 277.0807 15.06428359198227
1 45048U 20006E   23245.54780208  .00012066  00000-0  82722-3 0  9998
2 45048  53.0538  92.8095 0001351  90.5775 269.5369 15.06414440197920
1 45048U 20006E   23245.54780208  .00012066  00000-0  82722-3 0  9998
2 45048  53.0538  92.8095 0001351  90.5775 269.5369 15.06414440198268
1 45048U 20006E   23245.87952887  .00024188  00000-0  16354-2 0  9993
2 45048  53.0543  91.3206 0001264  90.7964 269.3170 15.06440651197975
1 45048U 20006E   23245.87952887  .00024188  00000-0  16354-2 0  9993
2 45048  53.0543  91.3206 0001264  90.7964 269.3170 15.06440651198314
1 45048U 20006E   23246.27760812  .00008250  00000-0  57174-3 0  9991
2 45048  53.0524  89.5333 0001049  86.6489 273.4619 15.06421623198031
1 45048U 20006E   23246.27760812  .00008250  00000-0  57174-3 0  9991
2 45048  53.0524  89.5333 0001049  86.6489 273.4619 15.06421623198378
1 45048U 20006E   23247.00743288  .00006026  00000-0  42318-3 0  9994
2 45048  53.0534  86.2559 0001496  88.4797 271.6364 15.06393811198140
1 45048U 20006E   23247.00743288  .00006026  00000-0  42318-3 0  9994
2 45048  53.0534  86.2559 0001496  88.4797 271.6364 15.06393811198487
1 45048U 20006E   23248.53341549  .00009402  00000-0  64923-3 0  9994
2 45048  53.0542  79.4047 0001836  98.3526 261.7672 15.06398695198713
1 45048U 20006E   23249.26323298  .00004314  00000-0  30836-3 0  9999
2 45048  53.0544  76.1307 0001706  87.1988 272.9196 15.06398690198824
1 45048U 20006E   23249.52861623  .00005198  00000-0  36749-3 0  9997
2 45048  53.0551  74.9379 0001662  88.9579 271.1601 15.06408364198522
1 45048U 20006E   23249.92669072  .00010060  00000-0  69286-3 0  9991
2 45048  53.0545  73.1499 0001538  92.4249 267.6916 15.06422433198921
1 45048U 20006E   23250.52381747 -.00000808  00000-0 -35370-4 0  9998
2 45048  53.0556  70.4704 0001629  93.4532 266.6643 15.06398350198677
1 45048U 20006E   23250.78920692 -.00003739  00000-0 -23226-3 0  9996
2 45048  53.0539  69.2795 0001519  84.1609 275.9553 15.06396233199058
1 45048U 20006E   23250.85555567 -.00001185  00000-0 -60676-4 0  9993
2 45048  53.0533  68.9816 0001365  79.8755 280.2387 15.06396121198727
1 45048U 20006E   23251.18729015 -.00000791  00000-0 -34181-4 0  9995
2 45048  53.0534  67.4924 0001431  81.0753 279.0398 15.06397743198773
1 45048U 20006E   23251.78441056  .00010444  00000-0  71881-3 0  9998
2 45048  53.0546  64.8119 0001427  79.1037 281.0113 15.06409205199205
1 45048U 20006E   23251.91710299  .00013470  00000-0  92109-3 0  9999
2 45048  53.0551  64.2162 0001423  76.5811 283.5336 15.06415473198881
1 45048U 20006E   23252.44788313  .00002591  00000-0  19278-3 0  9998
2 45048  53.0552  61.8330 0001862  78.2531 281.8667 15.06398696199300
1 45048U 20006E   23252.51422947  .00003085  00000-0  22593-3 0  9997
2 45048  53.0546  61.5351 0001860  82.5356 277.5844 15.06400128198979
1 45048U 20006E   23253.44308315  .00009126  00000-0  63058-3 0  9995
2 45048  53.0558  57.3663 0001470  86.6355 273.4803 15.06410844199115
1 45048U 20006E   23253.77481250  .00013536  00000-0  92530-3 0  9998
2 45048  53.0557  55.8767 0001467  85.3638 274.7519 15.06422780199501
1 45048U 20006E   23254.17289207  .00002154  00000-0  16344-3 0  9994
2 45048  53.0546  54.0885 0001278  94.7146 265.3989 15.06409206199223
1 45048U 20006E   23254.17289207  .00002154  00000-0  16344-3 0  9994
2 45048  53.0546  54.0885 0001278  94.7146 265.3989 15.06409206199560
1 45048U 20006E   23254.70367145  .00001458  00000-0  11676-3 0  9990
2 45048  53.0549  51.7066 0001305  92.0438 268.0700 15.06400074199648
1 45048U 20006E   23255.43348121  .00021935  00000-0  14859-2 0  9991
2 45048  53.0552  48.4307 0001406 117.1155 242.9978 15.06425383199750
1 45048U 20006E   23255.56617684  .00016057  00000-0  10939-2 0  9992
2 45048  53.0553  47.8342 0001485 123.4733 236.6398 15.06417933199435
1 45048U 20006E   23255.69887450  .00007657  00000-0  53229-3 0  9992
2 45048  53.0542  47.2368 0001043  89.7722 270.3387 15.06404506199791
1 45048U 20006E   23256.42869377  .00013475  00000-0  92171-3 0  9996
2 45048  53.0561  43.9625 0001496  89.1604 270.9557 15.06404314199901
1 45048U 20006E   23256.56138798  .00009583  00000-0  66139-3 0  9997
2 45048  53.0550  43.3657 0001325  82.9317 277.1823 15.06399634199588
1 45048U 20006E   23256.69407979  .00006873  00000-0  47976-3 0  9998
2 45048  53.0558  42.7704 0001389  88.9833 271.1315 15.06405110199601
1 45048U 20006E   23256.69407979  .00006873  00000-0  47976-3 0  9998
2 45048  53.0558  42.7704 0001389  88.9833 271.1315 15.06405110199948
1 45048U 20006E   23257.42390336  .00002835  00000-0  20917-3 0  9998
2 45048  53.0561  39.4948 0001536  95.1640 264.9525 15.06391637200051
1 45048U 20006E   23257.55659903  .00000021  00000-0  20334-4 0  9999
2 45048  53.0559  38.9001 0001433  92.8883 267.2270 15.06386399199735
1 45048U 20006E   23257.68929307 -.00000686  00000-0 -27154-4 0  9997
2 45048  53.0558  38.3041 0001479  95.5369 264.5789 15.06387522199757
1 45048U 20006E   23258.08737852  .00000561  00000-0  56583-4 0  9992
2 45048  53.0561  36.5173 0001386  89.6946 270.4202 15.06386356200156
1 45048U 20006E   23258.55181352 -.00000196  00000-0  57156-5 0  9995
2 45048  53.0577  34.4338 0001450  94.9158 265.1997 15.06386710199882
1 45048U 20006E   23259.34796676  .00003368  00000-0  24490-3 0  9990
2 45048  53.0581  30.8598 0001485  95.0866 265.0293 15.06397982200346
1 45048U 20006E   23259.54699580  .00005068  00000-0  35876-3 0  9997
2 45048  53.0577  29.9658 0001411  94.4500 265.6650 15.06411468200039
1 45048U 20006E   23259.67969230  .00007916  00000-0  54946-3 0  9996
2 45048  53.0569  29.3698 0001412  91.6270 268.4881 15.06419015200394
1 45048U 20006E   23260.40951351  .00005417  00000-0  38219-3 0  9993
2 45048  53.0565  26.0935 0001417  90.1680 269.9471 15.06411055200164
1 45048U 20006E   23260.40951351  .00005417  00000-0  38219-3 0  9993
2 45048  53.0565  26.0935 0001417  90.1680 269.9471 15.06411055200502
1 45048U 20006E   23261.53739364  .00018693  00000-0  12692-2 0  9992
2 45048  53.0564  21.0299 0001217  92.3747 267.7381 15.06438527200335
1 45048U 20006E   23261.60373748  .00024670  00000-0  16671-2 0  9993
2 45048  53.0562  20.7313 0001364 101.9237 258.1905 15.06448949200683
1 45048U 20006E   23261.80276819  .00029384  00000-0  19798-2 0  9996
2 45048  53.0566  19.8349 0001335 107.4761 252.6374 15.06466325200379
1 45048U 20006E   23262.06816727 -.00005352  00000-0 -34062-3 0  9996
2 45048  53.0568  18.6459 0002016  85.3332 274.7887 15.06401941200754
1 45048U 20006E   23262.59894177  .00023580  00000-0  15968-2 0  9993
2 45048  53.0573  16.2634 0001315  91.0243 269.0897 15.06395670200833
1 45048U 20006E   23263.52782088  .00017029  00000-0  11605-2 0  9999
2 45048  53.0564  12.0945 0001381  95.2848 264.8299 15.06362619200973
1 45048U 20006E   23263.59417019  .00022634  00000-0  15350-2 0  9994
2 45048  53.0561  11.7978 0001230  74.0625 286.0499 15.06364215200649
1 45048U 20006E   23264.45669336  .00015194  00000-0  10371-2 0  9992
2 45048  53.0555   7.9262 0001324  76.7432 283.3705 15.06385700201119
1 45048U 20006E   23264.52304056  .00015361  00000-0  10482-2 0  9994
2 45048  53.0556   7.6285 0001340  77.0868 283.0271 15.06387977200782
1 45048U 20006E   23264.58938740  .00016850  00000-0  11476-2 0  9991
2 45048  53.0558   7.3309 0001352  77.3876 282.7264 15.06392227200796
1 45048U 20006E   23265.45188457  .00020708  00000-0  14037-2 0  9993
2 45048  53.0555   3.4594 0001378  74.6517 285.4625 15.06435621201266
1 45048U 20006E   23265.51822955  .00022690  00000-0  15356-2 0  9995
2 45048  53.0556   3.1617 0001398  73.9126 286.2017 15.06440259200930
1 45048U 20006E   23265.58457417  .00023667  00000-0  16005-2 0  9996
2 45048  53.0552   2.8636 0001392  72.0544 288.0597 15.06444691200949
1 45048U 20006E   23266.51343112  .00022735  00000-0  15399-2 0  9996
2 45048  53.0552 358.6931 0001327 130.3999 229.7106 15.06408761201081
1 45048U 20006E   23266.51343112  .00022735  00000-0  15399-2 0  9996
2 45048  53.0552 358.6931 0001327 130.3999 229.7106 15.06408761201429
1 45048U 20006E   23266.57978001  .00015826  00000-0  10789-2 0  9994
2 45048  53.0550 358.3944 0001197  99.7029 260.4095 15.06401152201432
1 45048U 20006E   23267.44228237  .00011179  00000-0  76782-3 0  9993
2 45048  53.0549 354.5213 0001227  88.3891 271.7238 15.06417836201566
1 45048U 20006E   23267.50862807  .00015580  00000-0  10618-2 0  9992
2 45048  53.0547 354.2243 0001378  81.7830 278.3315 15.06425608201230
1 45048U 20006E   23267.50862807  .00015580  00000-0  10618-2 0  9992
2 45048  53.0547 354.2243 0001378  81.7830 278.3315 15.06425608201577
1 45048U 20006E   23268.23844463  .00010821  00000-0  74398-3 0  9990
2 45048  53.0546 350.9472 0001482 110.7388 249.3760 15.06413769201689
1 45048U 20006E   23268.50383439  .00006985  00000-0  48733-3 0  9991
2 45048  53.0555 349.7552 0001407 106.5544 253.5599 15.06402584201385
1 45048U 20006E   23268.50383439  .00006985  00000-0  48733-3 0  9991
2 45048  53.0555 349.7552 0001407 106.5544 253.5599 15.06402584201723
1 45048U 20006E   23269.43269319  .00004124  00000-0  29559-3 0  9992
2 45048  53.0551 345.5863 0001500 111.5833 248.5316 15.06400846201864
1 45048U 20006E   23269.49903957  .00005299  00000-0  37434-3 0  9996
2 45048  53.0550 345.2882 0001505 111.9231 248.1918 15.06404317201537
1 45048U 20006E   23270.36155968  .00000857  00000-0  76422-4 0  9991
2 45048  53.0550 341.4168 0001753 114.4811 245.6361 15.06388481202009
1 45048U 20006E   23270.49425478  .00002238  00000-0  16910-3 0  9991
2 45048  53.0546 340.8224 0001447 101.9184 258.1967 15.06390685201687
1 45048U 20006E   23271.48945114  .00010479  00000-0  72100-3 0  9994
2 45048  53.0552 336.3543 0001457  95.7074 264.4081 15.06416364201834
1 45048U 20006E   23271.48945114  .00010479  00000-0  72100-3 0  9994
2 45048  53.0552 336.3543 0001457  95.7074 264.4081 15.06416364202172
1 45048U 20006E   23272.48466244  .00004591  00000-0  32697-3 0  9992
2 45048  53.0546 331.8863 0001586  91.8734 268.2437 15.06394248202323
1 45048U 20006E   23272.55100797  .00006588  00000-0  46082-3 0  9999
2 45048  53.0545 331.5881 0001501 108.1562 251.9590 15.06396960201991
1 45048U 20006E   23273.47984854  .00021670  00000-0  14676-2 0  9997
2 45048  53.0541 327.4174 0001505 113.1004 247.0143 15.06441538202473
1 45048U 20006E   23274.14331928  .00005644  00000-0  39735-3 0  9997
2 45048  53.0535 324.4404 0002026  90.9912 269.1309 15.06414595202571
1 45048U 20006E   23274.40870979  .00026012  00000-0  17588-2 0  9993
2 45048  53.0537 323.2489 0001560  90.9552 269.1616 15.06398488202613
1 45048U 20006E   23274.54140408  .00030184  00000-0  20366-2 0  9998
2 45048  53.0535 322.6537 0001521  87.9990 272.1173 15.06399926202291
1 45048U 20006E   23274.87313522  .00027914  00000-0  18845-2 0  9999
2 45048  53.0536 321.1637 0001567  90.1188 269.9980 15.06418958202345
1 45048U 20006E   23275.60292773  .00026058  00000-0  17588-2 0  9996
2 45048  53.0534 317.8878 0001601  86.0563 274.0609 15.06462639202454
1 45048U 20006E   23275.60292773  .00026058  00000-0  17588-2 0  9996
2 45048  53.0534 317.8878 0001601  86.0563 274.0609 15.06462639202791
1 45048U 20006E   23276.13371548  .00006881  00000-0  48050-3 0  9994
2 45048  53.0534 315.5048 0001424 103.0163 257.0985 15.06388838202879
1 45048U 20006E   23276.33275796  .00010623  00000-0  73134-3 0  9994
2 45048  53.0537 314.6112 0001374 109.0447 251.0691 15.06379663202569
1 45048U 20006E   23276.79719215  .00033285  00000-0  22427-2 0  9990
2 45048  53.0528 312.5269 0001362  62.7246 297.3881 15.06403036202632
1 45048U 20006E   23277.32795932  .00028930  00000-0  19515-2 0  9995
2 45048  53.0542 310.1439 0001378 105.7632 254.3509 15.06430391202718
1 45048U 20006E   23277.32795932  .00028930  00000-0  19515-2 0  9995
2 45048  53.0542 310.1439 0001378 105.7632 254.3509 15.06430391203056
1 45048U 20006E   23277.79238701  .00012438  00000-0  85208-3 0  9991
2 45048  53.0533 308.0586 0001885  77.6151 282.5049 15.06415692202789
1 45048U 20006E   23277.79238701  .00012438  00000-0  85208-3 0  9991
2 45048  53.0533 308.0586 0001885  77.6151 282.5049 15.06415692203128
1 45048U 20006E   23278.12412717 -.00009202  00000-0 -59995-3 0  9991
2 45048  53.0566 306.5708 0001723  99.1795 260.9389 15.06380814203176
1 45048U 20006E   23278.45587131  .00028850  00000-0  19491-2 0  9994
2 45048  53.0553 305.0813 0001464  80.4520 279.6634 15.06374483202886
1 45048U 20006E   23278.78760791  .00030285  00000-0  20436-2 0  9991
2 45048  53.0543 303.5911 0001415  82.1051 278.0099 15.06394510202938
1 45048U 20006E   23278.78760791  .00030285  00000-0  20436-2 0  9991
2 45048  53.0543 303.5911 0001415  82.1051 278.0099 15.06394510203276
1 45048U 20006E   23279.38472386  .00027194  00000-0  18362-2 0  9998
2 45048  53.0532 300.9099 0001436  81.1906 278.9245 15.06426043203025
1 45048U 20006E   23279.78280690  .00018346  00000-0  12469-2 0  9998
2 45048  53.0533 299.1225 0001519  89.6758 270.4405 15.06412424203085
1 45048U 20006E   23279.78280690  .00018346  00000-0  12469-2 0  9998
2 45048  53.0533 299.1225 0001519  89.6758 270.4405 15.06412424203423
1 45048U 20006E   23280.04819989  .00015730  00000-0  10727-2 0  9997
2 45048  53.0527 297.9312 0002040  92.1754 267.9469 15.06394848203468
1 45048U 20006E   23280.31358978  .00023253  00000-0  15754-2 0  9997
2 45048  53.0531 296.7403 0001479  96.5502 263.5656 15.06385842203166
1 45048U 20006E   23280.31358978  .00023253  00000-0  15754-2 0  9997
2 45048  53.0531 296.7403 0001479  96.5502 263.5656 15.06385842203504
1 45048U 20006E   23280.77801920  .00028567  00000-0  19286-2 0  9994
2 45048  53.0531 294.6552 0001550  98.0563 262.0602 15.06406557203232
1 45048U 20006E   23281.44147419  .00030331  00000-0  20438-2 0  9998
2 45048  53.0534 291.6772 0001578  96.8717 263.2452 15.06446441203336
1 45048U 20006E   23281.44147419  .00030331  00000-0  20438-2 0  9998
2 45048  53.0534 291.6772 0001578  96.8717 263.2452 15.06446441203673
1 45048U 20006E   23282.03860265  .00018697  00000-0  12706-2 0  9995
2 45048  53.0535 288.9962 0001491  96.7146 263.4012 15.06404419203766
1 45048U 20006E   23282.30399388  .00021909  00000-0  14854-2 0  9994
2 45048  53.0536 287.8054 0001201  80.8757 279.2368 15.06394333203467
1 45048U 20006E   23282.30399388  .00021909  00000-0  14854-2 0  9994
2 45048  53.0536 287.8054 0001201  80.8757 279.2368 15.06394333203805
1 45048U 20006E   23283.43187160  .00025431  00000-0  17176-2 0  9996
2 45048  53.0536 282.7420 0001328  84.7607 275.3534 15.06452474203637
1 45048U 20006E   23283.43187160  .00025431  00000-0  17176-2 0  9996
2 45048  53.0536 282.7420 0001328  84.7607 275.3534 15.06452474203974
1 45048U 20006E   23284.42709927  .00022208  00000-0  15061-2 0  9997
2 45048  53.0529 278.2747 0001410 111.1514 248.9626 15.06374903204128
1 45048U 20006E   23284.55979458  .00025140  00000-0  17015-2 0  9998
2 45048  53.0528 277.6789 0001429 111.7410 248.3731 15.06380815203801
1 45048U 20006E   23285.15692121  .00021052  00000-0  14282-2 0  9995
2 45048  53.0534 274.9975 0001398 112.8401 247.2735 15.06393958204234
1 45048U 20006E   23285.28961429  .00018832  00000-0  12797-2 0  9990
2 45048  53.0529 274.4026 0001498 107.6508 252.4645 15.06402970203918
1 45048U 20006E   23285.68770011  .00009337  00000-0  64496-3 0  9993
2 45048  53.0532 272.6144 0001589  98.9212 261.1957 15.06395195203977
1 45048U 20006E   23285.68770011  .00009337  00000-0  64496-3 0  9993
2 45048  53.0532 272.6144 0001589  98.9212 261.1957 15.06395195204316
1 45048U 20006E   23286.21847970  .00003892  00000-0  28012-3 0  9996
2 45048  53.0530 270.2314 0001208 111.4930 248.6188 15.06385718204397
1 45048U 20006E   23286.35117345  .00014709  00000-0  10043-2 0  9990
2 45048  53.0527 269.6364 0001416 105.4532 254.6613 15.06399684204074
1 45048U 20006E   23286.35117345  .00014709  00000-0  10043-2 0  9990
2 45048  53.0527 269.6364 0001416 105.4532 254.6613 15.06399684204412
1 45048U 20006E   23286.68290650  .00032154  00000-0  21665-2 0  9993
2 45048  53.0526 268.1473 0001484 104.4305 255.6848 15.06420048204126
1 45048U 20006E   23287.21366446  .00035243  00000-0  23692-2 0  9994
2 45048  53.0529 265.7641 0001516 105.5792 254.5364 15.06461340204544
1 45048U 20006E   23287.34635186  .00036212  00000-0  24328-2 0  9992
2 45048  53.0529 265.1678 0001519 106.8204 253.2952 15.06471809204228
1 45048U 20006E   23287.94348945  .00016504  00000-0  11242-2 0  9995
2 45048  53.0536 262.4871 0003248  86.0617 274.0743 15.06400565204319
1 45048U 20006E   23288.20888186  .00015221  00000-0  10395-2 0  9994
2 45048  53.0538 261.2955 0001372  84.5078 275.6068 15.06364687204693
1 45048U 20006E   23288.34158008  .00028255  00000-0  19099-2 0  9993
2 45048  53.0538 260.6999 0001389  80.6269 279.4877 15.06366093204379
1 45048U 20006E   23289.33678403  .00030931  00000-0  20849-2 0  9998
2 45048  53.0547 256.2328 0001436  85.5123 274.6030 15.06425213204864
1 45048U 20006E   23289.93388687  .00029697  00000-0  20009-2 0  9991
2 45048  53.0548 253.5517 0001422  89.1588 270.9564 15.06461301204617
1 45048U 20006E   23290.33197204  .00020514  00000-0  13924-2 0  9997
2 45048  53.0548 251.7655 0001345  95.5544 264.5598 15.06390817204672
1 45048U 20006E   23290.33197204  .00020514  00000-0  13924-2 0  9997
2 45048  53.0548 251.7655 0001345  95.5544 264.5598 15.06390817205011
1 45048U 20006E   23291.19447471  .00024448  00000-0  16532-2 0  9994
2 45048  53.0540 247.8942 0001515 107.3701 252.7454 15.06428939204807
1 45048U 20006E   23291.59255537  .00025158  00000-0  17012-2 0  9991
2 45048  53.0555 246.1038 0001602  83.7914 276.3257 15.06413390204865
1 45048U 20006E   23291.59255537  .00025158  00000-0  17012-2 0  9991
2 45048  53.0555 246.1038 0001602  83.7914 276.3257 15.06413390205204
1 45048U 20006E   23292.18968731  .00030835  00000-0  20805-2 0  9996
2 45048  53.0539 243.4274 0001505  94.3571 265.7590 15.06390251205298
1 45048U 20006E   23292.25603464  .00035432  00000-0  23861-2 0  9996
2 45048  53.0538 243.1295 0001499  93.2343 266.8817 15.06392728204962
1 45048U 20006E   23293.25121492  .00035316  00000-0  23737-2 0  9996
2 45048  53.0535 238.6603 0001506  98.9441 261.1719 15.06465971205119
1 45048U 20006E   23293.25121492  .00035316  00000-0  23737-2 0  9996
2 45048  53.0535 238.6603 0001506  98.9441 261.1719 15.06465971205456
1 45048U 20006E   23293.84835114 -.00016967  00000-0 -11240-2 0  9993
2 45048  53.0537 235.9799 0001268  84.9247 275.1887 15.06363034205546
1 45048U 20006E   23294.11374892  .00019470  00000-0  13238-2 0  9994
2 45048  53.0540 234.7878 0001296  94.0850 266.0287 15.06360280205248
1 45048U 20006E   23294.11374892  .00019470  00000-0  13238-2 0  9994
2 45048  53.0540 234.7878 0001296  94.0850 266.0287 15.06360280205585
1 45048U 20006E   23295.04260758  .00030205  00000-0  20366-2 0  9991
2 45048  53.0538 230.6191 0001306  72.4211 287.6921 15.06425982205729
1 45048U 20006E   23295.24164165  .00027183  00000-0  18348-2 0  9996
2 45048  53.0541 229.7253 0001307  88.0308 272.0831 15.06440001205415
1 45048U 20006E   23296.10416830  .00013692  00000-0  93717-3 0  9995
2 45048  53.0542 225.8532 0000959  63.9052 296.2035 15.06366299205547
1 45048U 20006E   23296.10416830  .00013692  00000-0  93717-3 0  9995
2 45048  53.0542 225.8532 0000959  63.9052 296.2035 15.06366299205884
1 45048U 20006E   23297.16571610  .00032625  00000-0  21969-2 0  9996
2 45048  53.0539 221.0880 0000892  68.3182 291.7902 15.06435986206045
1 45048U 20006E   23297.49745171  .00017652  00000-0  12007-2 0  9993
2 45048  53.0541 219.5978 0001063  72.2442 287.8663 15.06408330205752
1 45048U 20006E   23297.49745171  .00017652  00000-0  12007-2 0  9993
2 45048  53.0541 219.5978 0001063  72.2442 287.8663 15.06408330206090
1 45048U 20006E   23298.16092483  .00027804  00000-0  18781-2 0  9994
2 45048  53.0534 216.6199 0000807  87.7610 272.3471 15.06401093205856
1 45048U 20006E   23298.16092483  .00027804  00000-0  18781-2 0  9994
2 45048  53.0534 216.6199 0000807  87.7610 272.3471 15.06401093206194
1 45048U 20006E   23299.15611607  .00015901  00000-0  10831-2 0  9992
2 45048  53.0533 212.1538 0000940  86.4625 273.6472 15.06430757206005
1 45048U 20006E   23299.15611607  .00015901  00000-0  10831-2 0  9992
2 45048  53.0533 212.1538 0000940  86.4625 273.6472 15.06430757206342
1 45048U 20006E   23300.15131583  .00013841  00000-0  94571-3 0  9990
2 45048  53.0533 207.6847 0001037  88.0582 272.0526 15.06421646206498
1 45048U 20006E   23300.48304551  .00014287  00000-0  97540-3 0  9997
2 45048  53.0531 206.1958 0001081  86.0802 274.0311 15.06425589206208
1 45048U 20006E   23300.88111710  .00014959  00000-0  10200-2 0  9997
2 45048  53.0534 204.4087 0001085  85.2332 274.8781 15.06437976206266
1 45048U 20006E   23301.14649492  .00015470  00000-0  10538-2 0  9993
2 45048  53.0534 203.2170 0001128  87.9803 272.1316 15.06449122206302
1 45048U 20006E   23301.87631854  .00002191  00000-0  16591-3 0  9998
2 45048  53.0539 199.9406 0001083  76.5514 283.5595 15.06403492206757
1 45048U 20006E   23301.94266426  .00002602  00000-0  19346-3 0  9993
2 45048  53.0539 199.6432 0001123 111.1412 248.9697 15.06402931206420
1 45048U 20006E   23302.40710076  .00014638  00000-0  99984-3 0  9998
2 45048  53.0536 197.5585 0001173 113.8999 246.2113 15.06388348206493
1 45048U 20006E   23302.40710076  .00014638  00000-0  99984-3 0  9998
2 45048  53.0536 197.5585 0001173 113.8999 246.2113 15.06388348206831
1 45048U 20006E   23302.93787537  .00012071  00000-0  82783-3 0  9990
2 45048  53.0541 195.1747 0001179 110.6244 249.4871 15.06401907206579
1 45048U 20006E   23303.40230576  .00006136  00000-0  43046-3 0  9993
2 45048  53.0542 193.0908 0001458 100.4564 259.6590 15.06398053206981
1 45048U 20006E   23303.86674032 -.00000356  00000-0 -50072-5 0  9991
2 45048  53.0533 191.0072 0001345 105.5392 254.5745 15.06383615207054
1 45048U 20006E   23303.93308771  .00001332  00000-0  10831-3 0  9993
2 45048  53.0531 190.7093 0001178 109.8290 250.2826 15.06384076206727
1 45048U 20006E   23304.39752250  .00009867  00000-0  68065-3 0  9992
2 45048  53.0527 188.6230 0001143 105.3415 254.7700 15.06384891206795
1 45048U 20006E   23304.92830089  .00012191  00000-0  83604-3 0  9998
2 45048  53.0526 186.2401 0001112 103.7604 256.3509 15.06394832206876
1 45048U 20006E   23304.99464763  .00012708  00000-0  87056-3 0  9996
2 45048  53.0525 185.9426 0001091 104.7583 255.3527 15.06397140207225
1 45048U 20006E   23305.39272952  .00009188  00000-0  63490-3 0  9992
2 45048  53.0522 184.1556 0001061 103.8014 256.3093 15.06399496206946
1 45048U 20006E   23305.85715502  .00010032  00000-0  69122-3 0  9994
2 45048  53.0520 182.0707 0001055 102.9083 257.2024 15.06409117207350
1 45048U 20006E   23305.92350101  .00010674  00000-0  73419-3 0  9998
2 45048  53.0518 181.7728 0001034 104.1035 256.0069 15.06411282207020
1 45048U 20006E   23306.38791846  .00018304  00000-0  12433-2 0  9990
2 45048  53.0526 179.6881 0001163 100.4986 259.6134 15.06436534207098
1 45048U 20006E   23306.38791846  .00018304  00000-0  12433-2 0  9990
2 45048  53.0526 179.6881 0001163 100.4986 259.6134 15.06436534207436
1 45048U 20006E   23306.91867233  .00021206  00000-0  14357-2 0  9995
2 45048  53.0525 177.3055 0001143  99.4615 260.6504 15.06466053207170
1 45048U 20006E   23306.91867233  .00021206  00000-0  14357-2 0  9995
2 45048  53.0525 177.3055 0001143  99.4615 260.6504 15.06466053207518
1 45048U 20006E   23307.84753787  .00013971  00000-0  95585-3 0  9999
2 45048  53.0528 173.1352 0001133  64.6304 295.4802 15.06364813207656
1 45048U 20006E   23307.91388663  .00017802  00000-0  12122-2 0  9996
2 45048  53.0530 172.8373 0001122  69.1651 290.9458 15.06363563207323
1 45048U 20006E   23308.04658385  .00022103  00000-0  14995-2 0  9992
2 45048  53.0530 172.2420 0001205  66.9646 293.1470 15.06364598207341
1 45048U 20006E   23308.90909959  .00025613  00000-0  17319-2 0  9995
2 45048  53.0535 168.3703 0001172  67.0965 293.0147 15.06405596207473
1 45048U 20006E   23308.90909959  .00025613  00000-0  17319-2 0  9995
2 45048  53.0535 168.3703 0001172  67.0965 293.0147 15.06405596207811
1 45048U 20006E   23309.30718206  .00013890  00000-0  94948-3 0  9991
2 45048  53.0534 166.5832 0001142  67.5570 292.5539 15.06401573207536
1 45048U 20006E   23309.30718206  .00013890  00000-0  94948-3 0  9991
2 45048  53.0534 166.5832 0001142  67.5570 292.5539 15.06401573207873
1 45048U 20006E   23309.83795809  .00004683  00000-0  33310-3 0  9999
2 45048  53.0538 164.2021 0001235  81.8767 278.2362 15.06397258207950
1 45048U 20006E   23309.90430124  .00017197  00000-0  11699-2 0  9992
2 45048  53.0535 163.9030 0001116  81.4042 278.7073 15.06420850207626
1 45048U 20006E   23309.97064688  .00029522  00000-0  19908-2 0  9993
2 45048  53.0535 163.6045 0001124  79.7740 280.3376 15.06432862207972
1 45048U 20006E   23310.30238139  .00031254  00000-0  21061-2 0  9994
2 45048  53.0530 162.1154 0001512  87.9572 272.1591 15.06429758207683
1 45048U 20006E   23310.30238139  .00031254  00000-0  21061-2 0  9994
2 45048  53.0530 162.1154 0001512  87.9572 272.1591 15.06429758208022
1 45048U 20006E   23310.83314712  .00026037  00000-0  17588-2 0  9996
2 45048  53.0530 159.7314 0001127  84.2475 275.8643 15.06433725208102
1 45048U 20006E   23310.89949373  .00021185  00000-0  14357-2 0  9999
2 45048  53.0531 159.4337 0001180  83.3944 276.7180 15.06428894207774
1 45048U 20006E   23311.29757905  .00007338  00000-0  51094-3 0  9996
2 45048  53.0532 157.6485 0001415  81.9962 278.1187 15.06403979207831
1 45048U 20006E   23311.29757905  .00007338  00000-0  51094-3 0  9996
2 45048  53.0532 157.6485 0001415  81.9962 278.1187 15.06403979208179
1 45048U 20006E   23311.82837191  .00012052  00000-0  82760-3 0  9994
2 45048  53.0531 155.2661 0001659  87.3398 272.7781 15.06355240208257
1 45048U 20006E   23311.89472050  .00016680  00000-0  11374-2 0  9993
2 45048  53.0531 154.9683 0001607  86.9402 273.1771 15.06355580207925
1 45048U 20006E   23312.82359493  .00016206  00000-0  11049-2 0  9995
2 45048  53.0529 150.7993 0001695  85.5703 274.5480 15.06382277208067
1 45048U 20006E   23313.55341172  .00015395  00000-0  10500-2 0  9990
2 45048  53.0530 147.5230 0001703  84.7555 275.3628 15.06404498208178
1 45048U 20006E   23313.68610476  .00014108  00000-0  96392-3 0  9995
2 45048  53.0531 146.9261 0001685  85.8858 274.2324 15.06406570208537
1 45048U 20006E   23313.81879710  .00014367  00000-0  98113-3 0  9998
2 45048  53.0530 146.3293 0001654  86.8986 273.2192 15.06410643208217
1 45048U 20006E   23314.81398606  .00009210  00000-0  63594-3 0  9995
2 45048  53.0529 141.8611 0001659  87.7027 272.4152 15.06426270208366
1 45048U 20006E   23314.81398606  .00009210  00000-0  63594-3 0  9995
2 45048  53.0529 141.8611 0001659  87.7027 272.4152 15.06426270208704
1 45048U 20006E   23315.47745058  .00003091  00000-0  22621-3 0  9992
2 45048  53.0528 138.8827 0001175  75.7260 284.3860 15.06413885208804
1 45048U 20006E   23315.54379541  .00004005  00000-0  28749-3 0  9993
2 45048  53.0531 138.5841 0001007  87.0383 273.0721 15.06411304208475
1 45048U 20006E   23315.80918619 -.00000174  00000-0  72060-5 0  9998
2 45048  53.0529 137.3928 0001606  86.2318 273.8854 15.06406771208511
1 45048U 20006E   23315.94187860 -.00000644  00000-0 -24347-4 0  9996
2 45048  53.0530 136.7969 0001636  86.3304 273.7872 15.06405944208879
1 45048U 20006E   23316.47265190  .00000581  00000-0  57890-4 0  9995
2 45048  53.0546 134.4145 0001673  91.1113 269.0068 15.06407551208613
1 45048U 20006E   23316.80438141  .00000599  00000-0  59081-4 0  9993
2 45048  53.0540 132.9252 0001650  90.7688 269.3490 15.06409971208661
1 45048U 20006E   23317.46785079  .00001014  00000-0  86959-4 0  9998
2 45048  53.0538 129.9468 0001627  94.7662 265.3513 15.06401844208767
1 45048U 20006E   23317.46785079  .00001014  00000-0  86959-4 0  9998
2 45048  53.0538 129.9468 0001627  94.7662 265.3513 15.06401844209106
1 45048U 20006E   23318.46304851  .00000730  00000-0  67899-4 0  9990
2 45048  53.0537 125.4793 0001579  94.3832 265.7337 15.06404837208919
1 45048U 20006E   23318.59574073  .00000666  00000-0  63593-4 0  9994
2 45048  53.0535 124.8837 0001571  94.0948 266.0220 15.06406099208935
1 45048U 20006E   23318.59574073  .00000666  00000-0  63593-4 0  9994
2 45048  53.0535 124.8837 0001571  94.0948 266.0220 15.06406099209273
1 45048U 20006E   23319.72364227 -.00000062  00000-0  14740-4 0  9999
2 45048  53.0550 119.8203 0001195  92.5253 267.5873 15.06397040209102
1 45048U 20006E   23319.72364227 -.00000062  00000-0  14740-4 0  9999
2 45048  53.0550 119.8203 0001195  92.5253 267.5873 15.06397040209449
1 45048U 20006E   23320.71883741 -.00004891  00000-0 -30952-3 0  9994
2 45048  53.0541 115.3533 0001645  84.3534 275.7643 15.06418494209596
1 45048U 20006E   23320.85153313 -.00001108  00000-0 -55507-4 0  9996
2 45048  53.0543 114.7564 0001226  90.9659 269.1470 15.06407494209279
1 45048U 20006E   23320.85153313 -.00001108  00000-0 -55507-4 0  9996
2 45048  53.0543 114.7564 0001226  90.9659 269.1470 15.06407494209617
1 45048U 20006E   23321.44866167 -.00000310  00000-0 -19120-5 0  9996
2 45048  53.0542 112.0762 0001509  93.3431 266.7731 15.06396232209368
1 45048U 20006E   23321.44866167 -.00000310  00000-0 -19120-5 0  9996
2 45048  53.0542 112.0762 0001509  93.3431 266.7731 15.06396232209706
1 45048U 20006E   23321.71405063  .00000592  00000-0  58611-4 0  9997
2 45048  53.0526 110.8839 0001425  88.9788 271.1364 15.06394005209406
1 45048U 20006E   23322.44386488  .00000926  00000-0  81058-4 0  9999
2 45048  53.0526 107.6070 0001377  87.7379 272.3767 15.06396823209518
1 45048U 20006E   23322.70924981  .00001208  00000-0  99989-4 0  9990
2 45048  53.0523 106.4157 0001350  87.4044 272.7099 15.06399845209558
1 45048U 20006E   23322.70924981  .00001208  00000-0  99989-4 0  9990
2 45048  53.0523 106.4157 0001350  87.4044 272.7099 15.06399845209895
1 45048U 20006E   23323.37272299  .00000727  00000-0  67684-4 0  9994
2 45048  53.0550 103.4395 0001420  93.9002 266.2150 15.06394991209994
1 45048U 20006E   23323.57176586  .00000274  00000-0  37287-4 0  9991
2 45048  53.0557 102.5451 0001008  79.9512 280.1590 15.06393782209682
1 45048U 20006E   23323.70445997  .00000187  00000-0  31446-4 0  9995
2 45048  53.0546 101.9493 0001332  89.9057 270.2084 15.06393555209703
1 45048U 20006E   23324.56696538  .00000327  00000-0  40862-4 0  9997
2 45048  53.0547  98.0773 0001298  89.0179 271.0959 15.06399575209830
1 45048U 20006E   23324.76600378  .00000567  00000-0  56944-4 0  9990
2 45048  53.0551  97.1840 0001346  87.9903 272.1240 15.06402005209867
1 45048U 20006E   23324.76600378  .00000567  00000-0  56944-4 0  9990
2 45048  53.0551  97.1840 0001346  87.9903 272.1240 15.06402005210207
1 45048U 20006E   23325.36312946  .00000847  00000-0  75781-4 0  9999
2 45048  53.0552  94.5036 0001382  87.5959 272.5188 15.06394951209958
1 45048U 20006E   23325.36312946  .00000847  00000-0  75781-4 0  9999
2 45048  53.0552  94.5036 0001382  87.5959 272.5188 15.06394951210297
1 45048U 20006E   23325.62851572  .00001077  00000-0  91185-4 0  9993
2 45048  53.0553  93.3123 0001389  87.3474 272.7673 15.06397053209991
1 45048U 20006E   23326.49100961  .00002180  00000-0  16514-3 0  9996
2 45048  53.0555  89.4407 0001402  86.5406 273.5743 15.06413641210469
1 45048U 20006E   23326.55735466  .00002495  00000-0  18628-3 0  9994
2 45048  53.0556  89.1429 0001408  86.5608 273.5542 15.06415783210131
1 45048U 20006E   23326.62369952  .00002747  00000-0  20313-3 0  9999
2 45048  53.0555  88.8450 0001416  86.5827 273.5324 15.06418169210142
1 45048U 20006E   23327.48622395 -.00001599  00000-0 -88467-4 0  9998
2 45048  53.0551  84.9712 0001329 105.0841 255.0295 15.06392969210615
1 45048U 20006E   23327.55257115 -.00001938  00000-0 -11128-3 0  9996
2 45048  53.0549  84.6731 0001415 114.1946 245.9191 15.06391634210287
1 45048U 20006E   23327.61891864 -.00002499  00000-0 -14898-3 0  9998
2 45048  53.0552  84.3744 0001549 117.6096 242.5051 15.06390240210295
1 45048U 20006E   23328.48142291 -.00001514  00000-0 -82754-4 0  9991
2 45048  53.0539  80.4961 0001170  95.0355 265.0767 15.06402114210765
1 45048U 20006E   23328.54776861 -.00000895  00000-0 -41217-4 0  9994
2 45048  53.0543  80.2000 0001168  87.8957 272.2166 15.06404748210438
1 45048U 20006E   23328.68045990  .00000517  00000-0  53608-4 0  9997
2 45048  53.0548  79.6044 0001342 104.1638 255.9500 15.06408274210456
1 45048U 20006E   23328.68045990  .00000517  00000-0  53608-4 0  9997
2 45048  53.0548  79.6044 0001342 104.1638 255.9500 15.06408274210793
1 45048U 20006E   23329.60933181  .00002072  00000-0  15797-3 0  9992
2 45048  53.0554  75.4416 0001627  96.6027 263.5147 15.06389863210592
1 45048U 20006E   23329.67567780  .00001861  00000-0  14382-3 0  9991
2 45048  53.0555  75.1404 0001606  97.0502 263.0669 15.06390784210607
1 45048U 20006E   23330.47182090  .00004127  00000-0  29565-3 0  9995
2 45048  53.0559  71.5702 0001384  85.0331 275.0816 15.06417248211065
1 45048U 20006E   23330.60451102  .00005369  00000-0  37879-3 0  9999
2 45048  53.0564  70.9749 0001757  73.9960 286.1223 15.06423807210740
1 45048U 20006E   23331.46703968 -.00002234  00000-0 -13119-3 0  9995
2 45048  53.0558  67.0985 0001138 102.3069 257.8047 15.06386196211213
1 45048U 20006E   23331.53338275 -.00003063  00000-0 -18689-3 0  9996
2 45048  53.0556  66.7995 0001362 110.1775 249.9361 15.06389131210883
1 45048U 20006E   23331.66607936 -.00004976  00000-0 -31552-3 0  9991
2 45048  53.0565  66.2069 0001394  96.6421 263.4727 15.06383457210906
1 45048U 20006E   23332.52859764  .00015578  00000-0  10625-2 0  9990
2 45048  53.0564  62.3375 0001522  82.0657 278.0505 15.06396995211037
1 45048U 20006E   23332.52859764  .00015578  00000-0  10625-2 0  9990
2 45048  53.0564  62.3375 0001522  82.0657 278.0505 15.06396995211374
1 45048U 20006E   23333.52380777  .00006019  00000-0  42269-3 0  9994
2 45048  53.0557  57.8683 0001386  96.6198 263.4949 15.06392091211188
1 45048U 20006E   23333.52380777  .00006019  00000-0  42269-3 0  9994
2 45048  53.0557  57.8683 0001386  96.6198 263.4949 15.06392091211526
1 45048U 20006E   23334.45265384  .00020411  00000-0  13840-2 0  9997
2 45048  53.0555  53.6976 0001360  80.4462 279.6681 15.06432232211669
1 45048U 20006E   23335.44786228  .00013441  00000-0  91925-3 0  9998
2 45048  53.0560  49.2327 0001665  83.7477 276.3701 15.06411046211472
1 45048U 20006E   23335.44786228  .00013441  00000-0  91925-3 0  9998
2 45048  53.0560  49.2327 0001665  83.7477 276.3701 15.06411046211810
1 45048U 20006E   23335.97863245  .00013585  00000-0  92881-3 0  9992
2 45048  53.0565  46.8533 0001459 106.9772 253.1377 15.06413980211893
1 45048U 20006E   23336.50938781  .00039717  00000-0  26650-2 0  9995
2 45048  53.0549  44.4686 0001384  93.4959 266.6188 15.06473510211638
1 45048U 20006E   23336.50938781  .00039717  00000-0  26650-2 0  9995
2 45048  53.0549  44.4686 0001384  93.4959 266.6188 15.06473510211975
1 45048U 20006E   23336.97381659 -.00000665  00000-0 -25760-4 0  9997
2 45048  53.0552  42.3822 0001689 125.2038 234.9109 15.06413433212046
1 45048U 20006E   23337.50462443  .00015933  00000-0  10884-2 0  9999
2 45048  53.0543  40.0002 0001470  62.8664 297.2475 15.06320971212121
1 45048U 20006E   23337.57097514  .00019366  00000-0  13183-2 0  9998
2 45048  53.0544  39.7022 0001542  64.5452 295.5697 15.06319690211798
1 45048U 20006E   23337.96906541  .00023000  00000-0  15594-2 0  9998
2 45048  53.0565  37.9188 0001509  51.7389 308.3736 15.06364342212190
1 45048U 20006E   23338.43349404  .00036125  00000-0  24310-2 0  9998
2 45048  53.0551  35.8315 0001652  55.1161 304.9983 15.06410741211920
1 45048U 20006E   23338.43349404  .00036125  00000-0  24310-2 0  9998
2 45048  53.0551  35.8315 0001652  55.1161 304.9983 15.06410741212268
1 45048U 20006E   23339.16330738  .00019012  00000-0  12915-2 0  9993
2 45048  53.0557  32.5558 0001435  69.8992 290.2152 15.06408258212377
1 45048U 20006E   23339.42869349  .00024658  00000-0  16679-2 0  9990
2 45048  53.0557  31.3643 0001465  68.6402 291.4743 15.06412601212078
1 45048U 20006E   23340.15849806  .00014531  00000-0  99166-3 0  9990
2 45048  53.0563  28.0871 0001524  82.3764 277.7399 15.06428859212527
1 45048U 20006E   23340.42387891  .00009227  00000-0  63703-3 0  9995
2 45048  53.0558  26.8954 0001516  89.1052 271.0111 15.06429474212225
1 45048U 20006E   23340.42387891  .00009227  00000-0  63703-3 0  9995
2 45048  53.0558  26.8954 0001516  89.1052 271.0111 15.06429474212562
1 45048U 20006E   23341.48543147 -.00003277  00000-0 -20121-3 0  9998
2 45048  53.0556  22.1289 0001354  98.1022 262.0120 15.06396326212386
1 45048U 20006E   23341.48543147 -.00003277  00000-0 -20121-3 0  9998
2 45048  53.0556  22.1289 0001354  98.1022 262.0120 15.06396326212724
1 45048U 20006E   23342.41428963 -.00000096  00000-0  12481-4 0  9996
2 45048  53.0549  17.9587 0001312  96.6200 263.4938 15.06398338212529
1 45048U 20006E   23342.41428963 -.00000096  00000-0  12481-4 0  9996
2 45048  53.0549  17.9587 0001312  96.6200 263.4938 15.06398338212866
1 45048U 20006E   23343.47584506  .00002672  00000-0  19823-3 0  9996
2 45048  53.0550  13.1940 0001337  87.3633 272.7509 15.06396691212680
1 45048U 20006E   23343.47584506  .00002672  00000-0  19823-3 0  9996
2 45048  53.0550  13.1940 0001337  87.3633 272.7509 15.06396691213029
1 45048U 20006E   23344.47104375  .00003952  00000-0  28403-3 0  9995
2 45048  53.0552   8.7269 0001499  74.8657 285.2498 15.06407348212837
1 45048U 20006E   23345.33355540  .00001189  00000-0  98728-4 0  9991
2 45048  53.0561   4.8506 0001584  70.6072 289.5088 15.06399964212968
1 45048U 20006E   23345.33355540  .00001189  00000-0  98728-4 0  9991
2 45048  53.0561   4.8506 0001584  70.6072 289.5088 15.06399964213307
1 45048U 20006E   23346.32875053  .00003480  00000-0  25237-3 0  9997
2 45048  53.0554   0.3828 0001363  90.6354 269.4792 15.06406556213111
1 45048U 20006E   23346.32875053  .00003480  00000-0  25237-3 0  9997
2 45048  53.0554   0.3828 0001363  90.6354 269.4792 15.06406556213458
1 45048U 20006E   23347.25761491 -.00000269  00000-0  81540-6 0  9995
2 45048  53.0555 356.2109 0001369  98.7868 261.3276 15.06392471213255
1 45048U 20006E   23347.25761491 -.00000269  00000-0  81540-6 0  9995
2 45048  53.0555 356.2109 0001369  98.7868 261.3276 15.06392471213592
1 45048U 20006E   23348.25281934  .00000553  00000-0  56009-4 0  9990
2 45048  53.0545 351.7443 0001330  90.3079 269.8063 15.06397827213409
1 45048U 20006E   23349.18167895  .00002605  00000-0  19372-3 0  9993
2 45048  53.0548 347.5756 0001449  99.3842 260.7311 15.06396291213882
1 45048U 20006E   23349.31437286  .00002791  00000-0  20618-3 0  9993
2 45048  53.0549 346.9819 0001412  91.4557 268.6594 15.06397765213564
1 45048U 20006E   23349.97783649  .00004150  00000-0  29730-3 0  9997
2 45048  53.0551 344.0041 0001442  88.6854 271.4300 15.06408212214001
1 45048U 20006E   23350.24322032  .00005730  00000-0  40311-3 0  9997
2 45048  53.0551 342.8138 0001437  90.3177 269.7976 15.06414846213701
1 45048U 20006E   23351.17206295  .00009365  00000-0  64622-3 0  9991
2 45048  53.0551 338.6461 0001510 131.4669 228.6450 15.06432991214183
1 45048U 20006E   23351.23840874  .00010948  00000-0  75196-3 0  9992
2 45048  53.0550 338.3449 0001340 112.9132 247.1999 15.06437368213855
1 45048U 20006E   23352.16726694 -.00001876  00000-0 -10705-3 0  9995
2 45048  53.0542 334.1732 0001625  81.4781 278.6392 15.06403359214334
1 45048U 20006E   23352.23361707 -.00001895  00000-0 -10833-3 0  9996
2 45048  53.0550 333.8858 0001494  80.7410 279.3747 15.06401540214009
1 45048U 20006E   23353.16248797 -.00004723  00000-0 -29837-3 0  9999
2 45048  53.0559 329.7047 0001543  72.4899 287.6259 15.06397491214140
1 45048U 20006E   23353.16248797 -.00004723  00000-0 -29837-3 0  9999
2 45048  53.0559 329.7047 0001543  72.4899 287.6259 15.06397491214487
1 45048U 20006E   23354.22403607  .00003682  00000-0  26598-3 0  9992
2 45048  53.0553 324.9354 0001531 103.4265 256.6895 15.06394851214308
1 45048U 20006E   23354.22403607  .00003682  00000-0  26598-3 0  9992
2 45048  53.0553 324.9354 0001531 103.4265 256.6895 15.06394851214645
1 45048U 20006E   23355.15290093  .00003118  00000-0  22820-3 0  9996
2 45048  53.0548 320.7675 0001513 104.3581 255.7575 15.06391121214787
1 45048U 20006E   23355.21924755  .00002813  00000-0  20773-3 0  9998
2 45048  53.0548 320.4742 0001433  92.4495 267.6658 15.06394075214450
1 45048U 20006E   23356.14808918  .00005712  00000-0  40185-3 0  9993
2 45048  53.0549 316.3007 0001479  94.5446 265.5712 15.06418251214932
1 45048U 20006E   23356.21443465  .00006632  00000-0  46344-3 0  9998
2 45048  53.0548 316.0034 0001478  93.3855 266.7303 15.06421355214600
1 45048U 20006E   23357.14329928  .00000315  00000-0  40048-4 0  9996
2 45048  53.0555 311.8318 0001558  91.7270 268.3898 15.06399472215082
1 45048U 20006E   23357.27599271  .00000613  00000-0  60026-4 0  9999
2 45048  53.0542 311.2437 0001491 109.4372 250.6778 15.06397595214769
1 45048U 20006E   23357.87311467  .00008394  00000-0  58164-3 0  9997
2 45048  53.0549 308.5637 0001569 116.2377 243.8773 15.06405459214852
1 45048U 20006E   23358.07215155  .00013087  00000-0  89564-3 0  9990
2 45048  53.0553 307.6734 0001551 104.9124 255.2037 15.06408299214888
1 45048U 20006E   23358.07215155  .00013087  00000-0  89564-3 0  9990
2 45048  53.0553 307.6734 0001551 104.9124 255.2037 15.06408299215227
1 45048U 20006E   23358.86831977  .00005772  00000-0  40603-3 0  9996
2 45048  53.0551 304.0940 0001643 106.2438 253.8731 15.06401670215007
1 45048U 20006E   23358.86831977  .00005772  00000-0  40603-3 0  9996
2 45048  53.0551 304.0940 0001643 106.2438 253.8731 15.06401670215344
1 45048U 20006E   23359.13371229 -.00001704  00000-0 -95547-4 0  9997
2 45048  53.0556 302.9044 0001583  95.4609 264.6560 15.06386582215044
1 45048U 20006E   23359.13371229 -.00001704  00000-0 -95547-4 0  9997
2 45048  53.0556 302.9044 0001583  95.4609 264.6560 15.06386582215381
1 45048U 20006E   23359.86351898 -.00000452  00000-0 -11414-4 0  9997
2 45048  53.0562 299.6262 0001547 119.9106 240.2037 15.06404079215152
1 45048U 20006E   23359.86351898 -.00000452  00000-0 -11414-4 0  9997
2 45048  53.0562 299.6262 0001547 119.9106 240.2037 15.06404079215499
1 45048U 20006E   23360.12889934  .00002764  00000-0  20427-3 0  9994
2 45048  53.0552 298.4336 0001522 107.2961 252.8195 15.06416875215535
1 45048U 20006E   23360.26159115  .00003341  00000-0  24295-3 0  9999
2 45048  53.0551 297.8376 0001491 104.7436 255.3718 15.06418611215219
1 45048U 20006E   23360.79238569  .00000589  00000-0  58490-4 0  9994
2 45048  53.0553 295.4576 0002008  76.4974 283.6239 15.06391634215299
1 45048U 20006E   23360.79238569  .00000589  00000-0  58490-4 0  9994
2 45048  53.0553 295.4576 0002008  76.4974 283.6239 15.06391634215637
1 45048U 20006E   23361.05777315 -.00002007  00000-0 -11594-3 0  9993
2 45048  53.0554 294.2637 0001393  85.6289 274.4859 15.06389034215334
1 45048U 20006E   23362.11932682  .00012940  00000-0  88584-3 0  9999
2 45048  53.0550 289.4979 0001447  85.7612 274.3543 15.06406280215495
1 45048U 20006E   23362.11932682  .00012940  00000-0  88584-3 0  9999
2 45048  53.0550 289.4979 0001447  85.7612 274.3543 15.06406280215833
1 45048U 20006E   23363.04818904  .00003934  00000-0  28287-3 0  9999
2 45048  53.0549 285.3285 0001522  81.8258 278.2903 15.06395787215633
1 45048U 20006E   23363.04818904  .00003934  00000-0  28287-3 0  9999
2 45048  53.0549 285.3285 0001522  81.8258 278.2903 15.06395787215970
1 45048U 20006E   23364.04338889  .00009497  00000-0  65537-3 0  9998
2 45048  53.0562 280.8591 0001841  70.5906 289.5282 15.06413232215784
1 45048U 20006E   23364.04338889  .00009497  00000-0  65537-3 0  9998
2 45048  53.0562 280.8591 0001841  70.5906 289.5282 15.06413232216123
1 45048U 20006E   23364.77320452  .00003356  00000-0  24404-3 0  9991
2 45048  53.0552 277.5858 0001532  98.8111 261.3052 15.06402933216230
1 45048U 20006E   23364.90589825  .00002218  00000-0  16773-3 0  9993
2 45048  53.0552 276.9860 0001319  98.1844 261.9295 15.06401068215912
