1 45049U 20006F   23001.45359555  .00030310  00000-0  16019-2 0  9993
2 45049  53.0543  99.5036 0002186 197.3696 162.7222 15.15259152161268
1 45049U 20006F   23001.78338529  .00030487  00000-0  16101-2 0  9994
2 45049  53.0546  98.0025 0002128 198.7284 161.3630 15.15280931161310
1 45049U 20006F   23002.50890683  .00033752  00000-0  17776-2 0  9996
2 45049  53.0546  94.7004 0002002 201.4289 158.6620 15.15329048161421
1 45049U 20006F   23002.77272796  .00027073  00000-0  14299-2 0  9990
2 45049  53.0547  93.4997 0001979 203.5068 156.5835 15.15339902161468
1 45049U 20006F   23002.97059188  .00026407  00000-0  13948-2 0  9990
2 45049  53.0548  92.5992 0001942 204.1302 155.9600 15.15351115161498
1 45049U 20006F   23004.48749620  .00037962  00000-0  19892-2 0  9997
2 45049  53.0551  85.6950 0001585 210.8557 149.2343 15.15453115161727
1 45049U 20006F   23005.47669422  .00043752  00000-0  22801-2 0  9996
2 45049  53.0565  81.1908 0001382 215.7923 144.2977 15.15580592161876
1 45049U 20006F   23005.67452508  .00045672  00000-0  23772-2 0  9994
2 45049  53.0564  80.2893 0001362 215.4798 144.6105 15.15604725161909
1 45049U 20006F   23006.20206499  .00036034  00000-0  18792-2 0  9998
2 45049  53.0554  77.8885 0001311 218.0879 142.0021 15.15645850161985
1 45049U 20006F   23007.19116580  .00034523  00000-0  17978-2 0  9994
2 45049  53.0556  73.3843 0001160 222.7625 137.3278 15.15718146162133
1 45049U 20006F   23007.58679364  .00034351  00000-0  17876-2 0  9997
2 45049  53.0559  71.5828 0001100 227.7602 132.3298 15.15744933162199
1 45049U 20006F   23008.44396093  .00033543  00000-0  17431-2 0  9997
2 45049  53.0562  67.6799 0000959 240.6568 119.4330 15.15805561162325
1 45049U 20006F   23009.43295735  .00032848  00000-0  17041-2 0  9992
2 45049  53.0569  63.1754 0000894 246.6528 113.4371 15.15875437162478
1 45049U 20006F   23010.55376610  .00035145  00000-0  18175-2 0  9991
2 45049  53.0568  58.0693 0000849 255.7676 104.3223 15.15954970162641
1 45049U 20006F   23011.41081395  .00038828  00000-0  20015-2 0  9997
2 45049  53.0565  54.1641 0000820 264.5367  95.5533 15.16021486162779
1 45049U 20006F   23011.80636131  .00039959  00000-0  20571-2 0  9997
2 45049  53.0564  52.3619 0000803 267.1800  92.9101 15.16054556162838
1 45049U 20006F   23012.39966670  .00040577  00000-0  20856-2 0  9990
2 45049  53.0562  49.6582 0000770 271.4928  88.5977 15.16102730162926
1 45049U 20006F   23013.38846707  .00041486  00000-0  21268-2 0  9996
2 45049  53.0560  45.1524 0000677 277.1449  82.9467 15.16184075163079
1 45049U 20006F   23013.78397194  .00039832  00000-0  20412-2 0  9993
2 45049  53.0558  43.3499 0000654 284.0871  76.0050 15.16216937163130
1 45049U 20006F   23015.10225239  .00054306  00000-0  27613-2 0  9994
2 45049  53.0555  37.3410 0000546 293.4084  66.6852 15.16348326163338
1 45049U 20006F   23015.76135030  .00048528  00000-0  24668-2 0  9991
2 45049  53.0552  34.3364 0000496 301.1754  58.9191 15.16410337163438
1 45049U 20006F   23016.42041471  .00058818  00000-0  29751-2 0  9991
2 45049  53.0555  31.3314 0000379 314.7983  45.2979 15.16494970163536
1 45049U 20006F   23016.74993612  .00050597  00000-0  25624-2 0  9990
2 45049  53.0553  29.8295 0000399 328.4452  31.6518 15.16521799163582
1 45049U 20006F   23017.21125479  .00044409  00000-0  22502-2 0  9998
2 45049  53.0556  27.7254 0000382 334.9641  25.1333 15.16563417163655
1 45049U 20006F   23017.73846122  .00047657  00000-0  24094-2 0  9996
2 45049  53.0553  25.3221 0000403 351.0091   9.0895 15.16609140163730
1 45049U 20006F   23018.39744547  .00056160  00000-0  28277-2 0  9993
2 45049  53.0553  22.3160 0000382 357.2030   2.8961 15.16676836163838
1 45049U 20006F   23018.72692676  .00055720  00000-0  28032-2 0  9995
2 45049  53.0553  20.8132 0000390   1.5029 358.5965 15.16709754163882
1 45049U 20006F   23019.25408154  .00046031  00000-0  23185-2 0  9999
2 45049  53.0554  18.4085 0000423  11.6235 348.4769 15.16756577163965
1 45049U 20006F   23020.37422400  .00049247  00000-0  24702-2 0  9992
2 45049  53.0554  13.2980 0000491  32.4529 327.6495 15.16871691164134
1 45049U 20006F   23025.31495742  .00046175  00000-0  22826-2 0  9992
2 45049  53.0587 350.7492 0000817  79.0004 281.1081 15.17411595164885
1 45049U 20006F   23026.30289744  .00048812  00000-0  24042-2 0  9997
2 45049  53.0588 346.2387 0000826  86.8949 273.2139 15.17513136165031
1 45049U 20006F   23027.29077169  .00045648  00000-0  22441-2 0  9997
2 45049  53.0590 341.7274 0000823  90.8728 269.2361 15.17609657165188
1 45049U 20006F   23028.27858504  .00046641  00000-0  22862-2 0  9997
2 45049  53.0588 337.2159 0000829  99.3092 260.7995 15.17702381165335
1 45049U 20006F   23028.87124650  .00036824  00000-0  18084-2 0  9994
2 45049  53.0587 334.5085 0000819 102.9324 257.1761 15.17746571165420
1 45049U 20006F   23029.20049429  .00040246  00000-0  19724-2 0  9997
2 45049  53.0588 333.0045 0000847 104.8164 255.2923 15.17776366165474
1 45049U 20006F   23030.25405232  .00034162  00000-0  16744-2 0  9991
2 45049  53.0584 328.1913 0000860 113.3808 246.7276 15.17850802165636
1 45049U 20006F   23031.11003112  .00031987  00000-0  15667-2 0  9993
2 45049  53.0582 324.2803 0000846 117.7038 242.4042 15.17907335165768
1 45049U 20006F   23031.90013421  .00036623  00000-0  17872-2 0  9996
2 45049  53.0580 320.6699 0000816 119.3650 240.7425 15.17969493165886
1 45049U 20006F   23032.16349477  .00038628  00000-0  18825-2 0  9994
2 45049  53.0579 319.4665 0000842 119.6163 240.4915 15.17991118165929
1 45049U 20006F   23033.08522818  .00033672  00000-0  16409-2 0  9998
2 45049  53.0575 315.2541 0000862 127.6161 232.4912 15.18058789166064
1 45049U 20006F   23034.27024774  .00037336  00000-0  18117-2 0  9997
2 45049  53.0568 309.8382 0000930 135.2789 224.8280 15.18157825166249
1 45049U 20006F   23034.66523896  .00035772  00000-0  17354-2 0  9993
2 45049  53.0569 308.0324 0000956 136.4800 223.6269 15.18185883166308
1 45049U 20006F   23035.12605134  .00041347  00000-0  19997-2 0  9991
2 45049  53.0566 305.9259 0001024 141.6484 218.4583 15.18225271166375
1 45049U 20006F   23035.91598923  .00034489  00000-0  16693-2 0  9994
2 45049  53.0560 302.3148 0001024 144.8924 215.2138 15.18284297166498
1 45049U 20006F   23036.04764264  .00034304  00000-0  16600-2 0  9996
2 45049  53.0558 301.7129 0001027 144.9186 215.1876 15.18293853166510
1 45049U 20006F   23036.90336929  .00034547  00000-0  16686-2 0  9997
2 45049  53.0552 297.8002 0001071 150.2998 209.8057 15.18356003166641
1 45049U 20006F   23037.10084001  .00035424  00000-0  17097-2 0  9993
2 45049  53.0551 296.8973 0001033 149.2833 210.8222 15.18370454166675
1 45049U 20006F   23037.89069984  .00044037  00000-0  21148-2 0  9994
2 45049  53.0544 293.2862 0000923 149.3622 210.7426 15.18442093166796
1 45049U 20006F   23038.08815891  .00044950  00000-0  21569-2 0  9993
2 45049  53.0542 292.3830 0000934 149.9756 210.1292 15.18460490166825
1 45049U 20006F   23038.94378255  .00049384  00000-0  23606-2 0  9996
2 45049  53.0535 288.4696 0000854 151.3334 208.7707 15.18551106166956
1 45049U 20006F   23039.93097639  .00053058  00000-0  25259-2 0  9999
2 45049  53.0531 283.9533 0000777 158.3130 201.7897 15.18659310167104
1 45049U 20006F   23040.91810194  .00054975  00000-0  26080-2 0  9990
2 45049  53.0537 279.4350 0000766 168.6907 191.4104 15.18764852167251
1 45049U 20006F   23041.04971370  .00056439  00000-0  26754-2 0  9994
2 45049  53.0536 278.8326 0000787 169.0770 191.0241 15.18778896167275
1 45049U 20006F   23041.90515970  .00051015  00000-0  24153-2 0  9995
2 45049  53.0539 274.9172 0000751 174.3907 185.7096 15.18868512167404
1 45049U 20006F   23042.76055599  .00048199  00000-0  22779-2 0  9997
2 45049  53.0539 271.0024 0000602 179.1057 180.9939 15.18956314167537
1 45049U 20006F   23043.35272479  .00046698  00000-0  22043-2 0  9997
2 45049  53.0541 268.2924 0000496 186.9359 173.1629 15.19012781167621
1 45049U 20006F   23044.60279738  .00037601  00000-0  17750-2 0  9994
2 45049  53.0536 262.5709 0000353 195.4783 164.6201 15.19111167168159
1 45049U 20006F   23045.58964146  .00037250  00000-0  17550-2 0  9994
2 45049  53.0539 258.0524 0000275 202.8795 157.2188 15.19182603167969
1 45049U 20006F   23046.57644281  .00042044  00000-0  19737-2 0  9995
2 45049  53.0545 253.5336 0000239 208.4039 151.6943 15.19252076168117
1 45049U 20006F   23046.83958199  .00042276  00000-0  19834-2 0  9995
2 45049  53.0538 252.3287 0000180 232.1746 127.9232 15.19270311168158
1 45049U 20006F   23047.56319721  .00036040  00000-0  16920-2 0  9993
2 45049  53.0536 249.0150 0000148 261.0099  99.0879 15.19320571168266
1 45049U 20006F   23047.82632415  .00035706  00000-0  16757-2 0  9996
2 45049  53.0537 247.8099 0000149 278.3854  81.7124 15.19337779168300
1 45049U 20006F   23048.54990980  .00024937  00000-0  11753-2 0  9995
2 45049  53.0536 244.4962 0000225 307.7247  52.3727 15.19374404168410
1 45049U 20006F   23048.81302793  .00023474  00000-0  11071-2 0  9992
2 45049  53.0537 243.2912 0000254 316.4614  43.6360 15.19385206168452
1 45049U 20006F   23049.53659225  .00020343  00000-0  96097-3 0  9991
2 45049  53.0556 239.9780 0000367 321.7753  38.3216 15.19416024168562
1 45049U 20006F   23050.52324792  .00018782  00000-0  88756-3 0  9997
2 45049  53.0568 235.4595 0000463 332.3652  27.7318 15.19455578168712
1 45049U 20006F   23051.50987624  .00020878  00000-0  98345-3 0  9999
2 45049  53.0572 230.9401 0000583 338.2537  21.8433 15.19498887168862
1 45049U 20006F   23052.49647370  .00025791  00000-0  12087-2 0  9996
2 45049  53.0583 226.4210 0000692 341.4842  18.6127 15.19551624169019
1 45049U 20006F   23052.75956005  .00028069  00000-0  13131-2 0  9995
2 45049  53.0584 225.2162 0000755 344.7080  15.3891 15.19568351169054
1 45049U 20006F   23053.48303346  .00025451  00000-0  11910-2 0  9995
2 45049  53.0588 221.9013 0000830 344.9503  15.1467 15.19610782169167
1 45049U 20006F   23053.74610986  .00025612  00000-0  11979-2 0  9999
2 45049  53.0589 220.6965 0000903 346.2657  13.8313 15.19625312169201
1 45049U 20006F   23054.46955480  .00032565  00000-0  15154-2 0  9994
2 45049  53.0593 217.3817 0000983 346.3916  13.7052 15.19675564169317
1 45049U 20006F   23054.86415168  .00033017  00000-0  15350-2 0  9993
2 45049  53.0588 215.5732 0001054 348.5272  11.5699 15.19701209169371
1 45049U 20006F   23055.39026831  .00035244  00000-0  16351-2 0  9993
2 45049  53.0589 213.1626 0001136 347.8935  12.2033 15.19742077169454
1 45049U 20006F   23055.71908521  .00029354  00000-0  13647-2 0  9994
2 45049  53.0590 211.6560 0001197 348.5950  11.5017 15.19759844169508
1 45049U 20006F   23056.11365904  .00028769  00000-0  13369-2 0  9991
2 45049  53.0593 209.8480 0001265 349.9341  10.1628 15.19786717169564
1 45049U 20006F   23056.83702674  .00036845  00000-0  17035-2 0  9997
2 45049  53.0592 206.5334 0001381 351.4873   8.6098 15.19840159169678
1 45049U 20006F   23057.42885123  .00043498  00000-0  20034-2 0  9999
2 45049  53.0594 203.8217 0001426 351.7301   8.3670 15.19895100169768
1 45049U 20006F   23057.69187734  .00046321  00000-0  21300-2 0  9996
2 45049  53.0592 202.6165 0001460 352.3728   7.7244 15.19920887169809
1 45049U 20006F   23058.41517555  .00062067  00000-0  28359-2 0  9991
2 45049  53.0587 199.3012 0001583 352.0959   8.0011 15.20005701169914
1 45049U 20006F   23058.67817865  .00134037  00000-0  60308-2 0  9993
2 45049  53.0587 198.0956 0001645 353.4340   6.6633 15.20098287169954
1 45049U 20006F   23059.53291973  .00020561  00000-0  95211-3 0  9993
2 45049  53.0590 194.1775 0001670 355.6288   4.4692 15.20098733170080
1 45049U 20006F   23059.86166094  .00015352  00000-0  71499-3 0  9998
2 45049  53.0584 192.6708 0001781 355.3362   4.7616 15.20107019170138
1 45049U 20006F   23060.84787255  .00012861  00000-0  60111-3 0  9997
2 45049  53.0583 188.1493 0001915 357.3314   2.7670 15.20131877170289
1 45049U 20006F   23061.57108481  .00011732  00000-0  54948-3 0  9993
2 45049  53.0582 184.8332 0001948 358.5240   1.5749 15.20148544170395
1 45049U 20006F   23062.29428901  .00014410  00000-0  67088-3 0  9990
2 45049  53.0581 181.5173 0002042   0.3682 359.7314 15.20168925170503
1 45049U 20006F   23062.75450480  .00013706  00000-0  63866-3 0  9995
2 45049  53.0582 179.4073 0002120   0.7800 359.3198 15.20180844170579
1 45049U 20006F   23063.47769186  .00015449  00000-0  71735-3 0  9991
2 45049  53.0580 176.0915 0002124   2.0716 358.0288 15.20204728170686
1 45049U 20006F   23063.74066650  .00015022  00000-0  69783-3 0  9994
2 45049  53.0579 174.8858 0002156   2.4088 357.6917 15.20212184170721
1 45049U 20006F   23064.00363970  .00014062  00000-0  65415-3 0  9990
2 45049  53.0579 173.6801 0002159   3.1418 356.9590 15.20218822170762
1 45049U 20006F   23065.71293055  .00014010  00000-0  65075-3 0  9990
2 45049  53.0574 165.8429 0002227   6.9313 353.1712 15.20272412171027
1 45049U 20006F   23066.69903146  .00016162  00000-0  74752-3 0  9999
2 45049  53.0573 161.3216 0002244   8.3771 351.7261 15.20306504171173
1 45049U 20006F   23067.42215967  .00017270  00000-0  79706-3 0  9993
2 45049  53.0568 158.0053 0002286  10.5374 349.5669 15.20330302171281
1 45049U 20006F   23068.67117433  .00017571  00000-0  80974-3 0  9993
2 45049  53.0556 152.2771 0002369  13.9250 346.1810 15.20369457171478
1 45049U 20006F   23069.46000851  .00016548  00000-0  76304-3 0  9991
2 45049  53.0552 148.6585 0002457  17.0665 343.0413 15.20394327171591
1 45049U 20006F   23070.44603334  .00013279  00000-0  61496-3 0  9990
2 45049  53.0543 144.1357 0002548  20.1950 339.9146 15.20421310171749
1 45049U 20006F   23070.70897040  .00012448  00000-0  57736-3 0  9997
2 45049  53.0537 142.9294 0002557  20.1068 340.0028 15.20427594171784
1 45049U 20006F   23071.49777436  .00011064  00000-0  51463-3 0  9994
2 45049  53.0536 139.3100 0002747  21.1397 338.9711 15.20446865171907
1 45049U 20006F   23073.53547229  .00011380  00000-0  52814-3 0  9998
2 45049  53.0525 129.9628 0002847  26.2040 333.9099 15.20495031172215
1 45049U 20006F   23073.86412761  .00011893  00000-0  55112-3 0  9999
2 45049  53.0523 128.4549 0002875  27.3156 332.7990 15.20502563172261
1 45049U 20006F   23074.52143249  .00013008  00000-0  60100-3 0  9998
2 45049  53.0523 125.4392 0002924  29.0144 331.1013 15.20520438172366
1 45049U 20006F   23074.85008187  .00012309  00000-0  56943-3 0  9998
2 45049  53.0522 123.9313 0002971  29.6706 330.4457 15.20528610172413
1 45049U 20006F   23075.50737530  .00010477  00000-0  48674-3 0  9998
2 45049  53.0521 120.9156 0003033  31.3024 328.8151 15.20544189172519
1 45049U 20006F   23075.83601984  .00009509  00000-0  44314-3 0  9998
2 45049  53.0520 119.4076 0003065  32.0969 328.0213 15.20550462172560
1 45049U 20006F   23076.49330498  .00008429  00000-0  39438-3 0  9991
2 45049  53.0518 116.3919 0003134  33.6602 326.4591 15.20562548172667
1 45049U 20006F   23077.80783808  .00027715  00000-0  12569-2 0  9998
2 45049  53.0521 110.3586 0003510  40.3002 319.8252 15.20643071172865
1 45049U 20006F   23078.39935935  .00010918  00000-0  50504-3 0  9992
2 45049  53.0514 107.6450 0003349  38.3099 321.8134 15.20652088172959
1 45049U 20006F   23078.79370542  .00009417  00000-0  43763-3 0  9994
2 45049  53.0512 105.8354 0003396  38.9390 321.1849 15.20657904173018
1 45049U 20006F   23079.45094400  .00008918  00000-0  41506-3 0  9992
2 45049  53.0510 102.8194 0003470  39.9635 320.1615 15.20670388173113
1 45049U 20006F   23079.77956130  .00009208  00000-0  42802-3 0  9997
2 45049  53.0510 101.3110 0003502  40.7268 319.3988 15.20676961173164
1 45049U 20006F   23080.43678319  .00025026  00000-0  11342-2 0  9992
2 45049  53.0509  98.2944 0003217  48.0365 312.0904 15.20721509173261
1 45049U 20006F   23080.76538662  .00023465  00000-0  10640-2 0  9999
2 45049  53.0509  96.7860 0003481  41.5963 318.5297 15.20740613173315
1 45049U 20006F   23081.75117833  .00012443  00000-0  57131-3 0  9993
2 45049  53.0512  92.2603 0003665  44.7969 315.3322 15.20777271173460
1 45049U 20006F   23082.27692821  .00011092  00000-0  51078-3 0  9999
2 45049  53.0512  89.8468 0003718  46.0331 314.0971 15.20788811173545
1 45049U 20006F   23082.73695561  .00012774  00000-0  58565-3 0  9990
2 45049  53.0507  87.7353 0003796  46.9830 313.1483 15.20801966173611
1 45049U 20006F   23083.52556009  .00021595  00000-0  97774-3 0  9997
2 45049  53.0508  84.1151 0003881  48.8915 311.2415 15.20840217173738
1 45049U 20006F   23083.72270904  .00019984  00000-0  90594-3 0  9998
2 45049  53.0508  83.2102 0003923  48.8873 311.2461 15.20845593173760
1 45049U 20006F   23084.70842458  .00034458  00000-0  15451-2 0  9997
2 45049  53.0513  78.6852 0004014  50.2767 309.8581 15.20920574173913
1 45049U 20006F   23085.95693829  .00012176  00000-0  55622-3 0  9999
2 45049  53.0519  72.9529 0004223  53.4839 306.6545 15.20972865174101
1 45049U 20006F   23086.35119992  .00012354  00000-0  56396-3 0  9995
2 45049  53.0522  71.1421 0004222  55.2284 304.9109 15.20983112174160
1 45049U 20006F   23086.67974970  .00012213  00000-0  55753-3 0  9995
2 45049  53.0521  69.6347 0004302  54.5827 305.5569 15.20991003174213
1 45049U 20006F   23087.33684319  .00012841  00000-0  58511-3 0  9996
2 45049  53.0522  66.6175 0004349  55.9126 304.2282 15.21008900174313
1 45049U 20006F   23088.38817574  .00014978  00000-0  67921-3 0  9991
2 45049  53.0525  61.7894 0004410  59.4170 300.7260 15.21041177174474
1 45049U 20006F   23088.65100580  .00015372  00000-0  69652-3 0  9995
2 45049  53.0522  60.5838 0004474  58.1678 301.9753 15.21049072174512
1 45049U 20006F   23089.37378004  .00015696  00000-0  71037-3 0  9992
2 45049  53.0528  57.2635 0004483  61.7723 298.3725 15.21071926174620
1 45049U 20006F   23091.27917389  .00017436  00000-0  78467-3 0  9997
2 45049  53.0537  48.5129 0004643  65.6622 294.4858 15.21188450174917
1 45049U 20006F   23092.26468567  .00015068  00000-0  67978-3 0  9990
2 45049  53.0539  43.9868 0004697  66.6610 293.4879 15.21214313175062
1 45049U 20006F   23093.25017808  .00014622  00000-0  65958-3 0  9999
2 45049  53.0546  39.4602 0004735  68.6914 291.4587 15.21243129175216
1 45049U 20006F   23094.23565281  .00014931  00000-0  67260-3 0  9992
2 45049  53.0548  34.9343 0004797  70.1779 289.9733 15.21271261175364
1 45049U 20006F   23095.22110973  .00013263  00000-0  59877-3 0  9998
2 45049  53.0554  30.4078 0004864  72.9851 287.1678 15.21296834175511
1 45049U 20006F   23096.20654991  .00012139  00000-0  54893-3 0  9994
2 45049  53.0567  25.8811 0004942  75.7015 284.4529 15.21321460175663
1 45049U 20006F   23097.19197395  .00012596  00000-0  56862-3 0  9998
2 45049  53.0575  21.3547 0004988  77.9669 282.1885 15.21346939175813
1 45049U 20006F   23098.17736610  .00032226  00000-0  14254-2 0  9996
2 45049  53.0579  16.8281 0004997  80.2537 279.9023 15.21417729175962
1 45049U 20006F   23099.16271292  .00012971  00000-0  58303-3 0  9995
2 45049  53.0584  12.3014 0005012  82.4876 277.6689 15.21466482176113
1 45049U 20006F   23100.01666722  .00011183  00000-0  50452-3 0  9999
2 45049  53.0588   8.3783 0005055  84.2570 275.9002 15.21485832176247
1 45049U 20006F   23100.73923538  .00012495  00000-0  56160-3 0  9998
2 45049  53.0590   5.0584 0005079  85.8658 274.2918 15.21503949176353
1 45049U 20006F   23101.13335972  .00010861  00000-0  49005-3 0  9997
2 45049  53.0592   3.2475 0005078  86.7450 273.4126 15.21511934176415
1 45049U 20006F   23101.92160122  .00010771  00000-0  48584-3 0  9998
2 45049  53.0595 359.6257 0005105  88.6020 271.5560 15.21531008176537
1 45049U 20006F   23102.11865994  .00010485  00000-0  47328-3 0  9996
2 45049  53.0597 358.7203 0005105  89.2703 270.8877 15.21535520176902
1 45049U 20006F   23103.10394544  .00011275  00000-0  50746-3 0  9990
2 45049  53.0602 354.1932 0005102  90.9266 269.2314 15.21559347176718
1 45049U 20006F   23104.08921560  .00012289  00000-0  55129-3 0  9998
2 45049  53.0608 349.6662 0005117  93.0014 267.1567 15.21584044176869
1 45049U 20006F   23105.07446905  .00013365  00000-0  59776-3 0  9991
2 45049  53.0611 345.1393 0005117  95.2145 264.9435 15.21610937177012
1 45049U 20006F   23105.92834064  .00014180  00000-0  63282-3 0  9995
2 45049  53.0615 341.2158 0005091  97.0132 263.1443 15.21635883177140
1 45049U 20006F   23106.05970427  .00014274  00000-0  63684-3 0  9994
2 45049  53.0615 340.6122 0005072  97.2710 262.8862 15.21639829177164
1 45049U 20006F   23106.91355988  .00013955  00000-0  62248-3 0  9998
2 45049  53.0617 336.6888 0005072  99.1863 260.9707 15.21664088177296
1 45049U 20006F   23107.04492112  .00014038  00000-0  62603-3 0  9992
2 45049  53.0617 336.0852 0005067  99.4850 260.6718 15.21667932177317
1 45049U 20006F   23107.89876098  .00014028  00000-0  62518-3 0  9998
2 45049  53.0619 332.1616 0005060 101.3149 258.8416 15.21692077177447
1 45049U 20006F   23108.03011987  .00013889  00000-0  61906-3 0  9997
2 45049  53.0619 331.5580 0005056 101.6207 258.5356 15.21695533177465
1 45049U 20006F   23108.88394466  .00014733  00000-0  65526-3 0  9997
2 45049  53.0620 327.6343 0005051 103.5148 256.6411 15.21720033177599
1 45049U 20006F   23109.01530125  .00014462  00000-0  64343-3 0  9992
2 45049  53.0621 327.0306 0005036 104.0248 256.1308 15.21723163177613
1 45049U 20006F   23109.86911149  .00014270  00000-0  63470-3 0  9991
2 45049  53.0622 323.1066 0004997 105.8101 254.3446 15.21745782177744
1 45049U 20006F   23110.00046552  .00014950  00000-0  66411-3 0  9999
2 45049  53.0621 322.5028 0004992 106.0994 254.0551 15.21750505177767
1 45049U 20006F   23110.85426159  .00011184  00000-0  50044-3 0  9998
2 45049  53.0622 318.5787 0004957 107.8421 252.3116 15.21767768177891
1 45049U 20006F   23111.57669578  .00010870  00000-0  48659-3 0  9992
2 45049  53.0622 315.2579 0004926 109.5328 250.6200 15.21783989178007
1 45049U 20006F   23111.83939684  .00011596  00000-0  51795-3 0  9990
2 45049  53.0624 314.0506 0004928 110.2547 249.8979 15.21791213178046
1 45049U 20006F   23112.56181999  .00011266  00000-0  50342-3 0  9990
2 45049  53.0627 310.7302 0004880 111.8951 248.2564 15.21807633178158
1 45049U 20006F   23112.82451720  .00010493  00000-0  46983-3 0  9998
2 45049  53.0631 309.5231 0004888 112.5877 247.5636 15.21813080178192
1 45049U 20006F   23113.54692964  .00011210  00000-0  50066-3 0  9990
2 45049  53.0634 306.2024 0004855 114.2566 245.8937 15.21830309178308
1 45049U 20006F   23113.80962258  .00013815  00000-0  61329-3 0  9992
2 45049  53.0638 304.9954 0004846 114.8459 245.3041 15.21839985178340
1 45049U 20006F   23114.53201923  .00029796  00000-0  13017-2 0  9993
2 45049  53.0640 301.6748 0004784 116.5604 243.5883 15.21881662178455
1 45049U 20006F   23115.51708767  .00009966  00000-0  44595-3 0  9993
2 45049  53.0645 297.1471 0004777 118.6403 241.5074 15.21892789178603
1 45049U 20006F   23116.50214329  .00007948  00000-0  35846-3 0  9996
2 45049  53.0646 292.6189 0004662 120.4927 239.6530 15.21910088178759
1 45049U 20006F   23116.76482250  .00009054  00000-0  40624-3 0  9994
2 45049  53.0639 291.4111 0004722 121.9575 238.1880 15.21916045178790
1 45049U 20006F   23117.48718690  .00009670  00000-0  43269-3 0  9996
2 45049  53.0639 288.0907 0004666 123.6061 236.5381 15.21930608178903
1 45049U 20006F   23117.61852494  .00010150  00000-0  45335-3 0  9993
2 45049  53.0640 287.4870 0004674 123.8462 236.2979 15.21934043178922
1 45049U 20006F   23118.86622545  .00009298  00000-0  41626-3 0  9993
2 45049  53.0641 281.7520 0004550 126.6688 233.4726 15.21958688179118
1 45049U 20006F   23120.57356964  .00009423  00000-0  42121-3 0  9994
2 45049  53.0652 273.9033 0004395 130.8583 229.2795 15.21995283179379
1 45049U 20006F   23121.55855775  .00008943  00000-0  40030-3 0  9990
2 45049  53.0661 269.3741 0004457 135.4084 224.7271 15.22014610179523
1 45049U 20006F   23121.68988871  .00009163  00000-0  40976-3 0  9992
2 45049  53.0657 268.7701 0004370 135.3389 224.7960 15.22017372179543
1 45049U 20006F   23122.54353406  .00009854  00000-0  43929-3 0  9996
2 45049  53.0661 264.8455 0004244 136.8862 223.2467 15.22035214179678
1 45049U 20006F   23122.67486311  .00010526  00000-0  46817-3 0  9999
2 45049  53.0661 264.2419 0004202 136.7102 223.4225 15.22039020179697
1 45049U 20006F   23123.52849750  .00009173  00000-0  40976-3 0  9990
2 45049  53.0665 260.3174 0004121 138.8374 221.2934 15.22054056180163
1 45049U 20006F   23123.72548831  .00009807  00000-0  43695-3 0  9993
2 45049  53.0667 259.4118 0004092 139.4062 220.7239 15.22059292179853
1 45049U 20006F   23124.57911009  .00009925  00000-0  44184-3 0  9993
2 45049  53.0672 255.4874 0004004 141.5923 218.5359 15.22077066179988
1 45049U 20006F   23124.64477282  .00010100  00000-0  44933-3 0  9990
2 45049  53.0673 255.1855 0003992 141.7386 218.3894 15.22078763179993
1 45049U 20006F   23125.62970775  .00009912  00000-0  44097-3 0  9994
2 45049  53.0681 250.6577 0003897 144.3920 215.7337 15.22099004180143
1 45049U 20006F   23126.54896723  .00013235  00000-0  58335-3 0  9999
2 45049  53.0679 246.4302 0003877 147.9008 212.2225 15.22123929180280
1 45049U 20006F   23126.61462823  .00012797  00000-0  56455-3 0  9990
2 45049  53.0680 246.1284 0003849 148.0285 212.0945 15.22123904180297
1 45049U 20006F   23127.59953370  .00011373  00000-0  50310-3 0  9993
2 45049  53.0682 241.6002 0003739 150.6657 209.4549 15.22146194180440
1 45049U 20006F   23128.58442852  .00007124  00000-0  32054-3 0  9995
2 45049  53.0688 237.0713 0003558 152.0634 208.0553 15.22158170180597
1 45049U 20006F   23129.56932757  .00000976  00000-0  56269-4 0  9995
2 45049  53.0688 232.5441 0003488 155.1490 204.9675 15.22150258180747
1 45049U 20006F   23130.48855780  .00004113  00000-0  19111-3 0  9999
2 45049  53.0693 228.3175 0003423 157.6737 202.4409 15.22162181180881
1 45049U 20006F   23130.61987509  .00004768  00000-0  21925-3 0  9991
2 45049  53.0694 227.7136 0003412 157.7515 202.3629 15.22165740180905
1 45049U 20006F   23131.47343513  .00007566  00000-0  33926-3 0  9990
2 45049  53.0695 223.7888 0003347 160.5200 199.5925 15.22184165181039
1 45049U 20006F   23133.50880108  .00009380  00000-0  41650-3 0  9991
2 45049  53.0696 214.4307 0003078 168.2251 191.8817 15.22233294181342
1 45049U 20006F   23133.70576899  .00009323  00000-0  41400-3 0  9992
2 45049  53.0696 213.5249 0003063 168.8290 191.2775 15.22237433181379
1 45049U 20006F   23134.55929098  .00008154  00000-0  36377-3 0  9997
2 45049  53.0701 209.6002 0002996 171.7469 188.3577 15.22252834181508
1 45049U 20006F   23134.82191130  .00008316  00000-0  37066-3 0  9991
2 45049  53.0702 208.3926 0002966 172.6774 187.4266 15.22258318181548
1 45049U 20006F   23135.47845904  .00007773  00000-0  34727-3 0  9995
2 45049  53.0705 205.3736 0002892 174.8794 185.2232 15.22269204181647
1 45049U 20006F   23135.54411373  .00007455  00000-0  33368-3 0  9999
2 45049  53.0705 205.0717 0002884 175.0582 185.0443 15.22269705181998
1 45049U 20006F   23136.59457993  .00006791  00000-0  30511-3 0  9992
2 45049  53.0708 200.2413 0002792 179.1055 180.9947 15.22285993181810
1 45049U 20006F   23136.72588742  .00006762  00000-0  30382-3 0  9998
2 45049  53.0708 199.6375 0002775 179.8240 180.2758 15.22288098181836
1 45049U 20006F   23137.57938271  .00006261  00000-0  28228-3 0  9998
2 45049  53.0709 195.7128 0002699 182.9810 177.1171 15.22299575181963
1 45049U 20006F   23138.43287181  .00005758  00000-0  26068-3 0  9991
2 45049  53.0710 191.7879 0002650 186.3676 173.7287 15.22310011182093
1 45049U 20006F   23139.54896447  .00005628  00000-0  25505-3 0  9996
2 45049  53.0709 186.6555 0002562 190.7080 169.3862 15.22323582182261
1 45049U 20006F   23140.53374216  .00008406  00000-0  37358-3 0  9998
2 45049  53.0709 182.1266 0002516 194.7484 165.3439 15.22342078182416
1 45049U 20006F   23141.51850833  .00008019  00000-0  35688-3 0  9995
2 45049  53.0711 177.5979 0002483 198.0177 162.0731 15.22358015182560
1 45049U 20006F   23142.37196254  .00009546  00000-0  42182-3 0  9993
2 45049  53.0712 173.6729 0002334 202.7131 157.3762 15.22376474182693
1 45049U 20006F   23143.48800755  .00007685  00000-0  34231-3 0  9992
2 45049  53.0716 168.5403 0002304 207.9777 152.1096 15.22391368183209
1 45049U 20006F   23144.27579647  .00007245  00000-0  32340-3 0  9994
2 45049  53.0721 164.9170 0002266 211.3907 148.6954 15.22402623182981
1 45049U 20006F   23146.31089206  .00006394  00000-0  28688-3 0  9992
2 45049  53.0731 155.5559 0002142 222.0910 137.9922 15.22429731183295
1 45049U 20006F   23147.29560295  .00005859  00000-0  26401-3 0  9998
2 45049  53.0734 151.0275 0002111 227.2935 132.7884 15.22441806183448
1 45049U 20006F   23148.28030613  .00006565  00000-0  29398-3 0  9997
2 45049  53.0738 146.4991 0002098 231.5084 128.5724 15.22455468183593
1 45049U 20006F   23149.39629189  .00007465  00000-0  33212-3 0  9992
2 45049  53.0741 141.3667 0002088 236.1409 123.9389 15.22472413183766
1 45049U 20006F   23150.38097575  .00006953  00000-0  31023-3 0  9990
2 45049  53.0740 136.8372 0002075 241.3506 118.7281 15.22485440183913
1 45049U 20006F   23151.36564971  .00007372  00000-0  32790-3 0  9996
2 45049  53.0741 132.3079 0002079 246.1665 113.9114 15.22500855184069
1 45049U 20006F   23152.21902524  .00008103  00000-0  35884-3 0  9991
2 45049  53.0741 128.3828 0002050 249.0691 111.0086 15.22515957184534
1 45049U 20006F   23153.33496490  .00008030  00000-0  35553-3 0  9997
2 45049  53.0744 123.2495 0002022 254.2656 105.8118 15.22535458184365
1 45049U 20006F   23154.18832102  .00008038  00000-0  35572-3 0  9994
2 45049  53.0748 119.3239 0002022 258.1008 101.9762 15.22550196184497
1 45049U 20006F   23155.30423719  .00007856  00000-0  34782-3 0  9998
2 45049  53.0758 114.1906 0002025 263.7518  96.3248 15.22567556184666
1 45049U 20006F   23156.28885828  .00008021  00000-0  35465-3 0  9993
2 45049  53.0764 109.6613 0002031 268.3943  91.6821 15.22583475184817
1 45049U 20006F   23157.14218734  .00008486  00000-0  37418-3 0  9990
2 45049  53.0769 105.7360 0002052 272.1734  87.9027 15.22599052184940
1 45049U 20006F   23157.86422787  .00009040  00000-0  39748-3 0  9999
2 45049  53.0772 102.4146 0002079 275.2226  84.8533 15.22613486185058
1 45049U 20006F   23158.25806175  .00013619  00000-0  59102-3 0  9993
2 45049  53.0773 100.6022 0002074 277.7223  82.3538 15.22632009185118
1 45049U 20006F   23158.84880825  .00014453  00000-0  62590-3 0  9994
2 45049  53.0779  97.8837 0002128 280.8871  79.1885 15.22652086185205
1 45049U 20006F   23159.11136027  .00013313  00000-0  57764-3 0  9994
2 45049  53.0779  96.6760 0002060 282.6777  77.3989 15.22658643185241
1 45049U 20006F   23160.22719832  .00009194  00000-0  40331-3 0  9993
2 45049  53.0779  91.5436 0002083 286.5045  73.5722 15.22675709185415
1 45049U 20006F   23161.21174864  .00009407  00000-0  41206-3 0  9992
2 45049  53.0781  87.0140 0002100 290.6072  69.4699 15.22694479185564
1 45049U 20006F   23161.80247375  .00008820  00000-0  38716-3 0  9995
2 45049  53.0782  84.2961 0002112 292.9773  67.1000 15.22704171185653
1 45049U 20006F   23162.19628794  .00009335  00000-0  40880-3 0  9993
2 45049  53.0784  82.4844 0002114 294.9501  65.1276 15.22712035185716
1 45049U 20006F   23162.78700606  .00009032  00000-0  39590-3 0  9991
2 45049  53.0790  79.7665 0002130 297.0497  63.0282 15.22722181185806
1 45049U 20006F   23163.04954599  .00009381  00000-0  41056-3 0  9990
2 45049  53.0791  78.5586 0002145 298.1617  61.9163 15.22727322185849
1 45049U 20006F   23164.16529460  .00014761  00000-0  63629-3 0  9997
2 45049  53.0799  73.4248 0002188 298.6923  61.3853 15.22793569186014
1 45049U 20006F   23165.14974426  .00008993  00000-0  39280-3 0  9998
2 45049  53.0805  68.8947 0002162 306.8187  53.2611 15.22849126186161
1 45049U 20006F   23165.74040911  .00008075  00000-0  35410-3 0  9999
2 45049  53.0807  66.1766 0002196 308.8273  51.2527 15.22858309186255
1 45049U 20006F   23166.13418361  .00007687  00000-0  33769-3 0  9994
2 45049  53.0809  64.3648 0002226 310.5892  49.4911 15.22864255186317
1 45049U 20006F   23166.72484235  .00007900  00000-0  34654-3 0  9994
2 45049  53.0810  61.6469 0002273 312.4865  47.5939 15.22874314186409
1 45049U 20006F   23167.11861198  .00009485  00000-0  41308-3 0  9999
2 45049  53.0810  59.8348 0002305 313.9834  46.0972 15.22883778186463
1 45049U 20006F   23167.70926262  .00009925  00000-0  43142-3 0  9995
2 45049  53.0810  57.1168 0002352 315.8453  44.2355 15.22896279186559
1 45049U 20006F   23168.10302692  .00009502  00000-0  41355-3 0  9990
2 45049  53.0813  55.3049 0002362 317.8273  42.2542 15.22903971186614
1 45049U 20006F   23168.69366964  .00008537  00000-0  37289-3 0  9994
2 45049  53.0815  52.5867 0002399 319.7318  40.3500 15.22914998186708
1 45049U 20006F   23168.89054946  .00008763  00000-0  38235-3 0  9993
2 45049  53.0817  51.6808 0002413 320.5684  39.5137 15.22919308186737
1 45049U 20006F   23169.80931652  .00008104  00000-0  35450-3 0  9998
2 45049  53.0822  47.4529 0002451 324.1538  35.9293 15.22935536186875
1 45049U 20006F   23170.07181960  .00008585  00000-0  37461-3 0  9995
2 45049  53.0823  46.2450 0002461 325.1988  34.8847 15.22940870186912
1 45049U 20006F   23170.92494875  .00008882  00000-0  38692-3 0  9998
2 45049  53.0825  42.3188 0002490 328.2615  31.8231 15.22956840187045
1 45049U 20006F   23171.05619873  .00008717  00000-0  37995-3 0  9992
2 45049  53.0826  41.7149 0002504 328.7911  31.2936 15.22958902187065
1 45049U 20006F   23171.84369282  .00009485  00000-0  41198-3 0  9998
2 45049  53.0827  38.0907 0002548 331.4951  28.5905 15.22975311187181
1 45049U 20006F   23172.04056500  .00009798  00000-0  42501-3 0  9993
2 45049  53.0827  37.1847 0002567 332.3074  27.7785 15.22979806187215
1 45049U 20006F   23172.82804952  .00008975  00000-0  39040-3 0  9991
2 45049  53.0831  33.5603 0002611 335.1492  24.9379 15.22993677187338
1 45049U 20006F   23187.78867115  .00008582  00000-0  37068-3 0  9994
2 45049  53.0906 324.6955 0003952  18.8041 341.3101 15.23290363189951
1 45049U 20006F   23189.10087383  .00009563  00000-0  41111-3 0  9997
2 45049  53.0910 318.6547 0004109  21.9489 338.1683 15.23315426190153
1 45049U 20006F   23190.54427251  .00007371  00000-0  31993-3 0  9991
2 45049  53.0912 312.0090 0004256  25.4492 334.6714 15.23338606190377
1 45049U 20006F   23191.59400308  .00007832  00000-0  33887-3 0  9997
2 45049  53.0916 307.1761 0004386  27.9280 332.1951 15.23356493190535
1 45049U 20006F   23193.03736335  .00008237  00000-0  35541-3 0  9999
2 45049  53.0924 300.5310 0004570  30.8869 329.2396 15.23381160190755
1 45049U 20006F   23194.48069666  .00009148  00000-0  39279-3 0  9999
2 45049  53.0929 293.8851 0004675  34.2940 325.8358 15.23410382190971
1 45049U 20006F   23195.53037795  .00010305  00000-0  44033-3 0  9995
2 45049  53.0938 289.0529 0004876  35.9023 324.2301 15.23431930191135
1 45049U 20006F   23196.97366668  .00008876  00000-0  38101-3 0  9997
2 45049  53.0940 282.4076 0005053  38.6577 321.4781 15.23457670191358
1 45049U 20006F   23198.48253240  .00009223  00000-0  39501-3 0  9998
2 45049  53.0942 275.4599 0005195  42.0186 318.1208 15.23485561191586
1 45049U 20006F   23200.38497416  .00008455  00000-0  36290-3 0  9994
2 45049  53.0949 266.6999 0005393  46.6341 313.5104 15.23521672191872
1 45049U 20006F   23201.43457926  .00007491  00000-0  32299-3 0  9997
2 45049  53.0954 261.8668 0005439  50.1509 309.9966 15.23538064192032
1 45049U 20006F   23205.10810579  .00007198  00000-0  31039-3 0  9997
2 45049  53.0957 244.9492 0005906  55.8502 304.3054 15.23597772192258
1 45049U 20006F   23206.35444893  .00007139  00000-0  30776-3 0  9999
2 45049  53.0952 239.2088 0005948  56.6040 303.5525 15.23616458192441
1 45049U 20006F   23207.07600937  .00006940  00000-0  29951-3 0  9994
2 45049  53.0950 235.8854 0005998  57.9237 302.2341 15.23626794192557
1 45049U 20006F   23207.79756311  .00008821  00000-0  37665-3 0  9992
2 45049  53.0950 232.5618 0005936  60.4603 299.6985 15.23641390192661
1 45049U 20006F   23207.79756311  .00008821  00000-0  37665-3 0  9992
2 45049  53.0950 232.5618 0005936  60.4603 299.6985 15.23641390193000
1 45049U 20006F   23208.32232648  .00008058  00000-0  34522-3 0  9995
2 45049  53.0952 230.1453 0006062  61.4223 298.7384 15.23649082192742
1 45049U 20006F   23208.78149152  .00007491  00000-0  32187-3 0  9997
2 45049  53.0953 228.0307 0006105  62.3179 297.8437 15.23656592192816
1 45049U 20006F   23209.04387102  .00006984  00000-0  30100-3 0  9995
2 45049  53.0953 226.8225 0006162  62.8454 297.3171 15.23659971193191
1 45049U 20006F   23209.43743812  .00006742  00000-0  29101-3 0  9993
2 45049  53.0954 225.0103 0006219  63.3451 296.8183 15.23666195192916
1 45049U 20006F   23210.35575614  .00007283  00000-0  31309-3 0  9993
2 45049  53.0952 220.7809 0006267  65.2722 294.8927 15.23680663193397
1 45049U 20006F   23211.73321658  .00007551  00000-0  32391-3 0  9993
2 45049  53.0949 214.4363 0006341  68.3620 291.8052 15.23702849193603
1 45049U 20006F   23213.70097874  .00008676  00000-0  36960-3 0  9997
2 45049  53.0944 205.3727 0006475  72.6649 287.5056 15.23739191193907
1 45049U 20006F   23215.01279446  .00010004  00000-0  42366-3 0  9995
2 45049  53.0946 199.3307 0006567  75.3334 284.8390 15.23765396194108
1 45049U 20006F   23216.12782100  .00009529  00000-0  40399-3 0  9998
2 45049  53.0946 194.1938 0006603  78.2848 281.8889 15.23785589194278
1 45049U 20006F   23217.30842085  .00011447  00000-0  48205-3 0  9994
2 45049  53.0946 188.7548 0006658  81.2652 278.9099 15.23809309194458
1 45049U 20006F   23218.62017390  .00009535  00000-0  40361-3 0  9993
2 45049  53.0943 182.7115 0006701  84.5993 275.5768 15.23836855194656
1 45049U 20006F   23220.32542222  .00011179  00000-0  47024-3 0  9990
2 45049  53.0931 174.8561 0006749  88.7568 271.4202 15.23870462194915
1 45049U 20006F   23221.24361805  .00009035  00000-0  38267-3 0  9995
2 45049  53.0924 170.6256 0006753  91.1586 269.0185 15.23884359195054
1 45049U 20006F   23222.29297178  .00008641  00000-0  36640-3 0  9997
2 45049  53.0920 165.7905 0006742  94.0304 266.1464 15.23903431195213
1 45049U 20006F   23223.53905771  .00010167  00000-0  42820-3 0  9993
2 45049  53.0912 160.0494 0006778  97.1526 263.0241 15.23933856195408
1 45049U 20006F   23224.78512413  .00008778  00000-0  37143-3 0  9995
2 45049  53.0910 154.3079 0006812 100.5840 259.5925 15.23955666195590
1 45049U 20006F   23225.96559249  .00007789  00000-0  33098-3 0  9990
2 45049  53.0909 148.8684 0006800 104.0235 256.1518 15.23973849195776
1 45049U 20006F   23227.08046657  .00007646  00000-0  32501-3 0  9999
2 45049  53.0906 143.7316 0006850 106.8138 253.3611 15.23990878195949
1 45049U 20006F   23228.12974757  .00007780  00000-0  33030-3 0  9993
2 45049  53.0900 138.8964 0006825 110.1469 250.0262 15.24007545196100
1 45049U 20006F   23229.17901620  .00008629  00000-0  36458-3 0  9998
2 45049  53.0891 134.0604 0006806 113.4306 246.7408 15.24026395196268
1 45049U 20006F   23230.75289419  .00008989  00000-0  37886-3 0  9994
2 45049  53.0882 126.8070 0006769 118.0381 242.1302 15.24055790196507
1 45049U 20006F   23232.13001291  .00008902  00000-0  37508-3 0  9994
2 45049  53.0876 120.4596 0006764 122.2826 237.8827 15.24080618196712
1 45049U 20006F   23233.83498799  .00007763  00000-0  32863-3 0  9998
2 45049  53.0869 112.6000 0006737 127.8517 232.3091 15.24107635196975
1 45049U 20006F   23235.01533713  .00007610  00000-0  32225-3 0  9999
2 45049  53.0865 107.1588 0006699 131.6518 228.5054 15.24126263197157
1 45049U 20006F   23235.99895030  .00007873  00000-0  33277-3 0  9998
2 45049  53.0862 102.6249 0006672 134.9760 225.1779 15.24142305196964
1 45049U 20006F   23237.04812666  .00008529  00000-0  35914-3 0  9999
2 45049  53.0863  97.7880 0006642 138.1416 222.0090 15.24159939197123
1 45049U 20006F   23237.04812666  .00008529  00000-0  35914-3 0  9999
2 45049  53.0863  97.7880 0006642 138.1416 222.0090 15.24159939197460
1 45049U 20006F   23237.90057442  .00007608  00000-0  32174-3 0  9999
2 45049  53.0863  93.8578 0006643 141.2944 218.8531 15.24171436197259
1 45049U 20006F   23238.62187013  .00007989  00000-0  33703-3 0  9998
2 45049  53.0861  90.5324 0006700 144.2732 215.8715 15.24183420197361
1 45049U 20006F   23238.75301419  .00008260  00000-0  34797-3 0  9997
2 45049  53.0861  89.9278 0006681 144.6526 215.4915 15.24185900197727
1 45049U 20006F   23238.88415812  .00008491  00000-0  35727-3 0  9994
2 45049  53.0860  89.3234 0006636 144.8646 215.2790 15.24188363197407
1 45049U 20006F   23239.01530188  .00008571  00000-0  36050-3 0  9993
2 45049  53.0860  88.7189 0006632 145.2623 214.8808 15.24190624197425
1 45049U 20006F   23239.80216002  .00008473  00000-0  35641-3 0  9992
2 45049  53.0859  85.0910 0006602 148.0776 212.0623 15.24203734197547
1 45049U 20006F   23239.99887360  .00008399  00000-0  35336-3 0  9991
2 45049  53.0858  84.1842 0006581 148.6853 211.4538 15.24206848197916
1 45049U 20006F   23240.85129344  .00008623  00000-0  36228-3 0  9990
2 45049  53.0856  80.2542 0006486 151.2872 208.8483 15.24221928197705
1 45049U 20006F   23241.24471521  .00007862  00000-0  33150-3 0  9996
2 45049  53.0856  78.4402 0006448 152.6004 207.5335 15.24227744198108
1 45049U 20006F   23241.83484467  .00008137  00000-0  34247-3 0  9998
2 45049  53.0855  75.7191 0006414 154.6955 205.4357 15.24238052197858
1 45049U 20006F   23242.68724724  .00007813  00000-0  32928-3 0  9999
2 45049  53.0855  71.7886 0006368 157.6489 202.4786 15.24251795198323
1 45049U 20006F   23242.81838510  .00008490  00000-0  35656-3 0  9996
2 45049  53.0855  71.1840 0006368 158.1658 201.9611 15.24255178198006
1 45049U 20006F   23243.47407292  .00008089  00000-0  34026-3 0  9992
2 45049  53.0856  68.1605 0006343 160.5694 199.5547 15.24265574198104
1 45049U 20006F   23244.52316303  .00009318  00000-0  38959-3 0  9996
2 45049  53.0862  63.3242 0006343 163.5109 196.6096 15.24284530198266
1 45049U 20006F   23244.52316303  .00009318  00000-0  38959-3 0  9996
2 45049  53.0862  63.3242 0006343 163.5109 196.6096 15.24284530198604
1 45049U 20006F   23245.50667074  .00009412  00000-0  39315-3 0  9991
2 45049  53.0870  58.7872 0006429 167.2530 192.8631 15.24305579198413
1 45049U 20006F   23245.76893769  .00009975  00000-0  41576-3 0  9997
2 45049  53.0858  57.5774 0006150 169.1310 190.9821 15.24311290198456
1 45049U 20006F   23245.76893769  .00009975  00000-0  41576-3 0  9997
2 45049  53.0858  57.5774 0006150 169.1310 190.9821 15.24311290198793
1 45049U 20006F   23246.49016503  .00011604  00000-0  48103-3 0  9996
2 45049  53.0862  54.2515 0006095 171.5499 188.5602 15.24330048198565
1 45049U 20006F   23246.88355804  .00011278  00000-0  46780-3 0  9995
2 45049  53.0864  52.4374 0006081 172.8108 187.2978 15.24339620198967
1 45049U 20006F   23247.47364497  .00008745  00000-0  36584-3 0  9995
2 45049  53.0867  49.7163 0006029 174.5642 185.5422 15.24348550198719
1 45049U 20006F   23248.45711323  .00009031  00000-0  37714-3 0  9993
2 45049  53.0881  45.1818 0005969 177.7890 182.3134 15.24367275198860
1 45049U 20006F   23248.45711323  .00009031  00000-0  37714-3 0  9993
2 45049  53.0881  45.1818 0005969 177.7890 182.3134 15.24367275199209
1 45049U 20006F   23249.44056892  .00009848  00000-0  40971-3 0  9991
2 45049  53.0888  40.6471 0005945 181.3732 178.7250 15.24387921199018
1 45049U 20006F   23250.42401024  .00012143  00000-0  50149-3 0  9992
2 45049  53.0886  36.1113 0005836 185.0566 175.0373 15.24412831199165
1 45049U 20006F   23250.42401024  .00012143  00000-0  50149-3 0  9992
2 45049  53.0886  36.1113 0005836 185.0566 175.0373 15.24412831199503
1 45049U 20006F   23250.81738246  .00012954  00000-0  53384-3 0  9998
2 45049  53.0887  34.2970 0005796 186.3947 173.6977 15.24423177199224
1 45049U 20006F   23251.53855997  .00010861  00000-0  44977-3 0  9994
2 45049  53.0886  30.9704 0005772 188.5102 171.5798 15.24435835199336
1 45049U 20006F   23251.66968227  .00011004  00000-0  45547-3 0  9993
2 45049  53.0889  30.3657 0005788 189.0870 171.0024 15.24438814199691
1 45049U 20006F   23251.80080468  .00011190  00000-0  46287-3 0  9999
2 45049  53.0890  29.7614 0005714 189.4746 170.6145 15.24441802199378
1 45049U 20006F   23252.58753150  .00011748  00000-0  48497-3 0  9994
2 45049  53.0890  26.1328 0005593 192.7010 167.3847 15.24460528199498
1 45049U 20006F   23252.84977156  .00012862  00000-0  52947-3 0  9990
2 45049  53.0889  24.9230 0005513 193.9276 166.1570 15.24468352199878
1 45049U 20006F   23253.57092671  .00011060  00000-0  45712-3 0  9992
2 45049  53.0895  21.5969 0005416 196.5477 163.5345 15.24483197199641
1 45049U 20006F   23253.63648594  .00010961  00000-0  45316-3 0  9999
2 45049  53.0895  21.2946 0005409 196.8316 163.2502 15.24484403199991
1 45049U 20006F   23254.61986481  .00012568  00000-0  51708-3 0  9995
2 45049  53.0904  16.7591 0005290 200.4227 159.6559 15.24510008199800
1 45049U 20006F   23255.34099989  .00012147  00000-0  49998-3 0  9995
2 45049  53.0908  13.4328 0005208 202.9697 157.1068 15.24526798200256
1 45049U 20006F   23255.60322831  .00012618  00000-0  51870-3 0  9994
2 45049  53.0913  12.2242 0005158 203.7796 156.2963 15.24534450199959
1 45049U 20006F   23255.73434205  .00013110  00000-0  53831-3 0  9994
2 45049  53.0913  11.6191 0005149 204.3103 155.7652 15.24538568199979
1 45049U 20006F   23256.32434868  .00017377  00000-0  70819-3 0  9999
2 45049  53.0916   8.8979 0005049 206.5087 153.5653 15.24561809200400
1 45049U 20006F   23256.52101582  .00016163  00000-0  65965-3 0  9993
2 45049  53.0919   7.9909 0005022 207.2375 152.8360 15.24567127200096
1 45049U 20006F   23256.58657151  .00015724  00000-0  64213-3 0  9994
2 45049  53.0919   7.6886 0005013 207.5812 152.4920 15.24568521200105
1 45049U 20006F   23257.43878636  .00013582  00000-0  55626-3 0  9990
2 45049  53.0924   3.7577 0004949 210.4273 149.6438 15.24593017200577
1 45049U 20006F   23257.56989531  .00013220  00000-0  54179-3 0  9992
2 45049  53.0927   3.1531 0004940 210.8368 149.2340 15.24595994200253
1 45049U 20006F   23258.48765021  .00010798  00000-0  44489-3 0  9990
2 45049  53.0931 358.9197 0004763 215.1539 144.9145 15.24616614200391
1 45049U 20006F   23258.48765021  .00010798  00000-0  44489-3 0  9990
2 45049  53.0931 358.9197 0004763 215.1539 144.9145 15.24616614200739
1 45049U 20006F   23259.53649639  .00010840  00000-0  44626-3 0  9994
2 45049  53.0935 354.0821 0004598 219.6999 140.3662 15.24642371200552
1 45049U 20006F   23259.53649639  .00010840  00000-0  44626-3 0  9994
2 45049  53.0935 354.0821 0004598 219.6999 140.3662 15.24642371200899
1 45049U 20006F   23260.25756632  .00016733  00000-0  68036-3 0  9995
2 45049  53.0933 350.7553 0004553 222.8217 137.2426 15.24668483201001
1 45049U 20006F   23260.51977007  .00020903  00000-0  84574-3 0  9994
2 45049  53.0934 349.5460 0004468 224.3616 135.7024 15.24682516200706
1 45049U 20006F   23261.43747493  .00014534  00000-0  59231-3 0  9995
2 45049  53.0936 345.3126 0004302 228.2913 131.7717 15.24703788201184
1 45049U 20006F   23261.50302476  .00014480  00000-0  59013-3 0  9999
2 45049  53.0937 345.0102 0004299 228.6402 131.4226 15.24705318200854
1 45049U 20006F   23262.61735609  .00015622  00000-0  63483-3 0  9995
2 45049  53.0941 339.8688 0004206 232.3812 127.6804 15.24741373201361
1 45049U 20006F   23263.46947365  .00013979  00000-0  56917-3 0  9990
2 45049  53.0943 335.9371 0004145 236.0200 124.0404 15.24767838201151
1 45049U 20006F   23264.45266927  .00014202  00000-0  57755-3 0  9999
2 45049  53.0949 331.4013 0003992 239.9578 120.1024 15.24796929201305
1 45049U 20006F   23264.45266927  .00014202  00000-0  57755-3 0  9999
2 45049  53.0949 331.4013 0003992 239.9578 120.1024 15.24796929201642
1 45049U 20006F   23264.91148750  .00013600  00000-0  55346-3 0  9998
2 45049  53.0942 329.2837 0003990 243.7176 116.3412 15.24809366201377
1 45049U 20006F   23265.43584619  .00012919  00000-0  52623-3 0  9991
2 45049  53.0943 326.8643 0003949 246.7579 113.3003 15.24824239201458
1 45049U 20006F   23265.89465722  .00013268  00000-0  53991-3 0  9991
2 45049  53.0945 324.7475 0003868 249.9065 110.1516 15.24835601201522
1 45049U 20006F   23265.96020094  .00013996  00000-0  56867-3 0  9991
2 45049  53.0941 324.4453 0003894 251.0133 109.0443 15.24838475201876
1 45049U 20006F   23266.48455102  .00011604  00000-0  47379-3 0  9993
2 45049  53.0941 322.0253 0003926 252.8741 107.1826 15.24848608201613
1 45049U 20006F   23267.13998233  .00012558  00000-0  51130-3 0  9992
2 45049  53.0940 319.0007 0003887 255.9721 104.0845 15.24866234202054
1 45049U 20006F   23267.46769319  .00015397  00000-0  62335-3 0  9992
2 45049  53.0941 317.4891 0003827 258.6581 101.3987 15.24881241201765
1 45049U 20006F   23268.12310948  .00015156  00000-0  61341-3 0  9995
2 45049  53.0939 314.4648 0003787 261.9696  98.0872 15.24902695202200
1 45049U 20006F   23268.45081420  .00016335  00000-0  65977-3 0  9990
2 45049  53.0940 312.9524 0003790 263.7549  96.3017 15.24914604201911
1 45049U 20006F   23269.36837617  .00013414  00000-0  54400-3 0  9992
2 45049  53.0937 308.7182 0003740 268.2336  91.8233 15.24939920202053
1 45049U 20006F   23269.36837617  .00013414  00000-0  54400-3 0  9992
2 45049  53.0937 308.7182 0003740 268.2336  91.8233 15.24939920202390
1 45049U 20006F   23270.41699731  .00013058  00000-0  52944-3 0  9998
2 45049  53.0930 303.8786 0003723 273.6198  86.4373 15.24971652202557
1 45049U 20006F   23270.48253565  .00012356  00000-0  50172-3 0  9997
2 45049  53.0929 303.5761 0003722 273.9166  86.1406 15.24972575202225
1 45049U 20006F   23271.40006373  .00010388  00000-0  42380-3 0  9998
2 45049  53.0926 299.3419 0003662 282.1630  77.8957 15.24994264202367
1 45049U 20006F   23272.12096911  .00010041  00000-0  40994-3 0  9990
2 45049  53.0916 296.0139 0003692 281.8630  78.1954 15.25009984202816
1 45049U 20006F   23272.31757840  .00009873  00000-0  40326-3 0  9996
2 45049  53.0915 295.1063 0003690 282.6439  77.4146 15.25014153202500
1 45049U 20006F   23273.23508035  .00010931  00000-0  44466-3 0  9994
2 45049  53.0908 290.8709 0003682 286.2558  73.8035 15.25037167202646
1 45049U 20006F   23273.49722184  .00010179  00000-0  41498-3 0  9991
2 45049  53.0906 289.6607 0003712 288.5662  71.4932 15.25042339203022
1 45049U 20006F   23274.48023909  .00013038  00000-0  52708-3 0  9993
2 45049  53.0901 285.1227 0003702 292.4393  67.6213 15.25071871202830
1 45049U 20006F   23274.74237399  .00013149  00000-0  53133-3 0  9998
2 45049  53.0901 283.9126 0003700 293.6848  66.3761 15.25079290202871
1 45049U 20006F   23274.74237399  .00013149  00000-0  53133-3 0  9998
2 45049  53.0901 283.9126 0003700 293.6848  66.3761 15.25079290203210
1 45049U 20006F   23275.33217310  .00013098  00000-0  52906-3 0  9995
2 45049  53.0898 281.1900 0003690 296.0206  64.0411 15.25095893202963
1 45049U 20006F   23276.18409367  .00012657  00000-0  51139-3 0  9991
2 45049  53.0893 277.2569 0003683 299.1755  60.8874 15.25119347203431
1 45049U 20006F   23276.31515738  .00012672  00000-0  51192-3 0  9992
2 45049  53.0894 276.6519 0003682 300.0727  59.9905 15.25122815203113
1 45049U 20006F   23276.70834615  .00013207  00000-0  53275-3 0  9992
2 45049  53.0892 274.8367 0003676 301.6103  58.4535 15.25134253203178
1 45049U 20006F   23277.36364743  .00023778  00000-0  94587-3 0  9990
2 45049  53.0890 271.8116 0003649 304.8377  55.2278 15.25175250203275
1 45049U 20006F   23277.36364743  .00023778  00000-0  94587-3 0  9990
2 45049  53.0890 271.8116 0003649 304.8377  55.2278 15.25175250203613
1 45049U 20006F   23277.69129210  .00026328  00000-0  10449-2 0  9992
2 45049  53.0889 270.2988 0003651 306.2870  53.7790 15.25195766203322
1 45049U 20006F   23278.28104524  .00024675  00000-0  97960-3 0  9996
2 45049  53.0886 267.5769 0003611 308.1974  51.8699 15.25221797203418
1 45049U 20006F   23278.67420973  .00023420  00000-0  93022-3 0  9990
2 45049  53.0883 265.7604 0003630 310.3086  49.7595 15.25234987203475
1 45049U 20006F   23278.67420973  .00023420  00000-0  93022-3 0  9990
2 45049  53.0883 265.7604 0003630 310.3086  49.7595 15.25234987203813
1 45049U 20006F   23279.39500147  .00016308  00000-0  65205-3 0  9991
2 45049  53.0877 262.4331 0003646 311.0316  49.0366 15.25255171203589
1 45049U 20006F   23279.39500147  .00016308  00000-0  65205-3 0  9991
2 45049  53.0877 262.4331 0003646 311.0316  49.0366 15.25255171203927
1 45049U 20006F   23279.65710490  .00017047  00000-0  68073-3 0  9991
2 45049  53.0875 261.2228 0003657 312.0371  48.0315 15.25264596203622
1 45049U 20006F   23280.37788125  .00016622  00000-0  66365-3 0  9992
2 45049  53.0871 257.8945 0003651 314.4193  45.6506 15.25288896203733
1 45049U 20006F   23280.63997911  .00016490  00000-0  65832-3 0  9997
2 45049  53.0870 256.6842 0003656 315.3210  44.7493 15.25297006203772
1 45049U 20006F   23280.63997911  .00016490  00000-0  65832-3 0  9997
2 45049  53.0870 256.6842 0003656 315.3210  44.7493 15.25297006204111
1 45049U 20006F   23281.29521624  .00017721  00000-0  70587-3 0  9995
2 45049  53.0865 253.6583 0003658 317.3668  42.7046 15.25321328203874
1 45049U 20006F   23281.62283106  .00018298  00000-0  72807-3 0  9999
2 45049  53.0864 252.1453 0003655 318.4287  41.6433 15.25333369203921
1 45049U 20006F   23282.08148742  .00018028  00000-0  71719-3 0  9998
2 45049  53.0862 250.0269 0003659 320.0793  39.9935 15.25350029204331
1 45049U 20006F   23282.34357425  .00018577  00000-0  73835-3 0  9997
2 45049  53.0860 248.8166 0003654 320.8517  39.2216 15.25360686204039
1 45049U 20006F   23282.93326359  .00019069  00000-0  75697-3 0  9999
2 45049  53.0857 246.0931 0003640 322.6150  37.4594 15.25383433204127
1 45049U 20006F   23283.12982470  .00019105  00000-0  75822-3 0  9994
2 45049  53.0857 245.1852 0003635 323.1470  36.9277 15.25391007204492
1 45049U 20006F   23283.32638466  .00019249  00000-0  76361-3 0  9997
2 45049  53.0857 244.2774 0003630 323.6446  36.4304 15.25399062204189
1 45049U 20006F   23283.58846316  .00019559  00000-0  77545-3 0  9999
2 45049  53.0857 243.0668 0003637 324.4680  35.6075 15.25409519204224
1 45049U 20006F   23284.30917006  .00018036  00000-0  71569-3 0  9994
2 45049  53.0858 239.7377 0003613 326.4488  33.6281 15.25436350204338
1 45049U 20006F   23284.30917006  .00018036  00000-0  71569-3 0  9994
2 45049  53.0858 239.7377 0003613 326.4488  33.6281 15.25436350204675
1 45049U 20006F   23285.55399794  .00018338  00000-0  72638-3 0  9993
2 45049  53.0861 233.9871 0003623 329.8639  30.2150 15.25482549204523
1 45049U 20006F   23285.55399794  .00018338  00000-0  72638-3 0  9993
2 45049  53.0861 233.9871 0003623 329.8639  30.2150 15.25482549204860
1 45049U 20006F   23286.27467043  .00017792  00000-0  70465-3 0  9995
2 45049  53.0863 230.6580 0003613 331.7619  28.3183 15.25509027204632
1 45049U 20006F   23287.12635703  .00021440  00000-0  84507-3 0  9997
2 45049  53.0866 226.7233 0003628 334.0170  26.0645 15.25546191204765
1 45049U 20006F   23287.12635703  .00021440  00000-0  84507-3 0  9997
2 45049  53.0866 226.7233 0003628 334.0170  26.0645 15.25546191205104
1 45049U 20006F   23287.84700085  .00017569  00000-0  69476-3 0  9997
2 45049  53.0868 223.3940 0003643 336.3096  23.7734 15.25569863204870
1 45049U 20006F   23288.04353777  .00017688  00000-0  69918-3 0  9995
2 45049  53.0869 222.4860 0003654 336.8284  23.2549 15.25577547204909
1 45049U 20006F   23288.04353777  .00017688  00000-0  69918-3 0  9995
2 45049  53.0869 222.4860 0003654 336.8284  23.2549 15.25577547205247
1 45049U 20006F   23289.09172191  .00016158  00000-0  63936-3 0  9995
2 45049  53.0874 217.6428 0003720 340.1952  19.8900 15.25610613205067
1 45049U 20006F   23289.09172191  .00016158  00000-0  63936-3 0  9995
2 45049  53.0874 217.6428 0003720 340.1952  19.8900 15.25610613205405
1 45049U 20006F   23289.81233578  .00015392  00000-0  60936-3 0  9998
2 45049  53.0879 214.3137 0003699 343.3528  16.7348 15.25632066205172
1 45049U 20006F   23290.20539309  .00014751  00000-0  58437-3 0  9995
2 45049  53.0880 212.4977 0003712 344.4025  15.6857 15.25643927205233
1 45049U 20006F   23290.20539309  .00014751  00000-0  58437-3 0  9995
2 45049  53.0880 212.4977 0003712 344.4025  15.6857 15.25643927205570
1 45049U 20006F   23291.18802428  .00013652  00000-0  54146-3 0  9990
2 45049  53.0881 207.9573 0003759 347.8572  12.2335 15.25671823205386
1 45049U 20006F   23292.17063636  .00017471  00000-0  68817-3 0  9993
2 45049  53.0884 203.4171 0003800 351.2724   8.8207 15.25705522205539
1 45049U 20006F   23292.17063636  .00017471  00000-0  68817-3 0  9993
2 45049  53.0884 203.4171 0003800 351.2724   8.8207 15.25705522205876
1 45049U 20006F   23292.95671029  .00018206  00000-0  71587-3 0  9995
2 45049  53.0883 199.7847 0003868 353.4942   6.6005 15.25733269205659
1 45049U 20006F   23293.15322633  .00016455  00000-0  64837-3 0  9996
2 45049  53.0883 198.8765 0003873 354.1321   5.9631 15.25738609205686
1 45049U 20006F   23293.93928316  .00016217  00000-0  63871-3 0  9995
2 45049  53.0887 195.2438 0003934 356.8422   3.2551 15.25764709205803
1 45049U 20006F   23294.00478775  .00014952  00000-0  59002-3 0  9998
2 45049  53.0886 194.9413 0003948 356.8656   3.2316 15.25764534206159
1 45049U 20006F   23294.13579550  .00016721  00000-0  65796-3 0  9998
2 45049  53.0887 194.3358 0003946 357.2893   2.8083 15.25771170205832
1 45049U 20006F   23294.92183566  .00014033  00000-0  55415-3 0  9994
2 45049  53.0890 190.7032 0004017   0.0136   0.0861 15.25794192205954
1 45049U 20006F   23295.44585508  .00011955  00000-0  47395-3 0  9992
2 45049  53.0894 188.2814 0004019   2.7652 357.3368 15.25809375206032
1 45049U 20006F   23295.44585508  .00011955  00000-0  47395-3 0  9992
2 45049  53.0894 188.2814 0004019   2.7652 357.3368 15.25809375206379
1 45049U 20006F   23295.96986899  .00014061  00000-0  55465-3 0  9995
2 45049  53.0899 185.8593 0004043   4.4570 355.6463 15.25828043206118
1 45049U 20006F   23296.95238407  .00011637  00000-0  46117-3 0  9990
2 45049  53.0903 181.3188 0004164   8.0335 352.0729 15.25850210206261
1 45049U 20006F   23297.08338501  .00011659  00000-0  46195-3 0  9991
2 45049  53.0904 180.7134 0004179   8.3531 351.7536 15.25853247206628
1 45049U 20006F   23297.41088642  .00010228  00000-0  40692-3 0  9993
2 45049  53.0907 179.1999 0004224   9.5309 350.5769 15.25858660206336
1 45049U 20006F   23298.85187396  .00009901  00000-0  39398-3 0  9995
2 45049  53.0911 172.5403 0004417  14.1140 345.9980 15.25890124206892
1 45049U 20006F   23298.91737276  .00010304  00000-0  40942-3 0  9996
2 45049  53.0910 172.2376 0004416  14.2910 345.8212 15.25891634206560
1 45049U 20006F   23299.04836996  .00010593  00000-0  42049-3 0  9990
2 45049  53.0912 171.6318 0004405  15.0283 345.0845 15.25895036206587
1 45049U 20006F   23299.89984526  .00012549  00000-0  49519-3 0  9998
2 45049  53.0910 167.6964 0004512  17.2141 342.9009 15.25917487206711
1 45049U 20006F   23300.03084072  .00012572  00000-0  49603-3 0  9994
2 45049  53.0908 167.0911 0004564  16.9932 343.1218 15.25920101207077
1 45049U 20006F   23300.35832713  .00014354  00000-0  56415-3 0  9991
2 45049  53.0911 165.5774 0004601  18.4117 341.7046 15.25930756206782
1 45049U 20006F   23300.88230139  .00012921  00000-0  50904-3 0  9998
2 45049  53.0909 163.1559 0004715  19.9640 340.1542 15.25943959206869
1 45049U 20006F   23301.34077517  .00010720  00000-0  42460-3 0  9992
2 45049  53.0907 161.0367 0004774  21.1786 338.9408 15.25953270206933
1 45049U 20006F   23301.34077517  .00010720  00000-0  42460-3 0  9992
2 45049  53.0907 161.0367 0004774  21.1786 338.9408 15.25953270207271
1 45049U 20006F   23301.86474005  .00014748  00000-0  57851-3 0  9996
2 45049  53.0902 158.6143 0004783  22.6452 337.4756 15.25972160207017
1 45049U 20006F   23302.32320529  .00015716  00000-0  61529-3 0  9992
2 45049  53.0900 156.4952 0004840  23.7110 336.4110 15.25985909207429
1 45049U 20006F   23302.58518375  .00014397  00000-0  56475-3 0  9996
2 45049  53.0896 155.2839 0004862  24.6167 335.5062 15.25992062207121
1 45049U 20006F   23302.91265446  .00014440  00000-0  56622-3 0  9994
2 45049  53.0896 153.7704 0004912  25.3481 334.7757 15.26002308207171
1 45049U 20006F   23303.82956345  .00012794  00000-0  50294-3 0  9999
2 45049  53.0890 149.5316 0005005  27.5900 332.5363 15.26025125207655
1 45049U 20006F   23303.89505672  .00012110  00000-0  47681-3 0  9997
2 45049  53.0889 149.2292 0005029  27.6412 332.4852 15.26025579207327
1 45049U 20006F   23304.54998385  .00010752  00000-0  42472-3 0  9990
2 45049  53.0888 146.2018 0005154  29.5052 330.6236 15.26038984207420
1 45049U 20006F   23304.87744531  .00010553  00000-0  41701-3 0  9991
2 45049  53.0892 144.6885 0005353  29.7264 330.4037 15.26046263207478
1 45049U 20006F   23304.87744531  .00010553  00000-0  41701-3 0  9991
2 45049  53.0892 144.6885 0005353  29.7264 330.4037 15.26046263207816
1 45049U 20006F   23305.92530982  .00009899  00000-0  39175-3 0  9994
2 45049  53.0891 139.8440 0005311  32.4388 327.6935 15.26069145207639
1 45049U 20006F   23305.92530982  .00009899  00000-0  39175-3 0  9994
2 45049  53.0891 139.8440 0005311  32.4388 327.6935 15.26069145207976
1 45049U 20006F   23306.25276314  .00012531  00000-0  49206-3 0  9990
2 45049  53.0889 138.3296 0005165  33.4098 326.7225 15.26081198207684
1 45049U 20006F   23306.90766531  .00012147  00000-0  47718-3 0  9996
2 45049  53.0886 135.3015 0005218  35.6939 324.4407 15.26097036207780
1 45049U 20006F   23307.16962343  .00013161  00000-0  51570-3 0  9992
2 45049  53.0885 134.0893 0005251  36.5474 323.5882 15.26106115208169
1 45049U 20006F   23307.56255913  .00013487  00000-0  52795-3 0  9995
2 45049  53.0881 132.2732 0005262  37.5563 322.5802 15.26117339207888
1 45049U 20006F   23307.89000324  .00012792  00000-0  50134-3 0  9998
2 45049  53.0884 130.7595 0005243  38.3864 321.7506 15.26125384207930
1 45049U 20006F   23308.47939819  .00013242  00000-0  51825-3 0  9992
2 45049  53.0880 128.0344 0005287  39.5741 320.5642 15.26141422208023
1 45049U 20006F   23308.80683702  .00015033  00000-0  58621-3 0  9997
2 45049  53.0880 126.5206 0005294  40.1026 320.0362 15.26152247208419
1 45049U 20006F   23308.93781176  .00015622  00000-0  60853-3 0  9999
2 45049  53.0878 125.9149 0005297  40.5051 319.6340 15.26157001208097
1 45049U 20006F   23309.52719387  .00017611  00000-0  68371-3 0  9993
2 45049  53.0877 123.1899 0005325  42.0073 318.1333 15.26177815208182
1 45049U 20006F   23309.72365205  .00016426  00000-0  63858-3 0  9999
2 45049  53.0874 122.2813 0005349  42.2872 317.8538 15.26184309208213
1 45049U 20006F   23310.18204816  .00028130  00000-0  10813-2 0  9998
2 45049  53.0871 120.1613 0005375  43.3443 316.7977 15.26219876208280
1 45049U 20006F   23310.18204816  .00028130  00000-0  10813-2 0  9998
2 45049  53.0871 120.1613 0005375  43.3443 316.7977 15.26219876208628
1 45049U 20006F   23310.77140399  .00023899  00000-0  92038-3 0  9995
2 45049  53.0862 117.4363 0005348  43.9877 316.1546 15.26248240208371
1 45049U 20006F   23311.16430342  .00019816  00000-0  76553-3 0  9997
2 45049  53.0861 115.6192 0005325  45.3361 314.8070 15.26260955208777
1 45049U 20006F   23311.62268099  .00015727  00000-0  61035-3 0  9992
2 45049  53.0860 113.4992 0005337  46.5592 313.5850 15.26274819208509
1 45049U 20006F   23312.47394179  .00014758  00000-0  57318-3 0  9997
2 45049  53.0858 109.5617 0005257  49.4488 310.6967 15.26302244208975
1 45049U 20006F   23312.60490356  .00015140  00000-0  58755-3 0  9998
2 45049  53.0858 108.9557 0005309  49.4380 310.7079 15.26306884208654
1 45049U 20006F   23312.73586473  .00015883  00000-0  61556-3 0  9995
2 45049  53.0855 108.3500 0005319  49.1591 310.9868 15.26313241208670
1 45049U 20006F   23313.58710654  .00015056  00000-0  58383-3 0  9995
2 45049  53.0853 104.4125 0005321  51.6907 308.4569 15.26337300208807
1 45049U 20006F   23313.71806541  .00015085  00000-0  58487-3 0  9998
2 45049  53.0855 103.8066 0005321  51.1675 308.9798 15.26341421208823
1 45049U 20006F   23313.71806541  .00015085  00000-0  58487-3 0  9998
2 45049  53.0855 103.8066 0005321  51.1675 308.9798 15.26341421209161
1 45049U 20006F   23314.56929083  .00014662  00000-0  56847-3 0  9997
2 45049  53.0854  99.8691 0005310  53.0908 307.0576 15.26365893208955
1 45049U 20006F   23314.70024734  .00015029  00000-0  58227-3 0  9994
2 45049  53.0856  99.2633 0005317  52.9900 307.1584 15.26370046208972
1 45049U 20006F   23315.42050219  .00014320  00000-0  55512-3 0  9998
2 45049  53.0859  95.9315 0005304  54.5669 305.5824 15.26390413209421
1 45049U 20006F   23315.55145688  .00013571  00000-0  52677-3 0  9993
2 45049  53.0860  95.3258 0005292  54.8829 305.2665 15.26392950209103
1 45049U 20006F   23315.68241073  .00014868  00000-0  57569-3 0  9997
2 45049  53.0861  94.7200 0005288  55.0129 305.1365 15.26398470209126
1 45049U 20006F   23316.53360559  .00014792  00000-0  57241-3 0  9996
2 45049  53.0864  90.7823 0005310  56.5649 303.5856 15.26421204209258
1 45049U 20006F   23316.66455734  .00015295  00000-0  59134-3 0  9992
2 45049  53.0866  90.1765 0005309  56.8442 303.3065 15.26425369209279
1 45049U 20006F   23316.66455734  .00015295  00000-0  59134-3 0  9992
2 45049  53.0866  90.1765 0005309  56.8442 303.3065 15.26425369209617
1 45049U 20006F   23317.51573770  .00013621  00000-0  52782-3 0  9991
2 45049  53.0872  86.2392 0005334  58.7004 301.4516 15.26446083209402
1 45049U 20006F   23317.51573770  .00013621  00000-0  52782-3 0  9991
2 45049  53.0872  86.2392 0005334  58.7004 301.4516 15.26446083209749
1 45049U 20006F   23318.56332640  .00011841  00000-0  46032-3 0  9999
2 45049  53.0886  81.3931 0005429  61.1621 298.9921 15.26472746209562
1 45049U 20006F   23318.56332640  .00011841  00000-0  46032-3 0  9999
2 45049  53.0886  81.3931 0005429  61.1621 298.9921 15.26472746209900
1 45049U 20006F   23319.61089645  .00011876  00000-0  46125-3 0  9991
2 45049  53.0885  76.5439 0005416  63.1136 297.0415 15.26499101209729
1 45049U 20006F   23319.61089645  .00011876  00000-0  46125-3 0  9991
2 45049  53.0885  76.5439 0005416  63.1136 297.0415 15.26499101210068
1 45049U 20006F   23320.72392197  .00010522  00000-0  40995-3 0  9990
2 45049  53.0893  71.3947 0005489  65.3243 294.8326 15.26523489209899
1 45049U 20006F   23320.72392197  .00010522  00000-0  40995-3 0  9990
2 45049  53.0893  71.3947 0005489  65.3243 294.8326 15.26523489210239
1 45049U 20006F   23321.57504601  .00009974  00000-0  38908-3 0  9999
2 45049  53.0893  67.4582 0005519  66.6723 293.4855 15.26542364210023
1 45049U 20006F   23321.70598776  .00009264  00000-0  36233-3 0  9991
2 45049  53.0894  66.8532 0005490  66.3477 293.8097 15.26543590210049
1 45049U 20006F   23322.55710207  .00009000  00000-0  35225-3 0  9998
2 45049  53.0902  62.9153 0005559  68.3912 291.7678 15.26559849210177
1 45049U 20006F   23322.55710207  .00009000  00000-0  35225-3 0  9998
2 45049  53.0902  62.9153 0005559  68.3912 291.7678 15.26559849210515
1 45049U 20006F   23323.53914635  .00009637  00000-0  37599-3 0  9990
2 45049  53.0909  58.3717 0005653  70.3337 289.8271 15.26579091210323
1 45049U 20006F   23324.52117863  .00009409  00000-0  36721-3 0  9991
2 45049  53.0914  53.8278 0005732  72.0937 288.0686 15.26597374210813
1 45049U 20006F   23324.58664689  .00010043  00000-0  39099-3 0  9997
2 45049  53.0913  53.5249 0005726  71.9150 288.2471 15.26599741210482
1 45049U 20006F   23325.50319687  .00010174  00000-0  39570-3 0  9994
2 45049  53.0917  49.2837 0005780  73.5510 286.6123 15.26619371210623
1 45049U 20006F   23326.48519726  .00015064  00000-0  57860-3 0  9993
2 45049  53.0919  44.7395 0005856  74.9563 285.2083 15.26652361210773
1 45049U 20006F   23326.48519726  .00015064  00000-0  57860-3 0  9993
2 45049  53.0919  44.7395 0005856  74.9563 285.2083 15.26652361211112
1 45049U 20006F   23327.59810460  .00014443  00000-0  55471-3 0  9991
2 45049  53.0922  39.5898 0005927  76.7608 283.4051 15.26690011210944
1 45049U 20006F   23327.59810460  .00014443  00000-0  55471-3 0  9991
2 45049  53.0922  39.5898 0005927  76.7608 283.4051 15.26690011211282
1 45049U 20006F   23328.44913439  .00013079  00000-0  50329-3 0  9997
2 45049  53.0924  35.6523 0005998  78.7141 281.4531 15.26714840211073
1 45049U 20006F   23329.56199857  .00017747  00000-0  67701-3 0  9999
2 45049  53.0921  30.5024 0006042  80.1514 280.0166 15.26752934211246
1 45049U 20006F   23330.15114773  .00025079  00000-0  94944-3 0  9996
2 45049  53.0918  27.7760 0006089  81.0762 279.0925 15.26785771211676
1 45049U 20006F   23330.47845170  .00015696  00000-0  59988-3 0  9996
2 45049  53.0917  26.2612 0006097  81.5587 278.6102 15.26785300211382
1 45049U 20006F   23330.47845170  .00015696  00000-0  59988-3 0  9996
2 45049  53.0917  26.2612 0006097  81.5587 278.6102 15.26785300211720
1 45049U 20006F   23331.46034431  .00011023  00000-0  42505-3 0  9993
2 45049  53.0913  21.7169 0006159  83.2279 276.9420 15.26814618211537
1 45049U 20006F   23332.50767600  .00013979  00000-0  53476-3 0  9991
2 45049  53.0907  16.8696 0006231  84.8296 275.3413 15.26849237211694
1 45049U 20006F   23332.50767600  .00013979  00000-0  53476-3 0  9991
2 45049  53.0907  16.8696 0006231  84.8296 275.3413 15.26849237212033
1 45049U 20006F   23333.42407615 -.00004108  00000-0 -14060-3 0  9992
2 45049  53.0906  12.6278 0006157  90.6544 269.5160 15.26854340211832
1 45049U 20006F   23333.42407615 -.00004108  00000-0 -14060-3 0  9992
2 45049  53.0906  12.6278 0006157  90.6544 269.5160 15.26854340212170
1 45049U 20006F   23334.27499766  .00014834  00000-0  56564-3 0  9994
2 45049  53.0896   8.6882 0006267  88.9581 271.2136 15.26904885212305
1 45049U 20006F   23335.32227030  .00014813  00000-0  56436-3 0  9999
2 45049  53.0889   3.8397 0006210  92.0208 268.1502 15.26935475212463
1 45049U 20006F   23335.51863080  .00017065  00000-0  64779-3 0  9992
2 45049  53.0887   2.9303 0006205  92.7991 267.3718 15.26944944212155
1 45049U 20006F   23336.36951420  .00032041  00000-0  12006-2 0  9998
2 45049  53.0885 358.9903 0006193  95.3824 264.7881 15.26996313212286
1 45049U 20006F   23336.36951420  .00032041  00000-0  12006-2 0  9998
2 45049  53.0885 358.9903 0006193  95.3824 264.7881 15.26996313212624
1 45049U 20006F   23337.08948145  .00011991  00000-0  45863-3 0  9997
2 45049  53.0882 355.6568 0006199  97.6786 262.4917 15.26999223212730
1 45049U 20006F   23337.28583391  .00012586  00000-0  48059-3 0  9998
2 45049  53.0883 354.7477 0006192  98.1157 262.0544 15.27006442212422
1 45049U 20006F   23338.33303852  .00010599  00000-0  40659-3 0  9997
2 45049  53.0883 349.9005 0006154 100.8826 259.2865 15.27029935212580
1 45049U 20006F   23338.33303852  .00010599  00000-0  40659-3 0  9997
2 45049  53.0883 349.9005 0006154 100.8826 259.2865 15.27029935212928
1 45049U 20006F   23339.31477837  .00011150  00000-0  42675-3 0  9995
2 45049  53.0883 345.3553 0006112 103.1361 257.0320 15.27052508212733
1 45049U 20006F   23340.16560789  .00010964  00000-0  41960-3 0  9997
2 45049  53.0883 341.4154 0006076 105.0409 255.1262 15.27071880213201
1 45049U 20006F   23340.42739901  .00011330  00000-0  43307-3 0  9995
2 45049  53.0884 340.2028 0006087 105.9733 254.1936 15.27078798212908
1 45049U 20006F   23341.21276799  .00008960  00000-0  34516-3 0  9991
2 45049  53.0882 336.5655 0006074 108.1096 252.0564 15.27092743213027
1 45049U 20006F   23341.21276799  .00008960  00000-0  34516-3 0  9991
2 45049  53.0882 336.5655 0006074 108.1096 252.0564 15.27092743213364
1 45049U 20006F   23342.25991486  .00008589  00000-0  33124-3 0  9994
2 45049  53.0888 331.7168 0006112 111.3271 248.8381 15.27111778213180
1 45049U 20006F   23342.25991486  .00008589  00000-0  33124-3 0  9994
2 45049  53.0888 331.7168 0006112 111.3271 248.8381 15.27111778213528
1 45049U 20006F   23343.37249404  .00009025  00000-0  34715-3 0  9997
2 45049  53.0889 326.5641 0006056 113.3747 246.7889 15.27133099213692
1 45049U 20006F   23344.35416971  .00008157  00000-0  31490-3 0  9993
2 45049  53.0892 322.0173 0006013 115.4400 244.7221 15.27149125213504
1 45049U 20006F   23345.20494630  .00008210  00000-0  31670-3 0  9996
2 45049  53.0896 318.0768 0006002 116.8978 243.2634 15.27164207213630
1 45049U 20006F   23345.20494630  .00008210  00000-0  31670-3 0  9996
2 45049  53.0896 318.0768 0006002 116.8978 243.2634 15.27164207213977
1 45049U 20006F   23346.18660165  .00008305  00000-0  32005-3 0  9990
2 45049  53.0903 313.5305 0005997 118.6038 241.5565 15.27181267213780
1 45049U 20006F   23347.16824563  .00010568  00000-0  40335-3 0  9992
2 45049  53.0909 308.9876 0006044 121.2042 238.9549 15.27202189213932
1 45049U 20006F   23347.16824563  .00010568  00000-0  40335-3 0  9992
2 45049  53.0909 308.9876 0006044 121.2042 238.9549 15.27202189214270
1 45049U 20006F   23348.14987861  .00009228  00000-0  35375-3 0  9991
2 45049  53.0914 304.4397 0005793 117.2645 242.8944 15.27218971214087
1 45049U 20006F   23348.14987861  .00009228  00000-0  35375-3 0  9991
2 45049  53.0914 304.4397 0005793 117.2645 242.8944 15.27218971214425
1 45049U 20006F   23349.13149575  .00009028  00000-0  34618-3 0  9990
2 45049  53.0917 299.8880 0005624 115.9123 244.2456 15.27240282214234
1 45049U 20006F   23350.11309698  .00009093  00000-0  34831-3 0  9993
2 45049  53.0915 295.3454 0005758 122.3767 237.7790 15.27264077214724
1 45049U 20006F   23350.17853599  .00010785  00000-0  41057-3 0  9991
2 45049  53.0916 295.0413 0005831 123.7777 236.3778 15.27267711214397
1 45049U 20006F   23351.16012351  .00010088  00000-0  38467-3 0  9991
2 45049  53.0911 290.4961 0005734 124.1195 236.0349 15.27289103214547
1 45049U 20006F   23351.16012351  .00010088  00000-0  38467-3 0  9991
2 45049  53.0911 290.4961 0005734 124.1195 236.0349 15.27289103214884
1 45049U 20006F   23352.14169436  .00013309  00000-0  50270-3 0  9992
2 45049  53.0906 285.9494 0005722 126.8362 233.3162 15.27317158214694
1 45049U 20006F   23352.14169436  .00013309  00000-0  50270-3 0  9992
2 45049  53.0906 285.9494 0005722 126.8362 233.3162 15.27317158215033
1 45049U 20006F   23353.12324671  .00012128  00000-0  45893-3 0  9998
2 45049  53.0895 281.4034 0005704 129.4369 230.7135 15.27344318214844
1 45049U 20006F   23354.10478036  .00011710  00000-0  44321-3 0  9993
2 45049  53.0888 276.8563 0005739 133.0981 227.0498 15.27372088214992
1 45049U 20006F   23354.10478036  .00011710  00000-0  44321-3 0  9993
2 45049  53.0888 276.8563 0005739 133.0981 227.0498 15.27372088215331
1 45049U 20006F   23355.08629573  .00014391  00000-0  54103-3 0  9992
2 45049  53.0880 272.3093 0005755 136.5990 223.5462 15.27403697215140
1 45049U 20006F   23355.08629573  .00014391  00000-0  54103-3 0  9992
2 45049  53.0880 272.3093 0005755 136.5990 223.5462 15.27403697215487
1 45049U 20006F   23355.93692739  .00013335  00000-0  50200-3 0  9991
2 45049  53.0878 268.3649 0005673 138.1027 222.0406 15.27427942215272
1 45049U 20006F   23356.00236004  .00013612  00000-0  51208-3 0  9996
2 45049  53.0879 268.0619 0005665 138.1421 222.0012 15.27430218215280
1 45049U 20006F   23356.91840788  .00013927  00000-0  52319-3 0  9999
2 45049  53.0874 263.8200 0005716 141.8583 218.2821 15.27457857215420
1 45049U 20006F   23356.98383935  .00013603  00000-0  51132-3 0  9995
2 45049  53.0874 263.5172 0005724 142.2401 217.9000 15.27459194215430
1 45049U 20006F   23356.98383935  .00013603  00000-0  51132-3 0  9995
2 45049  53.0874 263.5172 0005724 142.2401 217.9000 15.27459194215777
1 45049U 20006F   23357.89987019  .00014694  00000-0  55074-3 0  9999
2 45049  53.0875 259.2733 0005868 145.6771 214.4608 15.27486768215570
1 45049U 20006F   23358.16159022  .00015306  00000-0  57296-3 0  9994
2 45049  53.0872 258.0607 0005840 146.5323 213.6046 15.27495340215615
1 45049U 20006F   23358.16159022  .00015306  00000-0  57296-3 0  9994
2 45049  53.0872 258.0607 0005840 146.5323 213.6046 15.27495340215952
1 45049U 20006F   23358.88131390  .00014739  00000-0  55189-3 0  9999
2 45049  53.0869 254.7257 0005833 148.9773 211.1571 15.27515700215723
1 45049U 20006F   23359.01217139  .00015595  00000-0  58304-3 0  9994
2 45049  53.0870 254.1194 0005858 149.4336 210.7004 15.27520806215748
1 45049U 20006F   23359.92816577  .00014328  00000-0  53640-3 0  9996
2 45049  53.0869 249.8753 0005972 152.8008 207.3304 15.27547004215888
1 45049U 20006F   23359.99359322  .00014665  00000-0  54862-3 0  9994
2 45049  53.0869 249.5722 0005993 153.0880 207.0430 15.27549388215890
1 45049U 20006F   23359.99359322  .00014665  00000-0  54862-3 0  9994
2 45049  53.0869 249.5722 0005993 153.0880 207.0430 15.27549388216239
1 45049U 20006F   23360.90957106  .00013472  00000-0  50475-3 0  9992
2 45049  53.0866 245.3262 0005862 155.6018 204.5259 15.27574081216032
1 45049U 20006F   23361.82553415  .00013514  00000-0  50591-3 0  9995
2 45049  53.0866 241.0822 0005918 158.7404 201.3841 15.27598576216512
1 45049U 20006F   23361.89095949  .00012466  00000-0  46773-3 0  9997
2 45049  53.0866 240.7790 0005896 158.8803 201.2440 15.27599202216185
1 45049U 20006F   23361.95638499  .00012383  00000-0  46468-3 0  9996
2 45049  53.0866 240.4763 0005820 158.9973 201.1266 15.27600663216198
1 45049U 20006F   23362.93775660  .00011915  00000-0  44734-3 0  9991
2 45049  53.0863 235.9284 0005649 161.5635 198.5569 15.27625197216347
1 45049U 20006F   23363.06860494  .00011861  00000-0  44531-3 0  9991
2 45049  53.0863 235.3223 0005654 162.0146 198.1054 15.27628532216366
1 45049U 20006F   23363.06860494  .00011861  00000-0  44531-3 0  9991
2 45049  53.0863 235.3223 0005654 162.0146 198.1054 15.27628532216704
1 45049U 20006F   23363.91911393  .00011420  00000-0  42903-3 0  9992
2 45049  53.0863 231.3800 0005455 164.0604 196.0568 15.27647281216496
1 45049U 20006F   23364.83501044  .00033712  00000-0  12344-2 0  9995
2 45049  53.0868 227.1345 0006260 165.3606 194.7575 15.27732368216976
1 45049U 20006F   23364.90043088  .00031802  00000-0  11655-2 0  9994
2 45049  53.0867 226.8313 0005579 165.3771 194.7390 15.27734831216647
