1 45046U 20006C   23001.45587018  .00052483  00000-0  19304-2 0  9992
2 45046  52.9886  76.9487 0001517 225.1460 134.9414 15.27390492161527
1 45046U 20006C   23001.91390056  .00052080  00000-0  19130-2 0  9997
2 45046  52.9887  74.8223 0001392 228.4920 131.5958 15.27438432161591
1 45046U 20006C   23002.37191561  .00045635  00000-0  16767-2 0  9999
2 45046  52.9891  72.6955 0001310 231.6886 128.3994 15.27489787161662
1 45046U 20006C   23002.89534473  .00044273  00000-0  16249-2 0  9991
2 45046  52.9890  70.2651 0001184 234.0050 126.0837 15.27538996161744
1 45046U 20006C   23003.15705271  .00045929  00000-0  16835-2 0  9997
2 45046  52.9890  69.0498 0001156 237.7965 122.2920 15.27564927161781
1 45046U 20006C   23004.46552290  .00074758  00000-0  27092-2 0  9992
2 45046  52.9877  62.9710 0000942 242.5456 117.5446 15.27715446161982
1 45046U 20006C   23004.85803431  .00062658  00000-0  22723-2 0  9993
2 45046  52.9874  61.1480 0000845 243.8627 116.2283 15.27775868162047
1 45046U 20006C   23005.18511686  .00059030  00000-0  21397-2 0  9994
2 45046  52.9870  59.6284 0000803 247.8178 112.2734 15.27819003162098
1 45046U 20006C   23005.31594656  .00053394  00000-0  19370-2 0  9992
2 45046  52.9870  59.0202 0000797 245.1115 114.9800 15.27837406162119
1 45046U 20006C   23006.42794127  .00066491  00000-0  23931-2 0  9990
2 45046  52.9863  53.8523 0000700 250.8504 109.2418 15.27997247162288
1 45046U 20006C   23007.14740670  .00063463  00000-0  22791-2 0  9993
2 45046  52.9859  50.5084 0000560 259.2606 100.8328 15.28090898162395
1 45046U 20006C   23007.80142582  .00070630  00000-0  25256-2 0  9997
2 45046  52.9856  47.4674 0000465 254.0319 106.0628 15.28181934162494
1 45046U 20006C   23008.39001010  .00064775  00000-0  23134-2 0  9998
2 45046  52.9853  44.7301 0000413 258.3355 101.7597 15.28262899162585
1 45046U 20006C   23008.78238216  .00068657  00000-0  24458-2 0  9994
2 45046  52.9852  42.9056 0000344 266.7409  93.3549 15.28318847162642
1 45046U 20006C   23009.37091149  .00071913  00000-0  25529-2 0  9991
2 45046  52.9853  40.1680 0000281 267.1251  92.9714 15.28410770162733
1 45046U 20006C   23010.35171996  .00073947  00000-0  26124-2 0  9991
2 45046  52.9849  35.6051 0000194 288.1754  71.9222 15.28556382162880
1 45046U 20006C   23011.33242739  .00089357  00000-0  31312-2 0  9991
2 45046  52.9857  31.0423 0000072   4.2791 355.8207 15.28727642163039
1 45046U 20006C   23012.24765194  .00095074  00000-0  33109-2 0  9996
2 45046  52.9863  26.7830 0000202  73.8686 286.2334 15.28897549163176
1 45046U 20006C   23013.29349515  .00099832  00000-0  34519-2 0  9999
2 45046  52.9869  21.9145 0000423  86.3503 273.7543 15.29103428163338
1 45046U 20006C   23015.38471532  .00138277  00000-0  46796-2 0  9993
2 45046  52.9878  12.1748 0000903  99.9399 260.1701 15.29601689163658
1 45046U 20006C   23015.71140011  .00122360  00000-0  41392-2 0  9998
2 45046  52.9880  10.6532 0000981 100.9651 259.1458 15.29696211163703
1 45046U 20006C   23016.23405508  .00155041  00000-0  51927-2 0  9998
2 45046  52.9882   8.2166 0001111 107.1368 252.9752 15.29856680163785
1 45046U 20006C   23016.69133915  .00132942  00000-0  44528-2 0  9992
2 45046  52.9880   6.0854 0001195 107.4793 252.6336 15.29964130163853
1 45046U 20006C   23017.34454761  .00109570  00000-0  36675-2 0  9995
2 45046  52.9877   3.0386 0001409 113.5296 246.5851 15.30106868163953
1 45046U 20006C   23017.67112685  .00123212  00000-0  41046-2 0  9994
2 45046  52.9876   1.5158 0001525 116.6018 243.5137 15.30189070164004
1 45046U 20006C   23018.45484532  .00155023  00000-0  51047-2 0  9991
2 45046  52.9874 357.8602 0001762 122.9113 237.2056 15.30406652164123
1 45046U 20006C   23018.65075965  .00146021  00000-0  48088-2 0  9998
2 45046  52.9874 356.9466 0001763 121.8360 238.2810 15.30446976164159
1 45046U 20006C   23019.30375874  .00113228  00000-0  37305-2 0  9996
2 45046  52.9869 353.8991 0001909 126.6837 233.4337 15.30598618164259
1 45046U 20006C   23025.24270176  .00111218  00000-0  34935-2 0  9998
2 45046  52.9860 326.1531 0003594 161.2001 198.9131 15.32140464165165
1 45046U 20006C   23026.09065273  .00126537  00000-0  39411-2 0  9996
2 45046  52.9864 322.1857 0003782 165.5962 194.5145 15.32333109165299
1 45046U 20006C   23027.06892405  .00110716  00000-0  34340-2 0  9997
2 45046  52.9860 317.6080 0003754 168.5490 191.5595 15.32547037165440
1 45046U 20006C   23028.17747339  .00104585  00000-0  32238-2 0  9996
2 45046  52.9862 312.4176 0003921 172.8431 187.2625 15.32776232165953
1 45046U 20006C   23029.09027782  .00083813  00000-0  25798-2 0  9994
2 45046  52.9862 308.1436 0003988 174.5321 185.5723 15.32938087165750
1 45046U 20006C   23030.06817900  .00075522  00000-0  23166-2 0  9997
2 45046  52.9859 303.5631 0004113 177.9178 182.1840 15.33097695165902
1 45046U 20006C   23030.91561486  .00068292  00000-0  20896-2 0  9999
2 45046  52.9855 299.5931 0004135 180.9154 179.1839 15.33224313166035
1 45046U 20006C   23031.11116719  .00070822  00000-0  21639-2 0  9995
2 45046  52.9851 298.6762 0004224 181.9384 178.1600 15.33252726166065
1 45046U 20006C   23031.76298021  .00084480  00000-0  25655-2 0  9990
2 45046  52.9847 295.6231 0004269 183.9039 176.1929 15.33361609166160
1 45046U 20006C   23032.02369151  .00082849  00000-0  25131-2 0  9999
2 45046  52.9847 294.4009 0004386 184.8506 175.2452 15.33407347166205
1 45046U 20006C   23033.00128936  .00077455  00000-0  23395-2 0  9999
2 45046  52.9845 289.8190 0004462 189.5310 170.5605 15.33574691166353
1 45046U 20006C   23033.97877740  .00071151  00000-0  21401-2 0  9992
2 45046  52.9846 285.2360 0004504 194.6507 165.4363 15.33747334166502
1 45046U 20006C   23034.69553300  .00082612  00000-0  24691-2 0  9993
2 45046  52.9845 281.8754 0004497 197.5846 162.4999 15.33877046166617
1 45046U 20006C   23035.93341827  .00079426  00000-0  23579-2 0  9993
2 45046  52.9848 276.0686 0004547 203.8927 156.1863 15.34109675166805
1 45046U 20006C   23036.06371148  .00078481  00000-0  23286-2 0  9992
2 45046  52.9848 275.4570 0004562 204.1566 155.9221 15.34132370166825
1 45046U 20006C   23036.91056831  .00085618  00000-0  25247-2 0  9994
2 45046  52.9846 271.4834 0004510 208.2276 151.8480 15.34285076166956
1 45046U 20006C   23037.88759898  .00108071  00000-0  31534-2 0  9999
2 45046  52.9840 266.8976 0004462 213.4947 146.5772 15.34494872167103
1 45046U 20006C   23037.95272939  .00107674  00000-0  31406-2 0  9999
2 45046  52.9840 266.5918 0004462 213.9793 146.0922 15.34509123167119
1 45046U 20006C   23038.86447465  .00123465  00000-0  35636-2 0  9993
2 45046  52.9833 262.3109 0004406 219.5089 140.5591 15.34759595167251
1 45046U 20006C   23038.92959392  .00121476  00000-0  35056-2 0  9993
2 45046  52.9833 262.0048 0004427 219.6578 140.4099 15.34774579167269
1 45046U 20006C   23039.90628783  .00139358  00000-0  39758-2 0  9990
2 45046  52.9831 257.4152 0004740 224.0396 136.0227 15.35046635167414
1 45046U 20006C   23040.03650046  .00143210  00000-0  40781-2 0  9993
2 45046  52.9833 256.8027 0004767 224.3557 135.7062 15.35086636167431
1 45046U 20006C   23040.88280119  .00155836  00000-0  43933-2 0  9995
2 45046  52.9828 252.8263 0004742 231.3401 128.7176 15.35342611167562
1 45046U 20006C   23041.85912478  .00165027  00000-0  45999-2 0  9990
2 45046  52.9829 248.2355 0004814 237.4358 122.6178 15.35655347167717
1 45046U 20006C   23042.83523853  .00166584  00000-0  45917-2 0  9993
2 45046  52.9831 243.6435 0004870 244.4560 115.5937 15.35997225167867
1 45046U 20006C   23043.35574535  .00163269  00000-0  44781-2 0  9999
2 45046  52.9825 241.1957 0004970 246.9099 113.1378 15.36166306167948
1 45046U 20006C   23044.52667420  .00155238  00000-0  42112-2 0  9998
2 45046  52.9830 235.6830 0005066 255.9120 104.1318 15.36545814168124
1 45046U 20006C   23045.50222827  .00175985  00000-0  47112-2 0  9991
2 45046  52.9826 231.0875 0005145 263.4193  96.6223 15.36862654168270
1 45046U 20006C   23045.63228713  .00171668  00000-0  45922-2 0  9996
2 45046  52.9824 230.4743 0005185 264.1879  95.8531 15.36905082168296
1 45046U 20006C   23046.47758231  .00179002  00000-0  47397-2 0  9990
2 45046  52.9812 226.4926 0005311 273.0319  87.0074 15.37188430168421
1 45046U 20006C   23046.60761372  .00210626  00000-0  55420-2 0  9999
2 45046  52.9807 225.8791 0005337 273.8442  86.1950 15.37244163168442
1 45046U 20006C   23047.51769095  .00212568  00000-0  55201-2 0  9994
2 45046  52.9798 221.5874 0005477 278.6906  81.3475 15.37641451168584
1 45046U 20006C   23047.77767399  .00201151  00000-0  52171-2 0  9996
2 45046  52.9798 220.3604 0005522 279.0745  80.9632 15.37729437168625
1 45046U 20006C   23048.49254895  .00163629  00000-0  42342-2 0  9994
2 45046  52.9794 216.9870 0005672 283.6027  76.4343 15.37965733168739
1 45046U 20006C   23048.75247806  .00142584  00000-0  36929-2 0  9998
2 45046  52.9789 215.7606 0005711 285.7755  74.2617 15.38034184168774
1 45046U 20006C   23049.46721724  .00134771  00000-0  34716-2 0  9994
2 45046  52.9802 212.3849 0006073 292.0454  67.9902 15.38236490168883
1 45046U 20006C   23050.57163119  .00129949  00000-0  33155-2 0  9993
2 45046  52.9812 207.1692 0006563 300.1954  59.8397 15.38550427169059
1 45046U 20006C   23051.15623311  .00140990  00000-0  35728-2 0  9990
2 45046  52.9820 204.4076 0006646 304.2476  55.7896 15.38707125169148
1 45046U 20006C   23052.39016946  .00160507  00000-0  40047-2 0  9993
2 45046  52.9821 198.5765 0007207 313.0916  46.9482 15.39090440169338
1 45046U 20006C   23052.71483600  .00174975  00000-0  43389-2 0  9990
2 45046  52.9821 197.0408 0007295 314.7630  45.2778 15.39213872169385
1 45046U 20006C   23053.55887033  .00141423  00000-0  34951-2 0  9998
2 45046  52.9824 193.0499 0007507 319.5870  40.4574 15.39465675169515
1 45046U 20006C   23054.40276477  .00174815  00000-0  42624-2 0  9994
2 45046  52.9818 189.0578 0007799 323.5886  36.4585 15.39725721169648
1 45046U 20006C   23054.59748878  .00170894  00000-0  41604-2 0  9993
2 45046  52.9820 188.1359 0007791 324.5857  35.4627 15.39789850169671
1 45046U 20006C   23055.50609960  .00133002  00000-0  32266-2 0  9997
2 45046  52.9821 183.8354 0008073 328.8004  31.2519 15.40064610169816
1 45046U 20006C   23055.63588771  .00130400  00000-0  31608-2 0  9995
2 45046  52.9822 183.2207 0008079 329.2877  30.7652 15.40102390169839
1 45046U 20006C   23056.54432408  .00140701  00000-0  33772-2 0  9990
2 45046  52.9824 178.9188 0008410 333.9194  26.1384 15.40349984169971
1 45046U 20006C   23056.60920680  .00142269  00000-0  34121-2 0  9991
2 45046  52.9825 178.6115 0008380 334.3119  25.7467 15.40367401169989
1 45046U 20006C   23057.32286168  .00176202  00000-0  41724-2 0  9998
2 45046  52.9818 175.2308 0008836 337.8679  22.1941 15.40599641170098
1 45046U 20006C   23057.71207943  .00177435  00000-0  41817-2 0  9997
2 45046  52.9817 173.3852 0008924 339.0634  21.0002 15.40737068170153
1 45046U 20006C   23058.29584253  .00232372  00000-0  53936-2 0  9990
2 45046  52.9814 170.6187 0009226 342.0373  18.0303 15.40963113170243
1 45046U 20006C   23058.68496462  .00518344  00000-0  11476-1 0  9995
2 45046  52.9811 168.7730 0009313 343.8220  16.2484 15.41233040170306
1 45046U 20006C   23059.52788701  .00173728  00000-0  39890-2 0  9993
2 45046  52.9811 164.7749 0009471 347.1826  12.8935 15.41534135170432
1 45046U 20006C   23060.82436557  .00157229  00000-0  35665-2 0  9991
2 45046  52.9807 158.6206 0009956 352.3236   7.7614 15.41966504170636
1 45046U 20006C   23061.66689360  .00163822  00000-0  36806-2 0  9990
2 45046  52.9813 154.6194 0010219 356.0325   4.0596 15.42222388170768
1 45046U 20006C   23062.44447564  .00208383  00000-0  46065-2 0  9995
2 45046  52.9817 150.9256 0010541 359.3069   0.7918 15.42515591170884
1 45046U 20006C   23062.50926696  .00206100  00000-0  45538-2 0  9999
2 45046  52.9818 150.6174 0010465 359.6165   0.4829 15.42540404170896
1 45046U 20006C   23063.48100598  .00224695  00000-0  48856-2 0  9997
2 45046  52.9817 145.9977 0010805   3.4963 356.6114 15.42939284171040
1 45046U 20006C   23063.54577985  .00224927  00000-0  48861-2 0  9996
2 45046  52.9818 145.6899 0010860   3.7525 356.3559 15.42965482171059
1 45046U 20006C   23064.90577519  .00212185  00000-0  45308-2 0  9996
2 45046  52.9809 139.2206 0011260   9.2491 350.8719 15.43523659171265
1 45046U 20006C   23065.42372955  .00245611  00000-0  51769-2 0  9999
2 45046  52.9807 136.7549 0011308  11.0274 349.0976 15.43772614171349
1 45046U 20006C   23066.58883394  .00248583  00000-0  51411-2 0  9996
2 45046  52.9799 131.2050 0011541  15.4759 344.6596 15.44318763171522
1 45046U 20006C   23067.88292506  .00250256  00000-0  50752-2 0  9996
2 45046  52.9800 125.0346 0011791  21.0218 339.1269 15.44886573171721
1 45046U 20006C   23068.46510458  .00281057  00000-0  56202-2 0  9999
2 45046  52.9797 122.2574 0011909  23.4492 336.7054 15.45177037171813
1 45046U 20006C   23069.82310490  .00219914  00000-0  43396-2 0  9997
2 45046  52.9788 115.7751 0012170  29.2730 330.8954 15.45802985172022
1 45046U 20006C   23070.40493521  .00233539  00000-0  45551-2 0  9994
2 45046  52.9788 112.9950 0012209  31.6743 328.4994 15.46088033172114
1 45046U 20006C   23071.50367647  .00238781  00000-0  45754-2 0  9994
2 45046  52.9789 107.7424 0012317  35.9032 324.2799 15.46582181172289
1 45046U 20006C   23072.08521776  .00224275  00000-0  42665-2 0  9994
2 45046  52.9791 104.9608 0012308  38.4867 321.7014 15.46848737172373
1 45046U 20006C   23073.44175342  .00242574  00000-0  45041-2 0  9992
2 45046  52.9786  98.4687 0012504  44.5010 315.6998 15.47475388172582
1 45046U 20006C   23073.76465824  .00249256  00000-0  45991-2 0  9992
2 45046  52.9786  96.9225 0012626  45.8400 314.3642 15.47629682172631
1 45046U 20006C   23074.41036489  .00298405  00000-0  54037-2 0  9997
2 45046  52.9788  93.8298 0012580  49.0237 311.1855 15.47981884172739
1 45046U 20006C   23075.31406819  .00348783  00000-0  61436-2 0  9991
2 45046  52.9789  89.4975 0012515  53.2150 307.0003 15.48586929172878
1 45046U 20006C   23076.28196232  .00247422  00000-0  43374-2 0  9992
2 45046  52.9792  84.8532 0012433  57.9775 302.2438 15.49106087173024
1 45046U 20006C   23076.73354613  .00248982  00000-0  43328-2 0  9992
2 45046  52.9786  82.6854 0012450  59.8213 300.4026 15.49309119173098
1 45046U 20006C   23077.70102350  .00234023  00000-0  40184-2 0  9997
2 45046  52.9776  78.0381 0012321  64.7679 295.4604 15.49747333173245
1 45046U 20006C   23078.28136678  .00267614  00000-0  45239-2 0  9999
2 45046  52.9771  75.2493 0012268  67.9417 292.2892 15.50064149173331
1 45046U 20006C   23079.24830562  .00329327  00000-0  53993-2 0  9995
2 45046  52.9781  70.5989 0012240  73.9982 286.2373 15.50700240173486
1 45046U 20006C   23079.69940424  .00338942  00000-0  54883-2 0  9995
2 45046  52.9780  68.4278 0012214  76.8801 283.3568 15.51015179173558
1 45046U 20006C   23080.34366445  .00382106  00000-0  60460-2 0  9993
2 45046  52.9780  65.3251 0012144  81.0486 279.1896 15.51507211173655
1 45046U 20006C   23081.88908353  .00424415  00000-0  64055-2 0  9997
2 45046  52.9771  57.8729 0012077  93.2627 266.9763 15.52674920173894
1 45046U 20006C   23082.40395735  .00373461  00000-0  55944-2 0  9991
2 45046  52.9772  55.3876 0012062  97.4083 262.8296 15.53064803173976
1 45046U 20006C   23082.91868791  .00563919  00000-0  80946-2 0  9993
2 45046  52.9775  52.9008 0012070 101.4467 258.7897 15.53571342174052
1 45046U 20006C   23083.36892968  .00931902  00000-0  12906-1 0  9997
2 45046  52.9775  50.7243 0011977 103.6488 256.5855 15.54177455174127
1 45046U 20006C   23084.91176172  .00375790  00000-0  51995-2 0  9990
2 45046  52.9768  43.2568 0011866 113.0827 247.1434 15.55240751174361
1 45046U 20006C   23085.93971762  .00344973  00000-0  46737-2 0  9998
2 45046  52.9772  38.2741 0011902 120.2485 239.9704 15.55919588174522
1 45046U 20006C   23086.32508309  .00349069  00000-0  46805-2 0  9992
2 45046  52.9775  36.4048 0011937 122.5449 237.6715 15.56185028174586
1 45046U 20006C   23087.22401131  .00388327  00000-0  50585-2 0  9997
2 45046  52.9774  32.0415 0012061 128.4980 231.7113 15.56828257174720
1 45046U 20006C   23088.12255115  .00427937  00000-0  54033-2 0  9999
2 45046  52.9766  27.6765 0012090 134.7169 225.4828 15.57530050174860
1 45046U 20006C   23089.79010566  .00539961  00000-0  63566-2 0  9994
2 45046  52.9766  19.5606 0012309 145.3958 214.7856 15.59017019175120
1 45046U 20006C   23091.13575756  .00533692  00000-0  59831-2 0  9997
2 45046  52.9761  12.9979 0012462 153.3641 206.8013 15.60323575175332
1 45046U 20006C   23091.84018587  .00504965  00000-0  55453-2 0  9996
2 45046  52.9765   9.5571 0012469 158.1071 202.0476 15.60957015175448
1 45046U 20006C   23092.16028356  .00554616  00000-0  59797-2 0  9990
2 45046  52.9766   7.9929 0012569 159.9886 200.1621 15.61273146175495
1 45046U 20006C   23092.92823436  .00493247  00000-0  51974-2 0  9997
2 45046  52.9762   4.2368 0012597 165.4813 194.6564 15.62065063175616
1 45046U 20006C   23093.12015973  .00579974  00000-0  59929-2 0  9999
2 45046  52.9759   3.2972 0012696 166.6494 193.4857 15.62291040175641
1 45046U 20006C   23093.88760426  .00623240  00000-0  61957-2 0  9992
2 45046  52.9750 359.5379 0012696 172.5953 187.5250 15.63147813175769
1 45046U 20006C   23094.14331920  .00653373  00000-0  63892-2 0  9995
2 45046  52.9754 358.2842 0013220 173.8819 186.2357 15.63467923175809
1 45046U 20006C   23094.91017428  .00577511  00000-0  55095-2 0  9999
2 45046  52.9752 354.5200 0013246 179.1128 180.9911 15.64333970175929
1 45046U 20006C   23095.22956538  .00693343  00000-0  64120-2 0  9999
2 45046  52.9747 352.9503 0013435 180.9205 179.1786 15.64759833175972
1 45046U 20006C   23095.86812605  .00665809  00000-0  60016-2 0  9991
2 45046  52.9739 349.8110 0013531 185.5388 174.5478 15.65489270176077
1 45046U 20006C   23096.12346113  .00667279  00000-0  59384-2 0  9996
2 45046  52.9740 348.5538 0013873 185.7726 174.3130 15.65801214176110
1 45046U 20006C   23096.95295712  .00653906  00000-0  56021-2 0  9992
2 45046  52.9736 344.4682 0014068 191.2849 168.7852 15.66788490176248
1 45046U 20006C   23097.52690613  .00715531  00000-0  59056-2 0  9999
2 45046  52.9727 341.6376 0014271 193.3532 166.7107 15.67524860176336
1 45046U 20006C   23098.54661194  .00684134  00000-0  53844-2 0  9997
2 45046  52.9720 336.6004 0014595 199.3118 160.7346 15.68779928176490
1 45046U 20006C   23099.50183626  .00635704  00000-0  47925-2 0  9995
2 45046  52.9720 331.8743 0014963 205.2171 154.8115 15.69959999176646
1 45046U 20006C   23099.88371951  .00669763  00000-0  49252-2 0  9993
2 45046  52.9721 329.9817 0015069 208.4059 151.6137 15.70459660177041
1 45046U 20006C   23100.51991194  .00775205  00000-0  54195-2 0  9994
2 45046  52.9715 326.8265 0015389 213.1287 146.8766 15.71365458176807
1 45046U 20006C   23100.90143500  .00816525  00000-0  55296-2 0  9991
2 45046  52.9721 324.9336 0015923 217.1038 142.8879 15.71997902176866
1 45046U 20006C   23101.40992215  .00694929  00000-0  46372-2 0  9999
2 45046  52.9713 322.4053 0016006 220.9212 139.0605 15.72684579176943
1 45046U 20006C   23101.91811027  .00940489  00000-0  58466-2 0  9998
2 45046  52.9711 319.8772 0016214 226.0225 133.9456 15.73667704177020
1 45046U 20006C   23102.56962346  .01003835  00000-0  59970-2 0  9998
2 45046  52.9712 316.6275 0015833 230.6436 223.8371 15.74836422177464
1 45046U 20006C   23103.56775975  .01092686  00000-0  59679-2 0  9997
2 45046  52.9750 311.6420 0014155 228.0079 132.0288 15.76717844177627
1 45046U 20006C   23104.32541667  .01288139  00000-0  64932-2 0  9999
2 45046  52.9696 307.8474 0015825 248.7721  97.0285 15.78495065177739
1 45046U 20006C   23105.59296205  .01490742  00000-0  64209-2 0  9996
2 45046  52.9728 301.4731 0014760 253.1181 106.8261 15.81608931177946
1 45046U 20006C   23105.84565957  .01553608  00000-0  64483-2 0  9992
2 45046  52.9716 300.2004 0014732 252.0962 107.8369 15.82299790177981
1 45046U 20006C   23106.22450582  .01656364  00000-0  64823-2 0  9993
2 45046  52.9706 298.2837 0014870 259.7971 100.1491 15.83379654178046
1 45046U 20006C   23107.86381533  .01284924  72109-3  48290-2 0  9994
2 45046  52.9657 289.9946 0017913 257.8323 102.1981 15.87109781178301
1 45046U 20006C   23108.30447800  .01218526  64794-3  43766-2 0  9993
2 45046  52.9725 287.7411 0017903 278.0617  81.6722 15.88005763178377
1 45046U 20006C   23109.18496430  .01256878  71482-3  40899-2 0  9991
2 45046  52.9746 283.2581 0017258 279.3191  79.7382 15.89997766178513
1 45046U 20006C   23109.87595449  .01606255  13160-2  46637-2 0  9999
2 45046  52.9771 279.7221 0017125 289.8973  70.0449 15.92354670178624
1 45046U 20006C   23109.93870876  .01745378  16238-2  50042-2 0  9990
2 45046  52.9779 279.4053 0015449 282.7702  77.2990 15.92722783178636
1 45046U 20006C   23110.75350942  .02184624  31315-2  53017-2 0  9999
2 45046  52.9765 275.2166 0015928 279.7178  80.2082 15.96205908178764
1 45046U 20006C   23111.56675955  .02306899  39582-2  46955-2 0  9990
2 45046  52.9680 271.0017 0018309 300.1321  59.8428 15.99494087178895
1 45046U 20006C   23111.90155910  .02012924  27598-2  37486-2 0  9998
2 45046  52.9811 269.2881 0020272 295.2343 194.2381 16.00670249178946
1 45046U 20006C   23112.52274334  .01731345  19447-2  27701-2 0  9996
2 45046  52.9756 266.0635 0020742 296.8524 177.0121 16.03021919179046
1 45046U 20006C   23112.95578995  .01486606  13607-2  21654-2 0  9993
2 45046  52.9783 263.8176 0021289 298.8089 156.7387 16.04400168179110
1 45046U 20006C   23113.63972619  .01616163  17551-2  20879-2 0  9993
2 45046  52.9752 260.2469 0021204 301.0979 149.5798 16.06432052179221
1 45046U 20006C   23114.62995934  .02777891  14325-1  31139-2 0  9991
2 45046  52.9715 255.0526 0019936 299.3229 129.9133 16.11793478179382
1 45046U 20006C   23115.54685807  .02454829  11735-4  15817-2 0  9991
2 45046  52.9762 250.2208 0020279 307.1094  52.7728 16.16204454179534
1 45046U 20006C   23116.54395557  .05357162  11951-4  19061-2 0  9992
2 45046  52.9815 244.9117 0016581 293.7506 122.8627 16.23881913179694
