1 45047U 20006D   23001.58285181 -.00002608  00000-0 -15637-3 0  9995
2 45047  53.0538 108.0126 0001303  64.5563 295.5560 15.06380220161490
1 45047U 20006D   23001.71552936 -.00001411  00000-0 -75837-4 0  9995
2 45047  53.0529 107.4158 0001467  69.8909 290.2237 15.06393905161173
1 45047U 20006D   23002.57803762 -.00000849  00000-0 -38121-4 0  9995
2 45047  53.0547 103.5473 0001493  79.2995 280.8162 15.06394919161302
1 45047U 20006D   23002.71073390 -.00001081  00000-0 -53686-4 0  9999
2 45047  53.0558 102.9518 0001402  79.1711 280.9436 15.06396712161322
1 45047U 20006D   23003.30785996  .00005035  00000-0  35689-3 0  9990
2 45047  53.0533 100.2693 0001392  68.7347 291.3791 15.06379676161417
1 45047U 20006D   23004.50210741  .00000585  00000-0  58136-4 0  9992
2 45047  53.0549  94.9081 0001217  76.2793 283.8331 15.06392788161593
1 45047U 20006D   23004.56844923  .00001026  00000-0  87741-4 0  9998
2 45047  53.0551  94.6103 0001463  75.3705 284.7446 15.06400194161604
1 45047U 20006D   23005.49729107  .00002427  00000-0  18173-3 0  9995
2 45047  53.0558  90.4428 0001540  71.3988 288.7168 15.06413634161743
1 45047U 20006D   23005.62998575  .00003090  00000-0  22617-3 0  9992
2 45047  53.0528  89.8448 0001426  72.3101 287.8043 15.06415620161766
1 45047U 20006D   23006.62519879 -.00002825  00000-0 -17087-3 0  9991
2 45047  53.0553  85.3768 0001445  67.3224 292.7918 15.06391524161910
1 45047U 20006D   23007.22231930 -.00001124  00000-0 -56589-4 0  9999
2 45047  53.0535  82.6969 0001417  63.9271 296.1864 15.06396134162007
1 45047U 20006D   23007.88579474  .00000004  00000-0  19162-4 0  9999
2 45047  53.0529  79.7184 0001317  54.9273 305.1839 15.06388057162106
1 45047U 20006D   23008.54926302  .00005962  00000-0  41882-3 0  9990
2 45047  53.0531  76.7399 0001230  48.2004 311.9090 15.06400820162204
1 45047U 20006D   23008.88099768  .00006231  00000-0  43681-3 0  9993
2 45047  53.0529  75.2509 0001223  45.8414 314.2675 15.06402760162253
1 45047U 20006D   23009.21273393  .00002056  00000-0  15686-3 0  9994
2 45047  53.0530  73.7616 0001298  51.1727 308.9378 15.06396218162302
1 45047U 20006D   23009.54446708  .00003923  00000-0  28206-3 0  9998
2 45047  53.0529  72.2725 0001321  54.0098 306.1014 15.06402046162354
1 45047U 20006D   23010.47332482 -.00000700  00000-0 -28085-4 0  9993
2 45047  53.0531  68.1024 0001638  55.8431 304.2713 15.06394581162498
1 45047U 20006D   23011.53485962  .00018938  00000-0  12856-2 0  9990
2 45047  53.0526  63.3360 0001853  59.2677 300.8494 15.06436697162999
1 45047U 20006D   23011.86659949 -.00003224  00000-0 -19761-3 0  9991
2 45047  53.0526  61.8452 0001754  80.9429 279.1758 15.06398693162703
1 45047U 20006D   23012.39738989  .00018166  00000-0  12364-2 0  9992
2 45047  53.0528  59.4644 0001827  74.3388 285.7803 15.06366948162783
1 45047U 20006D   23013.45895042  .00025892  00000-0  17503-2 0  9998
2 45047  53.0533  54.6987 0001867  75.8295 284.2901 15.06408946162949
1 45047U 20006D   23015.38301372  .00000889  00000-0  78581-4 0  9994
2 45047  53.0550  46.0632 0001975  96.4777 263.6437 15.06396268163235
1 45047U 20006D   23015.78109448  .00002150  00000-0  16317-3 0  9999
2 45047  53.0554  44.2759 0002009  96.4229 263.6989 15.06399377163292
1 45047U 20006D   23016.51090293  .00011363  00000-0  78007-3 0  9998
2 45047  53.0533  40.9965 0001872  95.8713 264.2489 15.06419710163408
1 45047U 20006D   23016.77629862  .00002077  00000-0  15829-3 0  9991
2 45047  53.0539  39.8047 0002812  81.1458 278.9849 15.06400486163447
1 45047U 20006D   23017.37342845 -.00003570  00000-0 -22101-3 0  9993
2 45047  53.0541  37.1260 0001901  84.6502 275.4703 15.06378838163530
1 45047U 20006D   23017.77151446  .00013308  00000-0  91093-3 0  9996
2 45047  53.0540  35.3393 0002037  84.3999 275.7222 15.06388261163590
1 45047U 20006D   23018.43497686  .00037917  00000-0  25481-2 0  9998
2 45047  53.0538  32.3605 0001943  85.6338 274.4873 15.06437818163698
1 45047U 20006D   23018.76669982  .00037220  00000-0  25004-2 0  9992
2 45047  53.0540  30.8708 0001958  86.9355 273.1858 15.06460242163749
1 45047U 20006D   23019.43016773  .00028128  00000-0  18977-2 0  9999
2 45047  53.0541  27.8926 0001750  86.3502 273.7687 15.06439384163846
1 45047U 20006D   23020.49172467  .00017006  00000-0  11578-2 0  9993
2 45047  53.0544  23.1262 0001759 101.9727 258.1459 15.06400379164008
1 45047U 20006D   23025.33505077  .00007924  00000-0  55006-3 0  9991
2 45047  53.0554   1.3808 0001792  98.2437 261.8755 15.06413717164736
1 45047U 20006D   23026.33025461  .00002910  00000-0  21417-3 0  9995
2 45047  53.0555 356.9148 0001745  88.7899 271.3289 15.06406917164885
1 45047U 20006D   23027.32545590  .00002930  00000-0  21546-3 0  9990
2 45047  53.0561 352.4469 0001841  90.1681 269.9518 15.06406702165030
1 45047U 20006D   23028.32066244  .00001639  00000-0  12889-3 0  9990
2 45047  53.0542 347.9798 0001483  96.5126 263.6032 15.06399829165188
1 45047U 20006D   23028.91778484  .00000263  00000-0  36558-4 0  9993
2 45047  53.0545 345.2997 0001414  93.3595 266.7555 15.06399386165274
1 45047U 20006D   23029.84664073  .00002688  00000-0  19931-3 0  9992
2 45047  53.0539 341.1295 0001499  97.6097 262.5063 15.06400502165417
1 45047U 20006D   23030.24472053  .00002729  00000-0  20202-3 0  9992
2 45047  53.0543 339.3423 0001482  92.7885 267.3273 15.06403757165474
1 45047U 20006D   23030.64280266  .00001458  00000-0  11677-3 0  9993
2 45047  53.0539 337.5557 0001482  90.3092 269.8067 15.06400280165534
1 45047U 20006D   23031.23992283  .00001360  00000-0  11015-3 0  9996
2 45047  53.0544 334.8749 0001374  91.9479 268.1667 15.06403297165628
1 45047U 20006D   23031.83704719  .00000978  00000-0  84553-4 0  9999
2 45047  53.0541 332.1946 0001379  91.9751 268.1396 15.06397466165712
1 45047U 20006D   23032.23512309  .00002517  00000-0  18779-3 0  9993
2 45047  53.0543 330.4077 0001417  86.6153 273.4998 15.06406648165776
1 45047U 20006D   23033.09764128  .00000031  00000-0  20987-4 0  9990
2 45047  53.0551 326.5356 0001427  93.6707 266.4446 15.06392179165903
1 45047U 20006D   23034.09285113  .00001400  00000-0  11285-3 0  9994
2 45047  53.0544 322.0691 0001429  90.8978 269.2175 15.06392997166054
1 45047U 20006D   23035.55247002  .00008272  00000-0  57317-3 0  9991
2 45047  53.0540 315.5168 0001494  96.5582 263.5577 15.06424973166279
1 45047U 20006D   23035.95055169  .00000983  00000-0  84857-4 0  9997
2 45047  53.0539 313.7299 0001548  90.9637 269.1529 15.06408976166332
1 45047U 20006D   23036.54767639  .00011331  00000-0  77840-3 0  9997
2 45047  53.0536 311.0521 0001687  89.8816 270.2367 15.06399393166423
1 45047U 20006D   23036.87940962 -.00001280  00000-0 -67027-4 0  9996
2 45047  53.0538 309.5591 0001494 106.1930 253.9223 15.06397758166477
1 45047U 20006D   23037.01210171 -.00000414  00000-0 -89179-5 0  9996
2 45047  53.0541 308.9632 0001446 108.8703 251.2443 15.06402691166494
1 45047U 20006D   23037.94095919  .00005206  00000-0  36810-3 0  9993
2 45047  53.0538 304.7937 0001465 107.6503 252.4646 15.06405398166639
1 45047U 20006D   23038.53807828  .00005049  00000-0  35754-3 0  9990
2 45047  53.0534 302.1130 0001637 117.4199 242.6956 15.06409123166728
1 45047U 20006D   23038.86981411  .00001642  00000-0  12911-3 0  9992
2 45047  53.0533 300.6237 0001432 110.9002 249.2140 15.06400461166771
1 45047U 20006D   23039.53327965 -.00001021  00000-0 -49690-4 0  9993
2 45047  53.0540 297.6427 0001156 136.1534 223.9547 15.06396030166875
1 45047U 20006D   23039.93136462  .00002465  00000-0  18433-3 0  9998
2 45047  53.0535 295.8584 0000967 102.4808 257.6289 15.06396400166937
1 45047U 20006D   23040.13040352  .00009577  00000-0  66079-3 0  9994
2 45047  53.0530 294.9651 0001100 105.1070 255.0041 15.06408144166968
1 45047U 20006D   23040.86022555  .00009525  00000-0  65750-3 0  9997
2 45047  53.0538 291.6861 0000959 102.6358 257.4739 15.06399414167077
1 45047U 20006D   23041.05926599  .00016062  00000-0  10946-2 0  9990
2 45047  53.0533 290.7948 0000913 101.2542 258.8550 15.06404820167106
1 45047U 20006D   23041.98811973  .00009708  00000-0  66952-3 0  9999
2 45047  53.0528 286.6260 0000801  89.5194 270.5887 15.06410728167241
1 45047U 20006D   23042.91698157  .00004402  00000-0  31424-3 0  9992
2 45047  53.0526 282.4556 0000947  86.0600 274.0498 15.06396279167382
1 45047U 20006D   23043.38141152  .00003885  00000-0  27956-3 0  9991
2 45047  53.0521 280.3691 0000976  84.7310 275.3791 15.06394324167456
1 45047U 20006D   23044.37661647  .00006150  00000-0  43138-3 0  9995
2 45047  53.0530 275.9019 0001376  79.1262 280.9882 15.06400177167603
1 45047U 20006D   23045.43816274  .00002919  00000-0  21473-3 0  9998
2 45047  53.0523 271.1373 0000938  74.8951 285.2141 15.06403724167760
1 45047U 20006D   23045.76989852  .00001864  00000-0  14401-3 0  9998
2 45047  53.0520 269.6477 0001008  80.9725 279.1378 15.06399267167816
1 45047U 20006D   23046.43336481  .00000466  00000-0  50137-4 0  9991
2 45047  53.0513 266.6698 0000929  91.7552 268.3544 15.06399582167915
1 45047U 20006D   23046.69875333 -.00000782  00000-0 -33623-4 0  9997
2 45047  53.0511 265.4775 0001121  93.3838 266.7279 15.06397482167954
1 45047U 20006D   23047.56126183  .00002083  00000-0  15869-3 0  9991
2 45047  53.0517 261.6049 0001016  95.7446 264.3659 15.06397879168087
1 45047U 20006D   23047.89299434  .00002007  00000-0  15355-3 0  9993
2 45047  53.0521 260.1148 0000958 106.4124 253.6970 15.06400172168137
1 45047U 20006D   23048.55646751  .00002295  00000-0  17292-3 0  9996
2 45047  53.0525 257.1367 0000644  94.2073 265.8990 15.06391317168237
1 45047U 20006D   23048.88820529  .00000623  00000-0  60733-4 0  9991
2 45047  53.0549 255.6470 0000796  21.2358 338.8663 15.06390707168280
1 45047U 20006D   23049.55167568  .00000163  00000-0  29867-4 0  9995
2 45047  53.0544 252.6692 0001202  99.8318 260.2806 15.06394702168385
1 45047U 20006D   23050.28148532  .00002108  00000-0  16039-3 0  9994
2 45047  53.0544 249.3930 0001010  88.9354 271.1750 15.06398888168499
1 45047U 20006D   23051.54208088  .00000341  00000-0  41750-4 0  9993
2 45047  53.0534 243.7339 0000946  81.7545 278.3552 15.06391881168685
1 45047U 20006D   23051.94016253 -.00000388  00000-0 -71403-5 0  9990
2 45047  53.0534 241.9456 0001033  85.2629 274.8478 15.06393911168746
1 45047U 20006D   23052.80265987 -.00000257  00000-0  16476-5 0  9999
2 45047  53.0531 238.0740 0001042  83.5025 276.6082 15.06407883168876
1 45047U 20006D   23053.53249069  .00000644  00000-0  62166-4 0  9998
2 45047  53.0549 234.8005 0001187  92.3955 267.7170 15.06383971168985
1 45047U 20006D   23053.79788670 -.00000547  00000-0 -17861-4 0  9998
2 45047  53.0549 233.6074 0001369  97.7984 262.3160 15.06378816169366
1 45047U 20006D   23054.52776041 -.00008498  00000-0 -55331-3 0  9995
2 45047  53.0545 230.3309 0001433  87.2525 272.8628 15.06332910169139
1 45047U 20006D   23054.85944032  .00000707  00000-0  66313-4 0  9994
2 45047  53.0541 228.8408 0001184  97.5663 262.5460 15.06400823169181
1 45047U 20006D   23055.52291355  .00003600  00000-0  26054-3 0  9994
2 45047  53.0540 225.8625 0001083  89.8607 270.2506 15.06390512169289
1 45047U 20006D   23055.78829701  .00004119  00000-0  29525-3 0  9996
2 45047  53.0542 224.6713 0000983  76.2995 283.8104 15.06397719169329
1 45047U 20006D   23056.18637014  .00004586  00000-0  32647-3 0  9992
2 45047  53.0542 222.8841 0000797  72.1547 287.9528 15.06409675169388
1 45047U 20006D   23056.78348740  .00010956  00000-0  75308-3 0  9992
2 45047  53.0535 220.2030 0001221  90.0135 270.0994 15.06408287169475
1 45047U 20006D   23057.18156466  .00002533  00000-0  18879-3 0  9991
2 45047  53.0538 218.4162 0001256  81.5035 278.6096 15.06424149169534
1 45047U 20006D   23057.84502970 -.00000396  00000-0 -76954-5 0  9996
2 45047  53.0529 215.4362 0001335  90.9320 269.1821 15.06416909169639
1 45047U 20006D   23058.77388121  .00002217  00000-0  16763-3 0  9991
2 45047  53.0528 211.2667 0001383  79.9932 280.1213 15.06415281169774
1 45047U 20006D   23059.57004566  .00002728  00000-0  20196-3 0  9990
2 45047  53.0526 207.6931 0001428  89.3876 270.7277 15.06403845169898
1 45047U 20006D   23059.76908141  .00005910  00000-0  41515-3 0  9997
2 45047  53.0524 206.8004 0001369  89.3615 270.7531 15.06413243169923
1 45047U 20006D   23060.76430322 -.00006813  00000-0 -43924-3 0  9991
2 45047  53.0528 202.3324 0001235  96.6566 263.4563 15.06372936170076
1 45047U 20006D   23061.82585763  .00013718  00000-0  93791-3 0  9996
2 45047  53.0522 197.5668 0001099  94.9750 265.1364 15.06403641170234
1 45047U 20006D   23062.48931943  .00013989  00000-0  95556-3 0  9995
2 45047  53.0520 194.5893 0001024  81.6190 278.4915 15.06423050170334
1 45047U 20006D   23062.82104138  .00032886  00000-0  22128-2 0  9992
2 45047  53.0524 193.1001 0001296  74.3500 285.7632 15.06460118170387
1 45047U 20006D   23063.08643071  .00007727  00000-0  53669-3 0  9996
2 45047  53.0523 191.9079 0000908  90.4686 269.6407 15.06423675170423
1 45047U 20006D   23063.81624313  .00012344  00000-0  84569-3 0  9999
2 45047  53.0529 188.6295 0001280 114.8452 245.2671 15.06418996170533
1 45047U 20006D   23064.34702821  .00021112  00000-0  14319-2 0  9997
2 45047  53.0534 186.2494 0001074 103.4095 256.7014 15.06402535170611
1 45047U 20006D   23065.80664767  .00018687  00000-0  12688-2 0  9995
2 45047  53.0540 179.6964 0001177  81.2562 278.8560 15.06437518170836
1 45047U 20006D   23066.66916871  .00025686  00000-0  17372-2 0  9998
2 45047  53.0536 175.8245 0000847 101.0357 259.0727 15.06396025170964
1 45047U 20006D   23067.66440470  .00025746  00000-0  17426-2 0  9993
2 45047  53.0542 171.3597 0001821  73.3790 286.7399 15.06366483171112
1 45047U 20006D   23068.79226445  .00062863  00000-0  41888-2 0  9992
2 45047  53.0528 166.2944 0001554  66.4497 293.6655 15.06513956171284
1 45047U 20006D   23069.52208049  .00046799  00000-0  31378-2 0  9997
2 45047  53.0530 163.0176 0001346  88.8084 271.3059 15.06425291171395
1 45047U 20006D   23070.45094373  .00044120  00000-0  29632-2 0  9990
2 45047  53.0532 158.8479 0001428 102.0217 258.0932 15.06389904171531
1 45047U 20006D   23070.71633044  .00042509  00000-0  28545-2 0  9994
2 45047  53.0529 157.6559 0001378 103.8394 256.2749 15.06413273171579
1 45047U 20006D   23071.44615285  .00037394  00000-0  25154-2 0  9991
2 45047  53.0532 154.3788 0001500 106.8937 253.2216 15.06408824171688
1 45047U 20006D   23073.56923638 -.00018550  00000-0 -12317-2 0  9992
2 45047  53.0525 144.8491 0001269  93.5986 266.5148 15.06338622172009
1 45047U 20006D   23073.90091605 -.00055348  00000-0 -37210-2 0  9995
2 45047  53.0527 143.3594 0003060 177.1375 182.9632 15.06443776172052
1 45047U 20006D   23074.49813499  .00041213  00000-0  27703-2 0  9993
2 45047  53.0519 140.6793 0001567  70.8882 289.2277 15.06389581172145
1 45047U 20006D   23074.89621987  .00016992  00000-0  11572-2 0  9999
2 45047  53.0519 138.8923 0001495  67.6610 292.4537 15.06389693172208
1 45047U 20006D   23075.55970081  .00019581  00000-0  13305-2 0  9998
2 45047  53.0521 135.9139 0001561  76.4422 283.6741 15.06379393172307
1 45047U 20006D   23075.89143852  .00024094  00000-0  16312-2 0  9999
2 45047  53.0523 134.4248 0001583  71.2217 288.8944 15.06392641172351
1 45047U 20006D   23076.42221109  .00019203  00000-0  13041-2 0  9993
2 45047  53.0526 132.0419 0001566  76.0497 284.0666 15.06412071172430
1 45047U 20006D   23077.61643742  .00013366  00000-0  91364-3 0  9995
2 45047  53.0528 126.6799 0001603  80.0013 280.1157 15.06433937172619
1 45047U 20006D   23078.54525645  .00018289  00000-0  12411-2 0  9993
2 45047  53.0523 122.5099 0001616  80.6788 279.4384 15.06472972172751
1 45047U 20006D   23078.81064860 -.00011863  00000-0 -77827-3 0  9996
2 45047  53.0529 121.3183 0002160  89.8559 270.2678 15.06422436172799
1 45047U 20006D   23079.47412184  .00015610  00000-0  10649-2 0  9995
2 45047  53.0525 118.3411 0001674 102.6137 257.5039 15.06386238172899
1 45047U 20006D   23079.80585705  .00020770  00000-0  14092-2 0  9991
2 45047  53.0522 116.8515 0001676 103.5234 256.5942 15.06399303172949
1 45047U 20006D   23080.40297262  .00018868  00000-0  12814-2 0  9992
2 45047  53.0521 114.1704 0001687 104.9999 255.1176 15.06421710173037
1 45047U 20006D   23080.80105498  .00012266  00000-0  84067-3 0  9991
2 45047  53.0528 112.3831 0001837  89.3064 270.8136 15.06409524173096
1 45047U 20006D   23081.79626545  .00016874  00000-0  11490-2 0  9999
2 45047  53.0517 107.9149 0001442  96.7045 263.4108 15.06400091173243
1 45047U 20006D   23082.32703634  .00018006  00000-0  12240-2 0  9997
2 45047  53.0519 105.5318 0001427  95.7291 264.3860 15.06417730173324
1 45047U 20006D   23082.79146579  .00014752  00000-0  10067-2 0  9996
2 45047  53.0541 103.4494 0001908  58.0320 302.0855 15.06416146173739
1 45047U 20006D   23083.52128176  .00026075  00000-0  17623-2 0  9997
2 45047  53.0528 100.1695 0001630  89.9860 270.1316 15.06413218173504
1 45047U 20006D   23084.71548776  .00021002  00000-0  14220-2 0  9996
2 45047  53.0534  94.8088 0001606  80.3686 279.7485 15.06468906173685
1 45047U 20006D   23085.71072604  .00017715  00000-0  12058-2 0  9992
2 45047  53.0534  90.3416 0001598 103.7935 256.3232 15.06379636173837
1 45047U 20006D   23086.30784985  .00018215  00000-0  12385-2 0  9999
2 45047  53.0534  87.6597 0001579  98.9799 261.1369 15.06401585173922
1 45047U 20006D   23087.50210498  .00003538  00000-0  25637-3 0  9992
2 45047  53.0535  82.2993 0001509 106.0589 254.0566 15.06389182174104
1 45047U 20006D   23087.70114511  .00006334  00000-0  44374-3 0  9999
2 45047  53.0534  81.4061 0001473 103.1151 257.0003 15.06397088174139
1 45047U 20006D   23088.36460566  .00018346  00000-0  12464-2 0  9996
2 45047  53.0532  78.4274 0001377 103.9960 256.1182 15.06426690174239
1 45047U 20006D   23089.42616635  .00012414  00000-0  85077-3 0  9995
2 45047  53.0532  73.6634 0001374  87.5056 272.6090 15.06400856174390
1 45047U 20006D   23091.35022413  .00023325  00000-0  15800-2 0  9994
2 45047  53.0536  65.0258 0001396 115.5100 244.6033 15.06390529174680
1 45047U 20006D   23092.34541545  .00025617  00000-0  17306-2 0  9995
2 45047  53.0539  60.5580 0001479 119.0325 241.0812 15.06439214174839
1 45047U 20006D   23092.87619749  .00006277  00000-0  44000-3 0  9998
2 45047  53.0539  58.1748 0001638 132.0293 228.0835 15.06394994174918
1 45047U 20006D   23093.27428557  .00006885  00000-0  48079-3 0  9993
2 45047  53.0538  56.3877 0001156 121.3953 238.7149 15.06391017174974
1 45047U 20006D   23094.20314034  .00029948  00000-0  20192-2 0  9991
2 45047  53.0540  52.2181 0001161 111.0341 249.0772 15.06430563175117
1 45047U 20006D   23094.86661771  .00013584  00000-0  92928-3 0  9992
2 45047  53.0557  49.2377 0001477 116.2056 243.9085 15.06392290175213
1 45047U 20006D   23095.26470274  .00005265  00000-0  37221-3 0  9995
2 45047  53.0557  47.4497 0001283 121.8521 238.2593 15.06386946175278
1 45047U 20006D   23096.12720488  .00027935  00000-0  18850-2 0  9990
2 45047  53.0549  43.5800 0001040  90.9726 269.1382 15.06436185175403
1 45047U 20006D   23096.85702621  .00020039  00000-0  13601-2 0  9996
2 45047  53.0554  40.3037 0001232  83.3399 276.7730 15.06406312175513
1 45047U 20006D   23097.12241818  .00022911  00000-0  15528-2 0  9994
2 45047  53.0554  39.1130 0001051  66.1571 293.9528 15.06380041175553
1 45047U 20006D   23098.11761223  .00026361  00000-0  17802-2 0  9991
2 45047  53.0558  34.6469 0001092  73.5158 286.5951 15.06437184175706
1 45047U 20006D   23099.17916659  .00019752  00000-0  13409-2 0  9998
2 45047  53.0552  29.8794 0001226  63.7893 296.3222 15.06408013175869
1 45047U 20006D   23100.10800416  .00021939  00000-0  14853-2 0  9991
2 45047  53.0553  25.7100 0001263  84.5528 275.5605 15.06446441176001
1 45047U 20006D   23100.90417751  .00013053  00000-0  89393-3 0  9995
2 45047  53.0555  22.1317 0001535 124.0500 236.0635 15.06384418176129
1 45047U 20006D   23101.03687354 -.00003753  00000-0 -23328-3 0  9992
2 45047  53.0551  21.5390 0001484  86.2712 273.8446 15.06387484176143
1 45047U 20006D   23102.16476640  .00027031  00000-0  18248-2 0  9998
2 45047  53.0551  16.4782 0001332  77.1062 283.0075 15.06437756176655
1 45047U 20006D   23103.15998268  .00029262  00000-0  19758-2 0  9998
2 45047  53.0553  12.0107 0001262  98.7262 261.3870 15.06388745176467
1 45047U 20006D   23104.08882374  .00033568  00000-0  22586-2 0  9998
2 45047  53.0557   7.8410 0001202 105.8904 254.2218 15.06451673176601
1 45047U 20006D   23105.21673405  .00038248  00000-0  25736-2 0  9997
2 45047  53.0555   2.7778 0001102  84.6124 275.4990 15.06388096176775
1 45047U 20006D   23105.88019475  .00033113  00000-0  22294-2 0  9993
2 45047  53.0561 359.7991 0000994  84.4182 275.6920 15.06435067176871
1 45047U 20006D   23106.07922832  .00038657  00000-0  25961-2 0  9997
2 45047  53.0554 358.9058 0001002  88.8327 271.2777 15.06454827176909
1 45047U 20006D   23106.87540755  .00022743  00000-0  15415-2 0  9997
2 45047  53.0552 355.3319 0000792  56.8244 303.2821 15.06383527177024
1 45047U 20006D   23107.07445015  .00031158  00000-0  21023-2 0  9995
2 45047  53.0557 354.4386 0000892 123.4470 236.6605 15.06384317177056
1 45047U 20006D   23107.87060803  .00028713  00000-0  19372-2 0  9998
2 45047  53.0559 350.8649 0000874 124.6201 235.4870 15.06427704177177
1 45047U 20006D   23108.06964226  .00037435  00000-0  25154-2 0  9998
2 45047  53.0549 349.9708 0001054 127.8751 232.2333 15.06449360177202
1 45047U 20006D   23108.66676882  .00017330  00000-0  11791-2 0  9996
2 45047  53.0548 347.2906 0001462 115.0651 245.0490 15.06412203177294
1 45047U 20006D   23109.06484900  .00013825  00000-0  94482-3 0  9993
2 45047  53.0565 345.5020 0001033 128.6554 231.4527 15.06414734177355
1 45047U 20006D   23109.99368236  .00034969  00000-0  23504-2 0  9996
2 45047  53.0549 341.3341 0000731  92.1217 267.9855 15.06470565177499
1 45047U 20006D   23110.92255714  .00025044  00000-0  16947-2 0  9994
2 45047  53.0543 337.1639 0001171  87.2552 272.8571 15.06390194177637
1 45047U 20006D   23111.32064666  .00024743  00000-0  16753-2 0  9993
2 45047  53.0540 335.3768 0001204  77.8346 282.2778 15.06374114177694
1 45047U 20006D   23111.58603748  .00023360  00000-0  15826-2 0  9995
2 45047  53.0537 334.1852 0001200  78.6861 281.4263 15.06385041177734
1 45047U 20006D   23112.58124498  .00004978  00000-0  35289-3 0  9996
2 45047  53.0542 329.7203 0001464  72.7218 287.3931 15.06395918177880
1 45047U 20006D   23112.64759253  .00001795  00000-0  13939-3 0  9998
2 45047  53.0532 329.4188 0001175  87.2607 272.8516 15.06389174177896
1 45047U 20006D   23113.57644135  .00008373  00000-0  58009-3 0  9999
2 45047  53.0540 325.2484 0001113  87.5082 272.6034 15.06413813178038
1 45047U 20006D   23114.50528012  .00025554  00000-0  17255-2 0  9995
2 45047  53.0543 321.0796 0001471  86.8944 273.2214 15.06458574178172
1 45047U 20006D   23115.16877064  .00022849  00000-0  15492-2 0  9997
2 45047  53.0547 318.1005 0001251  74.0446 286.0681 15.06368224178271
1 45047U 20006D   23116.36301948  .00016235  00000-0  11060-2 0  9992
2 45047  53.0548 312.7393 0001184  70.3201 289.7916 15.06408801178452
1 45047U 20006D   23116.82744082  .00017866  00000-0  12144-2 0  9998
2 45047  53.0549 310.6550 0001193  68.5822 291.5294 15.06426184178525
1 45047U 20006D   23117.55725060  .00001555  00000-0  12321-3 0  9990
2 45047  53.0551 307.3805 0001044  69.3756 290.7345 15.06412426178638
1 45047U 20006D   23118.22071488  .00000551  00000-0  55838-4 0  9999
2 45047  53.0533 304.4015 0001367  78.1875 281.9268 15.06409782178735
1 45047U 20006D   23119.48130674  .00001429  00000-0  11481-3 0  9991
2 45047  53.0497 298.7431 0002423  90.6988 269.4278 15.06406224178920
1 45047U 20006D   23120.47651528  .00001279  00000-0  10478-3 0  9996
2 45047  53.0555 294.2766 0000802  98.0495 262.0585 15.06391016179070
1 45047U 20006D   23121.47171508  .00002385  00000-0  17893-3 0  9999
2 45047  53.0549 289.8046 0001080  98.6110 261.5002 15.06404778179228
1 45047U 20006D   23121.80344599  .00007657  00000-0  53215-3 0  9993
2 45047  53.0541 288.3163 0001208  81.3120 278.8006 15.06416860179271
1 45047U 20006D   23122.46692207  .00003344  00000-0  24330-3 0  9993
2 45047  53.0537 285.3378 0001116  86.3911 273.7206 15.06400374179372
1 45047U 20006D   23122.73230954  .00002449  00000-0  18325-3 0  9992
2 45047  53.0537 284.1462 0001089  84.5462 275.5651 15.06400401179413
1 45047U 20006D   23123.46212191  .00008665  00000-0  59969-3 0  9991
2 45047  53.0545 280.8689 0001006  77.9155 282.1947 15.06410045179529
1 45047U 20006D   23123.79385043  .00015467  00000-0  10542-2 0  9995
2 45047  53.0541 279.3799 0001070  77.8143 282.2966 15.06426467179579
1 45047U 20006D   23124.59001663  .00001429  00000-0  11480-3 0  9993
2 45047  53.0536 275.8067 0001004  94.3763 265.7340 15.06398500179692
1 45047U 20006D   23124.85540701  .00020341  00000-0  13806-2 0  9990
2 45047  53.0535 274.6160 0001019  88.9834 271.1271 15.06397300179732
1 45047U 20006D   23125.71790266  .00023916  00000-0  16173-2 0  9990
2 45047  53.0536 270.7432 0000898  90.6296 269.4796 15.06438955179866
1 45047U 20006D   23126.64677112  .00032947  00000-0  22212-2 0  9992
2 45047  53.0536 266.5735 0000924  58.6497 301.4582 15.06387342180003
1 45047U 20006D   23127.57561852  .00029338  00000-0  19783-2 0  9997
2 45047  53.0536 262.4041 0001021  52.4711 307.6370 15.06437241180140
1 45047U 20006D   23127.64196350  .00029871  00000-0  20135-2 0  9997
2 45047  53.0536 262.1063 0001030  51.8277 308.2804 15.06441247180152
1 45047U 20006D   23128.57082599  .00014267  00000-0  97533-3 0  9999
2 45047  53.0537 257.9363 0001056  83.8352 276.2757 15.06377306180295
1 45047U 20006D   23129.56602597  .00032326  00000-0  21771-2 0  9991
2 45047  53.0541 253.4705 0001116  69.4663 290.6446 15.06434564180445
1 45047U 20006D   23130.49488815  .00023511  00000-0  15925-2 0  9990
2 45047  53.0532 249.3005 0001079  90.7430 269.3682 15.06388539180589
1 45047U 20006D   23130.69393195  .00020836  00000-0  14144-2 0  9997
2 45047  53.0534 248.4065 0000953  95.7572 264.3526 15.06377206180614
1 45047U 20006D   23131.02567003  .00031639  00000-0  21337-2 0  9991
2 45047  53.0531 246.9177 0000933  93.9846 266.1249 15.06394789180662
1 45047U 20006D   23131.62278531  .00021186  00000-0  14360-2 0  9996
2 45047  53.0541 244.2345 0000992  77.9211 282.1889 15.06423141180757
1 45047U 20006D   23132.02086817  .00011319  00000-0  77740-3 0  9994
2 45047  53.0527 242.4519 0000932 103.1569 256.9524 15.06406305180811
1 45047U 20006D   23132.61800344  .00027302  00000-0  18460-2 0  9990
2 45047  53.0531 239.7690 0000874 114.9599 245.1481 15.06373768180901
1 45047U 20006D   23133.54685651  .00026800  00000-0  18100-2 0  9998
2 45047  53.0530 235.5995 0000816 109.5546 250.5531 15.06426010181041
1 45047U 20006D   23134.54206562  .00021274  00000-0  14433-2 0  9994
2 45047  53.0534 231.1320 0001043  88.0438 272.0671 15.06387462181190
1 45047U 20006D   23134.67476010  .00021727  00000-0  14733-2 0  9991
2 45047  53.0535 230.5364 0001087  88.8353 271.2761 15.06392038181213
1 45047U 20006D   23135.53725701  .00021244  00000-0  14394-2 0  9998
2 45047  53.0540 226.6643 0001056  83.6796 276.4313 15.06436149181341
1 45047U 20006D   23135.66994705  .00019671  00000-0  13343-2 0  9998
2 45047  53.0540 226.0688 0001050  83.0481 277.0628 15.06440738181708
1 45047U 20006D   23136.46612080  .00016808  00000-0  11449-2 0  9994
2 45047  53.0542 222.4947 0000863 101.0158 259.0928 15.06388470181483
1 45047U 20006D   23137.92575314  .00005400  00000-0  38108-3 0  9992
2 45047  53.0535 215.9385 0000870  73.6218 286.4866 15.06403970181700
1 45047U 20006D   23138.58922889  .00003380  00000-0  24572-3 0  9993
2 45047  53.0535 212.9630 0000833  88.0740 272.0345 15.06389407181801
1 45047U 20006D   23138.92096608  .00010455  00000-0  71984-3 0  9992
2 45047  53.0532 211.4743 0000817  86.3500 273.7582 15.06392626181857
1 45047U 20006D   23139.45174025  .00013234  00000-0  90548-3 0  9996
2 45047  53.0530 209.0915 0000818  81.9455 278.1627 15.06406273181932
1 45047U 20006D   23140.91135932  .00014855  00000-0  10136-2 0  9997
2 45047  53.0532 202.5397 0001097  93.5891 266.5224 15.06416332182155
1 45047U 20006D   23141.57481274  .00014502  00000-0  98944-3 0  9996
2 45047  53.0531 199.5610 0001067  93.8479 266.2632 15.06438429182251
1 45047U 20006D   23142.43733206 -.00003685  00000-0 -22864-3 0  9997
2 45047  53.0529 195.6893 0001154  74.7585 285.3532 15.06392416182381
1 45047U 20006D   23142.83541986  .00006477  00000-0  45353-3 0  9991
2 45047  53.0534 193.9030 0001141  68.4491 291.6620 15.06383974182447
1 45047U 20006D   23143.83063310  .00005909  00000-0  41539-3 0  9993
2 45047  53.0528 189.4353 0001222  70.7156 289.3965 15.06388447182594
1 45047U 20006D   23144.36140784  .00006942  00000-0  48451-3 0  9991
2 45047  53.0525 187.0517 0001209  67.9546 292.1572 15.06397985182675
1 45047U 20006D   23146.48450291 -.00000172  00000-0  73202-5 0  9997
2 45047  53.0529 177.5203 0001331  65.4170 294.6957 15.06398134183332
1 45047U 20006D   23147.34700941  .00000258  00000-0  36190-4 0  9991
2 45047  53.0540 173.6494 0001308  72.6612 287.4520 15.06402594183128
1 45047U 20006D   23148.27586840  .00001027  00000-0  87839-4 0  9995
2 45047  53.0540 169.4786 0001271  72.4510 287.6618 15.06396271183268
1 45047U 20006D   23148.34221517  .00001013  00000-0  86908-4 0  9991
2 45047  53.0541 169.1808 0001273  72.2866 287.8262 15.06396504183272
1 45047U 20006D   23149.27106588  .00001161  00000-0  96839-4 0  9992
2 45047  53.0539 165.0104 0001273  72.0119 288.1008 15.06403551183411
1 45047U 20006D   23149.73549613  .00000846  00000-0  75659-4 0  9999
2 45047  53.0536 162.9242 0001254  71.2459 288.8666 15.06399427183484
1 45047U 20006D   23150.33262308  .00000290  00000-0  38374-4 0  9996
2 45047  53.0541 160.2457 0001261  81.5042 278.6090 15.06393462183570
1 45047U 20006D   23151.39416891  .00000354  00000-0  42644-4 0  9997
2 45047  53.0540 155.4806 0001277  81.4523 278.6610 15.06400131183731
1 45047U 20006D   23151.72590541  .00000456  00000-0  49532-4 0  9995
2 45047  53.0544 153.9902 0001363  76.1259 283.9881 15.06396692183788
1 45047U 20006D   23152.32302657  .00001110  00000-0  93391-4 0  9991
2 45047  53.0540 151.3087 0001326  77.7633 282.3504 15.06396895183872
1 45047U 20006D   23153.25187627  .00001345  00000-0  10916-3 0  9993
2 45047  53.0538 147.1396 0001321  76.8414 283.2723 15.06404528184010
1 45047U 20006D   23153.71630740  .00000728  00000-0  67728-4 0  9991
2 45047  53.0536 145.0550 0001305  75.5817 284.5317 15.06400287184080
1 45047U 20006D   23154.37978261 -.00000138  00000-0  96450-5 0  9998
2 45047  53.0542 142.0760 0001360  80.7577 279.3566 15.06393837184180
1 45047U 20006D   23155.24228461  .00000579  00000-0  57779-4 0  9993
2 45047  53.0542 138.2051 0001323  77.8898 282.2239 15.06401854184316
1 45047U 20006D   23155.77306513  .00000775  00000-0  70920-4 0  9997
2 45047  53.0542 135.8228 0001347  80.4954 279.6187 15.06391865184394
1 45047U 20006D   23156.23749291  .00000934  00000-0  81571-4 0  9994
2 45047  53.0541 133.7379 0001355  80.9028 279.2114 15.06394262184461
1 45047U 20006D   23156.70191616  .00001336  00000-0  10854-3 0  9990
2 45047  53.0541 131.6528 0001353  81.9234 278.1908 15.06401165184530
1 45047U 20006D   23157.29902696  .00002159  00000-0  16374-3 0  9990
2 45047  53.0541 128.9722 0001369  83.0278 277.0867 15.06412814184628
1 45047U 20006D   23157.63075781  .00002637  00000-0  19581-3 0  9998
2 45047  53.0544 127.4831 0001372  83.7269 276.3877 15.06413881184670
1 45047U 20006D   23158.22789736  .00000260  00000-0  36341-4 0  9990
2 45047  53.0537 124.8000 0001435 128.4157 231.6961 15.06392608184765
1 45047U 20006D   23158.89136152  .00000134  00000-0  27881-4 0  9990
2 45047  53.0546 121.8237 0001212  90.6258 269.4870 15.06403363184869
1 45047U 20006D   23159.28943728  .00002088  00000-0  15902-3 0  9999
2 45047  53.0542 120.0365 0001314  99.4655 260.6483 15.06409040184927
1 45047U 20006D   23159.62118156 -.00000876  00000-0 -39894-4 0  9998
2 45047  53.0546 118.5472 0001604  97.8118 262.3053 15.06391700184970
1 45047U 20006D   23160.15196289  .00000331  00000-0  41092-4 0  9998
2 45047  53.0540 116.1648 0001261  93.6452 266.4681 15.06387338185051
1 45047U 20006D   23160.88177324  .00001686  00000-0  13202-3 0  9992
2 45047  53.0544 112.8876 0001282 102.9859 257.1273 15.06401450185167
1 45047U 20006D   23161.54524500  .00001954  00000-0  15003-3 0  9997
2 45047  53.0542 109.9101 0001229  83.6820 276.4309 15.06396983185266
1 45047U 20006D   23161.87698596  .00001236  00000-0  10187-3 0  9991
2 45047  53.0553 108.4259 0001488  82.3098 277.8059 15.06389896185314
1 45047U 20006D   23162.14237265  .00001783  00000-0  13860-3 0  9992
2 45047  53.0541 107.2301 0001293  92.8304 267.2833 15.06393191185356
1 45047U 20006D   23162.87218282  .00006479  00000-0  45332-3 0  9996
2 45047  53.0545 103.9538 0001299  96.7392 263.3745 15.06409434185460
1 45047U 20006D   23163.53564653  .00006986  00000-0  48724-3 0  9997
2 45047  53.0534 100.9736 0000932  80.4107 279.6987 15.06414106185563
1 45047U 20006D   23164.00008324 -.00004297  00000-0 -26985-3 0  9998
2 45047  53.0536  98.8901 0001183  90.5763 269.5361 15.06385072185634
1 45047U 20006D   23164.79625440  .00017092  00000-0  11636-2 0  9999
2 45047  53.0542  95.3143 0001290  80.4006 279.7129 15.06397652185753
1 45047U 20006D   23165.06163857  .00019321  00000-0  13120-2 0  9996
2 45047  53.0539  94.1241 0001170  88.1735 271.9388 15.06411584185792
1 45047U 20006D   23166.18954611  .00005051  00000-0  35786-3 0  9994
2 45047  53.0549  89.0607 0001346  83.1886 276.9256 15.06389058185967
1 45047U 20006D   23167.05205018  .00018475  00000-0  12552-2 0  9990
2 45047  53.0554  85.1889 0001304  79.0120 281.1015 15.06422082186092
1 45047U 20006D   23167.78186501  .00007975  00000-0  55341-3 0  9992
2 45047  53.0545  81.9190 0001281  64.4105 295.7016 15.06415573186208
1 45047U 20006D   23168.44533652  .00012568  00000-0  86114-3 0  9995
2 45047  53.0550  78.9354 0001286  96.2975 263.8160 15.06398256186300
1 45047U 20006D   23168.77706921  .00015317  00000-0  10447-2 0  9992
2 45047  53.0547  77.4455 0001223  93.7825 266.3304 15.06409028186352
1 45047U 20006D   23169.44053140  .00009952  00000-0  68579-3 0  9993
2 45047  53.0543  74.4684 0000946  82.7612 277.3484 15.06414342186459
1 45047U 20006D   23169.77226040  .00011807  00000-0  80965-3 0  9995
2 45047  53.0548  72.9798 0001116 101.7194 258.3921 15.06426138186507
1 45047U 20006D   23170.43575787  .00020763  00000-0  14094-2 0  9995
2 45047  53.0542  70.0011 0001283  88.8192 271.2944 15.06381740186605
1 45047U 20006D   23170.70114665  .00021679  00000-0  14700-2 0  9990
2 45047  53.0543  68.8096 0001286  89.9993 270.1143 15.06394362186645
1 45047U 20006D   23171.43096207  .00013597  00000-0  92986-3 0  9995
2 45047  53.0531  65.5338 0001399  81.4502 278.6646 15.06403132186752
1 45047U 20006D   23172.42615950  .00019394  00000-0  13164-2 0  9998
2 45047  53.0549  61.0653 0001346  85.2299 274.8844 15.06425139186905
1 45047U 20006D   23172.82422973  .00020429  00000-0  13848-2 0  9993
2 45047  53.0553  59.2772 0001278  84.9177 275.1958 15.06442669186969
1 45047U 20006D   23187.75227812  .00003127  00000-0  22873-3 0  9991
2 45047  53.0554 352.2634 0000961  78.4043 281.7053 15.06395320189559
1 45047U 20006D   23188.74747461  .00017064  00000-0  11609-2 0  9997
2 45047  53.0553 347.7964 0001072  84.5310 275.5801 15.06424581189703
1 45047U 20006D   23189.14555582  .00004305  00000-0  30762-3 0  9999
2 45047  53.0554 346.0103 0001345  94.0990 266.0153 15.06411874189766
1 45047U 20006D   23189.80903392  .00002063  00000-0  15739-3 0  9994
2 45047  53.0550 343.0312 0001046 102.6009 257.5097 15.06384772189865
1 45047U 20006D   23191.13598099  .00006125  00000-0  42980-3 0  9998
2 45047  53.0538 337.0743 0001023  90.9996 269.1110 15.06395720190065
1 45047U 20006D   23191.53406562  .00004310  00000-0  30812-3 0  9990
2 45047  53.0532 335.2870 0001199  86.6802 273.4324 15.06391962190128
1 45047U 20006D   23192.39656279  .00007491  00000-0  52099-3 0  9991
2 45047  53.0550 331.4150 0001001  89.6936 270.4168 15.06418764190257
1 45047U 20006D   23192.66194399  .00012335  00000-0  84479-3 0  9991
2 45047  53.0547 330.2240 0001001  84.7706 275.3397 15.06432178190298
1 45047U 20006D   23193.39176076  .00003993  00000-0  28671-3 0  9996
2 45047  53.0547 326.9480 0001118  70.8839 289.2271 15.06414930190402
1 45047U 20006D   23193.65715006 -.00002145  00000-0 -12517-3 0  9999
2 45047  53.0549 325.7556 0001202  82.9208 277.1917 15.06396366190442
1 45047U 20006D   23194.65234452  .00014273  00000-0  97452-3 0  9995
2 45047  53.0550 321.2887 0001192  88.9948 271.1178 15.06423013190596
1 45047U 20006D   23195.51485973 -.00000943  00000-0 -44401-4 0  9995
2 45047  53.0551 317.4162 0002115  97.2947 262.8282 15.06394023190724
1 45047U 20006D   23196.04563369  .00023709  00000-0  16047-2 0  9996
2 45047  53.0542 315.0341 0001116 108.4532 251.6579 15.06412741190804
1 45047U 20006D   23197.04083728  .00005051  00000-0  35778-3 0  9996
2 45047  53.0530 310.5700 0002529  73.6260 286.5007 15.06394204190952
1 45047U 20006D   23197.57161936  .00013567  00000-0  92880-3 0  9990
2 45047  53.0539 308.1847 0001107  71.8316 288.2794 15.06364867191033
1 45047U 20006D   23198.43413822  .00026346  00000-0  17809-2 0  9996
2 45047  53.0543 304.3119 0001107  68.9975 291.1132 15.06402306191160
1 45047U 20006D   23199.42934496  .00017378  00000-0  11831-2 0  9995
2 45047  53.0546 299.8448 0001245  85.0932 275.0200 15.06386880191314
1 45047U 20006D   23200.55723912  .00018297  00000-0  12433-2 0  9991
2 45047  53.0546 294.7822 0001173  77.2195 282.8925 15.06422284191485
1 45047U 20006D   23201.48609717  .00005276  00000-0  37277-3 0  9997
2 45047  53.0544 290.6109 0001127  93.3229 266.7889 15.06402965191622
1 45047U 20006D   23205.20150875  .00004149  00000-0  29719-3 0  9997
2 45047  53.0530 273.9288 0000854 115.8925 244.2152 15.06408127191842
1 45047U 20006D   23206.46209364  .00003795  00000-0  27340-3 0  9998
2 45047  53.0537 268.2734 0001197  89.0810 271.0316 15.06413257192030
1 45047U 20006D   23207.19191585  .00001283  00000-0  10504-3 0  9998
2 45047  53.0526 264.9949 0001154 100.1644 259.9475 15.06397216192141
1 45047U 20006D   23207.85538339  .00001744  00000-0  13593-3 0  9996
2 45047  53.0525 262.0175 0001099  88.0327 272.0788 15.06403783192241
1 45047U 20006D   23208.12076991  .00003973  00000-0  28543-3 0  9995
2 45047  53.0529 260.8246 0001118  89.9410 270.1707 15.06405826192289
1 45047U 20006D   23209.11597457  .00002052  00000-0  15663-3 0  9996
2 45047  53.0520 256.3569 0000965  81.6736 278.4362 15.06400018192777
1 45047U 20006D   23209.51406440 -.00002420  00000-0 -14369-3 0  9994
2 45047  53.0517 254.5707 0000932  78.8206 281.2888 15.06381906192499
1 45047U 20006D   23209.51406440 -.00002420  00000-0 -14369-3 0  9994
2 45047  53.0517 254.5707 0000932  78.8206 281.2888 15.06381906192837
1 45047U 20006D   23210.37657939  .00000156  00000-0  29350-4 0  9990
2 45047  53.0535 250.7020 0001114  62.1195 297.9907 15.06391263192966
1 45047U 20006D   23212.10159282  .00004533  00000-0  32295-3 0  9995
2 45047  53.0534 242.9560 0001260  73.1850 286.9277 15.06408775193224
1 45047U 20006D   23213.09679633 -.00000326  00000-0 -29991-5 0  9990
2 45047  53.0523 238.4872 0001058  72.0917 288.0187 15.06397644193376
1 45047U 20006D   23214.35738265  .00000619  00000-0  60406-4 0  9995
2 45047  53.0531 232.8279 0001088  68.0461 292.0643 15.06402547193568
1 45047U 20006D   23215.08720426  .00001266  00000-0  10389-3 0  9999
2 45047  53.0535 229.5521 0001096  82.6996 277.4118 15.06391574193672
1 45047U 20006D   23216.01605523  .00001396  00000-0  11255-3 0  9990
2 45047  53.0537 225.3826 0001136  83.9348 276.1771 15.06401593193816
1 45047U 20006D   23217.01126190  .00000901  00000-0  79376-4 0  9999
2 45047  53.0533 220.9149 0001115  85.2654 274.8462 15.06395342193965
1 45047U 20006D   23218.13914977  .00001440  00000-0  11551-3 0  9990
2 45047  53.0534 215.8517 0001221  86.2922 273.8206 15.06405642194135
1 45047U 20006D   23219.00166744  .00000622  00000-0  60665-4 0  9990
2 45047  53.0537 211.9783 0001260  88.6299 271.4834 15.06395130194261
1 45047U 20006D   23220.39494592  .00001121  00000-0  94123-4 0  9990
2 45047  53.0535 205.7240 0001287  88.3555 271.7581 15.06406411194479
1 45047U 20006D   23220.66033865 -.00000043  00000-0  16007-4 0  9990
2 45047  53.0534 204.5323 0001203  85.5671 274.5455 15.06400193194510
1 45047U 20006D   23220.99208067  .00001282  00000-0  10499-3 0  9997
2 45047  53.0535 203.0432 0001252  92.5673 267.5459 15.06388234194562
1 45047U 20006D   23221.65554211  .00002262  00000-0  17068-3 0  9994
2 45047  53.0537 200.0648 0001287  97.7955 262.3180 15.06399982194665
1 45047U 20006D   23222.31900222  .00001710  00000-0  13364-3 0  9997
2 45047  53.0533 197.0860 0001265  98.5020 261.6112 15.06409997194766
1 45047U 20006D   23222.65074095  .00000452  00000-0  49244-4 0  9993
2 45047  53.0533 195.5951 0001148  93.4606 266.6515 15.06405010194814
1 45047U 20006D   23222.91613926  .00000828  00000-0  74466-4 0  9995
2 45047  53.0530 194.4056 0001545  94.7167 265.3998 15.06390439194855
1 45047U 20006D   23223.64594880  .00001286  00000-0  10518-3 0  9999
2 45047  53.0531 191.1286 0001388  97.6388 262.4759 15.06401479194969
1 45047U 20006D   23224.11036992  .00000622  00000-0  60603-4 0  9991
2 45047  53.0514 189.0452 0001524  89.3027 270.8137 15.06412024195031
1 45047U 20006D   23224.90654551  .00001799  00000-0  13966-3 0  9990
2 45047  53.0523 185.4701 0001775  89.1210 270.9982 15.06391849195151
1 45047U 20006D   23226.23347662  .00004917  00000-0  34869-3 0  9990
2 45047  53.0547 179.5143 0001474  84.3234 275.7923 15.06409985195351
1 45047U 20006D   23227.09599324  .00001589  00000-0  12555-3 0  9999
2 45047  53.0556 175.6419 0001600  93.1049 267.0123 15.06396907195486
1 45047U 20006D   23228.09118952  .00015307  00000-0  10436-2 0  9992
2 45047  53.0543 171.1746 0001510  98.9933 261.1226 15.06422980195638
1 45047U 20006D   23229.08639380  .00008116  00000-0  56296-3 0  9990
2 45047  53.0536 166.7062 0002548  85.5169 274.6111 15.06409891195780
1 45047U 20006D   23229.21908862  .00002349  00000-0  17651-3 0  9993
2 45047  53.0539 166.1105 0001375  92.3774 267.7372 15.06400460195808
1 45047U 20006D   23230.08158894  .00018006  00000-0  12237-2 0  9993
2 45047  53.0549 162.2378 0001317  95.0567 265.0572 15.06428564195936
1 45047U 20006D   23230.81141123  .00001856  00000-0  14348-3 0  9992
2 45047  53.0552 158.9614 0002496  84.1989 275.9285 15.06399655196043
1 45047U 20006D   23231.07680240 -.00003258  00000-0 -20002-3 0  9993
2 45047  53.0538 157.7709 0001534  81.4909 278.6253 15.06386438196087
1 45047U 20006D   23232.13835277  .00026499  00000-0  17899-2 0  9992
2 45047  53.0539 153.0071 0001470  74.2190 285.8961 15.06426088196240
1 45047U 20006D   23232.80182660  .00017931  00000-0  12195-2 0  9992
2 45047  53.0537 150.0284 0001407  85.6441 274.4709 15.06403440196348
1 45047U 20006D   23233.13356109  .00009055  00000-0  62597-3 0  9990
2 45047  53.0537 148.5388 0001416  86.9191 273.1960 15.06402742196395
1 45047U 20006D   23234.06240376  .00019513  00000-0  13239-2 0  9999
2 45047  53.0534 144.3693 0001402  94.0203 266.0946 15.06437051196536
1 45047U 20006D   23235.05761825  .00014180  00000-0  96937-3 0  9998
2 45047  53.0522 139.9020 0001202 104.3523 255.7599 15.06383584196681
1 45047U 20006D   23235.25666470  .00021277  00000-0  14440-2 0  9993
2 45047  53.0526 139.0086 0001497  72.3740 287.7412 15.06373568196713
1 45047U 20006D   23236.11917341  .00016777  00000-0  11423-2 0  9992
2 45047  53.0526 135.1341 0001271  94.5469 265.5665 15.06407666196506
1 45047U 20006D   23237.11438226  .00016446  00000-0  11201-2 0  9990
2 45047  53.0535 130.6680 0001302  85.0350 275.0787 15.06410480196656
1 45047U 20006D   23237.11438226  .00016446  00000-0  11201-2 0  9990
2 45047  53.0535 130.6680 0001302  85.0350 275.0787 15.06410480196993
1 45047U 20006D   23237.84418813  .00018400  00000-0  12499-2 0  9992
2 45047  53.0540 127.3905 0001332  96.6403 263.4737 15.06430762196768
1 45047U 20006D   23238.04322393  .00019675  00000-0  13346-2 0  9999
2 45047  53.0537 126.4987 0001488  84.9555 275.1604 15.06440689196799
1 45047U 20006D   23238.64034957  .00002942  00000-0  21627-3 0  9992
2 45047  53.0536 123.8187 0001723  77.9523 282.1659 15.06409113197224
1 45047U 20006D   23238.83940056 -.00021753  00000-0 -14477-2 0  9996
2 45047  53.0541 122.9242 0001210  49.2426 310.8667 15.06355136196915
1 45047U 20006D   23239.10480204  .00019915  00000-0  13548-2 0  9994
2 45047  53.0542 121.7335 0001135 100.7131 259.3985 15.06325451196959
1 45047U 20006D   23239.10480204  .00019915  00000-0  13548-2 0  9994
2 45047  53.0542 121.7335 0001135 100.7131 259.3985 15.06325451197297
1 45047U 20006D   23239.63557382  .00024108  00000-0  16321-2 0  9996
2 45047  53.0549 119.3504 0001816 209.1304 150.9584 15.06393102197375
1 45047U 20006D   23239.83461739  .00022790  00000-0  15435-2 0  9998
2 45047  53.0547 118.4607 0001306  87.3795 272.7343 15.06409552197060
1 45047U 20006D   23240.03365372  .00026240  00000-0  17726-2 0  9997
2 45047  53.0545 117.5666 0001297  89.7188 270.3949 15.06427806197433
1 45047U 20006D   23240.36538630  .00017955  00000-0  12203-2 0  9990
2 45047  53.0541 116.0764 0001599  83.0739 277.0432 15.06427763197484
1 45047U 20006D   23240.76347010  .00012609  00000-0  86395-3 0  9999
2 45047  53.0537 114.2879 0001401  91.1525 268.9624 15.06397577197549
1 45047U 20006D   23240.89616440  .00015658  00000-0  10678-2 0  9996
2 45047  53.0536 113.6923 0001440  86.0005 274.1149 15.06398648197226
1 45047U 20006D   23241.82501433  .00015726  00000-0  10716-2 0  9994
2 45047  53.0537 109.5223 0001599  78.8836 281.2332 15.06422440197366
1 45047U 20006D   23242.02405005  .00018078  00000-0  12284-2 0  9990
2 45047  53.0531 108.6281 0001425  85.4360 274.6792 15.06431474197732
1 45047U 20006D   23242.35578304  .00007559  00000-0  52559-3 0  9991
2 45047  53.0531 107.1373 0001426 106.7581 253.3564 15.06415451197784
1 45047U 20006D   23242.88650214  .00236451  00000-0  15218-1 0  9994
2 45047  53.0521 104.7602 0005186 115.7556 244.3969 15.06761872197522
1 45047U 20006D   23243.25001157 -.00017242  00000-0 -11407-2 0  9996
2 45047  53.0527 103.1248 0001403  95.1269  77.0712 15.06423258197910
1 45047U 20006D   23243.33335648 -.00009180  00000-0 -59785-3 0  9994
2 45047  53.0529 102.7501 0001394  98.0206 166.4159 15.06419043  5790
1 45047U 20006D   23244.01444846  .00019137  00000-0  12990-2 0  9998
2 45047  53.0498  99.6980 0001394  69.0890 291.0248 15.06432157197693
1 45047U 20006D   23244.01444846  .00019137  00000-0  12990-2 0  9998
2 45047  53.0498  99.6980 0001394  69.0890 291.0248 15.06432157198032
1 45047U 20006D   23244.87696339  .00016621  00000-0  11323-2 0  9992
2 45047  53.0593  95.8213 0000592  56.7728 303.3318 15.06392150198164
1 45047U 20006D   23245.27504392  .00009948  00000-0  68580-3 0  9996
2 45047  53.0539  94.0324 0001291  83.6664 276.4472 15.06401214197884
1 45047U 20006D   23245.87215793  .00021696  00000-0  14697-2 0  9999
2 45047  53.0535  91.3519 0001287  83.8548 276.2588 15.06431295197972
1 45047U 20006D   23246.25001157 -.00015117  00000-0 -99877-3 0  9996
2 45047  53.0529  89.6554 0001521  93.5730 156.7842 15.06376135198377
1 45047U 20006D   23246.58334491  .00024409  00000-0  16529-2 0  9996
2 45047  53.0531  88.1585 0001608 100.6537 158.3428 15.06376692  5473
1 45047U 20006D   23246.91667824  .00030413  00000-0  20535-2 0  9996
2 45047  53.0530  86.6639 0001590  91.3512 176.3027 15.06369732198479
1 45047U 20006D   23247.00006666  .00002332  00000-0  17550-3 0  9991
2 45047  53.0534  86.2882 0001565  91.5625 268.5543 15.06384831198483
1 45047U 20006D   23247.53084612  .00009889  00000-0  68201-3 0  9999
2 45047  53.0529  83.9050 0001459 100.6256 259.4897 15.06389056198229
1 45047U 20006D   23247.99527296  .00013309  00000-0  91052-3 0  9991
2 45047  53.0530  81.8203 0001478  94.0491 266.0666 15.06405856198636
1 45047U 20006D   23248.52605274  .00007195  00000-0  50146-3 0  9999
2 45047  53.0528  79.4368 0001834  90.0694 270.0505 15.06398455198717
1 45047U 20006D   23248.79143970  .00007138  00000-0  49759-3 0  9993
2 45047  53.0523  78.2460 0001651  89.2301 270.8877 15.06400287198418
1 45047U 20006D   23249.78663572  .00010691  00000-0  73519-3 0  9997
2 45047  53.0525  73.7776 0001587  91.5394 268.5777 15.06417808198900
1 45047U 20006D   23249.91932709  .00012549  00000-0  85932-3 0  9999
2 45047  53.0528  73.1822 0001603  90.0370 270.0803 15.06424225198589
1 45047U 20006D   23250.51645097  .00002824  00000-0  20835-3 0  9994
2 45047  53.0537  70.5016 0001411 101.3960 258.7187 15.06406117198671
1 45047U 20006D   23250.78183939  .00002691  00000-0  19951-3 0  9994
2 45047  53.0542  69.3102 0001419  96.1962 263.9189 15.06399610199052
1 45047U 20006D   23250.91453346  .00003326  00000-0  24206-3 0  9996
2 45047  53.0541  68.7144 0001380  97.7598 262.3547 15.06402686198732
1 45047U 20006D   23250.98088026  .00003700  00000-0  26711-3 0  9991
2 45047  53.0545  68.4167 0001446  99.4679 260.6473 15.06402900198749
1 45047U 20006D   23251.77703773  .00011011  00000-0  75664-3 0  9997
2 45047  53.0543  64.8436 0001379  98.5133 261.6012 15.06416330198861
1 45047U 20006D   23251.77703773  .00011011  00000-0  75664-3 0  9997
2 45047  53.0543  64.8436 0001379  98.5133 261.6012 15.06416330199200
1 45047U 20006D   23252.44050865  .00003563  00000-0  25795-3 0  9992
2 45047  53.0547  61.8650 0001379  94.4199 265.6948 15.06404374199304
1 45047U 20006D   23252.57320358  .00004505  00000-0  32109-3 0  9997
2 45047  53.0546  61.2693 0001198  97.7521 262.3604 15.06404079198986
1 45047U 20006D   23252.77224626  .00001301  00000-0  10622-3 0  9997
2 45047  53.0547  60.3753 0001353  89.8494 270.2650 15.06393663199355
1 45047U 20006D   23253.43571473  .00003282  00000-0  23910-3 0  9990
2 45047  53.0545  57.3963 0001269  90.0024 270.1110 15.06401002199112
1 45047U 20006D   23253.76744439  .00007509  00000-0  52224-3 0  9996
2 45047  53.0544  55.9074 0001317  89.8978 270.2162 15.06413204199504
1 45047U 20006D   23253.96648273  .00011143  00000-0  76539-3 0  9991
2 45047  53.0543  55.0137 0001308  86.6538 273.4601 15.06419521199197
1 45047U 20006D   23254.69630466  .00004315  00000-0  30838-3 0  9992
2 45047  53.0539  51.7379 0001296  91.2682 268.8455 15.06398766199643
1 45047U 20006D   23255.16073168  .00019544  00000-0  13268-2 0  9992
2 45047  53.0539  49.6526 0001252  93.1216 266.9916 15.06413731199370
1 45047U 20006D   23255.16073168  .00019544  00000-0  13268-2 0  9992
2 45047  53.0539  49.6526 0001252  93.1216 266.9916 15.06413731199718
1 45047U 20006D   23255.69149772  .00022351  00000-0  15132-2 0  9997
2 45047  53.0542  47.2693 0001275  92.9306 267.1828 15.06435533199453
1 45047U 20006D   23255.89053084  .00028402  00000-0  19152-2 0  9998
2 45047  53.0549  46.3744 0001281  97.4146 262.6989 15.06453350199822
1 45047U 20006D   23256.55400629  .00018927  00000-0  12860-2 0  9993
2 45047  53.0552  43.3970 0001475  98.6533 261.4623 15.06404359199582
1 45047U 20006D   23256.68670183  .00022105  00000-0  14983-2 0  9992
2 45047  53.0552  42.8021 0001284  62.8937 297.2182 15.06398398199944
1 45047U 20006D   23256.88574199  .00021422  00000-0  14525-2 0  9997
2 45047  53.0553  41.9085 0001332  62.6590 297.4534 15.06404815199633
1 45047U 20006D   23257.41653026  .00026611  00000-0  18000-2 0  9991
2 45047  53.0556  39.5247 0001989  49.7359 310.3804 15.06371286200055
1 45047U 20006D   23257.54922240  .00015776  00000-0  10761-2 0  9998
2 45047  53.0558  38.9298 0001405  90.0075 270.1075 15.06383141199731
1 45047U 20006D   23257.81461438  .00017402  00000-0  11849-2 0  9991
2 45047  53.0557  37.7389 0001386  80.8969 279.2177 15.06380687199774
1 45047U 20006D   23258.41174264  .00002716  00000-0  20126-3 0  9997
2 45047  53.0565  35.0628 0001160  46.0111 314.0974 15.06378489200204
1 45047U 20006D   23258.54443675  .00005421  00000-0  38272-3 0  9993
2 45047  53.0557  34.4643 0001261  65.3227 294.7893 15.06383623199880
1 45047U 20006D   23258.67713105  .00014012  00000-0  95789-3 0  9997
2 45047  53.0564  33.8694 0001371  82.9132 277.2013 15.06392483200246
1 45047U 20006D   23259.40693690  .00023051  00000-0  15600-2 0  9991
2 45047  53.0552  30.5917 0001312  76.3254 283.7881 15.06432285200354
1 45047U 20006D   23259.53962715  .00019999  00000-0  13564-2 0  9995
2 45047  53.0552  29.9961 0001313  73.7751 286.3382 15.06435748200036
1 45047U 20006D   23260.53482977  .00030840  00000-0  20797-2 0  9998
2 45047  53.0552  25.5287 0000972 111.6356 248.4736 15.06410638200181
1 45047U 20006D   23260.73386913  .00012350  00000-0  84628-3 0  9993
2 45047  53.0554  24.6352 0001150 100.4105 259.7013 15.06411057200553
1 45047U 20006D   23261.33098788  .00015891  00000-0  10828-2 0  9993
2 45047  53.0558  21.9542 0001175  97.1836 262.9287 15.06418314200640
1 45047U 20006D   23261.53002226  .00021748  00000-0  14730-2 0  9991
2 45047  53.0555  21.0619 0001148  90.9225 269.1896 15.06435428200332
1 45047U 20006D   23261.53002226  .00021748  00000-0  14730-2 0  9991
2 45047  53.0555  21.0619 0001148  90.9225 269.1896 15.06435428200679
1 45047U 20006D   23261.79539951  .00027653  00000-0  18652-2 0  9997
2 45047  53.0556  19.8699 0001163  91.5870 268.5253 15.06456796200371
1 45047U 20006D   23262.06078992 -.00007135  00000-0 -46049-3 0  9998
2 45047  53.0568  18.6774 0001443 126.3611 233.7511 15.06405942200756
1 45047U 20006D   23262.79060895  .00012582  00000-0  86184-3 0  9995
2 45047  53.0557  15.4005 0001535 127.4964 232.6165 15.06407932200867
1 45047U 20006D   23263.52044799  .00022781  00000-0  15444-2 0  9994
2 45047  53.0557  12.1269 0001442 105.9603 254.1545 15.06374775200972
1 45047U 20006D   23263.58679670  .00022144  00000-0  15019-2 0  9993
2 45047  53.0565  11.8298 0001330  90.8038 269.3103 15.06373838200640
1 45047U 20006D   23263.71949219  .00024996  00000-0  16919-2 0  9994
2 45047  53.0567  11.2347 0001360  87.4656 272.6489 15.06381086200662
1 45047U 20006D   23264.44931992  .00018411  00000-0  12521-2 0  9994
2 45047  53.0560   7.9574 0001474  81.2884 278.8272 15.06386885201111
1 45047U 20006D   23264.51566782  .00019506  00000-0  13252-2 0  9991
2 45047  53.0561   7.6601 0001485  80.3267 279.7889 15.06387565200789
1 45047U 20006D   23264.71470872  .00020314  00000-0  13789-2 0  9991
2 45047  53.0561   6.7671 0001512  80.2759 279.8401 15.06395601200817
1 45047U 20006D   23265.44451104  .00024762  00000-0  16736-2 0  9995
2 45047  53.0557   3.4903 0001454  80.8357 279.2797 15.06440704201266
1 45047U 20006D   23265.51085580  .00026887  00000-0  18148-2 0  9993
2 45047  53.0557   3.1926 0001471  80.6799 279.4357 15.06445935200933
1 45047U 20006D   23265.70988860  .00028362  00000-0  19122-2 0  9990
2 45047  53.0559   2.2994 0001491  78.9145 281.2012 15.06459535200960
1 45047U 20006D   23266.50606192  .00022361  00000-0  15156-2 0  9990
2 45047  53.0553 358.7251 0001644  61.1589 298.9565 15.06393256201422
1 45047U 20006D   23266.57240525  .00021089  00000-0  14305-2 0  9992
2 45047  53.0555 358.4259 0001248 109.1225 250.9899 15.06398219201094
1 45047U 20006D   23267.43491151  .00017208  00000-0  11707-2 0  9992
2 45047  53.0554 354.5549 0001515  88.6504 271.4658 15.06420172201567
1 45047U 20006D   23267.56760228  .00020413  00000-0  13842-2 0  9994
2 45047  53.0550 353.9590 0001461  84.5139 275.6016 15.06429410201244
1 45047U 20006D   23267.63394652  .00022833  00000-0  15453-2 0  9994
2 45047  53.0552 353.6609 0001408  91.2269 268.8882 15.06435862201258
1 45047U 20006D   23267.63394652  .00022833  00000-0  15453-2 0  9994
2 45047  53.0552 353.6609 0001408  91.2269 268.8882 15.06435862201595
1 45047U 20006D   23268.23108473  .00027374  00000-0  18497-2 0  9991
2 45047  53.0550 350.9810 0002074  75.6211 284.5008 15.06395644201688
1 45047U 20006D   23268.49647756  .00021458  00000-0  14559-2 0  9993
2 45047  53.0551 349.7891 0001529  65.0874 295.0274 15.06377796201383
1 45047U 20006D   23268.69551990  .00023636  00000-0  16009-2 0  9991
2 45047  53.0550 348.8948 0001620  69.4160 290.7003 15.06386689201410
1 45047U 20006D   23268.69551990  .00023636  00000-0  16009-2 0  9991
2 45047  53.0550 348.8948 0001620  69.4160 290.7003 15.06386689201757
1 45047U 20006D   23269.42532161  .00028580  00000-0  19275-2 0  9993
2 45047  53.0553 345.6197 0001590  56.9724 303.1418 15.06444174201869
1 45047U 20006D   23269.49166520  .00033887  00000-0  22796-2 0  9990
2 45047  53.0553 345.3195 0001613  67.4316 292.6843 15.06454616201534
1 45047U 20006D   23269.49166520  .00033887  00000-0  22796-2 0  9990
2 45047  53.0553 345.3195 0001613  67.4316 292.6843 15.06454616201871
1 45047U 20006D   23270.42052263  .00017118  00000-0  11659-2 0  9998
2 45047  53.0555 341.1516 0001372  68.0102 292.1033 15.06381122202010
1 45047U 20006D   23270.48687133  .00026039  00000-0  17615-2 0  9994
2 45047  53.0556 340.8541 0001338  79.9955 280.1185 15.06379575201680
1 45047U 20006D   23271.48207821  .00016998  00000-0  11570-2 0  9994
2 45047  53.0557 336.3879 0001510  84.1209 275.9952 15.06408772201830
1 45047U 20006D   23271.48207821  .00016998  00000-0  11570-2 0  9994
2 45047  53.0557 336.3879 0001510  84.1209 275.9952 15.06408772202178
1 45047U 20006D   23272.47729096  .00005714  00000-0  40235-3 0  9992
2 45047  53.0551 331.9201 0001685 101.7579 258.3599 15.06385517202321
1 45047U 20006D   23272.54363701  .00003895  00000-0  28034-3 0  9998
2 45047  53.0553 331.6221 0001724 104.4773 255.6407 15.06388780201997
1 45047U 20006D   23273.47247822  .00020415  00000-0  13840-2 0  9991
2 45047  53.0539 327.4523 0001549  91.4144 268.7022 15.06439236202476
1 45047U 20006D   23274.13594904 -.00002400  00000-0 -14220-3 0  9991
2 45047  53.0534 324.4760 0002274  73.7907 286.3332 15.06404166202572
1 45047U 20006D   23274.40133594  .00004634  00000-0  32977-3 0  9993
2 45047  53.0536 323.2818 0001454  76.6435 283.4716 15.06403421202276
1 45047U 20006D   23274.86576485  .00027309  00000-0  18443-2 0  9998
2 45047  53.0534 321.1962 0001621  74.1290 285.9877 15.06416536202343
1 45047U 20006D   23274.86576485  .00027309  00000-0  18443-2 0  9998
2 45047  53.0534 321.1962 0001621  74.1290 285.9877 15.06416536202680
1 45047U 20006D   23275.59555880  .00026819  00000-0  18096-2 0  9994
2 45047  53.0533 317.9195 0001727  73.3954 286.7225 15.06460166202454
1 45047U 20006D   23276.12634287  .00009617  00000-0  66366-3 0  9994
2 45047  53.0535 315.5365 0001542  89.5638 270.5528 15.06398320202877
1 45047U 20006D   23276.39173518  .00015762  00000-0  10752-2 0  9993
2 45047  53.0535 314.3442 0001335  81.4664 278.6476 15.06382928202575
1 45047U 20006D   23276.39173518  .00015762  00000-0  10752-2 0  9993
2 45047  53.0535 314.3442 0001335  81.4664 278.6476 15.06382928202913
1 45047U 20006D   23276.59077884  .00019809  00000-0  13456-2 0  9994
2 45047  53.0540 313.4513 0001484  87.0002 273.1157 15.06382810202603
1 45047U 20006D   23277.51962613  .00025536  00000-0  17254-2 0  9994
2 45047  53.0538 309.2818 0001530  87.2724 272.8440 15.06434841202744
1 45047U 20006D   23277.78502002  .00000619  00000-0  60437-4 0  9993
2 45047  53.0539 308.0897 0001703  94.5588 265.5596 15.06397729202788
1 45047U 20006D   23277.78502002  .00000619  00000-0  60437-4 0  9993
2 45047  53.0539 308.0897 0001703  94.5588 265.5596 15.06397729203127
1 45047U 20006D   23278.38215073  .00025967  00000-0  17563-2 0  9992
2 45047  53.0536 305.4102 0001669 105.9216 254.1957 15.06387960203211
1 45047U 20006D   23278.51484579  .00030414  00000-0  20524-2 0  9990
2 45047  53.0534 304.8147 0001606 106.8955 253.2210 15.06390723202898
1 45047U 20006D   23278.78023313  .00022703  00000-0  15381-2 0  9991
2 45047  53.0540 303.6242 0001803 108.9678 251.1507 15.06400517202936
1 45047U 20006D   23278.78023313  .00022703  00000-0  15381-2 0  9991
2 45047  53.0540 303.6242 0001803 108.9678 251.1507 15.06400517203274
1 45047U 20006D   23279.44368947  .00021685  00000-0  14687-2 0  9996
2 45047  53.0542 300.6462 0001805 110.8528 249.2654 15.06437615203039
1 45047U 20006D   23279.77542683  .00011346  00000-0  77906-3 0  9990
2 45047  53.0538 299.1552 0002063  84.3221 275.8003 15.06415714203082
1 45047U 20006D   23279.77542683  .00011346  00000-0  77906-3 0  9990
2 45047  53.0538 299.1552 0002063  84.3221 275.8003 15.06415714203420
1 45047U 20006D   23280.43890651  .00024282  00000-0  16444-2 0  9998
2 45047  53.0533 296.1777 0001650  89.4998 270.6180 15.06378418203180
1 45047U 20006D   23280.43890651  .00024282  00000-0  16444-2 0  9998
2 45047  53.0533 296.1777 0001650  89.4998 270.6180 15.06378418203528
1 45047U 20006D   23280.57160200  .00024722  00000-0  16735-2 0  9995
2 45047  53.0536 295.5820 0001734  88.8556 271.2631 15.06383968203208
1 45047U 20006D   23281.50044792  .00030086  00000-0  20279-2 0  9994
2 45047  53.0533 291.4114 0001740  91.6856 268.4332 15.06439109203348
1 45047U 20006D   23281.76584622  .00001932  00000-0  14858-3 0  9998
2 45047  53.0539 290.2201 0002096  89.3791 270.7438 15.06390685203387
1 45047U 20006D   23281.76584622  .00001932  00000-0  14858-3 0  9998
2 45047  53.0539 290.2201 0002096  89.3791 270.7438 15.06390685203725
1 45047U 20006D   23282.49566619  .00027204  00000-0  18384-2 0  9992
2 45047  53.0536 286.9438 0001400  94.2875 265.8274 15.06394663203499
1 45047U 20006D   23282.49566619  .00027204  00000-0  18384-2 0  9992
2 45047  53.0536 286.9438 0001400  94.2875 265.8274 15.06394663203837
1 45047U 20006D   23283.49084692  .00029883  00000-0  20133-2 0  9999
2 45047  53.0534 282.4763 0001405  95.6498 264.4652 15.06460149203645
1 45047U 20006D   23283.49084692  .00029883  00000-0  20133-2 0  9999
2 45047  53.0534 282.4763 0001405  95.6498 264.4652 15.06460149203982
1 45047U 20006D   23283.95528959  .00000611  00000-0  59956-4 0  9994
2 45047  53.0543 280.3904 0001682  97.2000 262.9180 15.06384384203716
1 45047U 20006D   23284.02163812  .00006988  00000-0  48777-3 0  9997
2 45047  53.0533 280.0931 0002045  98.7238 261.3983 15.06385303204060
1 45047U 20006D   23284.41973055  .00019004  00000-0  12924-2 0  9995
2 45047  53.0537 278.3064 0001484  77.6361 282.4794 15.06367109203786
1 45047U 20006D   23284.41973055  .00019004  00000-0  12924-2 0  9995
2 45047  53.0537 278.3064 0001484  77.6361 282.4794 15.06367109204125
1 45047U 20006D   23285.21589491  .00024679  00000-0  16694-2 0  9993
2 45047  53.0529 274.7314 0001476  76.4025 283.7128 15.06411530204245
1 45047U 20006D   23285.48127778  .00026493  00000-0  17894-2 0  9997
2 45047  53.0530 273.5402 0001497  78.7738 281.3419 15.06428717203949
1 45047U 20006D   23286.21110311  .00021702  00000-0  14715-2 0  9991
2 45047  53.0528 270.2641 0001605  94.8996 265.2176 15.06396365204395
1 45047U 20006D   23286.34379729  .00027881  00000-0  18832-2 0  9993
2 45047  53.0529 269.6686 0001611  90.8659 269.2515 15.06400646204070
1 45047U 20006D   23286.67552735  .00036125  00000-0  24300-2 0  9997
2 45047  53.0529 268.1787 0001589  98.1815 261.9354 15.06426350204121
1 45047U 20006D   23287.20628403  .00035560  00000-0  23900-2 0  9990
2 45047  53.0528 265.7953 0001570 100.4151 259.7015 15.06464560204548
1 45047U 20006D   23287.33897131  .00035216  00000-0  23666-2 0  9997
2 45047  53.0529 265.1996 0001578 100.5908 259.5259 15.06473911204222
1 45047U 20006D   23287.93611308  .00005433  00000-0  38354-3 0  9992
2 45047  53.0529 262.5189 0003294  81.6427 278.4935 15.06385189204319
1 45047U 20006D   23288.20150908  .00013991  00000-0  95759-3 0  9997
2 45047  53.0533 261.3274 0001090  83.6379 276.4735 15.06348502204691
1 45047U 20006D   23288.33420884  .00028462  00000-0  19246-2 0  9999
2 45047  53.0533 260.7318 0001080  78.1970 281.9140 15.06349306204377
1 45047U 20006D   23289.32940325  .00046855  00000-0  31390-2 0  9996
2 45047  53.0548 256.2651 0001073  81.5774 278.5337 15.06454560204521
1 45047U 20006D   23289.32940325  .00046855  00000-0  31390-2 0  9996
2 45047  53.0548 256.2651 0001073  81.5774 278.5337 15.06454560204868
1 45047U 20006D   23289.92653042  .00012928  00000-0  88478-3 0  9993
2 45047  53.0545 253.5828 0002697  94.5645 265.5652 15.06416734204615
1 45047U 20006D   23289.92653042  .00012928  00000-0  88478-3 0  9993
2 45047  53.0545 253.5828 0002697  94.5645 265.5652 15.06416734204952
1 45047U 20006D   23291.18709882  .00025450  00000-0  17186-2 0  9999
2 45047  53.0548 247.9254 0001221 110.3006 249.8114 15.06457427204801
1 45047U 20006D   23291.18709882  .00025450  00000-0  17186-2 0  9999
2 45047  53.0548 247.9254 0001221 110.3006 249.8114 15.06457427205149
1 45047U 20006D   23291.58517267  .00018464  00000-0  12537-2 0  9999
2 45047  53.0537 246.1366 0000590  61.6901 298.4148 15.06444925204866
1 45047U 20006D   23291.58517267  .00018464  00000-0  12537-2 0  9999
2 45047  53.0537 246.1366 0000590  61.6901 298.4148 15.06444925205205
1 45047U 20006D   23292.18231049  .00030326  00000-0  20469-2 0  9991
2 45047  53.0541 243.4584 0001225  86.9643 273.1486 15.06385092205294
1 45047U 20006D   23292.24865793  .00035224  00000-0  23727-2 0  9999
2 45047  53.0542 243.1597 0001221  85.3267 274.7862 15.06386370204965
1 45047U 20006D   23293.24384285  .00034601  00000-0  23267-2 0  9999
2 45047  53.0537 238.6926 0001248  94.8658 265.2473 15.06458918205111
1 45047U 20006D   23293.24384285  .00034601  00000-0  23267-2 0  9999
2 45047  53.0537 238.6926 0001248  94.8658 265.2473 15.06458918205458
1 45047U 20006D   23294.10637809  .00028263  00000-0  19099-2 0  9993
2 45047  53.0540 234.8205 0001653 105.0595 255.0577 15.06376694205581
1 45047U 20006D   23294.57081592  .00023621  00000-0  15999-2 0  9994
2 45047  53.0537 232.7397 0001947  69.5584 290.5614 15.06387560205315
1 45047U 20006D   23294.83620224  .00022890  00000-0  15504-2 0  9993
2 45047  53.0541 231.5477 0002033  76.4923 283.6292 15.06404185205696
1 45047U 20006D   23295.23427381  .00022338  00000-0  15124-2 0  9992
2 45047  53.0538 229.7584 0001923  87.9234 272.1975 15.06433895205410
1 45047U 20006D   23295.23427381  .00022338  00000-0  15124-2 0  9992
2 45047  53.0538 229.7584 0001923  87.9234 272.1975 15.06433895205757
1 45047U 20006D   23296.09679450  .00010686  00000-0  73569-3 0  9994
2 45047  53.0537 225.8853 0002396  85.7530 274.3733 15.06373889205541
1 45047U 20006D   23296.09679450  .00010686  00000-0  73569-3 0  9994
2 45047  53.0537 225.8853 0002396  85.7530 274.3733 15.06373889205888
1 45047U 20006D   23297.09200553  .00029274  00000-0  19752-2 0  9995
2 45047  53.0539 221.4183 0002391  88.1249 272.0013 15.06415161206031
1 45047U 20006D   23297.49007942  .00022996  00000-0  15563-2 0  9996
2 45047  53.0540 219.6313 0002375  90.5971 269.5290 15.06431556205750
1 45047U 20006D   23298.08720566  .00013688  00000-0  93603-3 0  9996
2 45047  53.0539 216.9494 0002599  92.1021 268.0265 15.06400497206184
1 45047U 20006D   23298.94971369  .00013064  00000-0  89409-3 0  9997
2 45047  53.0534 213.0775 0002632  93.1124 267.0166 15.06408847205974
1 45047U 20006D   23299.08240575  .00012439  00000-0  85215-3 0  9997
2 45047  53.0537 212.4822 0002712  93.6808 266.4491 15.06413474205994
1 45047U 20006D   23299.08240575  .00012439  00000-0  85215-3 0  9997
2 45047  53.0537 212.4822 0002712  93.6808 266.4491 15.06413474206333
1 45047U 20006D   23299.94491149  .00008271  00000-0  57331-3 0  9994
2 45047  53.0539 208.6095 0002704 104.0101 256.1189 15.06412511206126
1 45047U 20006D   23300.14395192  .00008888  00000-0  61462-3 0  9994
2 45047  53.0546 207.7170 0002714  97.8646 262.2651 15.06413685206150
1 45047U 20006D   23300.14395192  .00008888  00000-0  61462-3 0  9994
2 45047  53.0546 207.7170 0002714  97.8646 262.2651 15.06413685206497
1 45047U 20006D   23300.94009746  .00013552  00000-0  92599-3 0  9998
2 45047  53.0546 204.1446 0002583  94.4708 265.6576 15.06438777206278
1 45047U 20006D   23301.00644219  .00016056  00000-0  10930-2 0  9996
2 45047  53.0542 203.8463 0002666  96.5782 263.5510 15.06443651206627
1 45047U 20006D   23301.13913104  .00015506  00000-0  10562-2 0  9992
2 45047  53.0547 203.2502 0002679  97.5396 262.5897 15.06448211206305
1 45047U 20006D   23301.86895947 -.00001440  00000-0 -77735-4 0  9997
2 45047  53.0539 199.9741 0002778 100.3241 259.8062 15.06392593206757
1 45047U 20006D   23301.93530726  .00000581  00000-0  57941-4 0  9996
2 45047  53.0541 199.6764 0002593 100.7367 259.3914 15.06391227206428
1 45047U 20006D   23302.13435475  .00002787  00000-0  20604-3 0  9999
2 45047  53.0546 198.7832 0002513  88.2480 271.8796 15.06379593206796
1 45047U 20006D   23302.93052698  .00013704  00000-0  93726-3 0  9995
2 45047  53.0545 195.2094 0002598  88.8722 271.2565 15.06392044206575
1 45047U 20006D   23303.39495645  .00010152  00000-0  69949-3 0  9993
2 45047  53.0539 193.1230 0002554  89.2307 270.8974 15.06398686206985
1 45047U 20006D   23303.85938804  .00003825  00000-0  27561-3 0  9996
2 45047  53.0544 191.0407 0002656  93.2199 266.9094 15.06392398207053
1 45047U 20006D   23303.92573524  .00003459  00000-0  25106-3 0  9994
2 45047  53.0545 190.7431 0002652  93.5273 266.6019 15.06392011206728
1 45047U 20006D   23304.39016241  .00004835  00000-0  34326-3 0  9997
2 45047  53.0542 188.6576 0002669  94.7658 265.3635 15.06399853206797
1 45047U 20006D   23304.92093300  .00007853  00000-0  54537-3 0  9996
2 45047  53.0534 186.2739 0002573  94.4347 265.6935 15.06410466206878
1 45047U 20006D   23305.18631660  .00008696  00000-0  60167-3 0  9994
2 45047  53.0531 185.0824 0002561  94.6256 265.5025 15.06417062207256
1 45047U 20006D   23305.38536096 -.00000965  00000-0 -45865-4 0  9995
2 45047  53.0531 184.1890 0002469  95.4497 264.6774 15.06398329206942
1 45047U 20006D   23305.38536096 -.00000965  00000-0 -45865-4 0  9995
2 45047  53.0531 184.1890 0002469  95.4497 264.6774 15.06398329207280
1 45047U 20006D   23305.91613303  .00002911  00000-0  21422-3 0  9994
2 45047  53.0530 181.8059 0002368  98.3371 261.7887 15.06405785207021
1 45047U 20006D   23306.04882567  .00008086  00000-0  56097-3 0  9994
2 45047  53.0526 181.2102 0002372  98.0341 262.0918 15.06409230207385
1 45047U 20006D   23306.38055569  .00016778  00000-0  11419-2 0  9990
2 45047  53.0526 179.7210 0002331  98.5331 261.5922 15.06422349207099
1 45047U 20006D   23306.84497163  .00019918  00000-0  13507-2 0  9990
2 45047  53.0528 177.6356 0002265  98.8824 261.2422 15.06443216207509
1 45047U 20006D   23306.91131599  .00022177  00000-0  15010-2 0  9998
2 45047  53.0526 177.3382 0002295  98.9043 261.2206 15.06449294207175
1 45047U 20006D   23307.37574195  .00010624  00000-0  73062-3 0  9998
2 45047  53.0529 175.2509 0002287  94.2215 265.9035 15.06421649207240
1 45047U 20006D   23307.37574195  .00010624  00000-0  73062-3 0  9998
2 45047  53.0529 175.2509 0002287  94.2215 265.9035 15.06421649207587
1 45047U 20006D   23307.84018004  .00016143  00000-0  11009-2 0  9996
2 45047  53.0530 173.1683 0002156  86.4388 273.6848 15.06373481207654
1 45047U 20006D   23307.90652830  .00020820  00000-0  14135-2 0  9994
2 45047  53.0531 172.8702 0002188  86.7874 273.3365 15.06372235207322
1 45047U 20006D   23308.03922457  .00018915  00000-0  12862-2 0  9991
2 45047  53.0538 172.2743 0002344  88.5833 271.5424 15.06374586207346
1 45047U 20006D   23308.90173847  .00018321  00000-0  12455-2 0  9997
2 45047  53.0538 168.4021 0002255  89.1368 270.9879 15.06403695207478
1 45047U 20006D   23308.90173847  .00018321  00000-0  12455-2 0  9997
2 45047  53.0538 168.4021 0002255  89.1368 270.9879 15.06403695207816
1 45047U 20006D   23309.29981999  .00011618  00000-0  79749-3 0  9997
2 45047  53.0536 166.6153 0002232  89.2605 270.8639 15.06403778207534
1 45047U 20006D   23309.29981999  .00011618  00000-0  79749-3 0  9997
2 45047  53.0536 166.6153 0002232  89.2605 270.8639 15.06403778207871
1 45047U 20006D   23309.89693778  .00015883  00000-0  10822-2 0  9992
2 45047  53.0538 163.9349 0002252  90.2531 269.8716 15.06419508207627
1 45047U 20006D   23310.29501285  .00013391  00000-0  91557-3 0  9996
2 45047  53.0537 162.1479 0002216  90.6806 269.4437 15.06425385207682
1 45047U 20006D   23310.82577573  .00010475  00000-0  72037-3 0  9990
2 45047  53.0538 159.7649 0002216  90.8202 269.3041 15.06435405208108
1 45047U 20006D   23310.89212116  .00008653  00000-0  59855-3 0  9994
2 45047  53.0537 159.4672 0002196  91.2710 268.8531 15.06434296207773
1 45047U 20006D   23311.29020340 -.00009349  00000-0 -60944-3 0  9991
2 45047  53.0535 157.6800 0002526  88.4730 271.6548 15.06404200208178
1 45047U 20006D   23311.55559182 -.00010575  00000-0 -69208-3 0  9996
2 45047  53.0533 156.4905 0002694  92.0649 268.0648 15.06396397207879
1 45047U 20006D   23311.82098417 -.00010699  00000-0 -70083-3 0  9995
2 45047  53.0533 155.2977 0001984  94.6329 265.4887 15.06378057208251
1 45047U 20006D   23312.55081352  .00000740  00000-0  68632-4 0  9998
2 45047  53.0531 152.0213 0001886  95.5507 264.5697 15.06376221208021
1 45047U 20006D   23312.81620586  .00004781  00000-0  33987-3 0  9998
2 45047  53.0529 150.8298 0001865  95.0880 265.0322 15.06377380208065
1 45047U 20006D   23312.81620586  .00004781  00000-0  33987-3 0  9998
2 45047  53.0529 150.8298 0001865  95.0880 265.0322 15.06377380208403
1 45047U 20006D   23313.54602822  .00007540  00000-0  52467-3 0  9992
2 45047  53.0526 147.5535 0001825  93.1898 266.9299 15.06388515208170
1 45047U 20006D   23313.81136016  .00079995  00000-0  53049-2 0  9998
2 45047  53.0526 146.3617 0002026  93.1356 266.9865 15.06565730208211
1 45047U 20006D   23313.81136016  .00079995  00000-0  53049-2 0  9998
2 45047  53.0526 146.3617 0002026  93.1356 266.9865 15.06565730208558
1 45047U 20006D   23314.60720565  .00119906  00000-0  78130-2 0  9999
2 45047  53.0534 142.7857 0002450 101.6542 258.4722 15.06963830208333
1 45047U 20006D   23314.80607281  .00215116  00000-0  13698-1 0  9997
2 45047  53.0521 141.8918 0002629 137.1737 222.9458 15.07276568208704
1 45047U 20006D   23314.87236293  .00235074  00000-0  14890-1 0  9995
2 45047  53.0530 141.5925 0001591  97.3061 262.8109 15.07362574208375
1 45047U 20006D   23315.25002315 -.00038525  00000-0 -24682-2 0  9999
2 45047  53.0525 139.8932 0001219  95.8953 155.3992 15.08049048208776
1 45047U 20006D   23315.58334491 -.00007235  00000-0 -44681-3 0  9994
2 45047  53.0526 138.3929 0001251  97.2544 164.6187 15.08029360  5808
1 45047U 20006D   23315.91668981  .00038922  00000-0  25064-2 0  9993
2 45047  53.0525 136.8941 0001231  84.2202 188.3562 15.08003432  5755
1 45047U 20006D   23315.91668981  .00038922  00000-0  25064-2 0  9993
2 45047  53.0525 136.8941 0001231  84.2202 188.3562 15.08003432208873
1 45047U 20006D   23316.58334491 -.00017577  00000-0 -11130-2 0  9997
2 45047  53.0525 133.8922 0001206  97.7924 195.9738 15.08042902  5803
1 45047U 20006D   23316.58334491 -.00017577  00000-0 -11130-2 0  9997
2 45047  53.0525 133.8922 0001206  97.7924 195.9738 15.08042902208976
1 45047U 20006D   23317.00001157  .00019634  00000-0  12764-2 0  9993
2 45047  53.0519 132.0181 0001155  84.1776 312.8989 15.08017455  5827
1 45047U 20006D   23317.58334491 -.00019910  00000-0 -12635-2 0  9992
2 45047  53.0522 129.3916 0001201  97.1794 228.4989 15.08044832  5799
1 45047U 20006D   23317.58334491 -.00019910  00000-0 -12635-2 0  9992
2 45047  53.0522 129.3916 0001201  97.1794 228.4989 15.08044832209122
1 45047U 20006D   23317.91667824  .00043732  00000-0  28113-2 0  9993
2 45047  53.0519 127.8927 0001179  85.4965 250.8348 15.08011880  5654
1 45047U 20006D   23318.00001157  .00019031  00000-0  12375-2 0  9993
2 45047  53.0516 127.5174 0001135  84.6005 344.3851 15.08027536209187
1 45047U 20006D   23318.18615744  .00001750  00000-0  13073-3 0  9991
2 45047  53.0528 126.6787 0001131  89.7386 270.3733 15.08031011208879
1 45047U 20006D   23318.18615744  .00001750  00000-0  13073-3 0  9991
2 45047  53.0528 126.6787 0001131  89.7386 270.3733 15.08031011209218
1 45047U 20006D   23318.84890305  .00002380  00000-0  17111-3 0  9999
2 45047  53.0528 123.6957 0001139  89.0054 271.1066 15.08037728208978
1 45047U 20006D   23319.44537081  .00003779  00000-0  26083-3 0  9996
2 45047  53.0532 121.0112 0001011  89.6552 270.4554 15.08044735209067
1 45047U 20006D   23319.44537081  .00003779  00000-0  26083-3 0  9996
2 45047  53.0532 121.0112 0001011  89.6552 270.4554 15.08044735209405
1 45047U 20006D   23319.71047087  .00003854  00000-0  26564-3 0  9996
2 45047  53.0528 119.8162 0001442  83.4292 276.6862 15.08045150209100
1 45047U 20006D   23320.43949134  .00001708  00000-0  12803-3 0  9998
2 45047  53.0528 116.5356 0001413  86.5736 273.5416 15.08042941209212
1 45047U 20006D   23320.43949134  .00001708  00000-0  12803-3 0  9998
2 45047  53.0528 116.5356 0001413  86.5736 273.5416 15.08042941209559
1 45047U 20006D   23320.70458701  .00002210  00000-0  16021-3 0  9998
2 45047  53.0527 115.3428 0001414  86.6548 273.4603 15.08046460209252
1 45047U 20006D   23321.43361738 -.00000314  00000-0 -17623-5 0  9998
2 45047  53.0529 112.0628 0001773  84.0025 276.1167 15.08030922209701
1 45047U 20006D   23321.56616885 -.00001195  00000-0 -58368-4 0  9996
2 45047  53.0528 111.4650 0001754  91.3466 268.7724 15.08027105209386
1 45047U 20006D   23321.69872152 -.00002114  00000-0 -11751-3 0  9997
2 45047  53.0526 110.8691 0001398  89.5691 270.5458 15.08021746209408
1 45047U 20006D   23321.69872152 -.00002114  00000-0 -11751-3 0  9997
2 45047  53.0526 110.8691 0001398  89.5691 270.5458 15.08021746209745
1 45047U 20006D   23322.42775105 -.00001772  00000-0 -95476-4 0  9995
2 45047  53.0531 107.5874 0001545  91.5684 268.5483 15.08027138209517
1 45047U 20006D   23323.42188143  .00001406  00000-0  10867-3 0  9998
2 45047  53.0541 103.1142 0001425  90.4177 269.6976 15.08017923210006
1 45047U 20006D   23323.62070798  .00001486  00000-0  11384-3 0  9999
2 45047  53.0553 102.2203 0001333  88.9726 271.1416 15.08018221209699
1 45047U 20006D   23323.68698270  .00001563  00000-0  11875-3 0  9997
2 45047  53.0553 101.9221 0001245  87.0274 273.0858 15.08019439209700
1 45047U 20006D   23324.54855739  .00001911  00000-0  14107-3 0  9996
2 45047  53.0550  98.0442 0001201  85.7883 274.3244 15.08027488209831
1 45047U 20006D   23324.74738189  .00002167  00000-0  15751-3 0  9997
2 45047  53.0550  97.1496 0001186  87.4116 272.7009 15.08029408209868
1 45047U 20006D   23324.74738189  .00002167  00000-0  15751-3 0  9997
2 45047  53.0550  97.1496 0001186  87.4116 272.7009 15.08029408210208
1 45047U 20006D   23325.54268489  .00001598  00000-0  12100-3 0  9999
2 45047  53.0552  93.5704 0001202  88.1606 271.9522 15.08029905209989
1 45047U 20006D   23325.67523363  .00001774  00000-0  13230-3 0  9999
2 45047  53.0552  92.9739 0001213  87.7382 272.3746 15.08031661210008
1 45047U 20006D   23326.33797136  .00002845  00000-0  20092-3 0  9998
2 45047  53.0554  89.9912 0001218  86.9257 273.1872 15.08046171210445
1 45047U 20006D   23326.60306814  .00005436  00000-0  36703-3 0  9992
2 45047  53.0545  88.7980 0001257  86.4483 273.6650 15.08053599210144
1 45047U 20006D   23326.66934309  .00007151  00000-0  47687-3 0  9993
2 45047  53.0539  88.4996 0001228  84.8424 275.2706 15.08055577210155
1 45047U 20006D   23327.33209998  .00001601  00000-0  12115-3 0  9999
2 45047  53.0545  85.5169 0001320  81.2548 278.8591 15.08035985210593
1 45047U 20006D   23327.59719915 -.00000685  00000-0 -25645-4 0  9998
2 45047  53.0537  84.3225 0001144  89.2034 270.9087 15.08030214210296
1 45047U 20006D   23328.45877481  .00007961  00000-0  52897-3 0  9997
2 45047  53.0535  80.4453 0001046  69.7906 290.3196 15.08037611210763
1 45047U 20006D   23328.59132296  .00009656  00000-0  63751-3 0  9994
2 45047  53.0542  79.8481 0001205  89.2128 270.9000 15.08042515210446
1 45047U 20006D   23328.79014479  .00011241  00000-0  73884-3 0  9999
2 45047  53.0548  78.9535 0001174  91.8802 268.2322 15.08049523210471
1 45047U 20006D   23329.51917690  .00006227  00000-0  41792-3 0  9998
2 45047  53.0551  75.6731 0001364  90.7698 269.3448 15.08031659210583
1 45047U 20006D   23330.51329221 -.00006599  00000-0 -40607-3 0  9995
2 45047  53.0555  71.1982 0001430 123.9956 236.1169 15.08012267210739
1 45047U 20006D   23330.51329221 -.00006599  00000-0 -40607-3 0  9995
2 45047  53.0555  71.1982 0001430 123.9956 236.1169 15.08012267211077
1 45047U 20006D   23331.50744581  .00000944  00000-0  79088-4 0  9997
2 45047  53.0555  66.7267 0001202 107.9049 252.2072 15.07991274211227
1 45047U 20006D   23331.57372186  .00000997  00000-0  82441-4 0  9997
2 45047  53.0554  66.4278 0001177 108.6966 251.4152 15.07992891210890
1 45047U 20006D   23331.63999658 -.00002325  00000-0 -13108-3 0  9995
2 45047  53.0557  66.1291 0001295  97.0722 263.0415 15.08007470210901
1 45047U 20006D   23331.63999658 -.00002325  00000-0 -13108-3 0  9995
2 45047  53.0557  66.1291 0001295  97.0722 263.0415 15.08007470211249
1 45047U 20006D   23332.50157377  .00008103  00000-0  53827-3 0  9996
2 45047  53.0558  62.2495 0001534  50.7586 309.3540 15.08024279211376
1 45047U 20006D   23332.56784957  .00011279  00000-0  74171-3 0  9995
2 45047  53.0570  61.9537 0001657  57.8330 302.2820 15.08027334211046
1 45047U 20006D   23333.56197599  .00005263  00000-0  35609-3 0  9995
2 45047  53.0562  57.4802 0001415  58.7054 301.4074 15.08036557211192
1 45047U 20006D   23333.56197599  .00005263  00000-0  35609-3 0  9995
2 45047  53.0562  57.4802 0001415  58.7054 301.4074 15.08036557211530
1 45047U 20006D   23334.48980653  .00009644  00000-0  63637-3 0  9997
2 45047  53.0558  53.3110 0002044  48.6371 311.4795 15.08063406211670
1 45047U 20006D   23335.48393062 -.00001116  00000-0 -53328-4 0  9995
2 45047  53.0560  48.8300 0001196  99.5380 260.5745 15.08038325211485
1 45047U 20006D   23335.48393062 -.00001116  00000-0 -53328-4 0  9995
2 45047  53.0560  48.8300 0001196  99.5380 260.5745 15.08038325211823
1 45047U 20006D   23336.47803832  .00035555  00000-0  22864-2 0  9997
2 45047  53.0565  44.3628 0001499  79.2114 280.9044 15.08097355211633
1 45047U 20006D   23336.47803832  .00035555  00000-0  22864-2 0  9997
2 45047  53.0565  44.3628 0001499  79.2114 280.9044 15.08097355211970
1 45047U 20006D   23337.47219627  .00013760  00000-0  90281-3 0  9994
2 45047  53.0558  39.8826 0001321  94.0817 266.0323 15.07933053211787
1 45047U 20006D   23337.47219627  .00013760  00000-0  90281-3 0  9994
2 45047  53.0558  39.8826 0001321  94.0817 266.0323 15.07933053212126
1 45047U 20006D   23338.00240027  .00005216  00000-0  35311-3 0  9992
2 45047  53.0558  37.4860 0002755 165.2125 194.8946 15.08035524212208
1 45047U 20006D   23338.40006118  .00044326  00000-0  28487-2 0  9997
2 45047  53.0556  35.7078 0001364  96.3964 263.7181 15.08016278211928
1 45047U 20006D   23338.40006118  .00044326  00000-0  28487-2 0  9997
2 45047  53.0556  35.7078 0001364  96.3964 263.7181 15.08016278212266
1 45047U 20006D   23338.73151303 -.00066272  00000-0 -43017-2 0  9992
2 45047  53.0554  34.2149 0003771  34.1818 325.9414 15.07819616211972
1 45047U 20006D   23338.73151303 -.00066272  00000-0 -43017-2 0  9992
2 45047  53.0554  34.2149 0003771  34.1818 325.9414 15.07819616212311
1 45047U 20006D   23338.93039741 -.00165757  00000-0 -10998-1 0  9994
2 45047  53.0548  33.3174 0003071 141.1638 218.9572 15.07621875212341
1 45047U 20006D   23339.46092860 -.00230395  00000-0 -15650-1 0  9995
2 45047  53.0557  30.9363 0001809 113.5966 246.5213 15.07112674212428
1 45047U 20006D   23339.59358634 -.00226182  00000-0 -15405-1 0  9990
2 45047  53.0557  30.3402 0002788 146.0553 214.0615 15.06988057212102
1 45047U 20006D   23339.91667824  .00003498  00000-0  25370-3 0  9995
2 45047  53.0543  28.8903 0001451 105.3531 208.0070 15.06385411212490
1 45047U 20006D   23340.58334491  .00042316  00000-0  28468-2 0  9993
2 45047  53.0542  25.8993 0001377  91.3715 239.3247 15.06347426  5790
1 45047U 20006D   23340.91667824  .00023584  00000-0  15986-2 0  9996
2 45047  53.0544  24.4013 0001360  98.6029 240.7346 15.06359295212647
1 45047U 20006D   23341.58335648  .00047159  00000-0  31669-2 0  9996
2 45047  53.0545  21.4103 0001375  87.4785 269.2252 15.06363456  5709
1 45047U 20006D   23341.91667824  .00031069  00000-0  20970-2 0  9993
2 45047  53.0547  19.9122 0001361  96.2283 269.0765 15.06373890212799
1 45047U 20006D   23342.58334491  .00036953  00000-0  24882-2 0  9991
2 45047  53.0548  16.9212 0001392  83.3496 299.3051 15.06378042  5556
1 45047U 20006D   23342.91667824  .00038392  00000-0  25838-2 0  9998
2 45047  53.0551  15.4231 0001365  92.7765 298.5560 15.06378720212940
1 45047U 20006D   23343.00001157  .00049110  00000-0  32917-2 0  9996
2 45047  53.0550  15.0488 0001468  90.6906  32.8060 15.06414278212951
1 45047U 20006D   23343.37534055  .00008900  00000-0  61526-3 0  9995
2 45047  53.0552  13.3646 0001462  94.7390 265.3766 15.06422570213014
1 45047U 20006D   23343.50803388  .00009495  00000-0  65505-3 0  9999
2 45047  53.0551  12.7678 0001622  94.4221 265.6954 15.06424654212699
1 45047U 20006D   23345.36574574 -.00002418  00000-0 -14351-3 0  9990
2 45047  53.0546   4.4234 0001338  88.7152 271.3990 15.06400404213313
1 45047U 20006D   23345.56478680 -.00002526  00000-0 -15074-3 0  9996
2 45047  53.0546   3.5256 0001374  77.9541 282.1601 15.06402427213001
1 45047U 20006D   23346.36095148  .00003458  00000-0  25095-3 0  9996
2 45047  53.0548 359.9606 0001335  89.1142 270.9999 15.06399308213120
1 45047U 20006D   23347.28981003  .00002086  00000-0  15889-3 0  9998
2 45047  53.0549 355.7901 0001391  86.5792 273.5356 15.06398254213267
1 45047U 20006D   23347.28981003  .00002086  00000-0  15889-3 0  9998
2 45047  53.0549 355.7901 0001391  86.5792 273.5356 15.06398254213605
1 45047U 20006D   23348.28500577  .00004045  00000-0  29023-3 0  9994
2 45047  53.0558 351.3226 0001611  76.1766 283.9402 15.06411416213410
1 45047U 20006D   23348.28500577  .00004045  00000-0  29023-3 0  9994
2 45047  53.0558 351.3226 0001611  76.1766 283.9402 15.06411416213757
1 45047U 20006D   23349.21386299 -.00000268  00000-0  92686-6 0  9993
2 45047  53.0554 347.1520 0001518 108.4887 251.6267 15.06398995213894
1 45047U 20006D   23349.28020971 -.00000388  00000-0 -71424-5 0  9992
2 45047  53.0553 346.8548 0001515 108.5395 251.5758 15.06398805213569
1 45047U 20006D   23350.27540545  .00002587  00000-0  19248-3 0  9992
2 45047  53.0552 342.3951 0001693 116.6467 243.4695 15.06407793213718
1 45047U 20006D   23350.27540545  .00002587  00000-0  19248-3 0  9992
2 45047  53.0552 342.3951 0001693 116.6467 243.4695 15.06407793214056
1 45047U 20006D   23351.13792653 -.00001654  00000-0 -92173-4 0  9992
2 45047  53.0549 338.5122 0001412  76.1137 284.0009 15.06386915214188
1 45047U 20006D   23351.20427766 -.00000123  00000-0  10638-4 0  9995
2 45047  53.0556 338.2065 0001456  92.8099 267.3057 15.06385925213859
1 45047U 20006D   23352.13312605  .00001173  00000-0  97631-4 0  9996
2 45047  53.0552 334.0434 0001567  72.4658 287.6502 15.06403148214339
1 45047U 20006D   23352.26581866  .00001391  00000-0  11226-3 0  9994
2 45047  53.0551 333.4501 0001535  75.6879 284.4281 15.06404748214012
1 45047U 20006D   23353.12834270  .00001971  00000-0  15120-3 0  9991
2 45047  53.0554 329.5807 0001484  86.8224 273.2935 15.06387908214482
1 45047U 20006D   23353.26103760  .00001222  00000-0  10097-3 0  9996
2 45047  53.0554 328.9863 0001583  77.6629 282.4537 15.06387643214165
1 45047U 20006D   23354.12354160  .00004078  00000-0  29246-3 0  9992
2 45047  53.0546 325.1170 0001281  99.0160 261.0974 15.06403471214637
1 45047U 20006D   23354.18988817  .00007647  00000-0  53156-3 0  9992
2 45047  53.0545 324.8166 0001391  94.0738 266.0410 15.06408758214302
1 45047U 20006D   23355.11874705  .00006753  00000-0  47169-3 0  9990
2 45047  53.0558 320.6433 0001636  76.2701 283.8470 15.06408768214787
1 45047U 20006D   23355.18509253  .00010544  00000-0  72537-3 0  9990
2 45047  53.0551 320.3470 0001643  81.7070 278.4106 15.06415981214451
1 45047U 20006D   23355.18509253  .00010544  00000-0  72537-3 0  9990
2 45047  53.0551 320.3470 0001643  81.7070 278.4106 15.06415981214798
1 45047U 20006D   23356.18028987  .00002652  00000-0  19683-3 0  9995
2 45047  53.0560 315.8763 0001739 101.7981 258.3203 15.06408767214601
1 45047U 20006D   23356.18028987  .00002652  00000-0  19683-3 0  9995
2 45047  53.0560 315.8763 0001739 101.7981 258.3203 15.06408767214948
1 45047U 20006D   23357.10914891 -.00001853  00000-0 -10554-3 0  9998
2 45047  53.0559 311.7063 0001900 121.2677 238.8499 15.06395338215088
1 45047U 20006D   23357.30819122 -.00001458  00000-0 -78999-4 0  9990
2 45047  53.0560 310.8152 0001953 122.0528 238.0651 15.06393831214774
1 45047U 20006D   23358.17069223  .00009585  00000-0  66112-3 0  9995
2 45047  53.0550 306.9465 0001503 105.7653 254.3502 15.06421097214901
1 45047U 20006D   23358.17069223  .00009585  00000-0  66112-3 0  9995
2 45047  53.0550 306.9465 0001503 105.7653 254.3502 15.06421097215249
1 45047U 20006D   23358.83416387  .00002787  00000-0  20590-3 0  9992
2 45047  53.0549 303.9680 0001501 106.0220 254.0934 15.06406326215003
1 45047U 20006D   23358.83416387  .00002787  00000-0  20590-3 0  9992
2 45047  53.0549 303.9680 0001501 106.0220 254.0934 15.06406326215340
1 45047U 20006D   23359.16590314 -.00001872  00000-0 -10683-3 0  9990
2 45047  53.0543 302.4743 0001246 103.1228 256.9900 15.06393633215395
1 45047U 20006D   23359.23225162 -.00002746  00000-0 -16559-3 0  9993
2 45047  53.0545 302.1778 0001281  87.2245 272.8891 15.06389935215062
1 45047U 20006D   23360.09475870  .00010682  00000-0  73474-3 0  9997
2 45047  53.0543 298.3046 0001316  98.0017 262.1122 15.06409822215539
1 45047U 20006D   23360.22745041  .00012125  00000-0  83117-3 0  9991
2 45047  53.0545 297.7088 0001336  98.4988 261.6153 15.06415327215213
1 45047U 20006D   23360.82458295  .00001585  00000-0  12532-3 0  9990
2 45047  53.0546 295.0302 0001400  84.6859 275.4290 15.06391450215305
1 45047U 20006D   23360.82458295  .00001585  00000-0  12532-3 0  9990
2 45047  53.0546 295.0302 0001400  84.6859 275.4290 15.06391450215642
1 45047U 20006D   23361.22266855  .00009000  00000-0  62248-3 0  9993
2 45047  53.0546 293.2430 0001337  69.9342 290.1791 15.06391355215369
1 45047U 20006D   23362.08517551  .00017240  00000-0  11729-2 0  9992
2 45047  53.0555 289.3711 0001595  75.8848 284.2318 15.06417718215833
1 45047U 20006D   23362.21786714  .00016030  00000-0  10920-2 0  9994
2 45047  53.0555 288.7756 0001598  76.7338 283.3829 15.06421115215510
1 45047U 20006D   23362.81499160  .00002738  00000-0  20260-3 0  9995
2 45047  53.0562 286.0956 0001147  84.1420 275.9700 15.06400410215943
1 45047U 20006D   23362.94768322  .00002354  00000-0  17689-3 0  9993
2 45047  53.0549 285.4917 0002296 129.8379 230.2812 15.06397986215620
1 45047U 20006D   23363.01403054  .00001154  00000-0  96389-4 0  9992
2 45047  53.0544 285.1945 0001906 128.0296 232.0865 15.06396687215635
1 45047U 20006D   23363.94288711  .00006347  00000-0  44452-3 0  9997
2 45047  53.0542 281.0311 0001660 107.7806 252.3365 15.06405851215772
1 45047U 20006D   23364.07557931  .00009776  00000-0  67407-3 0  9999
2 45047  53.0538 280.4371 0001606 100.7848 259.3321 15.06413196215797
1 45047U 20006D   23364.07557931  .00009776  00000-0  67407-3 0  9999
2 45047  53.0538 280.4371 0001606 100.7848 259.3321 15.06413196216136
1 45047U 20006D   23364.73904885  .00001258  00000-0  10336-3 0  9992
2 45047  53.0549 277.4594 0001718 110.3228 249.7946 15.06402951216238
1 45047U 20006D   23364.93808976  .00000680  00000-0  64555-4 0  9999
2 45047  53.0534 276.5607 0001809 120.4840 239.6328 15.06398790215922
