1 45059U 20006R   22365.57287542  .00002948  00000-0  21665-3 0  9995
2 45059  53.0554 112.5472 0001421  77.5064 282.6084 15.06409396161007
1 45059U 20006R   22365.70557143  .00003039  00000-0  22277-3 0  9999
2 45059  53.0545 111.9515 0001432  75.8534 284.2614 15.06409280161024
1 45059U 20006R   23001.56809520 -.00004586  00000-0 -28937-3 0  9999
2 45059  53.0546 108.0789 0001265  64.2425 295.8694 15.06379294161498
1 45059U 20006R   23001.63444351 -.00004331  00000-0 -27218-3 0  9993
2 45059  53.0544 107.7825 0001660  72.9395 287.1776 15.06379351161167
1 45059U 20006R   23002.56329510  .00000996  00000-0  85736-4 0  9996
2 45059  53.0532 103.6126 0001542  69.0898 291.0256 15.06397454161304
1 45059U 20006R   23003.55850435 -.00001654  00000-0 -92176-4 0  9991
2 45059  53.0534  99.1449 0001675  67.3429 292.7737 15.06395864161452
1 45059U 20006R   23004.42101757  .00002849  00000-0  21005-3 0  9991
2 45059  53.0536  95.2725 0001502  63.5228 296.5914 15.06400200161586
1 45059U 20006R   23004.55371136  .00003516  00000-0  25479-3 0  9996
2 45059  53.0537  94.6774 0001629  62.4772 297.6382 15.06401614161600
1 45059U 20006R   23005.41620985  .00006383  00000-0  44678-3 0  9998
2 45059  53.0535  90.8053 0001543  62.4733 297.6413 15.06418029161735
1 45059U 20006R   23005.61524724  .00006594  00000-0  46092-3 0  9990
2 45059  53.0535  89.9119 0001565  62.3971 297.7176 15.06421508161760
1 45059U 20006R   23006.94219838 -.00002434  00000-0 -14462-3 0  9991
2 45059  53.0538  83.9552 0001790  64.3060 295.8113 15.06388210161963
1 45059U 20006R   23007.20758804  .00008046  00000-0  55859-3 0  9990
2 45059  53.0537  82.7642 0001716  62.1578 297.9585 15.06389667162006
1 45059U 20006R   23007.47297881  .00020670  00000-0  14024-2 0  9997
2 45059  53.0537  81.5727 0001948  63.5817 296.5371 15.06401528162048
1 45059U 20006R   23008.46818418  .00007098  00000-0  49493-3 0  9990
2 45059  53.0539  77.1056 0002009  62.2897 297.8296 15.06401587162190
1 45059U 20006R   23009.46338242  .00005412  00000-0  38188-3 0  9990
2 45059  53.0539  72.6381 0001964  61.5567 298.5620 15.06409364162343
1 45059U 20006R   23009.86146302  .00002055  00000-0  15678-3 0  9997
2 45059  53.0540  70.8504 0001919  58.3322 301.7854 15.06404070162407
1 45059U 20006R   23010.45858769  .00000113  00000-0  26487-4 0  9995
2 45059  53.0531  68.1675 0001875  53.0518 307.0643 15.06395985162494
1 45059U 20006R   23011.45378479  .00005209  00000-0  36828-3 0  9991
2 45059  53.0542  63.7012 0001819  56.7690 303.3473 15.06408590162645
1 45059U 20006R   23011.85186787  .00002526  00000-0  18839-3 0  9995
2 45059  53.0536  61.9138 0001868  58.0960 302.0210 15.06401349162703
1 45059U 20006R   23012.84707037  .00002019  00000-0  15437-3 0  9990
2 45059  53.0534  57.4464 0001798  63.0437 297.0736 15.06401178162852
1 45059U 20006R   23013.51054757 -.00000238  00000-0  28965-5 0  9993
2 45059  53.0537  54.4679 0001777  67.5101 292.6076 15.06390820162954
1 45059U 20006R   23013.84228434  .00000338  00000-0  41611-4 0  9996
2 45059  53.0533  52.9777 0001751  70.0328 290.0850 15.06390801163002
1 45059U 20006R   23015.50096293  .00003473  00000-0  25193-3 0  9996
2 45059  53.0547  45.5305 0001803  77.6157 282.5034 15.06397016163255
1 45059U 20006R   23015.76635086  .00002802  00000-0  20692-3 0  9997
2 45059  53.0545  44.3390 0001778  77.1766 282.9421 15.06396927163294
1 45059U 20006R   23016.42981165  .00021964  00000-0  14876-2 0  9999
2 45059  53.0542  41.3637 0001684  92.1331 267.9851 15.06429920163394
1 45059U 20006R   23016.89424838 -.00016830  00000-0 -11144-2 0  9992
2 45059  53.0529  39.2768 0001791  99.9098 260.2093 15.06372936163460
1 45059U 20006R   23017.42503199 -.00002508  00000-0 -14957-3 0  9993
2 45059  53.0535  36.8952 0001838 103.9745 256.1448 15.06382121163546
1 45059U 20006R   23017.75676801  .00005545  00000-0  39096-3 0  9993
2 45059  53.0530  35.4054 0001780 101.0539 259.0650 15.06390110163594
1 45059U 20006R   23018.42023273  .00035267  00000-0  23724-2 0  9991
2 45059  53.0535  32.4283 0001798 107.7347 252.3838 15.06435189163690
1 45059U 20006R   23018.75196643  .00020833  00000-0  14124-2 0  9996
2 45059  53.0538  30.9387 0002133  98.9190 261.2040 15.06424982163741
1 45059U 20006R   23019.41543078  .00028320  00000-0  19115-2 0  9992
2 45059  53.0533  27.9607 0001625  99.9066 260.2106 15.06418882163840
1 45059U 20006R   23020.27794445  .00021510  00000-0  14584-2 0  9993
2 45059  53.0536  24.0878 0001597  89.4672 270.6500 15.06403439163975
1 45059U 20006R   23025.32030760  .00013455  00000-0  92019-3 0  9996
2 45059  53.0540   1.4510 0001740  91.4570 268.6619 15.06411351164737
1 45059U 20006R   23025.65204541  .00005579  00000-0  39313-3 0  9998
2 45059  53.0552 359.9618 0001759  87.6927 272.4263 15.06398538164787
1 45059U 20006R   23026.31551354  .00012183  00000-0  83512-3 0  9998
2 45059  53.0540 356.9829 0001848  89.4509 270.6692 15.06409536164888
1 45059U 20006R   23027.31071187  .00007248  00000-0  50479-3 0  9992
2 45059  53.0544 352.5142 0001832  94.6966 265.4232 15.06413455165035
1 45059U 20006R   23028.23957172  .00012673  00000-0  86800-3 0  9996
2 45059  53.0545 348.3463 0001587  96.1585 263.9585 15.06404805165174
1 45059U 20006R   23029.89824569 -.00000344  00000-0 -42110-5 0  9994
2 45059  53.0543 340.9002 0001635  89.7361 270.3815 15.06395059165429
1 45059U 20006R   23030.29632533  .00001823  00000-0  14124-3 0  9991
2 45059  53.0541 339.1129 0001633  88.5381 271.5795 15.06401324165483
1 45059U 20006R   23031.22517805  .00002908  00000-0  21399-3 0  9996
2 45059  53.0548 334.9422 0001776  91.0043 269.1149 15.06408478165620
1 45059U 20006R   23031.82230539  .00001443  00000-0  11577-3 0  9998
2 45059  53.0541 332.2619 0001829  86.9472 273.1726 15.06398647165712
