1 45053U 20006K   22365.48088054  .00042655  00000-0  19095-2 0  9998
2 45053  53.0038  89.8918 0001601 191.0150 169.0810 15.20879849161260
1 45053U 20006K   22365.54659475  .00041738  00000-0  18687-2 0  9993
2 45053  53.0037  89.5898 0001585 191.3673 168.7286 15.20885093161279
1 45053U 20006K   23001.46656857  .00038501  00000-0  17219-2 0  9997
2 45053  53.0035  85.3617 0001464 194.2321 165.8633 15.20959795161419
1 45053U 20006K   23001.92653907  .00037525  00000-0  16771-2 0  9998
2 45053  53.0033  83.2476 0001381 195.8882 164.2070 15.20995792161486
1 45053U 20006K   23002.38649832  .00035141  00000-0  15704-2 0  9998
2 45053  53.0036  81.1335 0001359 196.9334 163.1616 15.21030560161555
1 45053U 20006K   23002.51791355  .00034133  00000-0  15256-2 0  9993
2 45053  53.0033  80.5293 0001337 197.7195 162.3753 15.21039213161577
1 45053U 20006K   23003.56920543  .00032232  00000-0  14387-2 0  9994
2 45053  53.0030  75.6967 0001220 199.8240 160.2707 15.21113489161734
1 45053U 20006K   23004.42334086  .00049896  00000-0  22089-2 0  9993
2 45053  53.0024  71.7697 0001116 202.6147 157.4799 15.21189894161863
1 45053U 20006K   23004.88324098  .00046872  00000-0  20742-2 0  9990
2 45053  53.0020  69.6551 0001019 205.4337 154.6607 15.21232372161933
1 45053U 20006K   23005.54021831  .00038108  00000-0  16883-2 0  9997
2 45053  53.0018  66.6340 0000936 206.1845 153.9103 15.21288535162376
1 45053U 20006K   23006.52563667  .00040384  00000-0  17830-2 0  9996
2 45053  53.0012  62.1019 0000788 207.4023 152.6930 15.21379023162187
1 45053U 20006K   23007.18255100  .00039332  00000-0  17343-2 0  9999
2 45053  53.0008  59.0801 0000716 205.9465 154.1494 15.21435985162283
1 45053U 20006K   23007.83944220  .00042042  00000-0  18491-2 0  9996
2 45053  53.0004  56.0584 0000580 212.2190 147.8770 15.21491603162385
1 45053U 20006K   23008.16787914  .00040954  00000-0  18005-2 0  9999
2 45053  53.0003  54.5473 0000549 212.1288 147.9674 15.21517790162432
1 45053U 20006K   23008.82473527  .00040964  00000-0  17981-2 0  9997
2 45053  52.9998  51.5252 0000456 213.4395 146.6571 15.21571763162538
1 45053U 20006K   23009.08747082  .00043475  00000-0  19054-2 0  9999
2 45053  52.9998  50.3164 0000423 210.3356 149.7614 15.21596563162575
1 45053U 20006K   23010.40109322  .00041681  00000-0  18221-2 0  9998
2 45053  52.9987  44.2709 0000273 204.2467 155.8515 15.21703310162778
1 45053U 20006K   23010.79516098  .00040319  00000-0  17616-2 0  9996
2 45053  52.9985  42.4573 0000248 199.9460 160.1525 15.21736664162835
1 45053U 20006K   23011.38624536  .00047088  00000-0  20496-2 0  9999
2 45053  52.9986  39.7367 0000199 177.2548 182.8448 15.21794284162924
1 45053U 20006K   23011.78028887  .00049078  00000-0  21325-2 0  9993
2 45053  52.9985  37.9230 0000176 166.9291 193.1708 15.21834548162985
1 45053U 20006K   23012.76535370  .00047329  00000-0  20517-2 0  9991
2 45053  52.9983  33.3882 0000198 129.9409 230.1603 15.21930823163137
1 45053U 20006K   23013.35636156  .00050180  00000-0  21696-2 0  9999
2 45053  52.9981  30.6673 0000286 115.7046 244.3978 15.21993535163222
1 45053U 20006K   23013.75035302  .00050601  00000-0  21849-2 0  9997
2 45053  52.9981  28.8531 0000315 114.4392 245.6636 15.22035051163289
1 45053U 20006K   23015.06357236  .00077135  00000-0  32954-2 0  9996
2 45053  52.9975  22.8061 0000507 104.8610 255.2441 15.22197019163489
1 45053U 20006K   23016.37663928  .00077391  00000-0  32872-2 0  9992
2 45053  52.9971  16.7572 0000716 109.6727 250.4346 15.22392555163683
1 45053U 20006K   23016.70488033  .00068598  00000-0  29154-2 0  9999
2 45053  52.9968  15.2455 0000747 108.2645 251.8432 15.22432365163732
1 45053U 20006K   23017.36133713  .00054538  00000-0  23201-2 0  9990
2 45053  52.9966  12.2201 0000851 111.7102 248.3984 15.22507148163835
1 45053U 20006K   23017.68955300  .00061728  00000-0  26185-2 0  9992
2 45053  52.9962  10.7080 0000894 111.8082 248.3009 15.22546397163886
1 45053U 20006K   23018.34595943  .00076791  00000-0  32392-2 0  9992
2 45053  52.9961   7.6822 0001006 119.3211 240.7885 15.22631695163982
1 45053U 20006K   23018.67414825  .00075525  00000-0  31824-2 0  9990
2 45053  52.9959   6.1701 0001026 117.8534 242.2566 15.22676194164035
1 45053U 20006K   23019.39612901  .00057835  00000-0  24394-2 0  9993
2 45053  52.9957   2.8416 0001136 122.4374 237.6731 15.22770301164144
1 45053U 20006K   23020.44620034  .00064361  00000-0  26988-2 0  9990
2 45053  52.9959 357.9997 0001307 124.4124 235.6995 15.22918306164306
1 45053U 20006K   23025.56380759  .00064776  00000-0  26581-2 0  9994
2 45053  52.9927 334.3914 0002000 148.0458 212.0659 15.23645228165423
1 45053U 20006K   23026.08855474  .00072308  00000-0  29562-2 0  9995
2 45053  52.9925 331.9689 0002085 151.1169 208.9942 15.23717599165161
1 45053U 20006K   23027.20356346  .00054570  00000-0  22304-2 0  9992
2 45053  52.9920 326.8210 0002287 155.9135 204.1968 15.23858163165336
1 45053U 20006K   23028.12173261  .00059080  00000-0  24046-2 0  9993
2 45053  52.9916 322.5806 0002354 158.8444 201.2650 15.23963298165472
1 45053U 20006K   23029.17099406  .00048589  00000-0  19764-2 0  9990
2 45053  52.9907 317.7334 0002411 161.7898 198.3185 15.24072827165631
1 45053U 20006K   23030.22018602  .00040940  00000-0  16645-2 0  9995
2 45053  52.9906 312.8834 0002409 162.3616 197.7463 15.24166795165790
1 45053U 20006K   23031.13817735  .00045212  00000-0  18314-2 0  9992
2 45053  52.9902 308.6417 0002421 165.4672 194.6394 15.24245775165937
