1 45058U 20006Q   22365.48442246  .00003774  00000-0  27194-3 0  9999
2 45058  53.0549 112.9500 0001548  58.1222 301.9917 15.06420649160998
1 45058U 20006Q   22365.61712277  .00005851  00000-0  41129-3 0  9990
2 45058  53.0539 112.3550 0001443  57.0076 303.1052 15.06406960161013
1 45058U 20006Q   23001.54598708 -.00002227  00000-0 -13066-3 0  9996
2 45058  53.0538 108.1845 0001633  55.1391 304.9751 15.06392211161155
1 45058U 20006Q   23001.61233100 -.00003591  00000-0 -22235-3 0  9999
2 45058  53.0534 107.8864 0001636  57.0485 303.0661 15.06392078161168
1 45058U 20006Q   23002.54118742  .00013248  00000-0  90649-3 0  9998
2 45058  53.0530 103.7168 0001818  55.4731 304.6429 15.06404963161306
1 45058U 20006Q   23003.53639184  .00002549  00000-0  18996-3 0  9993
2 45058  53.0544  99.2495 0001849  59.3187 300.7984 15.06397590161451
1 45058U 20006Q   23004.53159058  .00003769  00000-0  27175-3 0  9995
2 45058  53.0540  94.7824 0002021  58.6125 301.5061 15.06410457161600
1 45058U 20006Q   23005.52678670  .00003955  00000-0  28417-3 0  9998
2 45058  53.0543  90.3149 0001931  52.4383 307.6781 15.06412436161753
1 45058U 20006Q   23005.65947781  .00004806  00000-0  34120-3 0  9998
2 45058  53.0540  89.7190 0001947  53.1918 306.9249 15.06416628161777
1 45058U 20006Q   23006.32295355 -.00012738  00000-0 -83826-3 0  9998
2 45058  53.0540  86.7403 0001640  49.9177 310.1955 15.06376587161872
1 45058U 20006Q   23007.91529547  .00010276  00000-0  70780-3 0  9995
2 45058  53.0539  79.5931 0001851  39.5198 320.5926 15.06395565162116
1 45058U 20006Q   23008.44606636  .00015664  00000-0  10677-2 0  9993
2 45058  53.0539  77.2103 0001944  39.5972 320.5158 15.06415464162191
1 45058U 20006Q   23008.91048942  .00016743  00000-0  11395-2 0  9992
2 45058  53.0549  75.1245 0001506  25.9084 334.1980 15.06423370162260
1 45058U 20006Q   23009.17588001  .00012450  00000-0  85288-3 0  9990
2 45058  53.0533  73.9343 0002445  51.6521 308.4687 15.06413900162304
1 45058U 20006Q   23010.43646122 -.00001735  00000-0 -97583-4 0  9998
2 45058  53.0538  68.2752 0002130  40.6250 319.4897 15.06398175162499
1 45058U 20006Q   23011.49801337  .00003357  00000-0  24408-3 0  9991
2 45058  53.0532  63.5095 0002130  37.0627 323.0508 15.06408379162992
1 45058U 20006Q   23011.82974910  .00001095  00000-0  92436-4 0  9990
2 45058  53.0528  62.0202 0002107  37.9421 322.1716 15.06400980162706
1 45058U 20006Q   23012.82495384 -.00009214  00000-0 -60060-3 0  9994
2 45058  53.0531  57.5520 0003215  58.4332 301.6970 15.06382757162853
1 45058U 20006Q   23013.48842934 -.00004235  00000-0 -26567-3 0  9996
2 45058  53.0549  54.5760 0002078  51.5218 308.5957 15.06379654162952
1 45058U 20006Q   23013.82016734 -.00001659  00000-0 -92492-4 0  9993
2 45058  53.0543  53.0860 0002158  52.5618 307.5567 15.06383012163001
1 45058U 20006Q   23015.41250144  .00010180  00000-0  70125-3 0  9990
2 45058  53.0526  45.9343 0001950  69.7715 290.3483 15.06402285163241
1 45058U 20006Q   23015.81058696  .00008823  00000-0  61058-3 0  9998
2 45058  53.0531  44.1485 0002342  64.9676 295.1556 15.06392639163306
1 45058U 20006Q   23016.47405633  .00016432  00000-0  11191-2 0  9995
2 45058  53.0532  41.1691 0002094  74.4371 285.6849 15.06410763163404
1 45058U 20006Q   23017.46926508  .00008750  00000-0  60556-3 0  9998
2 45058  53.0535  36.7018 0001917  78.8517 281.2687 15.06400799163559
1 45058U 20006Q   23017.73465238  .00010454  00000-0  71959-3 0  9999
2 45058  53.0527  35.5106 0001954  80.7779 279.3431 15.06403356163599
1 45058U 20006Q   23018.33176999  .00016603  00000-0  11302-2 0  9996
2 45058  53.0527  32.8311 0002091  85.8055 274.3173 15.06421540163686
1 45058U 20006Q   23018.72984726  .00010598  00000-0  72890-3 0  9991
2 45058  53.0532  31.0435 0002067  85.0626 275.0599 15.06420977163749
1 45058U 20006Q   23019.45965157  .00009478  00000-0  65380-3 0  9990
2 45058  53.0519  27.7663 0001872  90.2988 269.8215 15.06428399163855
1 45058U 20006Q   23020.32216903  .00004865  00000-0  34527-3 0  9990
2 45058  53.0527  23.8941 0001884  99.9962 260.1239 15.06397604163989
1 45058U 20006Q   23025.36453945  .00004543  00000-0  32365-3 0  9999
2 45058  53.0527   1.2570 0001565  97.9716 262.1451 15.06403788164742
1 45058U 20006Q   23025.62992745  .00005711  00000-0  40195-3 0  9992
2 45058  53.0527   0.0662 0001541  95.2736 264.8428 15.06404297164781
1 45058U 20006Q   23026.29339826  .00007280  00000-0  50704-3 0  9991
2 45058  53.0545 357.0868 0001789  90.3646 269.7548 15.06405112164889
1 45058U 20006Q   23027.28859899  .00007054  00000-0  49189-3 0  9992
2 45058  53.0545 352.6180 0001754  83.2287 276.8902 15.06408562165034
1 45058U 20006Q   23028.28380007  .00003092  00000-0  22636-3 0  9999
2 45058  53.0542 348.1475 0001596 102.1206 257.9961 15.06405209165180
1 45058U 20006Q   23028.88092537  .00000219  00000-0  33590-4 0  9993
2 45058  53.0538 345.4708 0001485  85.3643 274.7515 15.06396231165274
1 45058U 20006Q   23029.27900375  .00003203  00000-0  23378-3 0  9993
2 45058  53.0531 343.6831 0001572  87.0012 273.1157 15.06405281165338
1 45058U 20006Q   23030.27420752  .00003212  00000-0  23440-3 0  9991
2 45058  53.0530 339.2151 0001499  92.1403 267.9758 15.06404313165481
1 45058U 20006Q   23030.87133111  .00000343  00000-0  41949-4 0  9994
2 45058  53.0531 336.5343 0001525  91.8089 268.3075 15.06397944165579
1 45058U 20006Q   23031.26940898  .00002279  00000-0  17181-3 0  9996
2 45058  53.0530 334.7478 0001455  91.9803 268.1352 15.06404909165637
1 45058U 20006Q   23031.86653208 -.00000024  00000-0  17302-4 0  9991
2 45058  53.0525 332.0665 0001310  93.2857 266.8281 15.06398756165722
