1 45050U 20006G   23001.46857441 -.00007397  00000-0 -47840-3 0  9991
2 45050  53.0569 108.5250 0001605  71.8298 288.2866 15.06382244161139
1 45050U 20006G   23001.66761737 -.00006433  00000-0 -41358-3 0  9993
2 45050  53.0565 107.6312 0001623  67.2019 292.9141 15.06381027161163
1 45050U 20006G   23002.53012639  .00002299  00000-0  17318-3 0  9993
2 45050  53.0568 103.7597 0001537  68.1241 291.9912 15.06396522161294
1 45050U 20006G   23002.66282088  .00003013  00000-0  22109-3 0  9993
2 45050  53.0563 103.1636 0001590  71.0289 289.0873 15.06396291161311
1 45050U 20006G   23003.52533765  .00002107  00000-0  16034-3 0  9993
2 45050  53.0567  99.2914 0001610  62.3588 297.7564 15.06390608161440
1 45050U 20006G   23004.45419222  .00001869  00000-0  14433-3 0  9992
2 45050  53.0573  95.1215 0001461  63.0483 297.0655 15.06397892161583
1 45050U 20006G   23004.52053818  .00001722  00000-0  13446-3 0  9996
2 45050  53.0564  94.8247 0001583  63.3579 296.7572 15.06400528161594
1 45050U 20006G   23005.51572681  .00004257  00000-0  30435-3 0  9993
2 45050  53.0564  90.3580 0001638  61.0674 299.0479 15.06417210161742
1 45050U 20006G   23006.51094498 -.00011169  00000-0 -73273-3 0  9998
2 45050  53.0571  85.8893 0001288  36.7309 323.3768 15.06369200161894
1 45050U 20006G   23007.24076479 -.00003775  00000-0 -23476-3 0  9992
2 45050  53.0571  82.6155 0001867  70.4011 289.7180 15.06380014162001
1 45050U 20006G   23007.90423165  .00004377  00000-0  31259-3 0  9998
2 45050  53.0580  79.6382 0001572  53.0330 307.0803 15.06397117162102
1 45050U 20006G   23008.23597291  .00003946  00000-0  28375-3 0  9993
2 45050  53.0585  78.1482 0001670  53.8191 306.2952 15.06389408162159
1 45050U 20006G   23008.89943841  .00003038  00000-0  22279-3 0  9990
2 45050  53.0565  75.1682 0001934  54.5976 305.5193 15.06399156162259
1 45050U 20006G   23009.43020797  .00001178  00000-0  97951-4 0  9990
2 45050  53.0558  72.7860 0001691  51.6356 308.4785 15.06404617162339
1 45050U 20006G   23009.89463554  .00000840  00000-0  75289-4 0  9997
2 45050  53.0563  70.7028 0001880  50.8856 309.2300 15.06403169162406
1 45050U 20006G   23010.42541126 -.00000170  00000-0  74779-5 0  9991
2 45050  53.0557  68.3191 0001820  45.5142 314.5996 15.06399464162486
1 45050U 20006G   23011.42061236  .00000062  00000-0  23057-4 0  9992
2 45050  53.0559  63.8519 0001964  53.8888 306.2283 15.06400717162638
1 45050U 20006G   23012.81390093 -.00007125  00000-0 -46006-3 0  9999
2 45050  53.0554  57.5953 0002878  60.2432 299.8843 15.06378928162847
1 45050U 20006G   23013.41102926 -.00007659  00000-0 -49620-3 0  9999
2 45050  53.0570  54.9184 0001642  61.2957 298.8197 15.06370225162936
1 45050U 20006G   23015.46778525  .00017269  00000-0  11745-2 0  9992
2 45050  53.0546  45.6827 0001590  70.4361 289.6799 15.06427426163240
1 45050U 20006G   23015.79952220  .00011892  00000-0  81546-3 0  9997
2 45050  53.0548  44.1937 0002019  74.7274 285.3938 15.06418979163291
1 45050U 20006G   23016.46298074  .00012427  00000-0  85093-3 0  9998
2 45050  53.0543  41.2129 0001573  84.0531 276.0637 15.06432346163399
1 45050U 20006G   23016.79472348  .00004224  00000-0  30221-3 0  9991
2 45050  53.0553  39.7260 0001427  81.2879 278.8271 15.06407157163442
1 45050U 20006G   23017.32550960  .00000537  00000-0  54983-4 0  9993
2 45050  53.0529  37.3427 0002086  92.7734 267.3493 15.06390018163528
1 45050U 20006G   23018.32070306  .00018155  00000-0  12333-2 0  9991
2 45050  53.0537  32.8759 0001626  94.1536 265.9638 15.06438217163675
1 45050U 20006G   23018.71878479  .00017269  00000-0  11742-2 0  9999
2 45050  53.0544  31.0885 0001700  96.1904 263.9279 15.06436919163731
1 45050U 20006G   23019.44859652  .00013539  00000-0  92527-3 0  9999
2 45050  53.0542  27.8125 0001584  97.5071 262.6098 15.06433161163842
1 45050U 20006G   23020.44380419  .00002815  00000-0  20776-3 0  9993
2 45050  53.0531  23.3441 0001415  93.3610 266.7541 15.06407588163996
1 45050U 20006G   23025.35347932  .00006750  00000-0  47140-3 0  9997
2 45050  53.0544   1.3034 0001269  87.8165 272.2969 15.06414578164730
1 45050U 20006G   23025.61886908  .00003995  00000-0  28689-3 0  9992
2 45050  53.0554   0.1094 0001294  90.1024 270.0113 15.06405183164776
1 45050U 20006G   23026.08329722  .00002027  00000-0  15493-3 0  9994
2 45050  53.0554 358.0259 0001415  88.9026 271.2125 15.06404312164843
1 45050U 20006G   23027.27754108  .00000684  00000-0  64835-4 0  9998
2 45050  53.0547 352.6653 0001450  87.1219 272.9936 15.06400336165028
1 45050U 20006G   23028.27274492  .00003376  00000-0  24539-3 0  9999
2 45050  53.0537 348.1964 0001468  96.7862 263.3294 15.06403691165175
1 45050U 20006G   23028.86986979  .00000421  00000-0  47155-4 0  9992
2 45050  53.0532 345.5167 0001430  94.2099 265.9054 15.06398406165269
1 45050U 20006G   23029.86507194  .00001400  00000-0  11285-3 0  9993
2 45050  53.0532 341.0490 0001523  86.2221 273.8942 15.06401096165411
1 45050U 20006G   23030.26314898  .00003486  00000-0  25277-3 0  9998
2 45050  53.0535 339.2621 0001510  89.6904 270.4258 15.06408239165475
1 45050U 20006G   23030.66123348  .00000644  00000-0  62128-4 0  9990
2 45050  53.0521 337.4744 0001571  91.8802 268.2367 15.06398318165534
1 45050U 20006G   23031.25835389  .00001317  00000-0  10727-3 0  9996
2 45050  53.0537 334.7954 0001442  90.5625 269.5529 15.06401800165625
1 45050U 20006G   23031.85547329  .00002102  00000-0  15998-3 0  9994
2 45050  53.0535 332.1143 0001419  93.8083 266.3068 15.06404584165718
1 45050U 20006G   23032.25354632  .00006220  00000-0  43589-3 0  9994
2 45050  53.0534 330.3272 0001521  96.2739 263.8423 15.06419347165775
1 45050U 20006G   23033.18241248  .00000319  00000-0  40314-4 0  9992
2 45050  53.0535 326.1572 0001441  93.1130 267.0023 15.06397673165919
1 45050U 20006G   23034.17760807  .00008802  00000-0  60875-3 0  9997
2 45050  53.0530 321.6893 0001389  94.9510 265.1638 15.06420541166061
1 45050U 20006G   23034.77473972  .00005134  00000-0  36331-3 0  9992
2 45050  53.0539 319.0091 0001568  90.6948 269.4221 15.06402150166159
1 45050U 20006G   23035.17282084  .00006046  00000-0  42434-3 0  9993
2 45050  53.0538 317.2223 0001598  87.8478 272.2694 15.06406414166214
1 45050U 20006G   23035.76994099  .00004642  00000-0  33027-3 0  9992
2 45050  53.0546 314.5419 0001692  89.0547 271.0636 15.06408708166307
1 45050U 20006G   23036.16801709  .00007291  00000-0  50759-3 0  9996
2 45050  53.0533 312.7527 0001602  97.1203 262.9969 15.06417556166368
1 45050U 20006G   23036.89783965  .00004026  00000-0  28903-3 0  9998
2 45050  53.0531 309.4765 0001507 102.0411 258.0747 15.06402671166478
1 45050U 20006G   23037.16322465  .00007024  00000-0  48979-3 0  9999
2 45050  53.0530 308.2857 0001415 101.5306 258.5842 15.06412221166519
1 45050U 20006G   23037.89304036  .00004069  00000-0  29185-3 0  9997
2 45050  53.0533 305.0086 0001374  99.8396 260.2748 15.06408152166628
1 45050U 20006G   23038.02573287  .00006301  00000-0  44133-3 0  9990
2 45050  53.0527 304.4157 0001269  86.7758 273.3376 15.06413215166643
1 45050U 20006G   23038.88824419  .00004268  00000-0  30520-3 0  9995
2 45050  53.0526 300.5453 0001153  83.5503 276.5617 15.06406927166772
1 45050U 20006G   23038.95459036  .00004282  00000-0  30611-3 0  9999
2 45050  53.0524 300.2475 0001141  84.2986 275.8133 15.06407434166781
1 45050U 20006G   23039.81710055  .00002536  00000-0  18906-3 0  9999
2 45050  53.0523 296.3736 0001131  91.4356 268.6762 15.06403492166918
1 45050U 20006G   23040.08248770  .00002127  00000-0  16165-3 0  9991
2 45050  53.0521 295.1820 0001149 104.6055 255.5061 15.06402042166950
1 45050U 20006G   23040.81230781 -.00000143  00000-0  92962-5 0  9993
2 45050  53.0523 291.9024 0001533 141.6188 218.4910 15.06393414167063
1 45050U 20006G   23041.07769030  .00004548  00000-0  32394-3 0  9999
2 45050  53.0530 290.7089 0001522 133.2849 226.8268 15.06406352167108
1 45050U 20006G   23041.80751140  .00003530  00000-0  25572-3 0  9993
2 45050  53.0515 287.4357 0001347 127.6609 232.4503 15.06400382167212
1 45050U 20006G   23042.53732883  .00003014  00000-0  22115-3 0  9994
2 45050  53.0526 284.1627 0001103  87.9257 272.1858 15.06400574167324
1 45050U 20006G   23042.80271610 -.00000237  00000-0  29628-5 0  9993
2 45050  53.0514 282.9687 0001423 102.9458 257.1690 15.06397440167367
1 45050U 20006G   23042.93540889  .00001196  00000-0  99138-4 0  9990
2 45050  53.0517 282.3729 0001320  99.4008 260.7130 15.06400788167389
1 45050U 20006G   23044.32869588  .00001795  00000-0  13936-3 0  9991
2 45050  53.0519 276.1189 0001260  83.5996 276.5136 15.06399035167591
1 45050U 20006G   23045.58928705  .00001791  00000-0  13911-3 0  9996
2 45050  53.0508 270.4581 0001660  91.5549 268.5630 15.06398872167788
1 45050U 20006G   23045.65563469  .00000861  00000-0  76686-4 0  9992
2 45050  53.0505 270.1602 0001576  92.1200 267.9969 15.06395752167796
1 45050U 20006G   23046.51814024  .00001127  00000-0  94523-4 0  9990
2 45050  53.0503 266.2883 0001241  92.9943 267.1188 15.06400153167924
1 45050U 20006G   23046.91621476  .00003571  00000-0  25845-3 0  9996
2 45050  53.0510 264.5009 0001126 106.4062 253.7051 15.06411882167985
1 45050U 20006G   23047.38065143 -.00003114  00000-0 -19034-3 0  9999
2 45050  53.0503 262.4158 0001146  94.6047 265.5073 15.06387517168053
1 45050U 20006G   23047.91142431  .00001100  00000-0  92704-4 0  9991
2 45050  53.0504 260.0337 0001095  87.9989 272.1125 15.06398548168137
1 45050U 20006G   23048.37585417  .00001024  00000-0  87622-4 0  9995
2 45050  53.0502 257.9480 0001101  97.1326 262.9788 15.06396170168204
1 45050U 20006G   23048.84028581  .00001302  00000-0  10632-3 0  9996
2 45050  53.0504 255.8636 0001166  88.8435 271.2687 15.06394213168279
1 45050U 20006G   23049.50375851  .00003888  00000-0  27979-3 0  9998
2 45050  53.0508 252.8848 0001094  84.8365 275.2748 15.06391186168372
1 45050U 20006G   23050.56530033  .00004233  00000-0  30282-3 0  9997
2 45050  53.0508 248.1195 0001191  80.6404 279.4720 15.06407230168870
1 45050U 20006G   23051.56050558 -.00000775  00000-0 -33105-4 0  9994
2 45050  53.0514 243.6507 0001663  84.9346 275.1833 15.06393040168680
1 45050U 20006G   23052.55570765 -.00000050  00000-0  15549-4 0  9998
2 45050  53.0508 239.1831 0001250  88.3900 271.7232 15.06397248168835
1 45050U 20006G   23052.88744087  .00003178  00000-0  23210-3 0  9990
2 45050  53.0506 237.6940 0001307  84.7390 275.3748 15.06404237168887
1 45050U 20006G   23053.55091702  .00001364  00000-0  11047-3 0  9994
2 45050  53.0507 234.7145 0001293  94.6017 265.5120 15.06390399168982
1 45050U 20006G   23053.74995650  .00002329  00000-0  17521-3 0  9995
2 45050  53.0508 233.8209 0001274  95.2395 264.8739 15.06394849169016
1 45050U 20006G   23054.47976600  .00004252  00000-0  30408-3 0  9996
2 45050  53.0509 230.5440 0001290  94.6396 265.4740 15.06408282169128
1 45050U 20006G   23054.87784091  .00006979  00000-0  48670-3 0  9999
2 45050  53.0510 228.7570 0001269  94.1328 265.9806 15.06419062169181
1 45050U 20006G   23055.47497229  .00001390  00000-0  11220-3 0  9993
2 45050  53.0512 226.0762 0001597  90.8798 269.2374 15.06397632169270
1 45050U 20006G   23055.87305550  .00000817  00000-0  73724-4 0  9993
2 45050  53.0514 224.2893 0001226  82.1244 277.9884 15.06395370169332
1 45050U 20006G   23056.86825147  .00012061  00000-0  82661-3 0  9995
2 45050  53.0513 219.8214 0001186  75.4682 284.6439 15.06425400169489
1 45050U 20006G   23057.46536595  .00018255  00000-0  12399-2 0  9999
2 45050  53.0513 217.1405 0001242  71.6224 288.4900 15.06440623169574
1 45050U 20006G   23057.73074572  .00017793  00000-0  12088-2 0  9992
2 45050  53.0514 215.9490 0001253  70.6668 289.4457 15.06448302169613
1 45050U 20006G   23058.46056579  .00006070  00000-0  42577-3 0  9993
2 45050  53.0518 212.6722 0001102  90.0952 270.0163 15.06421903169724
1 45050U 20006G   23058.72594777  .00009921  00000-0  68336-3 0  9998
2 45050  53.0515 211.4811 0000919  74.4072 285.7019 15.06433503169767
1 45050U 20006G   23059.38943015  .00000532  00000-0  54632-4 0  9998
2 45050  53.0521 208.5040 0001136  94.2353 265.8765 15.06397572169862
1 45050U 20006G   23059.58847184  .00001077  00000-0  91159-4 0  9990
2 45050  53.0527 207.6107 0001160  96.8360 263.2761 15.06397170169890
1 45050U 20006G   23060.58368877  .00001328  00000-0  10807-3 0  9998
2 45050  53.0504 203.1419 0001198  86.7243 273.3883 15.06382646170049
1 45050U 20006G   23061.77792923  .00006027  00000-0  42312-3 0  9990
2 45050  53.0506 197.7819 0001791  93.5941 266.5252 15.06406766170227
1 45050U 20006G   23062.37504988  .00006392  00000-0  44752-3 0  9994
2 45050  53.0517 195.1014 0001396  98.5006 261.6141 15.06408751170315
1 45050U 20006G   23062.77312114  .00010291  00000-0  70825-3 0  9999
2 45050  53.0502 193.3117 0001506 112.5501 247.5648 15.06426835170377
1 45050U 20006G   23063.37024631  .00004081  00000-0  29260-3 0  9997
2 45050  53.0515 190.6324 0001686 108.8615 251.2557 15.06412698170467
1 45050U 20006G   23063.76832131  .00009414  00000-0  64958-3 0  9990
2 45050  53.0531 188.8457 0001025 100.6106 259.4998 15.06427622170522
1 45050U 20006G   23064.36544976  .00007042  00000-0  49102-3 0  9993
2 45050  53.0515 186.1638 0001536  88.9504 271.1661 15.06413733170619
1 45050U 20006G   23065.75873056  .00010605  00000-0  72925-3 0  9999
2 45050  53.0516 179.9102 0001347  90.9052 269.2092 15.06424801170824
1 45050U 20006G   23066.68759269  .00005869  00000-0  41247-3 0  9990
2 45050  53.0579 175.7447 0002094  99.9248 260.1977 15.06412585170968
1 45050U 20006G   23067.28471879  .00003396  00000-0  24675-3 0  9994
2 45050  53.0549 173.0625 0001801  91.5489 268.5707 15.06401447171053
1 45050U 20006G   23068.67799309  .00012844  00000-0  87887-3 0  9991
2 45050  53.0523 166.8045 0001094  97.8583 262.2530 15.06430533171265
1 45050U 20006G   23069.54050812  .00009244  00000-0  63832-3 0  9991
2 45050  53.0522 162.9332 0001142  91.2535 268.8584 15.06419212171395
1 45050U 20006G   23070.40302657  .00001889  00000-0  14571-3 0  9998
2 45050  53.0537 159.0625 0001675 106.4475 253.6699 15.06399117171521
1 45050U 20006G   23070.46937348  .00000764  00000-0  70189-4 0  9994
2 45050  53.0544 158.7669 0001615 108.3962 251.7203 15.06395804171539
1 45050U 20006G   23071.26552545  .00013639  00000-0  93206-3 0  9994
2 45050  53.0544 155.1913 0001510 112.0444 248.0706 15.06428762171653
1 45050U 20006G   23071.53090367  .00020183  00000-0  13681-2 0  9993
2 45050  53.0524 153.9987 0001181 102.9051 257.2070 15.06450817171690
1 45050U 20006G   23072.26068379  .00031005  00000-0  20857-2 0  9990
2 45050  53.0515 150.7214 0001153 101.5481 258.5637 15.06498573171806
1 45050U 20006G   23073.58761916 -.00018103  00000-0 -12003-2 0  9993
2 45050  53.0515 144.7641 0001228  75.4956 284.6169 15.06376713172006
1 45050U 20006G   23074.45014444  .00002786  00000-0  20589-3 0  9994
2 45050  53.0518 140.8920 0001250  73.2750 286.8376 15.06395075172139
1 45050U 20006G   23074.91460534  .00030456  00000-0  20548-2 0  9999
2 45050  53.0517 138.8082 0001500  67.8793 292.2355 15.06397664172200
1 45050U 20006G   23075.44540159  .00013678  00000-0  93609-3 0  9996
2 45050  53.0521 136.4251 0001307  82.5522 277.5616 15.06371301172280
1 45050U 20006G   23076.44062429  .00011859  00000-0  81397-3 0  9996
2 45050  53.0526 131.9578 0001342  88.4267 271.6875 15.06385519172432
1 45050U 20006G   23076.83870937  .00017070  00000-0  11621-2 0  9993
2 45050  53.0524 130.1709 0001302 108.0742 252.0389 15.06400328172495
1 45050U 20006G   23077.83390297  .00019530  00000-0  13251-2 0  9994
2 45050  53.0521 125.7028 0001395  89.5805 270.5344 15.06435744172644
1 45050U 20006G   23078.43100266  .00019251  00000-0  13056-2 0  9999
2 45050  53.0520 123.0216 0001396  89.1004 271.0145 15.06460562172732
1 45050U 20006G   23078.82908144  .00009962  00000-0  68594-3 0  9999
2 45050  53.0521 121.2343 0001536  86.9948 273.1216 15.06442866172797
1 45050U 20006G   23079.49255014 -.00000023  00000-0  17352-4 0  9991
2 45050  53.0523 118.2557 0001459 100.4916 259.6237 15.06416290172898
1 45050U 20006G   23079.82428014  .00003382  00000-0  24567-3 0  9995
2 45050  53.0522 116.7662 0001459 101.5698 258.5454 15.06423582172943
1 45050U 20006G   23080.42139462  .00008961  00000-0  61912-3 0  9992
2 45050  53.0522 114.0853 0001493 104.5935 255.5219 15.06433579173035
1 45050U 20006G   23080.81948546  .00005782  00000-0  40658-3 0  9998
2 45050  53.0530 112.2980 0001853  91.4071 268.7131 15.06414644173097
1 45050U 20006G   23081.48295988  .00005293  00000-0  37389-3 0  9991
2 45050  53.0521 109.3196 0001384 100.1596 259.9549 15.06404272173194
1 45050U 20006G   23082.34546188  .00009147  00000-0  63182-3 0  9990
2 45050  53.0524 105.4490 0001417 105.1332 254.9814 15.06421451173324
1 45050U 20006G   23082.74354774  .00006271  00000-0  43938-3 0  9994
2 45050  53.0525 103.6601 0001629 113.4193 246.6968 15.06410802173383
1 45050U 20006G   23083.34066043  .00021275  00000-0  14409-2 0  9991
2 45050  53.0523 100.9792 0001470 106.9414 253.1736 15.06451080173478
1 45050U 20006G   23083.73873837  .00014368  00000-0  98049-3 0  9999
2 45050  53.0525  99.1919 0001456 108.0299 252.0848 15.06439219173537
1 45050U 20006G   23084.73392576  .00009626  00000-0  66357-3 0  9994
2 45050  53.0538  94.7261 0001373  98.7203 261.3941 15.06436941173682
1 45050U 20006G   23085.72914713 -.00001708  00000-0 -95789-4 0  9994
2 45050  53.0533  90.2563 0001370  94.5668 265.5477 15.06392935173830
1 45050U 20006G   23086.25992687  .00003833  00000-0  27605-3 0  9999
2 45050  53.0533  87.8737 0001371  93.4586 266.6560 15.06398724173919
1 45050U 20006G   23086.72436501  .00007774  00000-0  54028-3 0  9996
2 45050  53.0528  85.7891 0001242 102.7705 257.3423 15.06395097173987
1 45050U 20006G   23087.38784377  .00008367  00000-0  58006-3 0  9995
2 45050  53.0533  82.8098 0001479  94.2883 265.8275 15.06393364174080
1 45050U 20006G   23087.71957406  .00011665  00000-0  80050-3 0  9996
2 45050  53.0533  81.3222 0001319  89.2706 270.8434 15.06409805174131
1 45050U 20006G   23088.38302581  .00018766  00000-0  12737-2 0  9993
2 45050  53.0534  78.3431 0001283  91.5946 268.5190 15.06447848174235
1 45050U 20006G   23089.37824122  .00006898  00000-0  48134-3 0  9997
2 45050  53.0535  73.8757 0001274  84.5802 275.5333 15.06413712174386
1 45050U 20006G   23091.30231066  .00003676  00000-0  26559-3 0  9990
2 45050  53.0535  65.2379 0001269  94.9168 265.1965 15.06394722174672
1 45050U 20006G   23091.63404735  .00004308  00000-0  30793-3 0  9999
2 45050  53.0535  63.7486 0001292 100.8630 259.2505 15.06396958174724
1 45050U 20006G   23092.36385775  .00015124  00000-0  10313-2 0  9995
2 45050  53.0536  60.4724 0001323 105.9313 254.1822 15.06426406174833
1 45050U 20006G   23092.89464872  .00014980  00000-0  10222-2 0  9997
2 45050  53.0532  58.0894 0001631 103.9244 256.1926 15.06408616174912
1 45050U 20006G   23093.29272804  .00014265  00000-0  97420-3 0  9996
2 45050  53.0538  56.3024 0001267 102.8954 257.2176 15.06416975174977
1 45050U 20006G   23094.28790555  .00020425  00000-0  13839-2 0  9990
2 45050  53.0548  51.8334 0001439 107.0587 253.0559 15.06460456175122
1 45050U 20006G   23094.88503879  .00007786  00000-0  54072-3 0  9997
2 45050  53.0554  49.1534 0001685  97.3332 262.7848 15.06421035175211
1 45050U 20006G   23095.28311842  .00004286  00000-0  30631-3 0  9996
2 45050  53.0556  47.3657 0001277 102.8916 257.2216 15.06414927175272
1 45050U 20006G   23096.21195437  .00013392  00000-0  91506-3 0  9996
2 45050  53.0563  43.1978 0001194  89.5661 270.5465 15.06447589175416
1 45050U 20006G   23096.87544484  .00003198  00000-0  23352-3 0  9995
2 45050  53.0552  40.2179 0001164 108.9604 251.1511 15.06396704175515
1 45050U 20006G   23097.27352752  .00003784  00000-0  27277-3 0  9996
2 45050  53.0546  38.4323 0001261 102.0697 258.0434 15.06400556175570
1 45050U 20006G   23098.20237852  .00012769  00000-0  87398-3 0  9996
2 45050  53.0548  34.2625 0001706 132.5140 227.5994 15.06424053175712
1 45050U 20006G   23099.19760726  .00006394  00000-0  44786-3 0  9997
2 45050  53.0551  29.7946 0001161 107.4961 252.6155 15.06393028175869
1 45050U 20006G   23100.19279850  .00014948  00000-0  10195-2 0  9993
2 45050  53.0550  25.3231 0001563 147.3492 212.7594 15.06429164176018
1 45050U 20006G   23100.92262449  .00013779  00000-0  94156-3 0  9991
2 45050  53.0560  22.0497 0001117 106.2630 253.8481 15.06420635176127
1 45050U 20006G   23101.18801097  .00010315  00000-0  71002-3 0  9996
2 45050  53.0564  20.8594 0001202  94.2232 265.8894 15.06417826176167
1 45050U 20006G   23101.91780363  .00015484  00000-0  10546-2 0  9996
2 45050  53.0566  17.5833 0001261  89.8672 270.2462 15.06453690176273
1 45050U 20006G   23102.18317868  .00019906  00000-0  13490-2 0  9996
2 45050  53.0557  16.3924 0001146 100.3136 259.7982 15.06469254176651
1 45050U 20006G   23103.17839957  .00003587  00000-0  25947-3 0  9993
2 45050  53.0548  11.9253 0001088 116.6781 243.4320 15.06412819176468
1 45050U 20006G   23104.23993557  .00018449  00000-0  12525-2 0  9998
2 45050  53.0545   7.1592 0001185 125.9418 234.1681 15.06450200176627
1 45050U 20006G   23105.16881949  .00011120  00000-0  76405-3 0  9999
2 45050  53.0548   2.9896 0001035 117.3462 242.7632 15.06410279176766
1 45050U 20006G   23105.89862318  .00018327  00000-0  12446-2 0  9998
2 45050  53.0557 359.7126 0001037 120.1765 239.9326 15.06443357176878
1 45050U 20006G   23106.09765741  .00023379  00000-0  15807-2 0  9990
2 45050  53.0551 358.8195 0000957 117.1454 242.9633 15.06458797176902
1 45050U 20006G   23106.89384463  .00010219  00000-0  70376-3 0  9998
2 45050  53.0555 355.2453 0000777  92.5022 267.6056 15.06408076177023
1 45050U 20006G   23107.09288357  .00011296  00000-0  77571-3 0  9996
2 45050  53.0547 354.3527 0000885  84.1720 275.9369 15.06414565177050
1 45050U 20006G   23107.88903394  .00015966  00000-0  10871-2 0  9995
2 45050  53.0555 350.7782 0000816  77.4927 282.6153 15.06442456177179
1 45050U 20006G   23108.02172308  .00020737  00000-0  14049-2 0  9998
2 45050  53.0549 350.1830 0000809  76.4888 283.6191 15.06454427177193
1 45050U 20006G   23108.68520833  .00017588  00000-0  11958-2 0  9996
2 45050  53.0557 347.2045 0001541  77.9285 282.1877 15.06427811177291
1 45050U 20006G   23109.61405292  .00011983  00000-0  82122-3 0  9996
2 45050  53.0545 343.0341 0000610 105.2457 254.8599 15.06433781177439
1 45050U 20006G   23110.07846346  .00020496  00000-0  13884-2 0  9994
2 45050  53.0541 340.9496 0000662 103.5770 256.5293 15.06465424177505
1 45050U 20006G   23111.33908956  .00001575  00000-0  12461-3 0  9998
2 45050  53.0539 335.2910 0000960  94.3275 265.7823 15.06392726177693
1 45050U 20006G   23111.86986821  .00006336  00000-0  44386-3 0  9994
2 45050  53.0535 332.9077 0000953  95.0251 265.0847 15.06401555177770
1 45050U 20006G   23112.00256283  .00008876  00000-0  61390-3 0  9998
2 45050  53.0534 332.3120 0000952  94.1675 265.9423 15.06405637177797
1 45050U 20006G   23112.86508294  .00011788  00000-0  80882-3 0  9997
2 45050  53.0530 328.4390 0001051  91.2925 268.8185 15.06403816177924
1 45050U 20006G   23113.59488279  .00017937  00000-0  12186-2 0  9991
2 45050  53.0540 325.1649 0001369  70.1053 290.0083 15.06443139178035
1 45050U 20006G   23113.72756962  .00017940  00000-0  12186-2 0  9997
2 45050  53.0531 324.5680 0001124  81.8836 278.2281 15.06448218178053
1 45050U 20006G   23113.99294455  .00021874  00000-0  14801-2 0  9997
2 45050  53.0538 323.3784 0001183  70.8853 289.2264 15.06468918178090
1 45050U 20006G   23115.51893270 -.00003547  00000-0 -21937-3 0  9995
2 45050  53.0542 316.5260 0001151 100.2344 259.8775 15.06396263178325
1 45050U 20006G   23116.51414732  .00017902  00000-0  12174-2 0  9998
2 45050  53.0540 312.0582 0001174 104.5371 255.5748 15.06409105178472
1 45050U 20006G   23116.64683901  .00017724  00000-0  12053-2 0  9996
2 45050  53.0540 311.4625 0001167 104.7147 255.3972 15.06414505178497
1 45050U 20006G   23117.50932521  .00018047  00000-0  12257-2 0  9992
2 45050  53.0540 307.5905 0001117 103.5732 256.5381 15.06449538178622
1 45050U 20006G   23118.50452706 -.00005518  00000-0 -35188-3 0  9995
2 45050  53.0530 303.1226 0001543  80.2787 279.8376 15.06397101178779
1 45050U 20006G   23119.49969860 -.00044688  00000-0 -29978-2 0  9998
2 45050  53.0536 298.6552 0001163 115.1473 244.9637 15.06428338178920
1 45050U 20006G   23120.49495888  .00012987  00000-0  88916-3 0  9997
2 45050  53.0535 294.1879 0001224  65.4427 294.6689 15.06399491179079
1 45050U 20006G   23121.42380772  .00013760  00000-0  94027-3 0  9996
2 45050  53.0537 290.0174 0001077  66.1446 293.9655 15.06423784179213
1 45050U 20006G   23121.68918996  .00014060  00000-0  96009-3 0  9995
2 45050  53.0536 288.8268 0001104  61.9356 298.1745 15.06430946179254
1 45050U 20006G   23121.88822542  .00015591  00000-0  10621-2 0  9993
2 45050  53.0544 287.9327 0001117  63.5502 296.5602 15.06439543179283
1 45050U 20006G   23122.75074010  .00006917  00000-0  48258-3 0  9999
2 45050  53.0534 284.0606 0001095  73.8852 286.2257 15.06416548179414
1 45050U 20006G   23123.14881672  .00006916  00000-0  48249-3 0  9992
2 45050  53.0537 282.2737 0001141  77.5495 282.5622 15.06420801179476
1 45050U 20006G   23123.81227078  .00014028  00000-0  95762-3 0  9995
2 45050  53.0539 279.2947 0001151  91.5610 268.5511 15.06443788179574
1 45050U 20006G   23124.40940757  .00001273  00000-0  10432-3 0  9996
2 45050  53.0534 276.6138 0000979  92.8433 267.2668 15.06396904179662
1 45050U 20006G   23124.74113772  .00005351  00000-0  37773-3 0  9990
2 45050  53.0537 275.1248 0001084  90.4346 269.6767 15.06410990179710
1 45050U 20006G   23125.80267482  .00015659  00000-0  10666-2 0  9999
2 45050  53.0537 270.3587 0001003  92.6710 267.4394 15.06442208179879
1 45050U 20006G   23126.66520498  .00007329  00000-0  51032-3 0  9991
2 45050  53.0535 266.4871 0001019  76.5923 283.5179 15.06403689180000
1 45050U 20006G   23126.79789570  .00010169  00000-0  70031-3 0  9999
2 45050  53.0537 265.8909 0001019  75.1536 284.9566 15.06413849180028
1 45050U 20006G   23127.59405481  .00000414  00000-0  46666-4 0  9994
2 45050  53.0535 262.3165 0001116  68.0364 292.0743 15.06396376180145
1 45050U 20006G   23128.72196171  .00009393  00000-0  64851-3 0  9993
2 45050  53.0531 257.2541 0001341  80.0593 280.0547 15.06407787180317
1 45050U 20006G   23129.58446195  .00027900  00000-0  18820-2 0  9990
2 45050  53.0542 253.3838 0001476  95.7635 264.3522 15.06450136180442
1 45050U 20006G   23130.51332511  .00004711  00000-0  33485-3 0  9991
2 45050  53.0535 249.2130 0001130 102.1032 258.0084 15.06406876180584
1 45050U 20006G   23130.84505679  .00005730  00000-0  40307-3 0  9997
2 45050  53.0529 247.7214 0001222  97.0223 263.0905 15.06413833180634
1 45050U 20006G   23131.04409389  .00010119  00000-0  69673-3 0  9995
2 45050  53.0532 246.8301 0001216 100.4009 259.7117 15.06425920180669
1 45050U 20006G   23131.57486277  .00015078  00000-0  10279-2 0  9990
2 45050  53.0527 244.4475 0001184 108.3043 251.8075 15.06439706180740
1 45050U 20006G   23132.03929780  .00013789  00000-0  94207-3 0  9994
2 45050  53.0529 242.3616 0001294  85.6241 274.4896 15.06429063180810
1 45050U 20006G   23133.56527496  .00016697  00000-0  11359-2 0  9998
2 45050  53.0532 235.5116 0001045  89.9338 270.1771 15.06440792181044
1 45050U 20006G   23133.69796783  .00019774  00000-0  13411-2 0  9999
2 45050  53.0539 234.9168 0001396 131.2969 228.8140 15.06443299181068
1 45050U 20006G   23134.56049489  .00006688  00000-0  46741-3 0  9993
2 45050  53.0532 231.0441 0001037  93.5434 266.5673 15.06404335181194
1 45050U 20006G   23134.69318913  .00005262  00000-0  37185-3 0  9997
2 45050  53.0526 230.4478 0001043  88.7418 271.3691 15.06402524181210
1 45050U 20006G   23135.55568911  .00010238  00000-0  70474-3 0  9995
2 45050  53.0532 226.5769 0001043  90.1478 269.9631 15.06425053181342
1 45050U 20006G   23136.55090386  .00005125  00000-0  36270-3 0  9997
2 45050  53.0533 222.1095 0000903  89.2131 270.8961 15.06401486181831
1 45050U 20006G   23136.61725143  .00005107  00000-0  36148-3 0  9994
2 45050  53.0533 221.8115 0001037  73.2424 286.8679 15.06401656181503
1 45050U 20006G   23137.61245679  .00010980  00000-0  75474-3 0  9996
2 45050  53.0536 217.3433 0001127  76.4340 283.6775 15.06405022181650
1 45050U 20006G   23138.54130917  .00004298  00000-0  30718-3 0  9994
2 45050  53.0530 213.1734 0000944  76.6761 283.4333 15.06404831181797
1 45050U 20006G   23138.60765551  .00004370  00000-0  31201-3 0  9998
2 45050  53.0530 212.8755 0000946  76.7253 283.3841 15.06405745181805
1 45050U 20006G   23139.47014948  .00006123  00000-0  42932-3 0  9992
2 45050  53.0529 209.0039 0000966  69.8998 290.2095 15.06424834181939
1 45050U 20006G   23140.86342832  .00001464  00000-0  11710-3 0  9996
2 45050  53.0530 202.7503 0000877  85.4049 274.7040 15.06412273182144
1 45050U 20006G   23141.59322856  .00006782  00000-0  47338-3 0  9994
2 45050  53.0531 199.4738 0001177  79.3957 280.7165 15.06431126182256
1 45050U 20006G   23141.85862689 -.00003788  00000-0 -23560-3 0  9992
2 45050  53.0528 198.2819 0001161  86.6078 273.5043 15.06395133182293
1 45050U 20006G   23142.58845001 -.00001316  00000-0 -69505-4 0  9997
2 45050  53.0532 195.0074 0001174  99.7516 260.3606 15.06391582182408
1 45050U 20006G   23142.85384019 -.00001178  00000-0 -60245-4 0  9992
2 45050  53.0527 193.8159 0001123  90.0324 270.0794 15.06390404182449
1 45050U 20006G   23143.84904551  .00008667  00000-0  59987-3 0  9999
2 45050  53.0524 189.3480 0001197  88.3349 271.7777 15.06407509182591
1 45050U 20006G   23144.37982813  .00008157  00000-0  56588-3 0  9993
2 45050  53.0522 186.9632 0000924 100.8717 259.2376 15.06399451182678
1 45050U 20006G   23146.50293541  .00001116  00000-0  93785-4 0  9992
2 45050  53.0527 177.4321 0000969  92.6461 267.4638 15.06392207183334
1 45050U 20006G   23147.76352509  .00000794  00000-0  72165-4 0  9991
2 45050  53.0523 171.7741 0000919  88.7322 271.3772 15.06396095183185
1 45050U 20006G   23148.22796149 -.00003069  00000-0 -18731-3 0  9993
2 45050  53.0525 169.6894 0000988  94.7388 265.3714 15.06381617183258
1 45050U 20006G   23148.29430875 -.00002955  00000-0 -17964-3 0  9991
2 45050  53.0526 169.3916 0000989  94.6189 265.4912 15.06381786183269
1 45050U 20006G   23149.35586508 -.00000219  00000-0  41668-5 0  9994
2 45050  53.0528 164.6264 0000987  95.0620 265.0481 15.06386099183425
1 45050U 20006G   23149.75394785  .00001607  00000-0  12680-3 0  9993
2 45050  53.0529 162.8391 0001002  90.1690 269.9413 15.06389895183480
1 45050U 20006G   23150.35106998  .00003856  00000-0  27765-3 0  9996
2 45050  53.0525 160.1571 0000940  92.6474 267.4623 15.06395900183574
1 45050U 20006G   23150.74915031  .00003504  00000-0  25399-3 0  9996
2 45050  53.0529 158.3704 0000946  90.5640 269.5457 15.06399419183637
1 45050U 20006G   23151.41261442  .00003818  00000-0  27504-3 0  9999
2 45050  53.0525 155.3916 0000943  90.0857 270.0240 15.06406907183736
1 45050U 20006G   23151.74434706  .00002945  00000-0  21646-3 0  9991
2 45050  53.0523 153.9022 0000941  89.3319 270.7778 15.06407116183789
1 45050U 20006G   23152.27511913  .00002086  00000-0  15883-3 0  9998
2 45050  53.0524 151.5200 0000982  87.6350 272.4751 15.06407757183863
1 45050U 20006G   23153.40300216  .00002709  00000-0  20061-3 0  9992
2 45050  53.0520 146.4567 0001037  85.5608 274.5500 15.06416152184037
1 45050U 20006G   23153.66839152  .00000071  00000-0  23637-4 0  9999
2 45050  53.0524 145.2641 0001081  86.5249 273.5863 15.06407327184071
1 45050U 20006G   23154.39820840 -.00002170  00000-0 -12683-3 0  9996
2 45050  53.0528 141.9893 0001100  96.1297 263.9817 15.06397766184188
1 45050U 20006G   23155.26071569  .00000154  00000-0  29257-4 0  9993
2 45050  53.0528 138.1175 0001114  99.9628 260.1487 15.06400241184313
1 45050U 20006G   23155.92418673  .00001006  00000-0  86424-4 0  9993
2 45050  53.0532 135.1392 0001139 102.5928 257.5189 15.06396496184413
1 45050U 20006G   23156.32226883  .00000935  00000-0  81633-4 0  9995
2 45050  53.0526 133.3509 0001031  92.6016 267.5091 15.06396499184476
1 45050U 20006G   23156.91938715  .00002359  00000-0  17720-3 0  9991
2 45050  53.0529 130.6693 0001051  94.5876 265.5233 15.06403506184564
1 45050U 20006G   23157.31746312  .00004155  00000-0  29759-3 0  9997
2 45050  53.0527 128.8827 0001051  92.9761 267.1349 15.06411417184628
1 45050U 20006G   23158.31267465 -.00001515  00000-0 -82883-4 0  9992
2 45050  53.0539 124.4129 0001474 107.3959 252.7191 15.06391693184771
1 45050U 20006G   23158.90979233  .00001252  00000-0  10295-3 0  9993
2 45050  53.0546 121.7344 0001388  99.5913 260.5232 15.06402322184869
1 45050U 20006G   23159.30786935  .00004133  00000-0  29609-3 0  9993
2 45050  53.0534 119.9487 0001405  90.7774 269.3376 15.06409929184924
1 45050U 20006G   23160.56846753  .00001355  00000-0  10984-3 0  9997
2 45050  53.0536 114.2897 0001337 100.5064 259.6076 15.06398316185113
1 45050U 20006G   23160.90019875  .00002646  00000-0  19640-3 0  9994
2 45050  53.0533 112.8000 0001257  98.8449 261.2683 15.06405389185164
1 45050U 20006G   23161.56366077  .00007805  00000-0  54201-3 0  9990
2 45050  53.0531 109.8228 0001256 102.2929 257.8200 15.06419869185267
1 45050U 20006G   23162.55887338  .00005925  00000-0  41620-3 0  9990
2 45050  53.0533 105.3543 0001339  97.7654 262.3487 15.06408896185418
1 45050U 20006G   23163.55408090  .00005346  00000-0  37747-3 0  9997
2 45050  53.0537 100.8858 0001310  92.4278 267.6861 15.06402807185560
1 45050U 20006G   23164.21756133  .00003313  00000-0  24127-3 0  9995
2 45050  53.0538  97.9078 0001293  92.8834 267.2303 15.06389921185662
1 45050U 20006G   23164.81468138  .00007329  00000-0  51034-3 0  9994
2 45050  53.0551  95.2304 0001425  90.9116 269.2036 15.06406773185759
1 45050U 20006G   23164.94737409  .00007405  00000-0  51536-3 0  9990
2 45050  53.0547  94.6300 0001310 100.0116 260.1021 15.06407276185774
1 45050U 20006G   23165.80989141  .00007499  00000-0  52177-3 0  9993
2 45050  53.0541  90.7599 0001275  88.2300 271.8835 15.06401187185909
1 45050U 20006G   23166.07528288  .00003229  00000-0  23558-3 0  9992
2 45050  53.0533  89.5696 0001151  79.2551 280.8568 15.06391810185943
1 45050U 20006G   23167.46854356  .00018289  00000-0  12419-2 0  9999
2 45050  53.0544  83.3139 0001061  84.7529 275.3581 15.06449113186153
1 45050U 20006G   23168.46376174  .00006201  00000-0  43463-3 0  9992
2 45050  53.0543  78.8474 0001208  94.2776 265.8351 15.06413577186307
1 45050U 20006G   23168.86183671  .00008032  00000-0  55717-3 0  9993
2 45050  53.0544  77.0597 0001217  97.8497 262.2630 15.06423449186360
1 45050U 20006G   23169.45896057  .00003074  00000-0  22515-3 0  9999
2 45050  53.0544  74.3789 0001416  90.4579 269.6572 15.06406173186455
1 45050U 20006G   23169.72435451  .00005294  00000-0  37396-3 0  9995
2 45050  53.0544  73.1885 0002248  86.3450 273.7796 15.06406516186494
1 45050U 20006G   23170.52051253  .00008984  00000-0  62095-3 0  9992
2 45050  53.0543  69.6140 0001343  93.9317 266.1826 15.06418897186617
1 45050U 20006G   23170.78589659  .00011786  00000-0  80818-3 0  9993
2 45050  53.0545  68.4228 0001340  93.6867 266.4276 15.06427957186650
1 45050U 20006G   23171.11762497  .00015765  00000-0  10737-2 0  9997
2 45050  53.0545  66.9337 0001344  91.1914 268.9229 15.06440753186704
1 45050U 20006G   23171.84745635  .00007417  00000-0  51624-3 0  9998
2 45050  53.0545  63.6575 0001526  85.7010 274.4153 15.06406437186811
1 45050U 20006G   23172.11284124  .00008977  00000-0  62052-3 0  9999
2 45050  53.0544  62.4665 0001428  80.3746 279.7404 15.06414289186850
1 45050U 20006G   23172.84264942  .00010543  00000-0  72507-3 0  9993
2 45050  53.0544  59.1909 0001383  78.1311 281.9833 15.06426935186961
1 45050U 20006G   23187.63801483 -.00000230  00000-0  34642-5 0  9996
2 45050  53.0559 352.7715 0001397  97.6688 262.4460 15.06389407189530
1 45050U 20006G   23188.16878399  .00007190  00000-0  50095-3 0  9994
2 45050  53.0552 350.3879 0001032  97.2760 262.8346 15.06411724189615
1 45050U 20006G   23189.42937765  .00011330  00000-0  77799-3 0  9998
2 45050  53.0553 344.7291 0001135  92.1184 267.9935 15.06414750189802
1 45050U 20006G   23189.69476767  .00007504  00000-0  52202-3 0  9997
2 45050  53.0553 343.5378 0001045  80.6923 279.4185 15.06406724189849
1 45050U 20006G   23190.82265558  .00009319  00000-0  64326-3 0  9994
2 45050  53.0558 338.4744 0001110  78.9855 281.1259 15.06422825190014
1 45050U 20006G   23191.41978634  .00006538  00000-0  45734-3 0  9998
2 45050  53.0554 335.7944 0000952  68.5149 291.5942 15.06405384190101
1 45050U 20006G   23191.68517550  .00002672  00000-0  19818-3 0  9992
2 45050  53.0550 334.6001 0000784  69.8775 290.2299 15.06397336190143
1 45050U 20006G   23192.41498417  .00005918  00000-0  41567-3 0  9996
2 45050  53.0550 331.3263 0000889  75.1274 284.9813 15.06413987190252
1 45050U 20006G   23192.68036667  .00009776  00000-0  67379-3 0  9995
2 45050  53.0553 330.1353 0000932  74.4011 285.7080 15.06425956190290
1 45050U 20006G   23193.47654073  .00007692  00000-0  53457-3 0  9997
2 45050  53.0552 326.5613 0000813  63.8082 296.2990 15.06407570190418
1 45050U 20006G   23194.67077434  .00011104  00000-0  76257-3 0  9996
2 45050  53.0548 321.2005 0001029  81.8907 278.2199 15.06428239190591
1 45050U 20006G   23195.33425255  .00009545  00000-0  65855-3 0  9996
2 45050  53.0549 318.2222 0001937  85.6626 274.4585 15.06413673190691
1 45050U 20006G   23196.66116831  .00017077  00000-0  11610-2 0  9998
2 45050  53.0548 312.2653 0000996  88.1282 271.9821 15.06449885190893
1 45050U 20006G   23197.32465412  .00007676  00000-0  53354-3 0  9990
2 45050  53.0546 309.2869 0000979  78.9719 281.1380 15.06408588190998
1 45050U 20006G   23197.72274084  .00000874  00000-0  77562-4 0  9998
2 45050  53.0550 307.4997 0000977  70.5819 289.5276 15.06392867191058
1 45050U 20006G   23198.58524959  .00010418  00000-0  71692-3 0  9994
2 45050  53.0553 303.6278 0001040  63.2444 296.8651 15.06416342191183
1 45050U 20006G   23199.44777445  .00013204  00000-0  90347-3 0  9994
2 45050  53.0551 299.7557 0001027  77.2363 282.8741 15.06408043191315
1 45050U 20006G   23199.64681885  .00009161  00000-0  63306-3 0  9990
2 45050  53.0551 298.8626 0001199  56.3553 303.7550 15.06400383191344
1 45050U 20006G   23201.63722625  .00006194  00000-0  43429-3 0  9998
2 45050  53.0541 289.9272 0000864  72.6737 287.4346 15.06404421191645
1 45050U 20006G   23205.21995687 -.00002220  00000-0 -13019-3 0  9996
2 45050  53.0534 273.8364 0001944 107.0010 253.1192 15.06389624191846
1 45050U 20006G   23206.48054178  .00009941  00000-0  68491-3 0  9996
2 45050  53.0532 268.1850 0001276  84.7530 275.3605 15.06421486192037
1 45050U 20006G   23207.47574397  .00010252  00000-0  70566-3 0  9999
2 45050  53.0532 263.7159 0001301  82.7349 277.3788 15.06424710192188
1 45050U 20006G   23207.47574397  .00010252  00000-0  70566-3 0  9999
2 45050  53.0532 263.7159 0001301  82.7349 277.3788 15.06424710192526
1 45050U 20006G   23207.87382157  .00006262  00000-0  43869-3 0  9996
2 45050  53.0526 261.9308 0001177  87.8990 272.2134 15.06420783192248
1 45050U 20006G   23207.87382157  .00006262  00000-0  43869-3 0  9996
2 45050  53.0526 261.9308 0001177  87.8990 272.2134 15.06420783192585
1 45050U 20006G   23208.40458620  .00008505  00000-0  58867-3 0  9991
2 45050  53.0522 259.5483 0001193  84.7586 275.3539 15.06431379192321
1 45050U 20006G   23209.13440445  .00001999  00000-0  15304-3 0  9997
2 45050  53.0519 256.2673 0001338 274.0395  86.0441 15.06405214192772
1 45050U 20006G   23209.53249418 -.00002235  00000-0 -13124-3 0  9992
2 45050  53.0528 254.4833 0000941  84.7043 275.4053 15.06391263192495
1 45050U 20006G   23209.59884024 -.00001618  00000-0 -89768-4 0  9998
2 45050  53.0535 254.1851 0000889  98.3516 261.7574 15.06392961192848
1 45050U 20006G   23211.12482620  .00007138  00000-0  49757-3 0  9990
2 45050  53.0532 247.3358 0001305  67.4414 292.6713 15.06401585193076
1 45050U 20006G   23212.38540684  .00007229  00000-0  50346-3 0  9991
2 45050  53.0532 241.6763 0001302  73.6803 286.4329 15.06419862193263
1 45050U 20006G   23212.78348927  .00001379  00000-0  11144-3 0  9994
2 45050  53.0520 239.8904 0001184  70.0651 290.0465 15.06406036193324
1 45050U 20006G   23212.98253265 -.00001587  00000-0 -87678-4 0  9995
2 45050  53.0533 238.9949 0001226  72.9993 287.1131 15.06396519193358
1 45050U 20006G   23214.11042738 -.00001027  00000-0 -50080-4 0  9999
2 45050  53.0527 233.9337 0001390  77.7443 282.3701 15.06399456193524
1 45050U 20006G   23215.43736852  .00001266  00000-0  10390-3 0  9994
2 45050  53.0524 227.9751 0001266  78.7772 281.3359 15.06395552193725
1 45050U 20006G   23216.43257919 -.00001561  00000-0 -85986-4 0  9991
2 45050  53.0527 223.5072 0001268  78.8212 281.2920 15.06385707193878
1 45050U 20006G   23217.22874353  .00001027  00000-0  87840-4 0  9992
2 45050  53.0529 219.9330 0001208  80.3514 279.7611 15.06391541193998
1 45050U 20006G   23218.15759566  .00003679  00000-0  26573-3 0  9993
2 45050  53.0530 215.7632 0001210  74.8084 285.3039 15.06402580194132
1 45050U 20006G   23219.15279925 -.00001442  00000-0 -77930-4 0  9992
2 45050  53.0544 211.2978 0001333  83.7918 276.3223 15.06395660194283
1 45050U 20006G   23220.01530469  .00001195  00000-0  99115-4 0  9994
2 45050  53.0534 207.4265 0001286  87.1530 272.9606 15.06402891194410
1 45050U 20006G   23220.94416381 -.00000533  00000-0 -16863-4 0  9998
2 45050  53.0532 203.2555 0001299  83.8507 276.2629 15.06393173194554
1 45050U 20006G   23222.33744017  .00003665  00000-0  26474-3 0  9998
2 45050  53.0526 196.9992 0001309  89.5587 270.5552 15.06409761194769
1 45050U 20006G   23222.93456835  .00000207  00000-0  32785-4 0  9994
2 45050  53.0506 194.3180 0001878  89.6265 270.4939 15.06395344194852
1 45050U 20006G   23224.12880493  .00002559  00000-0  19058-3 0  9997
2 45050  53.0532 188.9565 0001562  91.3844 268.7323 15.06409225195032
1 45050U 20006G   23224.59323343  .00000722  00000-0  67375-4 0  9990
2 45050  53.0534 186.8727 0001497  87.5168 272.5992 15.06401979195105
1 45050U 20006G   23224.92497726 -.00000737  00000-0 -30541-4 0  9997
2 45050  53.0542 185.3870 0002173  96.9516 263.1720 15.06393428195159
1 45050U 20006G   23226.05286793  .00001296  00000-0  10585-3 0  9997
2 45050  53.0541 180.3206 0001646  86.5178 273.5999 15.06402323195326
1 45050U 20006G   23227.11442428  .00001199  00000-0  99374-4 0  9990
2 45050  53.0534 175.5546 0001495  92.5182 267.5978 15.06393771195488
1 45050U 20006G   23228.10961040  .00004976  00000-0  35243-3 0  9996
2 45050  53.0536 171.0870 0001414 101.7439 258.3709 15.06430499195636
1 45050U 20006G   23228.24231836  .00025831  00000-0  17457-2 0  9993
2 45050  53.0537 170.4912 0001889 106.5916 253.5280 15.06419877195656
1 45050U 20006G   23229.10482431  .00005648  00000-0  39765-3 0  9999
2 45050  53.0542 166.6190 0001405  94.7180 265.3969 15.06409283195781
1 45050U 20006G   23230.16635530  .00013383  00000-0  91458-3 0  9999
2 45050  53.0548 161.8543 0001385  93.9012 266.2136 15.06441616195948
1 45050U 20006G   23230.76349594 -.00002121  00000-0 -12357-3 0  9998
2 45050  53.0555 159.1751 0001019 107.5577 252.5524 15.06386366196039
1 45050U 20006G   23231.16157508  .00003703  00000-0  26736-3 0  9996
2 45050  53.0543 157.3873 0001399 107.6953 252.4189 15.06402421196094
1 45050U 20006G   23232.15677043  .00012455  00000-0  85293-3 0  9994
2 45050  53.0542 152.9197 0001395 117.4006 242.7125 15.06428607196240
1 45050U 20006G   23232.75390569  .00010619  00000-0  73055-3 0  9998
2 45050  53.0541 150.2392 0001672 112.4468 247.6698 15.06408871196332
1 45050U 20006G   23233.15199293  .00003668  00000-0  26507-3 0  9990
2 45050  53.0542 148.4507 0001426 117.4838 242.6296 15.06393872196392
1 45050U 20006G   23234.01449463  .00012675  00000-0  86780-3 0  9990
2 45050  53.0541 144.5796 0001441  92.6179 267.4974 15.06419823196525
1 45050U 20006G   23234.14718238  .00012568  00000-0  86045-3 0  9998
2 45050  53.0538 143.9844 0001274 104.8407 255.2723 15.06430352196541
1 45050U 20006G   23235.00970648  .00008576  00000-0  59381-3 0  9996
2 45050  53.0538 140.1127 0001361 111.5411 248.5723 15.06408338196679
1 45050U 20006G   23236.13759738  .00012701  00000-0  86938-3 0  9999
2 45050  53.0539 135.0487 0001554 114.1406 245.9746 15.06426205196500
1 45050U 20006G   23237.06646435  .00007164  00000-0  49923-3 0  9991
2 45050  53.0537 130.8797 0001277  93.8523 266.2612 15.06407964196981
1 45050U 20006G   23237.13281122  .00006427  00000-0  44987-3 0  9993
2 45050  53.0537 130.5820 0001285  91.8790 268.2346 15.06406998196654
1 45050U 20006G   23237.86261978  .00009261  00000-0  63941-3 0  9990
2 45050  53.0541 127.3059 0001363  96.9693 263.1451 15.06422506196768
1 45050U 20006G   23238.12800312  .00012930  00000-0  88457-3 0  9997
2 45050  53.0541 126.1142 0001416  98.5943 261.5206 15.06431704196808
1 45050U 20006G   23238.12800312  .00012930  00000-0  88457-3 0  9997
2 45050  53.0541 126.1142 0001416  98.5943 261.5206 15.06431704197146
1 45050U 20006G   23238.65878717  .00007809  00000-0  54237-3 0  9997
2 45050  53.0538 123.7319 0001723  83.1532 276.9653 15.06412444197221
1 45050U 20006G   23238.85782917  .00005776  00000-0  40629-3 0  9996
2 45050  53.0550 122.8379 0001276  82.4284 277.6850 15.06406927196911
1 45050U 20006G   23239.05686892  .00005347  00000-0  37748-3 0  9996
2 45050  53.0546 121.9436 0001386  90.6307 269.4841 15.06408087196940
1 45050U 20006G   23239.05686892  .00005347  00000-0  37748-3 0  9996
2 45050  53.0546 121.9436 0001386  90.6307 269.4841 15.06408087197288
1 45050U 20006G   23239.85301958  .00009439  00000-0  65123-3 0  9995
2 45050  53.0541 118.3692 0001258 102.8877 257.2253 15.06427468197065
1 45050U 20006G   23240.05205694  .00011081  00000-0  76094-3 0  9994
2 45050  53.0544 117.4759 0001316  96.0048 264.1091 15.06433404197436
1 45050U 20006G   23240.38379737  .00006023  00000-0  42271-3 0  9990
2 45050  53.0542 115.9877 0001415  86.2472 273.8679 15.06414309197487
1 45050U 20006G   23240.64919185  .00006369  00000-0  44601-3 0  9998
2 45050  53.0538 114.7960 0002217  88.7370 271.3873 15.06408234197521
1 45050U 20006G   23240.91457778  .00006675  00000-0  46647-3 0  9995
2 45050  53.0536 113.6041 0002152  91.0643 269.0592 15.06411425197220
1 45050U 20006G   23241.04727291  .00005175  00000-0  36596-3 0  9996
2 45050  53.0538 113.0093 0001375  92.9173 267.1973 15.06406061197588
1 45050U 20006G   23241.77708424  .00008701  00000-0  60198-3 0  9996
2 45050  53.0535 109.7328 0001345  96.7253 263.3889 15.06419137197353
1 45050U 20006G   23242.04246921  .00011632  00000-0  79796-3 0  9997
2 45050  53.0537 108.5416 0001365  91.3127 268.8019 15.06426583197733
1 45050U 20006G   23242.90498580  .00013679  00000-0  93479-3 0  9999
2 45050  53.0533 104.6711 0002481 102.3053 257.8214 15.06425669197521
1 45050U 20006G   23243.03768026  .00010934  00000-0  75140-3 0  9995
2 45050  53.0528 104.0751 0001294 101.0472 259.0663 15.06418439197546
1 45050U 20006G   23243.03768026  .00010934  00000-0  75140-3 0  9995
2 45050  53.0528 104.0751 0001294 101.0472 259.0663 15.06418439197883
1 45050U 20006G   23244.03287627  .00010624  00000-0  73045-3 0  9997
2 45050  53.0520  99.6102 0002093  74.1823 285.9396 15.06429951198032
1 45050U 20006G   23244.29827478  .00013111  00000-0  89693-3 0  9999
2 45050  53.0493  98.4176 0002573  89.6837 270.4447 15.06420226197736
1 45050U 20006G   23244.29827478  .00013111  00000-0  89693-3 0  9999
2 45050  53.0493  98.4176 0002573  89.6837 270.4447 15.06420226198074
1 45050U 20006G   23244.89537560  .00011712  00000-0  80316-3 0  9993
2 45050  53.0532  95.7334 0000882  85.7067 274.4023 15.06430393197829
1 45050U 20006G   23245.02808753  .00004141  00000-0  29671-3 0  9999
2 45050  53.0462  95.1401 0001339 101.9391 258.1748 15.06404422197848
1 45050U 20006G   23245.02808753  .00004141  00000-0  29671-3 0  9999
2 45050  53.0462  95.1401 0001339 101.9391 258.1748 15.06404422198186
1 45050U 20006G   23245.82423522  .00010055  00000-0  69213-3 0  9991
2 45050  53.0545  91.5625 0001506  95.9391 264.1769 15.06443172197964
1 45050U 20006G   23246.02327658  .00008180  00000-0  56686-3 0  9993
2 45050  53.0545  90.6691 0001456  85.8144 274.3011 15.06434161198338
1 45050U 20006G   23246.28867811  .00004171  00000-0  29877-3 0  9999
2 45050  53.0546  89.4823 0000899  95.8040 264.3051 15.06397921198030
1 45050U 20006G   23246.28867811  .00004171  00000-0  29877-3 0  9999
2 45050  53.0546  89.4823 0000899  95.8040 264.3051 15.06397921198377
1 45050U 20006G   23246.95215201  .00000852  00000-0  76102-4 0  9999
2 45050  53.0565  86.4994 0001534  90.6704 269.4461 15.06393694198476
1 45050U 20006G   23247.54927346  .00003805  00000-0  27418-3 0  9991
2 45050  53.0557  83.8196 0001495  96.6585 263.4574 15.06400094198226
1 45050U 20006G   23247.81465814  .00005611  00000-0  39522-3 0  9994
2 45050  53.0549  82.6287 0001425  94.9074 265.2078 15.06407988198602
1 45050U 20006G   23248.54447873  .00005732  00000-0  40336-3 0  9999
2 45050  53.0559  79.3523 0001809  94.5716 265.5479 15.06402761198370
1 45050U 20006G   23248.54447873  .00005732  00000-0  40336-3 0  9999
2 45050  53.0559  79.3523 0001809  94.5716 265.5479 15.06402761198718
1 45050U 20006G   23249.80505530  .00008641  00000-0  59790-3 0  9990
2 45050  53.0542  73.6925 0001620  92.6936 267.4238 15.06425639198563
1 45050U 20006G   23249.80505530  .00008641  00000-0  59790-3 0  9990
2 45050  53.0542  73.6925 0001620  92.6936 267.4238 15.06425639198901
1 45050U 20006G   23250.46853012  .00001992  00000-0  15255-3 0  9995
2 45050  53.0553  70.7150 0001531  89.3646 270.7519 15.06402579199002
1 45050U 20006G   23250.53487762  .00000824  00000-0  74186-4 0  9990
2 45050  53.0548  70.4164 0001522  90.2932 269.8231 15.06399115198670
1 45050U 20006G   23251.53007864  .00005659  00000-0  39838-3 0  9997
2 45050  53.0544  65.9485 0001628  90.5056 269.6120 15.06410124198824
1 45050U 20006G   23251.79546308  .00008450  00000-0  58518-3 0  9994
2 45050  53.0549  64.7574 0001413  81.4821 278.6328 15.06418843199205
1 45050U 20006G   23251.86180935  .00009625  00000-0  66380-3 0  9993
2 45050  53.0550  64.4596 0001389  80.5280 279.5866 15.06421476198874
1 45050U 20006G   23252.45894088  .00010180  00000-0  70110-3 0  9994
2 45050  53.0547  61.7791 0002011  82.6809 277.4408 15.06410639199307
1 45050U 20006G   23252.52528694  .00010995  00000-0  75560-3 0  9997
2 45050  53.0547  61.4813 0002045  82.7299 277.3922 15.06414020198970
1 45050U 20006G   23252.79067655  .00006255  00000-0  43840-3 0  9991
2 45050  53.0550  60.2910 0001432  84.0964 276.0188 15.06403396199359
1 45050U 20006G   23253.45413775  .00008468  00000-0  58643-3 0  9998
2 45050  53.0551  57.3124 0001411  83.7132 276.4018 15.06418721199112
1 45050U 20006G   23253.71952017  .00009952  00000-0  68555-3 0  9996
2 45050  53.0552  56.1206 0001375  85.5734 274.5412 15.06426355199498
1 45050U 20006G   23254.25029637  .00006682  00000-0  46684-3 0  9995
2 45050  53.0549  53.7374 0001342 103.7431 256.3707 15.06415513199572
1 45050U 20006G   23254.58203587  .00003677  00000-0  26555-3 0  9995
2 45050  53.0552  52.2482 0001315  96.7467 263.3672 15.06404056199287
1 45050U 20006G   23254.71472786  .00005452  00000-0  38455-3 0  9994
2 45050  53.0553  51.6526 0001322  94.5105 265.6035 15.06409905199649
1 45050U 20006G   23255.57722683  .00012070  00000-0  82706-3 0  9995
2 45050  53.0548  47.7805 0001278  93.2736 266.8400 15.06432741199435
1 45050U 20006G   23255.70991735  .00013931  00000-0  95127-3 0  9994
2 45050  53.0552  47.1847 0001230  93.1132 266.9997 15.06439062199791
1 45050U 20006G   23256.10799730  .00014872  00000-0  10141-2 0  9997
2 45050  53.0558  45.3983 0001271  87.6463 272.4672 15.06440592199857
1 45050U 20006G   23256.43974119  .00009912  00000-0  68310-3 0  9990
2 45050  53.0554  43.9088 0001378  86.3659 273.7488 15.06416568199905
1 45050U 20006G   23256.57243531  .00007883  00000-0  54730-3 0  9998
2 45050  53.0554  43.3125 0001173  83.4722 276.6400 15.06412662199584
1 45050U 20006G   23256.70512652  .00008936  00000-0  61771-3 0  9999
2 45050  53.0556  42.7167 0001198  80.2046 279.9079 15.06418225199608
1 45050U 20006G   23257.43495187  .00004547  00000-0  32394-3 0  9996
2 45050  53.0563  39.4422 0001325  84.9526 275.1615 15.06403910200050
1 45050U 20006G   23257.56764661  .00003635  00000-0  26279-3 0  9998
2 45050  53.0556  38.8444 0001131  80.4698 279.6418 15.06400232199731
1 45050U 20006G   23257.83303635  .00003664  00000-0  26475-3 0  9998
2 45050  53.0557  37.6532 0001071  74.3175 285.7933 15.06397198199772
1 45050U 20006G   23258.09843304  .00002911  00000-0  21430-3 0  9999
2 45050  53.0560  36.4619 0001427  82.6280 277.4871 15.06389725200154
1 45050U 20006G   23258.56286877  .00005062  00000-0  35860-3 0  9999
2 45050  53.0565  34.3785 0001291  83.1669 276.9467 15.06386916199887
1 45050U 20006G   23259.55806114  .00013862  00000-0  94702-3 0  9998
2 45050  53.0561  29.9095 0001271  85.5528 274.5606 15.06424876200032
1 45050U 20006G   23259.62440626  .00015396  00000-0  10494-2 0  9997
2 45050  53.0560  29.6120 0001263  84.4013 275.7120 15.06430101200385
1 45050U 20006G   23260.35422502  .00010597  00000-0  72883-3 0  9991
2 45050  53.0563  26.3372 0000997  69.9584 290.1513 15.06421060200151
1 45050U 20006G   23260.35422502  .00010597  00000-0  72883-3 0  9991
2 45050  53.0563  26.3372 0000997  69.9584 290.1513 15.06421060200498
1 45050U 20006G   23261.08403203  .00010889  00000-0  74815-3 0  9990
2 45050  53.0562  23.0584 0001065 109.9326 250.1778 15.06430648200606
1 45050U 20006G   23261.54845055  .00014884  00000-0  10147-2 0  9992
2 45050  53.0567  20.9751 0001204  90.6839 269.4288 15.06446449200338
1 45050U 20006G   23261.81382912  .00023797  00000-0  16083-2 0  9998
2 45050  53.0567  19.7829 0001462 124.8246 235.2881 15.06464554200379
1 45050U 20006G   23261.81382912  .00023797  00000-0  16083-2 0  9998
2 45050  53.0567  19.7829 0001462 124.8246 235.2881 15.06464554200717
1 45050U 20006G   23262.47731166  .00009103  00000-0  62889-3 0  9991
2 45050  53.0562  16.8054 0001400  96.3914 263.7234 15.06420470200815
1 45050U 20006G   23263.53887234 -.00003168  00000-0 -19392-3 0  9995
2 45050  53.0569  12.0401 0001595 108.1640 251.9523 15.06384328200977
1 45050U 20006G   23263.60522232 -.00001933  00000-0 -11098-3 0  9990
2 45050  53.0561  11.7427 0001253  87.8622 272.2510 15.06384800200648
1 45050U 20006G   23263.67157118 -.00002524  00000-0 -15066-3 0  9990
2 45050  53.0562  11.4453 0001231  83.2874 276.8255 15.06382956200657
1 45050U 20006G   23264.53409104  .00010993  00000-0  75568-3 0  9991
2 45050  53.0562   7.5730 0001219  71.0122 289.0999 15.06403072200786
1 45050U 20006G   23264.60043858  .00011040  00000-0  75881-3 0  9991
2 45050  53.0560   7.2752 0001224  70.0843 290.0278 15.06403281201134
1 45050U 20006G   23264.79947955  .00011795  00000-0  80925-3 0  9994
2 45050  53.0558   6.3816 0001231  65.6185 294.4933 15.06407430200820
1 45050U 20006G   23265.52928212  .00022105  00000-0  14964-2 0  9997
2 45050  53.0556   3.1054 0001245  66.3719 293.7401 15.06445966200933
1 45050U 20006G   23265.59562643  .00022782  00000-0  15413-2 0  9997
2 45050  53.0556   2.8075 0001257  66.0844 294.0276 15.06450581201283
1 45050U 20006G   23265.79465772  .00024893  00000-0  16812-2 0  9993
2 45050  53.0555   1.9139 0001262  64.9336 295.1784 15.06465321200971
1 45050U 20006G   23266.52448656  .00009241  00000-0  63810-3 0  9998
2 45050  53.0558 358.6379 0001171  71.1391 288.9724 15.06422225201085
1 45050U 20006G   23266.52448656  .00009241  00000-0  63810-3 0  9998
2 45050  53.0558 358.6379 0001171  71.1391 288.9724 15.06422225201423
1 45050U 20006G   23267.45333331  .00000252  00000-0  35777-4 0  9999
2 45050  53.0556 354.4681 0001250  56.9303 303.1806 15.06405770201565
1 45050U 20006G   23267.51967807  .00000506  00000-0  52820-4 0  9997
2 45050  53.0557 354.1691 0001301  79.6887 280.4249 15.06408313201238
1 45050U 20006G   23267.71871711  .00003963  00000-0  28465-3 0  9994
2 45050  53.0559 353.2757 0001220  92.7708 267.3421 15.06414858201261
1 45050U 20006G   23267.71871711  .00003963  00000-0  28465-3 0  9994
2 45050  53.0559 353.2757 0001220  92.7708 267.3421 15.06414858201609
1 45050U 20006G   23268.38219509  .00016672  00000-0  11345-2 0  9998
2 45050  53.0562 350.2975 0001316 103.4346 256.6790 15.06432416201707
1 45050U 20006G   23268.51489252  .00012767  00000-0  87393-3 0  9995
2 45050  53.0563 349.7031 0001274  93.9124 266.2011 15.06422109201389
1 45050U 20006G   23268.71392940  .00015202  00000-0  10364-2 0  9994
2 45050  53.0564 348.8096 0001299  97.8001 262.3136 15.06431686201414
1 45050U 20006G   23268.71392940  .00015202  00000-0  10364-2 0  9994
2 45050  53.0564 348.8096 0001299  97.8001 262.3136 15.06431686201751
1 45050U 20006G   23269.44375309  .00015711  00000-0  10707-2 0  9991
2 45050  53.0566 345.5330 0001517  97.0200 263.0961 15.06420625201524
1 45050U 20006G   23269.44375309  .00015711  00000-0  10707-2 0  9991
2 45050  53.0566 345.5330 0001517  97.0200 263.0961 15.06420625201861
1 45050U 20006G   23270.37261201  .00014505  00000-0  98995-3 0  9996
2 45050  53.0560 341.3644 0001868 124.8145 235.3020 15.06425478202009
1 45050U 20006G   23270.50530948  .00008596  00000-0  59512-3 0  9993
2 45050  53.0559 340.7689 0001396 100.0854 260.0293 15.06410371201684
1 45050U 20006G   23270.50530948  .00008596  00000-0  59512-3 0  9993
2 45050  53.0559 340.7689 0001396 100.0854 260.0293 15.06410371202023
1 45050U 20006G   23270.96973833  .00007763  00000-0  53930-3 0  9990
2 45050  53.0558 338.6839 0001335  98.7012 261.4129 15.06412184202091
1 45050U 20006G   23271.50050637  .00011650  00000-0  79908-3 0  9992
2 45050  53.0554 336.3014 0001434  97.4961 262.6191 15.06428203201838
1 45050U 20006G   23271.50050637  .00011650  00000-0  79908-3 0  9992
2 45050  53.0554 336.3014 0001434  97.4961 262.6191 15.06428203202176
1 45050U 20006G   23272.42936887  .00006374  00000-0  44626-3 0  9990
2 45050  53.0554 332.1321 0001384 113.8440 246.2694 15.06411065202310
1 45050U 20006G   23272.56206309  .00006195  00000-0  43430-3 0  9997
2 45050  53.0557 331.5364 0001391  99.8898 260.2248 15.06411509201998
1 45050U 20006G   23272.69475551  .00006956  00000-0  48524-3 0  9992
2 45050  53.0557 330.9405 0001358  95.6936 264.4207 15.06414631202011
1 45050U 20006G   23273.42455438  .00014317  00000-0  97696-3 0  9990
2 45050  53.0551 327.6628 0001360 105.6801 254.4338 15.06443112202460
1 45050U 20006G   23273.88898266  .00008803  00000-0  60871-3 0  9998
2 45050  53.0557 325.5755 0001589  95.6506 264.4664 15.06427236202537
1 45050U 20006G   23274.41976007  .00009393  00000-0  64823-3 0  9994
2 45050  53.0549 323.1957 0001383  88.9217 271.1931 15.06423927202616
1 45050U 20006G   23274.55245310  .00008914  00000-0  61613-3 0  9997
2 45050  53.0548 322.6001 0001400  89.0699 271.0450 15.06424256202290
1 45050U 20006G   23275.81303953 -.00001590  00000-0 -87881-4 0  9996
2 45050  53.0552 316.9406 0001755  88.8684 271.2506 15.06399078202482
1 45050U 20006G   23275.81303953 -.00001590  00000-0 -87881-4 0  9996
2 45050  53.0552 316.9406 0001755  88.8684 271.2506 15.06399078202820
1 45050U 20006G   23276.54285517  .00003756  00000-0  27085-3 0  9995
2 45050  53.0549 313.6650 0001397  90.3969 269.7180 15.06406232202592
1 45050U 20006G   23277.07362583  .00008649  00000-0  59848-3 0  9991
2 45050  53.0551 311.2821 0001388  92.2709 267.8439 15.06420789203019
1 45050U 20006G   23277.47170210  .00015681  00000-0  10682-2 0  9995
2 45050  53.0548 309.4949 0001371  93.1486 266.9660 15.06438247202731
1 45050U 20006G   23277.80345345  .00005146  00000-0  36411-3 0  9999
2 45050  53.0548 308.0053 0002284  80.6026 279.5221 15.06401574202788
1 45050U 20006G   23277.80345345  .00005146  00000-0  36411-3 0  9999
2 45050  53.0548 308.0053 0002284  80.6026 279.5221 15.06401574203127
1 45050U 20006G   23278.40057974  .00009726  00000-0  67082-3 0  9990
2 45050  53.0546 305.3247 0001411  87.5619 272.5531 15.06406154203211
1 45050U 20006G   23278.46692779  .00008760  00000-0  60619-3 0  9990
2 45050  53.0545 305.0268 0001463  85.2875 274.8281 15.06404281202884
1 45050U 20006G   23278.79866152  .00009743  00000-0  67185-3 0  9991
2 45050  53.0551 303.5389 0001589  81.9639 278.1530 15.06411184202938
1 45050U 20006G   23279.46211907  .00018553  00000-0  12597-2 0  9993
2 45050  53.0545 300.5592 0001458  84.2260 275.8895 15.06441982203034
1 45050U 20006G   23279.46211907  .00018553  00000-0  12597-2 0  9993
2 45050  53.0545 300.5592 0001458  84.2260 275.8895 15.06441982203371
1 45050U 20006G   23279.79386171  .00012237  00000-0  83847-3 0  9995
2 45050  53.0549 299.0701 0001556  88.8822 271.2346 15.06422420203087
1 45050U 20006G   23279.79386171  .00012237  00000-0  83847-3 0  9995
2 45050  53.0549 299.0701 0001556  88.8822 271.2346 15.06422420203425
1 45050U 20006G   23280.45733686  .00010846  00000-0  74563-3 0  9996
2 45050  53.0545 296.0919 0001550  89.7268 270.3899 15.06415018203188
1 45050U 20006G   23280.45733686  .00010846  00000-0  74563-3 0  9996
2 45050  53.0545 296.0919 0001550  89.7268 270.3899 15.06415018203526
1 45050U 20006G   23281.45252252  .00017310  00000-0  11766-2 0  9990
2 45050  53.0554 291.6251 0001777  95.4795 264.6397 15.06448523203331
1 45050U 20006G   23281.71792255  .00006656  00000-0  46511-3 0  9999
2 45050  53.0548 290.4332 0002075  86.8712 273.2515 15.06414766203370
1 45050U 20006G   23281.71792255  .00006656  00000-0  46511-3 0  9999
2 45050  53.0548 290.4332 0002075  86.8712 273.2515 15.06414766203718
1 45050U 20006G   23282.04966058  .00010147  00000-0  69886-3 0  9990
2 45050  53.0550 288.9440 0002590  77.0512 283.0766 15.06415182203760
1 45050U 20006G   23282.31504794  .00006426  00000-0  44981-3 0  9999
2 45050  53.0546 287.7534 0001475  93.3192 266.7966 15.06407973203806
1 45050U 20006G   23282.51408686  .00007258  00000-0  50544-3 0  9990
2 45050  53.0544 286.8591 0001392  90.1474 269.9675 15.06412589203499
1 45050U 20006G   23283.04485341  .00013171  00000-0  90066-3 0  9996
2 45050  53.0544 284.4763 0001381  91.4393 268.6754 15.06433895203910
1 45050U 20006G   23283.44292525  .00018973  00000-0  12874-2 0  9995
2 45050  53.0542 282.6893 0001345  91.8296 268.2847 15.06452565203631
1 45050U 20006G   23283.70832786  .00008566  00000-0  59301-3 0  9997
2 45050  53.0547 281.4976 0002127  77.4837 282.6389 15.06417872203672
1 45050U 20006G   23283.70832786  .00008566  00000-0  59301-3 0  9997
2 45050  53.0547 281.4976 0002127  77.4837 282.6389 15.06417872204011
1 45050U 20006G   23284.37180871  .00004384  00000-0  31304-3 0  9999
2 45050  53.0541 278.5196 0001410  76.6215 283.4931 15.06396399204114
1 45050U 20006G   23284.50450214  .00005400  00000-0  38113-3 0  9990
2 45050  53.0541 277.9239 0001398  76.4907 283.6238 15.06400286203792
1 45050U 20006G   23285.49969871  .00018515  00000-0  12573-2 0  9995
2 45050  53.0540 273.4561 0001431  77.0079 283.1070 15.06437742203948
1 45050U 20006G   23285.69875531  .00007318  00000-0  50967-3 0  9995
2 45050  53.0540 272.5625 0001605  87.5395 272.5778 15.06401044203975
1 45050U 20006G   23285.69875531  .00007318  00000-0  50967-3 0  9995
2 45050  53.0540 272.5625 0001605  87.5395 272.5778 15.06401044204314
1 45050U 20006G   23286.36222394  .00015319  00000-0  10445-2 0  9999
2 45050  53.0544 269.5837 0001507  85.2556 274.8605 15.06420263204075
1 45050U 20006G   23286.69395033  .00019345  00000-0  13126-2 0  9998
2 45050  53.0543 268.0946 0001498  86.6374 273.4786 15.06440615204125
1 45050U 20006G   23286.69395033  .00019345  00000-0  13126-2 0  9998
2 45050  53.0543 268.0946 0001498  86.6374 273.4786 15.06440615204462
1 45050U 20006G   23287.35739535  .00025931  00000-0  17497-2 0  9994
2 45050  53.0544 265.1162 0001521  90.1914 269.9249 15.06477045204223
1 45050U 20006G   23287.35739535  .00025931  00000-0  17497-2 0  9994
2 45050  53.0544 265.1162 0001521  90.1914 269.9249 15.06477045204560
1 45050U 20006G   23287.95454252  .00004842  00000-0  34365-3 0  9992
2 45050  53.0546 262.4354 0001199 101.2161 258.8963 15.06404480204310
1 45050U 20006G   23288.21993481 -.00000560  00000-0 -18710-4 0  9996
2 45050  53.0546 261.2445 0001101  94.4310 265.6805 15.06391045204694
1 45050U 20006G   23288.35262939 -.00000200  00000-0  54548-5 0  9998
2 45050  53.0547 260.6488 0001116  93.5349 266.5768 15.06392185204372
1 45050U 20006G   23288.94975375  .00005632  00000-0  39667-3 0  9994
2 45050  53.0551 257.9679 0001024  95.8819 264.2287 15.06403560204464
1 45050U 20006G   23289.21514136  .00010309  00000-0  70968-3 0  9995
2 45050  53.0551 256.7766 0001034  96.5837 263.5269 15.06413425204505
1 45050U 20006G   23289.21514136  .00010309  00000-0  70968-3 0  9995
2 45050  53.0551 256.7766 0001034  96.5837 263.5269 15.06413425204842
1 45050U 20006G   23290.21034612  .00022748  00000-0  15395-2 0  9995
2 45050  53.0543 252.3083 0000628  93.1368 266.9693 15.06438519204655
1 45050U 20006G   23290.21034612  .00022748  00000-0  15395-2 0  9995
2 45050  53.0543 252.3083 0000628  93.1368 266.9693 15.06438519204992
1 45050U 20006G   23291.20552920  .00014581  00000-0  99446-3 0  9998
2 45050  53.0556 247.8410 0000777  79.0624 281.0452 15.06446911204808
1 45050U 20006G   23291.20552920  .00014581  00000-0  99446-3 0  9998
2 45050  53.0556 247.8410 0000777  79.0624 281.0452 15.06446911205146
1 45050U 20006G   23291.86900833  .00009965  00000-0  68656-3 0  9999
2 45050  53.0541 244.8660 0001260  75.5966 284.5163 15.06419946205248
1 45050U 20006G   23292.26708516  .00011332  00000-0  77785-3 0  9992
2 45050  53.0548 243.0757 0000558  94.5016 265.6037 15.06425568204964
1 45050U 20006G   23292.86419214  .00018375  00000-0  12474-2 0  9999
2 45050  53.0548 240.3952 0000770 142.8444 217.2599 15.06454344205050
1 45050U 20006G   23293.12957122  .00023760  00000-0  16055-2 0  9997
2 45050  53.0546 239.2043 0000549 100.1329 259.9722 15.06471666205090
1 45050U 20006G   23293.12957122  .00023760  00000-0  16055-2 0  9997
2 45050  53.0546 239.2043 0000549 100.1329 259.9722 15.06471666205438
1 45050U 20006G   23294.12480097  .00002743  00000-0  20299-3 0  9994
2 45050  53.0546 234.7369 0001050  99.5308 260.5800 15.06397799205580
1 45050U 20006G   23294.25749556  .00004608  00000-0  32803-3 0  9992
2 45050  53.0547 234.1420 0000895  96.6810 263.4281 15.06403532205268
1 45050U 20006G   23294.85461523  .00006288  00000-0  44053-3 0  9999
2 45050  53.0550 231.4612 0001205 107.4173 252.6948 15.06410682205358
1 45050U 20006G   23295.12000063  .00012101  00000-0  82930-3 0  9995
2 45050  53.0551 230.2702 0001202  92.0718 268.0409 15.06424586205730
1 45050U 20006G   23295.51807769  .00015200  00000-0  10363-2 0  9999
2 45050  53.0544 228.4818 0001184  82.8387 277.2736 15.06428485205453
1 45050U 20006G   23296.11522557  .00010086  00000-0  69507-3 0  9997
2 45050  53.0549 225.8028 0001154  92.2028 267.9093 15.06398931205540
1 45050U 20006G   23296.11522557  .00010086  00000-0  69507-3 0  9997
2 45050  53.0549 225.8028 0001154  92.2028 267.9093 15.06398931205887
1 45050U 20006G   23297.17676738  .00019040  00000-0  12923-2 0  9993
2 45050  53.0545 221.0375 0001286  99.8619 260.2515 15.06438740206048
1 45050U 20006G   23297.50849856  .00020621  00000-0  13975-2 0  9998
2 45050  53.0548 219.5450 0001275  90.2499 269.8636 15.06445905205753
1 45050U 20006G   23297.50849856  .00020621  00000-0  13975-2 0  9998
2 45050  53.0548 219.5450 0001275  90.2499 269.8636 15.06445905206091
1 45050U 20006G   23298.17194976  .00027164  00000-0  18320-2 0  9996
2 45050  53.0545 216.5711 0001181  91.6526 268.4598 15.06470825205851
1 45050U 20006G   23299.03445655  .00004791  00000-0  34000-3 0  9990
2 45050  53.0566 212.6951 0001351  86.6859 273.4284 15.06431275205987
1 45050U 20006G   23299.03445655  .00004791  00000-0  34000-3 0  9990
2 45050  53.0566 212.6951 0001351  86.6859 273.4284 15.06431275206326
1 45050U 20006G   23299.89697092  .00001028  00000-0  87894-4 0  9998
2 45050  53.0561 208.8245 0001283 103.2872 256.8260 15.06408988206110
1 45050U 20006G   23300.16235858  .00005014  00000-0  35518-3 0  9993
2 45050  53.0550 207.6326 0001425  89.7898 270.3254 15.06411511206153
1 45050U 20006G   23300.16235858  .00005014  00000-0  35518-3 0  9993
2 45050  53.0550 207.6326 0001425  89.7898 270.3254 15.06411511206490
1 45050U 20006G   23300.75948862  .00004114  00000-0  29492-3 0  9998
2 45050  53.0562 204.9529 0001364  98.8759 261.2385 15.06396996206580
1 45050U 20006G   23300.89217971  .00005859  00000-0  41187-3 0  9995
2 45050  53.0543 204.3547 0001680 107.9419 252.1753 15.06404046206268
1 45050U 20006G   23301.02487139  .00011445  00000-0  78561-3 0  9990
2 45050  53.0550 203.7627 0001357  93.0420 267.0724 15.06417760206626
1 45050U 20006G   23301.42296044  .00005699  00000-0  40119-3 0  9999
2 45050  53.0561 201.9753 0001539  93.3413 266.7752 15.06401912206343
1 45050U 20006G   23301.42296044  .00005699  00000-0  40119-3 0  9999
2 45050  53.0561 201.9753 0001539  93.3413 266.7752 15.06401912206680
1 45050U 20006G   23301.75470582  .00006903  00000-0  48199-3 0  9991
2 45050  53.0560 200.4861 0002359  86.1520 273.9738 15.06392163206730
1 45050U 20006G   23301.88739816  .00000258  00000-0  36237-4 0  9991
2 45050  53.0551 199.8907 0001455  86.8733 273.2422 15.06386153206411
1 45050U 20006G   23302.41816784  .00012142  00000-0  83222-3 0  9991
2 45050  53.0551 197.5083 0001382  87.0223 273.0925 15.06417594206495
1 45050U 20006G   23302.41816784  .00012142  00000-0  83222-3 0  9991
2 45050  53.0551 197.5083 0001382  87.0223 273.0925 15.06417594206833
1 45050U 20006G   23302.94893443  .00022025  00000-0  14910-2 0  9994
2 45050  53.0544 195.1255 0001239  86.2654 273.8476 15.06447896206578
1 45050U 20006G   23303.41336756  .00013001  00000-0  88943-3 0  9998
2 45050  53.0547 193.0403 0001242  97.7133 262.3997 15.06426523206986
1 45050U 20006G   23303.87780733  .00007231  00000-0  50379-3 0  9996
2 45050  53.0542 190.9559 0001104 104.0906 256.0206 15.06403205206712
1 45050U 20006G   23303.87780733  .00007231  00000-0  50379-3 0  9996
2 45050  53.0542 190.9559 0001104 104.0906 256.0206 15.06403205207050
1 45050U 20006G   23304.40858494  .00004487  00000-0  31994-3 0  9998
2 45050  53.0541 188.5733 0001275 101.4675 258.6457 15.06401708206791
1 45050U 20006G   23304.40858494  .00004487  00000-0  31994-3 0  9998
2 45050  53.0541 188.5733 0001275 101.4675 258.6457 15.06401708207130
1 45050U 20006G   23304.93936207  .00006725  00000-0  46987-3 0  9990
2 45050  53.0541 186.1909 0001354 104.8928 255.2211 15.06407425206878
1 45050U 20006G   23305.40379336  .00009237  00000-0  63804-3 0  9995
2 45050  53.0534 184.1056 0001328 108.8680 251.2453 15.06408574206949
1 45050U 20006G   23305.40379336  .00009237  00000-0  63804-3 0  9995
2 45050  53.0534 184.1056 0001328 108.8680 251.2453 15.06408574207287
1 45050U 20006G   23305.93456904  .00011261  00000-0  77342-3 0  9992
2 45050  53.0535 181.7233 0001378 108.3494 251.7645 15.06412295207026
1 45050U 20006G   23306.06726084  .00010989  00000-0  75514-3 0  9991
2 45050  53.0535 181.1277 0001374 107.8378 252.2761 15.06415395207040
1 45050U 20006G   23306.06726084  .00010989  00000-0  75514-3 0  9991
2 45050  53.0535 181.1277 0001374 107.8378 252.2761 15.06415395207387
1 45050U 20006G   23306.92975288  .00009184  00000-0  63407-3 0  9991
2 45050  53.0531 177.2557 0001361 107.4796 252.6342 15.06431826207179
1 45050U 20006G   23307.19513483  .00005909  00000-0  41495-3 0  9990
2 45050  53.0533 176.0640 0001312 102.2678 257.8458 15.06429277207553
1 45050U 20006G   23307.26149164 -.00003375  00000-0 -20778-3 0  9997
2 45050  53.0534 175.7662 0001254 102.7071 257.4058 15.06400312207563
1 45050U 20006G   23307.59322494 -.00002372  00000-0 -14038-3 0  9990
2 45050  53.0535 174.2771 0001263  94.0362 266.0771 15.06401699207270
1 45050U 20006G   23307.92495743 -.00001118  00000-0 -56158-4 0  9992
2 45050  53.0536 172.7881 0001221  99.1375 260.9752 15.06404117207326
1 45050U 20006G   23308.32303839 -.00000197  00000-0  56963-5 0  9991
2 45050  53.0536 171.0010 0001212  98.3985 261.7142 15.06403791207385
1 45050U 20006G   23308.32303839 -.00000197  00000-0  56963-5 0  9991
2 45050  53.0536 171.0010 0001212  98.3985 261.7142 15.06403791207723
1 45050U 20006G   23308.92015989  .00003004  00000-0  22042-3 0  9991
2 45050  53.0536 168.3203 0001262  98.9502 261.1630 15.06407152207475
1 45050U 20006G   23309.31824261  .00004454  00000-0  31765-3 0  9998
2 45050  53.0535 166.5332 0001202  94.9070 265.2056 15.06406303207538
1 45050U 20006G   23309.78267394  .00004210  00000-0  30135-3 0  9997
2 45050  53.0539 164.4487 0001268  94.8478 265.2656 15.06399986207942
1 45050U 20006G   23309.91536467  .00007975  00000-0  55351-3 0  9990
2 45050  53.0539 163.8531 0001275  94.9398 265.1737 15.06411747207629
1 45050U 20006G   23309.98171078  .00008104  00000-0  56209-3 0  9998
2 45050  53.0537 163.5551 0001263  93.4748 266.6386 15.06413051207970
1 45050U 20006G   23310.31344047  .00008325  00000-0  57683-3 0  9997
2 45050  53.0538 162.0658 0001267  92.1307 267.9827 15.06419053207684
1 45050U 20006G   23310.84420593  .00008951  00000-0  61857-3 0  9999
2 45050  53.0538 159.6828 0001248  91.9381 268.1751 15.06428730207763
1 45050U 20006G   23311.30863455  .00004171  00000-0  29860-3 0  9997
2 45050  53.0537 157.5975 0001258  89.0996 271.0137 15.06416705207831
1 45050U 20006G   23311.30863455  .00004171  00000-0  29860-3 0  9997
2 45050  53.0537 157.5975 0001258  89.0996 271.0137 15.06416705208179
1 45050U 20006G   23311.83941825 -.00003671  00000-0 -22772-3 0  9994
2 45050  53.0547 155.2146 0001464  93.4906 266.6251 15.06391798207916
1 45050U 20006G   23311.83941825 -.00003671  00000-0 -22772-3 0  9994
2 45050  53.0547 155.2146 0001464  93.4906 266.6251 15.06391798208254
1 45050U 20006G   23312.83462693  .00001610  00000-0  12700-3 0  9995
2 45050  53.0536 150.7472 0001439  92.0120 268.1033 15.06394735208067
1 45050U 20006G   23312.83462693  .00001610  00000-0  12700-3 0  9995
2 45050  53.0536 150.7472 0001439  92.0120 268.1033 15.06394735208405
1 45050U 20006G   23313.82983718  .00005856  00000-0  41172-3 0  9992
2 45050  53.0534 146.2797 0001571  91.0214 269.0955 15.06397761208217
1 45050U 20006G   23313.96253074  .00005629  00000-0  39652-3 0  9990
2 45050  53.0534 145.6841 0001573  90.9201 269.1968 15.06398922208570
1 45050U 20006G   23314.49330384  .00004944  00000-0  35052-3 0  9998
2 45050  53.0532 143.3012 0001567  91.1057 269.0112 15.06403861208319
1 45050U 20006G   23314.82503511  .00005187  00000-0  36679-3 0  9995
2 45050  53.0531 141.8120 0001569  91.1658 268.9510 15.06408592208361
1 45050U 20006G   23315.22311581  .00002572  00000-0  19151-3 0  9995
2 45050  53.0528 140.0247 0001548  90.2001 269.9165 15.06404420208764
1 45050U 20006G   23315.55485220 -.00000498  00000-0 -14540-4 0  9998
2 45050  53.0528 138.5355 0001590  91.6948 268.4224 15.06396829208479
1 45050U 20006G   23315.82023923 -.00000671  00000-0 -26147-4 0  9995
2 45050  53.0527 137.3441 0001585  91.3355 268.7815 15.06396771208851
1 45050U 20006G   23315.88658569 -.00000856  00000-0 -38586-4 0  9996
2 45050  53.0527 137.0462 0001595  91.4121 268.7050 15.06396631208524
1 45050U 20006G   23316.48370710  .00000038  00000-0  21433-4 0  9995
2 45050  53.0526 134.3654 0001598  89.8369 270.2803 15.06398183208612
1 45050U 20006G   23316.81544003  .00000952  00000-0  82832-4 0  9995
2 45050  53.0528 132.8761 0001594  89.4189 270.6982 15.06400919208666
1 45050U 20006G   23317.47890860  .00001946  00000-0  14949-3 0  9990
2 45050  53.0527 129.8987 0001604  87.7096 272.4076 15.06400913208760
1 45050U 20006G   23317.47890860  .00001946  00000-0  14949-3 0  9990
2 45050  53.0527 129.8987 0001604  87.7096 272.4076 15.06400913209109
1 45050U 20006G   23317.74429531  .00001979  00000-0  15170-3 0  9996
2 45050  53.0527 128.7067 0001577  89.6032 270.5138 15.06401306208807
1 45050U 20006G   23318.20872070  .00002015  00000-0  15414-3 0  9991
2 45050  53.0534 126.6225 0001623  87.1021 273.0154 15.06404487208877
1 45050U 20006G   23318.60679722  .00002527  00000-0  18845-3 0  9993
2 45050  53.0527 124.8342 0001542  91.1688 268.9478 15.06409158208932
1 45050U 20006G   23318.60679722  .00002527  00000-0  18845-3 0  9993
2 45050  53.0527 124.8342 0001542  91.1688 268.9478 15.06409158209270
1 45050U 20006G   23319.46929417  .00003145  00000-0  22981-3 0  9990
2 45050  53.0527 120.9619 0001565  91.9909 268.1260 15.06417686209066
1 45050U 20006G   23319.73468044  .00000743  00000-0  68749-4 0  9998
2 45050  53.0531 119.7693 0001475  98.1532 261.9624 15.06411660209106
1 45050U 20006G   23319.73468044  .00000743  00000-0  68749-4 0  9998
2 45050  53.0531 119.7693 0001475  98.1532 261.9624 15.06411660209443
1 45050U 20006G   23320.46450427 -.00004775  00000-0 -30200-3 0  9997
2 45050  53.0535 116.4942 0001185  94.5077 265.6047 15.06389356209211
1 45050U 20006G   23320.46450427 -.00004775  00000-0 -30200-3 0  9997
2 45050  53.0535 116.4942 0001185  94.5077 265.6047 15.06389356209558
1 45050U 20006G   23320.72989330 -.00003724  00000-0 -23136-3 0  9999
2 45050  53.0541 115.3031 0000584  83.9708 276.1348 15.06388070209257
1 45050U 20006G   23321.12797318 -.00007838  00000-0 -50793-3 0  9996
2 45050  53.0531 113.5159 0001231  94.0582 266.0548 15.06397019209310
1 45050U 20006G   23321.12797318 -.00007838  00000-0 -50793-3 0  9996
2 45050  53.0531 113.5159 0001231  94.0582 266.0548 15.06397019209657
1 45050U 20006G   23321.79144907 -.00002126  00000-0 -12392-3 0  9997
2 45050  53.0529 110.5373 0001162  88.4241 271.6881 15.06388933209412
1 45050U 20006G   23322.78667678 -.00003209  00000-0 -19683-3 0  9995
2 45050  53.0553 106.0696 0001133  82.2586 277.8531 15.06367069209562
1 45050U 20006G   23322.78667678 -.00003209  00000-0 -19683-3 0  9995
2 45050  53.0553 106.0696 0001133  82.2586 277.8531 15.06367069209900
1 45050U 20006G   23323.38380078 -.00001038  00000-0 -50841-4 0  9998
2 45050  53.0600 103.3863 0000623 144.6651 215.4379 15.06375757209998
1 45050U 20006G   23323.58284160  .00003877  00000-0  27910-3 0  9996
2 45050  53.0552 102.4959 0001174  80.9682 279.1440 15.06388355209688
1 45050U 20006G   23323.71555696  .00027737  00000-0  18761-2 0  9990
2 45050  53.0540 101.9011 0001504  77.1507 282.9650 15.06351354209706
1 45050U 20006G   23323.71555696  .00027737  00000-0  18761-2 0  9990
2 45050  53.0540 101.9011 0001504  77.1507 282.9650 15.06351354210045
1 45050U 20006G   23324.11361856  .00003716  00000-0  26829-3 0  9994
2 45050  53.0547 100.1138 0001053  84.2388 275.8721 15.06392213210104
1 45050U 20006G   23324.57804577  .00003396  00000-0  24674-3 0  9996
2 45050  53.0539  98.0292 0001128  82.1499 277.9618 15.06399567209839
1 45050U 20006G   23324.77708514  .00003959  00000-0  28452-3 0  9995
2 45050  53.0541  97.1357 0001135  82.4916 277.6202 15.06402666209863
1 45050U 20006G   23325.57324129  .00003999  00000-0  28715-3 0  9996
2 45050  53.0543  93.5613 0001136  81.5512 278.5606 15.06410828209983
1 45050U 20006G   23325.83862428  .00005694  00000-0  40063-3 0  9998
2 45050  53.0542  92.3699 0001155  81.4510 278.6610 15.06418129210026
1 45050U 20006G   23325.83862428  .00005694  00000-0  40063-3 0  9998
2 45050  53.0542  92.3699 0001155  81.4510 278.6610 15.06418129210363
1 45050U 20006G   23326.56842233  .00009033  00000-0  62387-3 0  9995
2 45050  53.0544  89.0936 0001174  80.1029 280.0093 15.06437810210139
1 45050U 20006G   23326.63476715  .00009546  00000-0  65819-3 0  9993
2 45050  53.0545  88.7957 0001175  79.7784 280.3338 15.06440228210145
1 45050U 20006G   23326.63476715  .00009546  00000-0  65819-3 0  9993
2 45050  53.0545  88.7957 0001175  79.7784 280.3338 15.06440228210482
1 45050U 20006G   23327.49727622  .00001096  00000-0  92432-4 0  9998
2 45050  53.0548  84.9233 0000759 111.7457 248.3613 15.06414845210612
1 45050U 20006G   23327.56362604 -.00002259  00000-0 -13277-3 0  9994
2 45050  53.0549  84.6244 0001160 101.5433 258.5686 15.06405023210284
1 45050U 20006G   23327.56362604 -.00002259  00000-0 -13277-3 0  9994
2 45050  53.0549  84.6244 0001160 101.5433 258.5686 15.06405023210622
1 45050U 20006G   23328.49248796 -.00002195  00000-0 -12857-3 0  9994
2 45050  53.0551  80.4563 0001048  82.0232 278.0876 15.06393527210766
1 45050U 20006G   23328.55883414 -.00002578  00000-0 -15427-3 0  9994
2 45050  53.0553  80.1568 0001270 111.1356 248.9769 15.06392638210431
1 45050U 20006G   23328.82422244 -.00000271  00000-0  69303-6 0  9996
2 45050  53.0550  78.9640 0001136 102.8206 257.2910 15.06394310210470
1 45050U 20006G   23329.55404525  .00003296  00000-0  24007-3 0  9997
2 45050  53.0557  75.6871 0001335  91.9288 268.1854 15.06393299210581
1 45050U 20006G   23329.62039279  .00003968  00000-0  28516-3 0  9990
2 45050  53.0567  75.3893 0001545  79.5476 280.5687 15.06395568210591
1 45050U 20006G   23330.54924562 -.00003574  00000-0 -22127-3 0  9998
2 45050  53.0571  71.2197 0001620  90.4333 269.6842 15.06385436210736
1 45050U 20006G   23330.54924562 -.00003574  00000-0 -22127-3 0  9998
2 45050  53.0571  71.2197 0001620  90.4333 269.6842 15.06385436211074
1 45050U 20006G   23331.54446361 -.00004141  00000-0 -25940-3 0  9992
2 45050  53.0567  66.7556 0001702  96.9635 263.1547 15.06381407210887
1 45050U 20006G   23331.67715502 -.00004529  00000-0 -28546-3 0  9997
2 45050  53.0564  66.1582 0001646 106.8354 253.2815 15.06383890210902
1 45050U 20006G   23331.67715502 -.00004529  00000-0 -28546-3 0  9997
2 45050  53.0564  66.1582 0001646 106.8354 253.2815 15.06383890211240
1 45050U 20006G   23332.47332376  .00013224  00000-0  90487-3 0  9993
2 45050  53.0572  62.5877 0001713  92.8171 267.3014 15.06404901211369
1 45050U 20006G   23332.53966920  .00015367  00000-0  10479-2 0  9990
2 45050  53.0570  62.2902 0001856  88.5214 271.5988 15.06412370211031
1 45050U 20006G   23333.46853259 -.00001932  00000-0 -11091-3 0  9990
2 45050  53.0572  58.1165 0001661  89.3525 270.7654 15.06385211211513
1 45050U 20006G   23333.53487200  .00006245  00000-0  43765-3 0  9990
2 45050  53.0569  57.8179 0001637  91.7566 268.3610 15.06409543211188
1 45050U 20006G   23333.53487200  .00006245  00000-0  43765-3 0  9990
2 45050  53.0569  57.8179 0001637  91.7566 268.3610 15.06409543211526
1 45050U 20006G   23334.46370292  .00016840  00000-0  11450-2 0  9992
2 45050  53.0554  53.6495 0001585  92.6355 267.4816 15.06455511211662
1 45050U 20006G   23335.45891258  .00004043  00000-0  29006-3 0  9991
2 45050  53.0553  49.1816 0001334  69.8646 290.2487 15.06413259211817
1 45050U 20006G   23335.52525786  .00002830  00000-0  20874-3 0  9995
2 45050  53.0555  48.8836 0001344  80.7813 279.3328 15.06411833211487
1 45050U 20006G   23336.45408871  .00021341  00000-0  14446-2 0  9998
2 45050  53.0554  44.7145 0001102 100.4135 259.6979 15.06468644211961
1 45050U 20006G   23336.52044475  .00012454  00000-0  85254-3 0  9993
2 45050  53.0560  44.4134 0001398  69.1888 290.9251 15.06441583211634
1 45050U 20006G   23336.52044475  .00012454  00000-0  85254-3 0  9993
2 45050  53.0560  44.4134 0001398  69.1888 290.9251 15.06441583211971
1 45050U 20006G   23337.18392562  .00011189  00000-0  76854-3 0  9999
2 45050  53.0547  41.4447 0001209  84.3882 275.7245 15.06415267212070
1 45050U 20006G   23337.44932629 -.00005113  00000-0 -32489-3 0  9990
2 45050  53.0551  40.2475 0001134  80.0561 280.0556 15.06371736212118
1 45050U 20006G   23337.58202356 -.00005998  00000-0 -38448-3 0  9994
2 45050  53.0548  39.6534 0001189  71.1322 288.9796 15.06368270211793
1 45050U 20006G   23338.44453725  .00008455  00000-0  58584-3 0  9990
2 45050  53.0547  35.7834 0001079  71.8314 288.2792 15.06397722211926
1 45050U 20006G   23338.44453725  .00008455  00000-0  58584-3 0  9990
2 45050  53.0547  35.7834 0001079  71.8314 288.2792 15.06397722212264
1 45050U 20006G   23339.17436959  .00024050  00000-0  16275-2 0  9990
2 45050  53.0559  32.5065 0001483  95.6052 264.5106 15.06410559212372
1 45050U 20006G   23339.43975769  .00018251  00000-0  12407-2 0  9995
2 45050  53.0554  31.3173 0001375  89.4263 270.6884 15.06407274212077
1 45050U 20006G   23339.43975769  .00018251  00000-0  12407-2 0  9995
2 45050  53.0554  31.3173 0001375  89.4263 270.6884 15.06407274212415
1 45050U 20006G   23340.36859343  .00012121  00000-0  83049-3 0  9999
2 45050  53.0559  27.1444 0001407  97.4595 262.6553 15.06432340212211
1 45050U 20006G   23341.09840887  .00003609  00000-0  26095-3 0  9992
2 45050  53.0562  23.8682 0001557  93.8827 266.2340 15.06415649212662
1 45050U 20006G   23341.43014530 -.00002915  00000-0 -17690-3 0  9990
2 45050  53.0552  22.3758 0001447 109.8875 250.2270 15.06398650212373
1 45050U 20006G   23341.43014530 -.00002915  00000-0 -17690-3 0  9990
2 45050  53.0552  22.3758 0001447 109.8875 250.2270 15.06398650212711
1 45050U 20006G   23342.49169657  .00000253  00000-0  35859-4 0  9997
2 45050  53.0551  17.6119 0001587 106.7756 253.3407 15.06399057212535
1 45050U 20006G   23342.49169657  .00000253  00000-0  35859-4 0  9997
2 45050  53.0551  17.6119 0001587 106.7756 253.3407 15.06399057212872
1 45050U 20006G   23343.35421134  .00002491  00000-0  18609-3 0  9993
2 45050  53.0552  13.7410 0001578  99.9651 260.1517 15.06395327212662
1 45050U 20006G   23343.35421134  .00002491  00000-0  18609-3 0  9993
2 45050  53.0552  13.7410 0001578  99.9651 260.1517 15.06395327213001
1 45050U 20006G   23344.48209908  .00003903  00000-0  28069-3 0  9991
2 45050  53.0555   8.6778 0001669 106.4753 253.6419 15.06410058212839
1 45050U 20006G   23344.48209908  .00003903  00000-0  28069-3 0  9991
2 45050  53.0555   8.6778 0001669 106.4753 253.6419 15.06410058213177
1 45050U 20006G   23345.34461212 -.00001250  00000-0 -65049-4 0  9990
2 45050  53.0551   4.7986 0001479  82.3165 277.7992 15.06396793212967
1 45050U 20006G   23345.34461212 -.00001250  00000-0 -65049-4 0  9990
2 45050  53.0551   4.7986 0001479  82.3165 277.7992 15.06396793213306
1 45050U 20006G   23346.27346815  .00001952  00000-0  14989-3 0  9997
2 45050  53.0551   0.6359 0001497  87.0552 273.0608 15.06397023213105
1 45050U 20006G   23347.33501789  .00000380  00000-0  44384-4 0  9995
2 45050  53.0549 355.8695 0001497  87.5726 272.5434 15.06396823213263
1 45050U 20006G   23347.33501789  .00000380  00000-0  44384-4 0  9995
2 45050  53.0549 355.8695 0001497  87.5726 272.5434 15.06396823213601
1 45050U 20006G   23347.86579014  .00001641  00000-0  12906-3 0  9994
2 45050  53.0550 353.4885 0001480  86.5367 273.5791 15.06402029213344
1 45050U 20006G   23348.33021402  .00003065  00000-0  22455-3 0  9992
2 45050  53.0549 351.4038 0001507  85.6184 274.4977 15.06408543213418
1 45050U 20006G   23348.33021402  .00003065  00000-0  22455-3 0  9992
2 45050  53.0549 351.4038 0001507  85.6184 274.4977 15.06408543213755
1 45050U 20006G   23349.19272693 -.00001145  00000-0 -57973-4 0  9990
2 45050  53.0548 347.5319 0001532  85.3032 274.8132 15.06395529213889
1 45050U 20006G   23349.25907370 -.00001098  00000-0 -54807-4 0  9994
2 45050  53.0547 347.2339 0001536  84.8039 275.3125 15.06395619213554
1 45050U 20006G   23350.25427196  .00002252  00000-0  17004-3 0  9997
2 45050  53.0555 342.7698 0001681  79.2668 280.8510 15.06406074213702
1 45050U 20006G   23350.25427196  .00002252  00000-0  17004-3 0  9997
2 45050  53.0555 342.7698 0001681  79.2668 280.8510 15.06406074214040
1 45050U 20006G   23351.11678631 -.00001003  00000-0 -48464-4 0  9995
2 45050  53.0552 338.8880 0001516  99.3715 260.7446 15.06391924214175
1 45050U 20006G   23351.24948211 -.00000770  00000-0 -32819-4 0  9990
2 45050  53.0555 338.3045 0001600 109.6949 250.4213 15.06391069213856
1 45050U 20006G   23352.11198662  .00005337  00000-0  37682-3 0  9998
2 45050  53.0559 334.4230 0001585  78.5742 281.5425 15.06410088214326
1 45050U 20006G   23352.17833766  .00006977  00000-0  48669-3 0  9993
2 45050  53.0558 334.1325 0002240  52.9682 307.1511 15.06412170213992
1 45050U 20006G   23353.17354746 -.00001871  00000-0 -10678-3 0  9999
2 45050  53.0553 329.6562 0001430  99.9851 260.1300 15.06384620214485
1 45050U 20006G   23353.23989547 -.00002135  00000-0 -12450-3 0  9993
2 45050  53.0553 329.3608 0001391  96.9295 263.1852 15.06383731214159
1 45050U 20006G   23354.16874877  .00001285  00000-0  10516-3 0  9999
2 45050  53.0548 325.1927 0001361  89.6528 270.4617 15.06399956214635
1 45050U 20006G   23354.23509569  .00002719  00000-0  20137-3 0  9993
2 45050  53.0550 324.8944 0001354  89.7087 270.4057 15.06401183214304
1 45050U 20006G   23355.16396225  .00000597  00000-0  58964-4 0  9991
2 45050  53.0542 320.7299 0001351  83.2255 276.8888 15.06387903214783
1 45050U 20006G   23355.23030833  .00001035  00000-0  88385-4 0  9997
2 45050  53.0546 320.4301 0001344  85.8552 274.2591 15.06390063214456
1 45050U 20006G   23356.15915349  .00005507  00000-0  38814-3 0  9992
2 45050  53.0541 316.2587 0001375  86.1999 273.9147 15.06414103214593
1 45050U 20006G   23356.15915349  .00005507  00000-0  38814-3 0  9992
2 45050  53.0541 316.2587 0001375  86.1999 273.9147 15.06414103214931
1 45050U 20006G   23357.15434947 -.00006452  00000-0 -41477-3 0  9994
2 45050  53.0541 311.7910 0001225  70.7385 289.3736 15.06389540215081
1 45050U 20006G   23357.28703982 -.00004288  00000-0 -26920-3 0  9997
2 45050  53.0537 311.1936 0001087 106.6040 253.5069 15.06396047214767
1 45050U 20006G   23357.28703982 -.00004288  00000-0 -26920-3 0  9997
2 45050  53.0537 311.1936 0001087 106.6040 253.5069 15.06396047215106
1 45050U 20006G   23358.08319876 -.00001220  00000-0 -63039-4 0  9997
2 45050  53.0556 307.6204 0001164  97.9815 262.1306 15.06404850215228
1 45050U 20006G   23358.28223670  .00002624  00000-0  19494-3 0  9997
2 45050  53.0550 306.7246 0001168 104.8459 255.2659 15.06412607214912
1 45050U 20006G   23358.28223670  .00002624  00000-0  19494-3 0  9997
2 45050  53.0550 306.7246 0001168 104.8459 255.2659 15.06412607215250
1 45050U 20006G   23359.14473570  .00014878  00000-0  10145-2 0  9996
2 45050  53.0551 302.8529 0001173 109.9128 250.1987 15.06440721215040
1 45050U 20006G   23359.14473570  .00014878  00000-0  10145-2 0  9996
2 45050  53.0551 302.8529 0001173 109.9128 250.1987 15.06440721215387
1 45050U 20006G   23359.87456594  .00009339  00000-0  64480-3 0  9991
2 45050  53.0559 299.5759 0001426 115.4077 244.7059 15.06412286215157
1 45050U 20006G   23360.07361184  .00001668  00000-0  13084-3 0  9996
2 45050  53.0551 298.6831 0001256 100.3046 259.8084 15.06393351215527
1 45050U 20006G   23360.47169535  .00001957  00000-0  15025-3 0  9994
2 45050  53.0551 296.8962 0001358 104.5024 255.6115 15.06394740215248
1 45050U 20006G   23361.13518134 -.00000215  00000-0  44453-5 0  9997
2 45050  53.0551 293.9184 0001360  86.1683 273.9461 15.06379960215346
1 45050U 20006G   23361.13518134 -.00000215  00000-0  44453-5 0  9997
2 45050  53.0551 293.9184 0001360  86.1683 273.9461 15.06379960215683
1 45050U 20006G   23361.79865543  .00008382  00000-0  58104-3 0  9996
2 45050  53.0554 290.9379 0001457  89.6558 270.4598 15.06391635215445
1 45050U 20006G   23362.13038374  .00014516  00000-0  99098-3 0  9992
2 45050  53.0547 289.4513 0001450  91.4178 268.6977 15.06415092215839
1 45050U 20006G   23362.19672985  .00014980  00000-0  10219-2 0  9992
2 45050  53.0546 289.1535 0001450  91.7970 268.3185 15.06417743215509
1 45050U 20006G   23363.05924519  .00003199  00000-0  23355-3 0  9997
2 45050  53.0556 285.2777 0002012 133.8225 226.2930 15.06398406215977
1 45050U 20006G   23363.19194360  .00004869  00000-0  34557-3 0  9996
2 45050  53.0547 284.6867 0001586  88.9591 271.1580 15.06400481215653
1 45050U 20006G   23363.92175554  .00007006  00000-0  48860-3 0  9999
2 45050  53.0547 281.4104 0001602  73.1451 286.9713 15.06412572215760
1 45050U 20006G   23364.05444698  .00008444  00000-0  58482-3 0  9990
2 45050  53.0547 280.8152 0001655  77.5776 282.5399 15.06418029215789
1 45050U 20006G   23364.05444698  .00008444  00000-0  58482-3 0  9990
2 45050  53.0547 280.8152 0001655  77.5776 282.5399 15.06418029216128
1 45050U 20006G   23364.78426689  .00007751  00000-0  53854-3 0  9998
2 45050  53.0545 277.5397 0001742  76.7104 283.4079 15.06410471216233
1 45050U 20006G   23364.91696117  .00004572  00000-0  32562-3 0  9999
2 45050  53.0549 276.9428 0001515  77.0967 283.0191 15.06403990215917
