1 45065U 20006X   22365.51205841  .00004874  00000-0  34578-3 0  9995
2 45065  53.0542  92.8278 0001474  73.8348 286.2803 15.06408076161279
1 45065U 20006X   22365.64475337  .00004986  00000-0  35334-3 0  9993
2 45065  53.0538  92.2327 0001378  60.0593 300.0533 15.06404410161291
1 45065U 20006X   23001.44094028 -.00002365  00000-0 -13997-3 0  9995
2 45065  53.0542  88.6580 0001114  70.6733 289.4376 15.06385678161757
1 45065U 20006X   23001.50728883 -.00002551  00000-0 -15251-3 0  9997
2 45065  53.0545  88.3602 0001253  70.5460 289.5664 15.06384798161429
1 45065U 20006X   23002.50248237 -.00001664  00000-0 -92830-4 0  9991
2 45065  53.0548  83.8946 0001363  59.9031 300.2093 15.06400572161572
1 45065U 20006X   23003.49768378  .00000524  00000-0  54099-4 0  9990
2 45065  53.0543  79.4250 0001507  62.6060 297.5083 15.06401914161724
1 45065U 20006X   23004.49289605  .00001068  00000-0  90608-4 0  9992
2 45065  53.0539  74.9570 0001470  62.2828 297.8310 15.06397964161872
1 45065U 20006X   23004.89096669  .00002567  00000-0  19114-3 0  9999
2 45065  53.0547  73.1695 0001602  61.9347 298.1804 15.06410347161939
1 45065U 20006X   23005.55442985  .00004233  00000-0  30276-3 0  9993
2 45065  53.0534  70.1902 0001715  59.4868 300.6290 15.06416120162033
1 45065U 20006X   23006.54964320 -.00004416  00000-0 -27789-3 0  9995
2 45065  53.0533  65.7233 0001390  59.2728 300.8398 15.06383942162183
1 45065U 20006X   23007.14676885 -.00001736  00000-0 -97749-4 0  9994
2 45065  53.0538  63.0417 0001319  54.3058 305.8053 15.06386455162271
1 45065U 20006X   23007.87659200  .00009057  00000-0  62625-3 0  9992
2 45065  53.0531  59.7664 0001555  52.0999 308.0130 15.06392725162381
1 45065U 20006X   23007.94293922  .00009443  00000-0  65210-3 0  9997
2 45065  53.0533  59.4686 0001565  53.5547 306.5586 15.06394266162391
1 45065U 20006X   23009.40256303  .00004054  00000-0  29087-3 0  9997
2 45065  53.0528  52.9150 0001674  40.1161 319.9951 15.06400224162615
1 45065U 20006X   23010.46411320  .00001485  00000-0  11857-3 0  9998
2 45065  53.0527  48.1497 0001756  47.5064 312.6073 15.06398197162776
1 45065U 20006X   23010.79584320  .00002554  00000-0  19027-3 0  9990
2 45065  53.0531  46.6612 0001735  48.0665 312.0471 15.06404924162821
1 45065U 20006X   23011.52565875  .00001524  00000-0  12120-3 0  9999
2 45065  53.0525  43.3857 0001709  45.2800 314.8328 15.06401984163274
1 45065U 20006X   23011.85740079 -.00001221  00000-0 -63105-4 0  9992
2 45065  53.0528  41.8958 0001825  55.0806 305.0355 15.06390044162989
1 45065U 20006X   23012.78626030 -.00000234  00000-0  31971-5 0  9994
2 45065  53.0531  37.7259 0001852  58.3928 301.7242 15.06392843163126
1 45065U 20006X   23013.31703621  .00001827  00000-0  14154-3 0  9996
2 45065  53.0531  35.3419 0001776  63.8796 296.2375 15.06397508163204
1 45065U 20006X   23013.78146856  .00004090  00000-0  29336-3 0  9991
2 45065  53.0526  33.2570 0001775  67.8117 292.3060 15.06395167163277
1 45065U 20006X   23015.30745112  .00001530  00000-0  12163-3 0  9997
2 45065  53.0545  26.4081 0001501  75.1850 284.9306 15.06395220163508
1 45065U 20006X   23015.83822310  .00003992  00000-0  28669-3 0  9993
2 45065  53.0530  24.0247 0001762  84.0132 276.1057 15.06403935163588
1 45065U 20006X   23016.43533554  .00018765  00000-0  12741-2 0  9996
2 45065  53.0532  21.3434 0001697  88.5117 271.6066 15.06434685163673
1 45065U 20006X   23016.83342344 -.00009492  00000-0 -61934-3 0  9993
2 45065  53.0540  19.5583 0001832 105.2548 254.8643 15.06389837163731
1 45065U 20006X   23017.43054937  .00000857  00000-0  76436-4 0  9996
2 45065  53.0526  16.8765 0001855 105.6145 254.5049 15.06394274163827
1 45065U 20006X   23017.76228715  .00003361  00000-0  24449-3 0  9998
2 45065  53.0536  15.3889 0001814 106.0554 254.0635 15.06393462163872
1 45065U 20006X   23018.42575866  .00015658  00000-0  10675-2 0  9991
2 45065  53.0521  12.4085 0001917 108.1530 251.9667 15.06408682163976
1 45065U 20006X   23018.89018551  .00012228  00000-0  83816-3 0  9993
2 45065  53.0529  10.3223 0002009 100.6248 259.4967 15.06410958164045
1 45065U 20006X   23019.35460894  .00006955  00000-0  48520-3 0  9999
2 45065  53.0514   8.2372 0001781 103.8680 256.2507 15.06412433164114
1 45065U 20006X   23019.68634922  .00002800  00000-0  20677-3 0  9998
2 45065  53.0521   6.7483 0001978  94.8444 265.2770 15.06400762164162
1 45065U 20006X   23025.25948932  .00009329  00000-0  64418-3 0  9991
2 45065  53.0532 341.7283 0002196 131.9061 228.2115 15.06411632165009
1 45065U 20006X   23025.59122777  .00002807  00000-0  20729-3 0  9990
2 45065  53.0528 340.2413 0001705  99.9105 260.2077 15.06398488165051
1 45065U 20006X   23026.12200160  .00007372  00000-0  51319-3 0  9994
2 45065  53.0520 337.8559 0001625 109.0437 251.0728 15.06406406165138
1 45065U 20006X   23027.24989723  .00004719  00000-0  33545-3 0  9990
2 45065  53.0518 332.7914 0001584 105.6174 254.4990 15.06406062165303
1 45065U 20006X   23028.17875275  .00003380  00000-0  24566-3 0  9995
2 45065  53.0523 328.6225 0001431  94.6341 265.4812 15.06405737165787
1 45065U 20006X   23029.83742855 -.00000230  00000-0  34808-5 0  9990
2 45065  53.0519 321.1765 0001354  86.9590 273.1554 15.06396022165698
1 45065U 20006X   23030.23550201  .00002232  00000-0  16862-3 0  9999
2 45065  53.0523 319.3888 0001321  92.0259 268.0882 15.06407702165754
1 45065U 20006X   23031.16436239  .00000633  00000-0  61402-4 0  9990
2 45065  53.0531 315.2186 0001498  85.3050 274.8110 15.06401434165898
1 45065U 20006X   23031.76148512  .00001505  00000-0  11992-3 0  9997
2 45065  53.0532 312.5374 0001662  95.4367 264.6812 15.06400173165989
