1 45067U 20006Z   23001.49622498 -.00001458  00000-0 -78993-4 0  9990
2 45067  53.0538  88.4028 0002050  42.8776 317.2372 15.06390511161429
1 45067U 20006Z   23002.49143050 -.00001811  00000-0 -10266-3 0  9994
2 45067  53.0534  83.9369 0002048  38.0018 322.1115 15.06399792161572
1 45067U 20006Z   23002.62412290 -.00001083  00000-0 -53786-4 0  9990
2 45067  53.0532  83.3402 0002019  41.6271 318.4871 15.06400239161599
1 45067U 20006Z   23003.22124102  .00002547  00000-0  18984-3 0  9993
2 45067  53.0536  80.6594 0002304  44.9970 315.1206 15.06399851161687
1 45067U 20006Z   23004.48183690  .00004276  00000-0  30574-3 0  9999
2 45067  53.0533  74.9994 0002329  48.3031 311.8157 15.06408012161876
1 45067U 20006Z   23004.87991429  .00004282  00000-0  30611-3 0  9998
2 45067  53.0541  73.2119 0002240  47.4603 312.6575 15.06409992161931
1 45067U 20006Z   23005.54336670  .00014769  00000-0  10072-2 0  9993
2 45067  53.0536  70.2345 0002326  43.3013 316.8159 15.06441278162374
1 45067U 20006Z   23005.60971132  .00017016  00000-0  11570-2 0  9990
2 45067  53.0539  69.9367 0002338  41.3404 318.7762 15.06446811162044
1 45067U 20006Z   23006.53858384 -.00001905  00000-0 -10902-3 0  9997
2 45067  53.0533  65.7678 0002640  57.8368 302.2876 15.06383074162184
1 45067U 20006Z   23007.20206545  .00001079  00000-0  91423-4 0  9996
2 45067  53.0533  62.7886 0001810  54.9169 305.1990 15.06373057162287
1 45067U 20006Z   23007.86554506  .00012822  00000-0  87851-3 0  9998
2 45067  53.0533  59.8100 0001794  60.5499 299.5669 15.06383909162380
1 45067U 20006Z   23008.39631931  .00016107  00000-0  10976-2 0  9998
2 45067  53.0534  57.4278 0001772  56.8764 303.2395 15.06404934162460
1 45067U 20006Z   23008.86074349  .00014387  00000-0  98232-3 0  9994
2 45067  53.0524  55.3416 0001772  60.8258 299.2908 15.06416236162533
1 45067U 20006Z   23009.12613136  .00006715  00000-0  46913-3 0  9992
2 45067  53.0528  54.1505 0002090  71.0787 289.0428 15.06409211162571
1 45067U 20006Z   23010.38672130  .00003395  00000-0  24671-3 0  9999
2 45067  53.0544  48.4918 0001935  69.4084 290.7112 15.06401004162763
1 45067U 20006Z   23010.78479463 -.00004923  00000-0 -31172-3 0  9991
2 45067  53.0527  46.7038 0001827  67.5488 292.5694 15.06408773162827
1 45067U 20006Z   23011.31557648  .00001255  00000-0  10317-3 0  9994
2 45067  53.0537  44.3238 0001879  73.5313 286.5883 15.06399777162900
1 45067U 20006Z   23011.78000473  .00000533  00000-0  54697-4 0  9992
2 45067  53.0537  42.2379 0001903  81.4674 278.6530 15.06398341162973
1 45067U 20006Z   23012.37713529 -.00000413  00000-0 -88241-5 0  9993
2 45067  53.0549  39.5569 0001878  80.5674 279.5527 15.06391231163065
1 45067U 20006Z   23013.37232900  .00002308  00000-0  17380-3 0  9990
2 45067  53.0545  35.0882 0001925  91.7004 268.4205 15.06405413163219
1 45067U 20006Z   23013.77041297  .00001523  00000-0  12109-3 0  9993
2 45067  53.0539  33.3004 0001921  85.7774 274.3434 15.06402819163275
1 45067U 20006Z   23015.29638232  .00003395  00000-0  24659-3 0  9995
2 45067  53.0544  26.4489 0002075  93.5539 266.5688 15.06414972163501
1 45067U 20006Z   23015.82715650  .00002541  00000-0  18938-3 0  9999
2 45067  53.0533  24.0669 0002193  98.1233 262.0005 15.06410075163588
1 45067U 20006Z   23016.42427488  .00002616  00000-0  19440-3 0  9997
2 45067  53.0541  21.3859 0001935  92.0308 268.0903 15.06414156163674
1 45067U 20006Z   23017.28680278 -.00002993  00000-0 -18219-3 0  9993
2 45067  53.0539  17.5146 0002047  98.0870 262.0351 15.06383376163807
1 45067U 20006Z   23017.68488496 -.00000019  00000-0  17634-4 0  9992
2 45067  53.0541  15.7278 0001864  94.5591 265.5611 15.06389326163867
1 45067U 20006Z   23018.41470177  .00022517  00000-0  15249-2 0  9995
2 45067  53.0539  12.4519 0002069 104.7630 255.3589 15.06420299163970
1 45067U 20006Z   23018.68008835  .00011482  00000-0  78826-3 0  9992
2 45067  53.0539  11.2591 0001935 102.8172 257.3034 15.06410445164013
1 45067U 20006Z   23019.34354739  .00009231  00000-0  63744-3 0  9995
2 45067  53.0537   8.2808 0002002 104.2906 255.8306 15.06420537164114
1 45067U 20006Z   23020.27240352  .00002158  00000-0  16372-3 0  9990
2 45067  53.0529   4.1112 0001953  96.8445 263.2766 15.06405905164256
1 45067U 20006Z   23025.58016868  .00007287  00000-0  50753-3 0  9991
2 45067  53.0542 340.2839 0002224  90.5827 269.5417 15.06405097165051
1 45067U 20006Z   23026.11094349  .00003181  00000-0  23235-3 0  9995
2 45067  53.0550 337.9010 0002069  88.5905 271.5321 15.06398380165137
1 45067U 20006Z   23027.23883903  .00001603  00000-0  12650-3 0  9997
2 45067  53.0541 332.8380 0001859  97.6925 262.4275 15.06402605165649
1 45067U 20006Z   23028.23404066  .00002722  00000-0  20155-3 0  9999
2 45067  53.0540 328.3689 0001701  95.9993 264.1190 15.06403647165453
1 45067U 20006Z   23028.83116577 -.00001098  00000-0 -54829-4 0  9995
2 45067  53.0535 325.6896 0001545  93.5149 266.6017 15.06398922165544
1 45067U 20006Z   23029.82637019 -.00000479  00000-0 -13276-4 0  9997
2 45067  53.0532 321.2223 0001625  88.1848 271.9327 15.06394623165695
1 45067U 20006Z   23030.22444516  .00001901  00000-0  14645-3 0  9990
2 45067  53.0535 319.4349 0001603  91.4946 268.6227 15.06404877165750
1 45067U 20006Z   23030.88792132 -.00000231  00000-0  33905-5 0  9990
2 45067  53.0534 316.4564 0001617  89.1063 271.0111 15.06390985165859
1 45067U 20006Z   23031.21965126  .00000966  00000-0  83760-4 0  9990
2 45067  53.0545 314.9671 0001516  90.5220 269.5942 15.06401513165902
1 45067U 20006Z   23031.81677585  .00000693  00000-0  65448-4 0  9995
2 45067  53.0544 312.2870 0001492  95.0339 265.0820 15.06398331165995
1 45067U 20006Z   23032.14850125  .00001264  00000-0  10374-3 0  9997
2 45067  53.0539 310.7974 0001717 102.2138 257.9043 15.06409006166041
1 45067U 20006Z   23033.54179138  .00000774  00000-0  70862-4 0  9994
2 45067  53.0542 304.5431 0001598 102.1458 257.9710 15.06398997166255
1 45067U 20006Z   23034.00621608  .00000535  00000-0  54825-4 0  9996
2 45067  53.0532 302.4561 0001806 110.6602 249.4581 15.06401937166321
1 45067U 20006Z   23035.13411798 -.00000256  00000-0  17178-5 0  9990
2 45067  53.0539 297.3937 0001434  96.8234 263.2918 15.06398599166495
1 45067U 20006Z   23035.93027461 -.00000110  00000-0  11546-4 0  9999
2 45067  53.0535 293.8203 0002054 120.3441 239.7751 15.06404666166610
1 45067U 20006Z   23036.06296272 -.00000342  00000-0 -40843-5 0  9993
2 45067  53.0536 293.2233 0001439  92.4263 267.6891 15.06415853166632
1 45067U 20006Z   23036.92548948  .00002593  00000-0  19299-3 0  9995
2 45067  53.0559 289.3547 0001038  89.8031 270.3077 15.06384398166769
1 45067U 20006Z   23037.12452553  .00000626  00000-0  60916-4 0  9992
2 45067  53.0528 288.4586 0001245  93.1736 266.9396 15.06396291166791
1 45067U 20006Z   23037.92068497  .00001144  00000-0  95687-4 0  9999
2 45067  53.0526 284.8849 0001245  96.0178 264.0953 15.06404330166919
1 45067U 20006Z   23038.05337582  .00002679  00000-0  19865-3 0  9995
2 45067  53.0525 284.2891 0001189  94.4257 265.6868 15.06409904166932
1 45067U 20006Z   23038.91588869  .00002758  00000-0  20394-3 0  9993
2 45067  53.0524 280.4168 0001282  91.4367 268.6769 15.06402653167061
1 45067U 20006Z   23039.91109318  .00002324  00000-0  17486-3 0  9999
2 45067  53.0520 275.9492 0001209  84.6115 275.5012 15.06397924167219
1 45067U 20006Z   23040.04378607  .00004513  00000-0  32168-3 0  9990
2 45067  53.0517 275.3534 0001165  85.7354 274.3768 15.06402144167232
1 45067U 20006Z   23040.90629993  .00003523  00000-0  25532-3 0  9999
2 45067  53.0520 271.4792 0001238  83.7578 276.3552 15.06398692167365
1 45067U 20006Z   23041.03899278  .00006013  00000-0  42215-3 0  9993
2 45067  53.0519 270.8825 0001110  90.5791 269.5325 15.06403026167387
1 45067U 20006Z   23041.90150024  .00004362  00000-0  31151-3 0  9990
2 45067  53.0518 267.0096 0001326  88.1045 272.0096 15.06405271167511
1 45067U 20006Z   23042.89669154  .00005500  00000-0  38762-3 0  9998
2 45067  53.0524 262.5431 0001255  84.3318 275.7815 15.06418689167665
1 45067U 20006Z   23044.62172763  .00003161  00000-0  23103-3 0  9990
2 45067  53.0518 254.8007 0001018  91.2123 268.8983 15.06398070167928
1 45067U 20006Z   23045.28519730  .00001292  00000-0  10566-3 0  9994
2 45067  53.0513 251.8197 0001466  88.2511 271.8646 15.06394743168029
1 45067U 20006Z   23045.81597620  .00001781  00000-0  13846-3 0  9994
2 45067  53.0524 249.4388 0001120  85.5684 274.5433 15.06392126168100
1 45067U 20006Z   23046.01501656  .00001188  00000-0  98661-4 0  9991
2 45067  53.0532 248.5454 0001085  83.4581 276.6532 15.06394879168139
1 45067U 20006Z   23046.87751118  .00002281  00000-0  17188-3 0  9994
2 45067  53.0532 244.6735 0001060  85.9574 274.1536 15.06415725168265
1 45067U 20006Z   23047.27559885  .00000298  00000-0  38869-4 0  9992
2 45067  53.0532 242.8854 0001362  89.5011 270.6134 15.06402904168325
1 45067U 20006Z   23047.80636299  .00003449  00000-0  25022-3 0  9993
2 45067  53.0520 240.5042 0000216  50.7931 309.3077 15.06412448168403
1 45067U 20006Z   23047.93904782  .00007335  00000-0  51039-3 0  9997
2 45067  53.0521 239.9078 0001240  92.7521 267.3610 15.06429135168423
1 45067U 20006Z   23048.86792278 -.00005027  00000-0 -31894-3 0  9990
2 45067  53.0518 235.7375 0001126  77.9445 282.1670 15.06386809168562
1 45067U 20006Z   23049.46504389 -.00003837  00000-0 -23894-3 0  9999
2 45067  53.0524 233.0563 0000925  82.0036 278.1058 15.06389900168658
1 45067U 20006Z   23050.59294415  .00006624  00000-0  46318-3 0  9992
2 45067  53.0518 227.9931 0001138  78.3272 281.7844 15.06399295168829
1 45067U 20006Z   23051.19006217 -.00004492  00000-0 -28290-3 0  9992
2 45067  53.0515 225.3125 0000793  87.5669 272.5410 15.06396336168911
1 45067U 20006Z   23051.91988200  .00007462  00000-0  51928-3 0  9995
2 45067  53.0517 222.0362 0001086  81.1501 278.9611 15.06399685169027
1 45067U 20006Z   23052.84873278  .00013401  00000-0  91635-3 0  9995
2 45067  53.0522 217.8660 0001155  81.2799 278.8321 15.06419070169166
1 45067U 20006Z   23053.44586317 -.00001999  00000-0 -11538-3 0  9992
2 45067  53.0523 215.1850 0001640  89.6895 270.4282 15.06388784169258
1 45067U 20006Z   23053.71125736 -.00006016  00000-0 -38563-3 0  9998
2 45067  53.0529 213.9936 0001362  89.6449 270.4696 15.06371758169297
1 45067U 20006Z   23054.44108489  .00014848  00000-0  10140-2 0  9995
2 45067  53.0546 210.7130 0001233 128.3474 231.7626 15.06384464169407
1 45067U 20006Z   23054.70647390  .00017436  00000-0  11867-2 0  9996
2 45067  53.0534 209.5277 0000776  80.4689 279.6388 15.06395457169443
1 45067U 20006Z   23054.90551175  .00024485  00000-0  16563-2 0  9993
2 45067  53.0522 208.6335 0000878  78.6870 281.4218 15.06414605169472
1 45067U 20006Z   23055.83436907  .00019391  00000-0  13167-2 0  9998
2 45067  53.0525 204.4638 0001128  88.4504 271.6614 15.06411747169618
1 45067U 20006Z   23056.09975276  .00018829  00000-0  12788-2 0  9997
2 45067  53.0523 203.2721 0001098  88.9788 271.1326 15.06422118169654
1 45067U 20006Z   23056.82954821  .00022138  00000-0  14983-2 0  9998
2 45067  53.0524 199.9957 0001048  83.7214 276.3894 15.06452528169766
1 45067U 20006Z   23057.36032815  .00012683  00000-0  86852-3 0  9997
2 45067  53.0521 197.6126 0001784  74.4657 285.6529 15.06411564169843
1 45067U 20006Z   23057.82475991 -.00005538  00000-0 -35322-3 0  9993
2 45067  53.0537 195.5263 0001356  93.6471 266.4673 15.06394243169910
1 45067U 20006Z   23058.42187727  .00006327  00000-0  44308-3 0  9996
2 45067  53.0510 192.8471 0001132  91.6924 268.4194 15.06413489170001
1 45067U 20006Z   23058.75360309  .00032769  00000-0  22055-2 0  9994
2 45067  53.0517 191.3573 0001496  81.8037 278.3122 15.06451800170059
1 45067U 20006Z   23059.54977111 -.00000627  00000-0 -23176-4 0  9994
2 45067  53.0521 187.7845 0001777  74.0955 286.0230 15.06403362170179
1 45067U 20006Z   23059.81515512  .00010732  00000-0  73799-3 0  9998
2 45067  53.0519 186.5918 0001698  69.4762 290.6409 15.06414355170218
1 45067U 20006Z   23060.81038298  .00022828  00000-0  15473-2 0  9994
2 45067  53.0513 182.1259 0001458  49.9211 310.1905 15.06379604170360
1 45067U 20006Z   23061.54020292  .00021757  00000-0  14748-2 0  9994
2 45067  53.0529 178.8504 0001769  48.8148 311.2993 15.06404612170473
1 45067U 20006Z   23062.46904447  .00018222  00000-0  12379-2 0  9990
2 45067  53.0524 174.6805 0001679  41.2346 318.8770 15.06434803170610
1 45067U 20006Z   23062.66807597  .00030683  00000-0  20665-2 0  9992
2 45067  53.0530 173.7855 0001545  62.7024 297.4122 15.06459546170642
1 45067U 20006Z   23063.46424086  .00022517  00000-0  15259-2 0  9999
2 45067  53.0535 170.2091 0001297  77.1745 282.9389 15.06395708170761
1 45067U 20006Z   23063.72962542  .00046063  00000-0  30891-2 0  9993
2 45067  53.0529 169.0186 0001368  68.9769 291.1366 15.06424910170808
1 45067U 20006Z   23063.99501573  .00010765  00000-0  74051-3 0  9992
2 45067  53.0531 167.8283 0001251  88.8470 271.2662 15.06398430170845
1 45067U 20006Z   23065.65368125  .00014105  00000-0  96328-3 0  9994
2 45067  53.0528 160.3804 0001217 103.0424 257.0700 15.06424234171094
1 45067U 20006Z   23066.71523949  .00006415  00000-0  44911-3 0  9995
2 45067  53.0511 155.6207 0002302  69.0525 291.0710 15.06407586171257
1 45067U 20006Z   23067.37871345 -.00000153  00000-0  86122-5 0  9990
2 45067  53.0520 152.6401 0001838  78.1367 281.9828 15.06388605171357
1 45067U 20006Z   23068.90468545  .00010572  00000-0  72721-3 0  9997
2 45067  53.0527 145.7876 0001623  75.3281 284.7888 15.06418811171584
1 45067U 20006Z   23069.89988611 -.00015436  00000-0 -10201-2 0  9997
2 45067  53.0528 141.3210 0001735  85.2388 274.8799 15.06381478171737
1 45067U 20006Z   23070.43066481 -.00001391  00000-0 -74512-4 0  9993
2 45067  53.0519 138.9375 0001649  85.2777 274.8400 15.06390341171814
1 45067U 20006Z   23070.69605331  .00017118  00000-0  11652-2 0  9990
2 45067  53.0523 137.7452 0001964  83.8140 276.3073 15.06403699171858
1 45067U 20006Z   23071.49222865  .00023624  00000-0  15999-2 0  9993
2 45067  53.0517 134.1734 0002022  79.1265 280.9951 15.06392136171979
1 45067U 20006Z   23072.55377653  .00015072  00000-0  10281-2 0  9994
2 45067  53.0531 129.4063 0002373  74.4036 285.7215 15.06415962172138
1 45067U 20006Z   23073.41629866 -.00001817  00000-0 -10313-3 0  9997
2 45067  53.0529 125.5366 0001975  72.6642 287.4562 15.06380205172267
1 45067U 20006Z   23074.41148914  .00024559  00000-0  16602-2 0  9990
2 45067  53.0526 121.0659 0001801  79.5197 280.5994 15.06437633172417
1 45067U 20006Z   23074.80956945  .00005337  00000-0  37672-3 0  9998
2 45067  53.0538 119.2793 0002019  80.5113 279.6104 15.06421776172479
1 45067U 20006Z   23075.34035613  .00024168  00000-0  16370-2 0  9992
2 45067  53.0533 116.8970 0001405  95.9259 264.1890 15.06372795172559
1 45067U 20006Z   23075.80479424  .00020522  00000-0  13935-2 0  9999
2 45067  53.0532 114.8102 0001378  86.7178 273.3969 15.06376748172629
1 45067U 20006Z   23076.53461268  .00014673  00000-0  10019-2 0  9997
2 45067  53.0525 111.5357 0001395  92.5511 267.5638 15.06400419172735
1 45067U 20006Z   23076.79999780  .00017399  00000-0  11837-2 0  9997
2 45067  53.0521 110.3433 0001364  93.9287 266.1858 15.06411811172775
1 45067U 20006Z   23077.79519795  .00012211  00000-0  83683-3 0  9999
2 45067  53.0518 105.8752 0001428  90.8346 269.2806 15.06417603172926
1 45067U 20006Z   23078.45865070  .00014483  00000-0  98811-3 0  9995
2 45067  53.0517 102.8963 0001442  89.8707 270.2447 15.06440736173029
1 45067U 20006Z   23078.79038357 -.00000162  00000-0  80541-5 0  9995
2 45067  53.0519 101.4069 0001500  95.4618 264.6542 15.06420095173076
1 45067U 20006Z   23079.45385410 -.00001847  00000-0 -10513-3 0  9996
2 45067  53.0527  98.4281 0001664 102.2112 257.9063 15.06405526173179
1 45067U 20006Z   23079.78558483  .00001101  00000-0  92765-4 0  9995
2 45067  53.0529  96.9391 0001661 102.1564 257.9611 15.06412520173220
1 45067U 20006Z   23080.44904009  .00009354  00000-0  64551-3 0  9998
2 45067  53.0530  93.9598 0001644 105.3015 254.8156 15.06430232173326
1 45067U 20006Z   23081.70964613  .00010310  00000-0  71019-3 0  9996
2 45067  53.0531  88.3012 0001210 117.6803 242.4309 15.06389411173512
1 45067U 20006Z   23082.37311170  .00014946  00000-0  10199-2 0  9994
2 45067  53.0530  85.3224 0000918  93.2444 266.8650 15.06409144173613
1 45067U 20006Z   23082.70484817  .00005673  00000-0  39940-3 0  9993
2 45067  53.0531  83.8339 0001292  92.6494 267.4643 15.06400589174005
1 45067U 20006Z   23083.50101434  .00033249  00000-0  22398-2 0  9991
2 45067  53.0526  80.2588 0001224  85.8278 274.2851 15.06412165173789
1 45067U 20006Z   23083.70005173  .00032312  00000-0  21767-2 0  9995
2 45067  53.0527  79.3651 0001209  84.2699 275.8427 15.06426018173815
1 45067U 20006Z   23084.69523716 -.00017732  00000-0 -11748-2 0  9991
2 45067  53.0543  74.8991 0000454 126.3192 233.7839 15.06392252173965
1 45067U 20006Z   23085.69045231  .00034873  00000-0  23477-2 0  9998
2 45067  53.0546  70.4304 0001058  95.7931 264.3179 15.06412905174112
1 45067U 20006Z   23086.35392537  .00020750  00000-0  14078-2 0  9992
2 45067  53.0540  67.4525 0001205  90.3337 269.7790 15.06401102174218
1 45067U 20006Z   23087.28278895  .00006201  00000-0  43484-3 0  9994
2 45067  53.0550  63.2831 0001130  97.0009 263.1109 15.06395685174355
1 45067U 20006Z   23088.34431605  .00026621  00000-0  17965-2 0  9994
2 45067  53.0541  58.5174 0001061 103.8902 256.2205 15.06458759174513
1 45067U 20006Z   23089.33953366  .00029637  00000-0  20008-2 0  9999
2 45067  53.0536  54.0499 0001009  82.2278 277.8825 15.06388733174663
1 45067U 20006Z   23091.26359816  .00028888  00000-0  19513-2 0  9990
2 45067  53.0535  45.4117 0001092 115.5238 244.5864 15.06381543174959
1 45067U 20006Z   23092.25879554  .00031792  00000-0  21415-2 0  9998
2 45067  53.0542  40.9435 0001130 117.9376 242.1728 15.06436147175104
1 45067U 20006Z   23093.25401886  .00031164  00000-0  21034-2 0  9998
2 45067  53.0549  36.4763 0000842  99.6872 260.4212 15.06372017175253
1 45067U 20006Z   23094.24921666  .00036980  00000-0  24858-2 0  9999
2 45067  53.0547  32.0090 0000861 109.7068 250.4014 15.06440591175406
1 45067U 20006Z   23094.84634472  .00022105  00000-0  14974-2 0  9993
2 45067  53.0550  29.3280 0002405  71.4182 288.7068 15.06419263175492
1 45067U 20006Z   23095.17808694  .00018123  00000-0  12329-2 0  9996
2 45067  53.0547  27.8421 0000584  98.0197 262.0859 15.06386282175548
1 45067U 20006Z   23096.23961976  .00024834  00000-0  16780-2 0  9998
2 45067  53.0536  23.0751 0000539 103.4500 256.6549 15.06448697175701
1 45067U 20006Z   23097.16848808  .00027555  00000-0  18616-2 0  9992
2 45067  53.0546  18.9053 0000757 119.9369 240.1695 15.06399355175848
1 45067U 20006Z   23098.16367105  .00027866  00000-0  18795-2 0  9992
2 45067  53.0546  14.4378 0000712 121.6459 238.4600 15.06454821175992
1 45067U 20006Z   23099.22522186  .00024714  00000-0  16712-2 0  9998
2 45067  53.0549   9.6725 0001204  95.4236 264.6891 15.06422371176152
1 45067U 20006Z   23100.15404562  .00026505  00000-0  17881-2 0  9998
2 45067  53.0552   5.5025 0001151  97.5955 262.5164 15.06473223176293
1 45067U 20006Z   23101.14928048  .00024089  00000-0  16328-2 0  9998
2 45067  53.0547   1.0350 0001218  61.8359 298.2753 15.06349139176440
1 45067U 20006Z   23102.14449358  .00025479  00000-0  17229-2 0  9996
2 45067  53.0542 356.5671 0001120  63.7345 296.3759 15.06407545176932
1 45067U 20006Z   23103.07336511  .00024598  00000-0  16649-2 0  9991
2 45067  53.0546 352.3975 0000913  76.5381 283.5710 15.06390863176735
1 45067U 20006Z   23104.06855231  .00027315  00000-0  18432-2 0  9998
2 45067  53.0548 347.9295 0000924  76.0260 284.0831 15.06447286176883
1 45067U 20006Z   23105.26278852  .00029782  00000-0  20077-2 0  9997
2 45067  53.0550 342.5680 0001248  87.3269 272.7863 15.06440171177065
1 45067U 20006Z   23105.92622705  .00033304  00000-0  22390-2 0  9995
2 45067  53.0552 339.5898 0001226  87.7404 272.3725 15.06486401177165
1 45067U 20006Z   23106.05891204  .00033846  00000-0  22743-2 0  9995
2 45067  53.0551 338.9944 0001193  86.2885 273.8241 15.06496866177186
1 45067U 20006Z   23106.92145590  .00009442  00000-0  65308-3 0  9991
2 45067  53.0552 335.1222 0001374  57.5375 302.5746 15.06334257177311
1 45067U 20006Z   23107.05415755  .00032098  00000-0  21677-2 0  9992
2 45067  53.0552 334.5266 0001469  53.2294 306.8830 15.06335370177330
1 45067U 20006Z   23107.91668731  .00031207  00000-0  21054-2 0  9991
2 45067  53.0546 330.6554 0001447  54.5338 305.5786 15.06387056177467
1 45067U 20006Z   23107.98303446  .00031451  00000-0  21214-2 0  9996
2 45067  53.0547 330.3571 0001440  55.4737 304.6388 15.06391274177476
1 45067U 20006Z   23108.64651404  .00020240  00000-0  13741-2 0  9990
2 45067  53.0551 327.3787 0001811  66.9669 293.1511 15.06391481177570
1 45067U 20006Z   23109.57536396  .00022789  00000-0  15428-2 0  9999
2 45067  53.0530 323.2090 0001131  61.3801 298.7301 15.06426294177716
1 45067U 20006Z   23110.57055870  .00004936  00000-0  35002-3 0  9999
2 45067  53.0529 318.7405 0000930  72.8627 287.2464 15.06397275177867
1 45067U 20006Z   23110.83594939  .00019070  00000-0  12960-2 0  9994
2 45067  53.0529 317.5492 0000786  48.3616 311.7440 15.06391009177906
1 45067U 20006Z   23111.30037795  .00021637  00000-0  14668-2 0  9998
2 45067  53.0534 315.4647 0001001  64.3806 295.7286 15.06404830177974
1 45067U 20006Z   23111.83114709  .00022000  00000-0  14902-2 0  9993
2 45067  53.0537 313.0811 0001086  77.1343 282.9768 15.06426244178051
1 45067U 20006Z   23112.56096267  .00002889  00000-0  21270-3 0  9992
2 45067  53.0532 309.8044 0000971  86.9219 273.1881 15.06404183178167
1 45067U 20006Z   23112.82635352  .00014829  00000-0  10126-2 0  9999
2 45067  53.0535 308.6135 0000215  58.3487 301.7523 15.06389578178205
1 45067U 20006Z   23113.48981907  .00019636  00000-0  13329-2 0  9991
2 45067  53.0532 305.6347 0000840  95.0783 265.0302 15.06415047178304
1 45067U 20006Z   23113.82154644  .00024341  00000-0  16458-2 0  9994
2 45067  53.0532 304.1454 0000834  94.2457 265.8628 15.06435270178353
1 45067U 20006Z   23114.48501282  .00052626  00000-0  35212-2 0  9997
2 45067  53.0535 301.1671 0001662  73.9177 286.1995 15.06446797178457
1 45067U 20006Z   23115.21482971  .00014050  00000-0  96013-3 0  9998
2 45067  53.0531 297.8901 0000600  66.9375 293.1678 15.06402996178564
1 45067U 20006Z   23116.47544477  .00018968  00000-0  12890-2 0  9999
2 45067  53.0516 292.2332 0000739  78.0932 282.0140 15.06396588178751
1 45067U 20006Z   23116.74083341  .00019241  00000-0  13070-2 0  9993
2 45067  53.0529 291.0406 0001201  85.0295 275.0831 15.06401472178791
1 45067U 20006Z   23117.47063716  .00018382  00000-0  12486-2 0  9993
2 45067  53.0528 287.7634 0001051  80.1172 279.9935 15.06432734178904
1 45067U 20006Z   23118.46584467 -.00001143  00000-0 -57883-4 0  9995
2 45067  53.0551 283.2983 0000936  81.2701 278.8394 15.06394160179053
1 45067U 20006Z   23119.52738906  .00008378  00000-0  58047-3 0  9999
2 45067  53.0554 278.5315 0000932 113.2176 246.8911 15.06413586179212
1 45067U 20006Z   23120.58894122  .00000787  00000-0  71678-4 0  9992
2 45067  53.0529 273.7656 0000840 111.8939 248.2140 15.06399718179375
1 45067U 20006Z   23120.85432910  .00007715  00000-0  53622-3 0  9991
2 45067  53.0532 272.5736 0000726 114.7323 245.3742 15.06402667179416
1 45067U 20006Z   23121.71682783  .00017234  00000-0  11721-2 0  9992
2 45067  53.0532 268.7007 0000646 116.6702 243.4353 15.06430543179542
1 45067U 20006Z   23122.57934308  .00009203  00000-0  63580-3 0  9998
2 45067  53.0532 264.8254 0001158  94.8946 265.2175 15.06406920179679
1 45067U 20006Z   23122.71203752  .00003258  00000-0  23756-3 0  9991
2 45067  53.0529 264.2336 0000916  95.8445 264.2648 15.06393164179697
1 45067U 20006Z   23123.57454549  .00015230  00000-0  10387-2 0  9996
2 45067  53.0532 260.3609 0000928  92.9610 267.1485 15.06415425179827
1 45067U 20006Z   23123.64089125  .00015087  00000-0  10291-2 0  9992
2 45067  53.0533 260.0631 0000907  92.8746 267.2347 15.06417362179837
1 45067U 20006Z   23124.56975416  .00004089  00000-0  29328-3 0  9993
2 45067  53.0532 255.8938 0001112  65.1090 295.0014 15.06392950179972
1 45067U 20006Z   23124.63610444  .00023767  00000-0  16099-2 0  9992
2 45067  53.0535 255.5965 0001090  56.3281 303.7812 15.06381948179980
1 45067U 20006Z   23125.63129911  .00025522  00000-0  17245-2 0  9992
2 45067  53.0538 251.1287 0001174  52.1864 307.9231 15.06434385180130
1 45067U 20006Z   23126.56015961  .00034248  00000-0  23069-2 0  9990
2 45067  53.0538 246.9585 0000906  66.1059 294.0025 15.06401389180276
1 45067U 20006Z   23127.02458282  .00037094  00000-0  24941-2 0  9991
2 45067  53.0536 244.8737 0000924  64.6448 295.4636 15.06429569180346
1 45067U 20006Z   23127.62168515  .00027033  00000-0  18238-2 0  9998
2 45067  53.0534 242.1931 0000914  62.3012 297.8070 15.06460160180432
1 45067U 20006Z   23128.61690262  .00023679  00000-0  16045-2 0  9993
2 45067  53.0528 237.7259 0001172  85.4567 274.6555 15.06369973180583
1 45067U 20006Z   23129.54575794  .00032793  00000-0  22086-2 0  9997
2 45067  53.0527 233.5586 0001241  84.6416 275.4715 15.06427234180728
1 45067U 20006Z   23130.54097316  .00021385  00000-0  14511-2 0  9997
2 45067  53.0533 229.0858 0001423 116.7898 243.3237 15.06376194180877
1 45067U 20006Z   23130.60732341  .00032994  00000-0  22250-2 0  9995
2 45067  53.0529 228.7922 0001148  99.6466 260.4653 15.06375628180888
1 45067U 20006Z   23131.40348274  .00026933  00000-0  18190-2 0  9996
2 45067  53.0532 225.2165 0001205 107.1741 252.9380 15.06422240181009
1 45067U 20006Z   23131.53617426  .00029190  00000-0  19688-2 0  9999
2 45067  53.0529 224.6223 0001184  96.6417 263.4707 15.06431290181028
1 45067U 20006Z   23133.46024762  .00014233  00000-0  97233-3 0  9993
2 45067  53.0530 215.9840 0001165  77.0396 283.0723 15.06405948181315
1 45067U 20006Z   23133.92467579  .00004639  00000-0  33013-3 0  9996
2 45067  53.0534 213.8968 0001194  81.6648 278.4476 15.06398028181380
1 45067U 20006Z   23134.58815236  .00016543  00000-0  11272-2 0  9995
2 45067  53.0529 210.9209 0001303  81.3798 278.7338 15.06388262181485
1 45067U 20006Z   23134.65449955  .00014901  00000-0  10174-2 0  9990
2 45067  53.0528 210.6231 0001328  81.4237 278.6902 15.06390022181496
1 45067U 20006Z   23135.51700094  .00015600  00000-0  10632-2 0  9996
2 45067  53.0529 206.7513 0001266  81.9289 278.1843 15.06422390181627
1 45067U 20006Z   23135.58334662  .00015087  00000-0  10289-2 0  9994
2 45067  53.0529 206.4535 0001269  81.5904 278.5229 15.06424097181630
1 45067U 20006Z   23136.44584834  .00005723  00000-0  40269-3 0  9996
2 45067  53.0528 202.5808 0003301 165.3758 194.7327 15.06412158181763
1 45067U 20006Z   23136.91028464  .00009935  00000-0  68479-3 0  9992
2 45067  53.0527 200.4963 0001077  85.0832 275.0280 15.06407215181837
1 45067U 20006Z   23137.57374626  .00009914  00000-0  68318-3 0  9998
2 45067  53.0531 197.5178 0001270  84.1238 275.9896 15.06419778181931
1 45067U 20006Z   23138.50260427 -.00000460  00000-0 -12017-4 0  9990
2 45067  53.0531 193.3422 0001143  97.2546 262.8573 15.06397900182078
1 45067U 20006Z   23138.83433885  .00001092  00000-0  92180-4 0  9995
2 45067  53.0528 191.8588 0001136  81.1117 279.0001 15.06401114182123
1 45067U 20006Z   23139.82953907  .00003130  00000-0  22888-3 0  9999
2 45067  53.0522 187.3903 0001186  70.2682 289.8435 15.06404170182270
1 45067U 20006Z   23140.89108206  .00005341  00000-0  37699-3 0  9994
2 45067  53.0524 182.6255 0001226  80.4377 279.6751 15.06415385182435
1 45067U 20006Z   23141.48819420  .00008817  00000-0  60962-3 0  9997
2 45067  53.0518 179.9450 0001240  81.0466 279.0664 15.06426724182522
1 45067U 20006Z   23141.81993004 -.00000700  00000-0 -28088-4 0  9994
2 45067  53.0518 178.4559 0001135  84.7815 275.3303 15.06408572182572
1 45067U 20006Z   23142.41705757 -.00001484  00000-0 -80760-4 0  9992
2 45067  53.0516 175.7746 0001221  89.7458 270.3671 15.06388248182662
1 45067U 20006Z   23142.81514431  .00007318  00000-0  50988-3 0  9991
2 45067  53.0515 173.9874 0001217  92.0553 268.0575 15.06386210182722
1 45067U 20006Z   23143.81035380  .00003614  00000-0  26144-3 0  9995
2 45067  53.0519 169.5189 0001202  91.6792 268.4335 15.06389570182876
1 45067U 20006Z   23144.34113220  .00003204  00000-0  23394-3 0  9993
2 45067  53.0523 167.1364 0001191  92.4963 267.6162 15.06390294182959
1 45067U 20006Z   23146.46423227  .00002048  00000-0  15633-3 0  9991
2 45067  53.0530 157.6067 0001202  85.3258 274.7868 15.06399164183275
1 45067U 20006Z   23147.72481901  .00000807  00000-0  73090-4 0  9997
2 45067  53.0531 151.9469 0001204  84.8540 275.2586 15.06400560183466
1 45067U 20006Z   23148.25559547  .00001242  00000-0  10226-3 0  9993
2 45067  53.0535 149.5641 0001165  86.5134 273.5988 15.06401250183542
1 45067U 20006Z   23148.32194183  .00001231  00000-0  10149-3 0  9994
2 45067  53.0536 149.2663 0001171  86.2925 273.8197 15.06401622183555
1 45067U 20006Z   23149.25079042  .00001315  00000-0  10714-3 0  9994
2 45067  53.0537 145.0963 0001184  87.0258 273.0867 15.06407185183696
1 45067U 20006Z   23149.71522019  .00000711  00000-0  66621-4 0  9990
2 45067  53.0536 143.0116 0001164  86.2009 273.9113 15.06402590183762
1 45067U 20006Z   23150.37869267  .00000314  00000-0  39996-4 0  9997
2 45067  53.0539 140.0336 0001222  88.1414 271.9715 15.06396903183869
1 45067U 20006Z   23151.37388808  .00000884  00000-0  78211-4 0  9990
2 45067  53.0543 135.5657 0001267  90.3964 269.7170 15.06404519184014
1 45067U 20006Z   23152.23640409  .00000859  00000-0  76555-4 0  9995
2 45067  53.0541 131.6931 0001237  90.4688 269.6442 15.06395245184145
1 45067U 20006Z   23152.89986676  .00001259  00000-0  10339-3 0  9998
2 45067  53.0544 128.7139 0001167  86.5430 273.5692 15.06403703184249
1 45067U 20006Z   23153.23159521  .00001943  00000-0  14925-3 0  9993
2 45067  53.0540 127.2254 0001202  90.0802 270.0324 15.06408737184291
1 45067U 20006Z   23153.62968227  .00000297  00000-0  38848-4 0  9999
2 45067  53.0529 125.4386 0001051  98.7130 261.3978 15.06402006184353
1 45067U 20006Z   23154.29316431 -.00000653  00000-0 -24938-4 0  9990
2 45067  53.0542 122.4604 0001226  92.5091 267.6038 15.06388595184453
1 45067U 20006Z   23155.22201271  .00000172  00000-0  30439-4 0  9996
2 45067  53.0549 118.2940 0001329 101.6322 258.4816 15.06399456184594
1 45067U 20006Z   23155.88548941  .00001313  00000-0  10707-3 0  9999
2 45067  53.0541 115.3122 0001178 103.1807 256.9313 15.06384676184697
1 45067U 20006Z   23156.28356889  .00001406  00000-0  11325-3 0  9992
2 45067  53.0542 113.5248 0001203 102.6636 257.4488 15.06391567184753
1 45067U 20006Z   23156.61529816  .00001813  00000-0  14057-3 0  9998
2 45067  53.0550 112.0365 0001210  99.6509 260.4616 15.06399854184808
1 45067U 20006Z   23157.14606122  .00003125  00000-0  22851-3 0  9992
2 45067  53.0545 109.6527 0001223 103.0100 257.1026 15.06413005184886
1 45067U 20006Z   23157.87589251  .00001287  00000-0  10530-3 0  9993
2 45067  53.0547 106.3767 0001194  96.9219 263.1906 15.06395050184991
1 45067U 20006Z   23158.14128218 -.00000968  00000-0 -46140-4 0  9990
2 45067  53.0538 105.1849 0001149  98.8862 261.2257 15.06390921185030
1 45067U 20006Z   23158.80474640 -.00000241  00000-0  26988-5 0  9998
2 45067  53.0545 102.2039 0001124  93.7265 266.3853 15.06399968185130
1 45067U 20006Z   23159.13647150  .00001326  00000-0  10786-3 0  9994
2 45067  53.0538 100.7187 0001130  80.9669 279.1448 15.06414616185187
1 45067U 20006Z   23160.52976450  .00003012  00000-0  22100-3 0  9994
2 45067  53.0516  94.4664 0000859 116.9051 243.2026 15.06402395185392
1 45067U 20006Z   23161.52497138 -.00000573  00000-0 -19598-4 0  9995
2 45067  53.0511  89.9984 0001814  83.1390 276.9805 15.06392976185542
1 45067U 20006Z   23162.52016678  .00011889  00000-0  81535-3 0  9991
2 45067  53.0537  85.5280 0001068  90.8733 269.2379 15.06415111185692
1 45067U 20006Z   23162.78555136  .00020002  00000-0  13570-2 0  9996
2 45067  53.0545  84.3346 0001065  95.2381 264.8729 15.06424348185733
1 45067U 20006Z   23163.05093200  .00022433  00000-0  15185-2 0  9990
2 45067  53.0544  83.1435 0001051  94.2444 265.8665 15.06438917185773
1 45067U 20006Z   23164.24519192  .00004760  00000-0  33842-3 0  9999
2 45067  53.0542  77.7842 0001378  90.7254 269.3893 15.06378566185959
1 45067U 20006Z   23165.04136181  .00019926  00000-0  13527-2 0  9998
2 45067  53.0545  74.2101 0001380  95.6730 264.4416 15.06402816186075
1 45067U 20006Z   23165.83752978  .00008520  00000-0  59032-3 0  9993
2 45067  53.0539  70.6386 0001471  98.5799 261.5357 15.06391926186195
1 45067U 20006Z   23166.03657259  .00001138  00000-0  95279-4 0  9994
2 45067  53.0542  69.7439 0001379  97.1965 262.9181 15.06387166186229
1 45067U 20006Z   23167.03176787  .00016706  00000-0  11370-2 0  9992
2 45067  53.0548  65.2748 0001450  95.7722 264.3432 15.06424859186376
1 45067U 20006Z   23167.69523700  .00010509  00000-0  72301-3 0  9992
2 45067  53.0540  62.2976 0001492  96.9450 263.1709 15.06415529186474
1 45067U 20006Z   23168.49140990  .00016175  00000-0  11025-2 0  9997
2 45067  53.0541  58.7231 0001443  88.1981 271.9173 15.06393781186597
1 45067U 20006Z   23168.95583507  .00018275  00000-0  12421-2 0  9997
2 45067  53.0544  56.6387 0001424  86.8564 273.2588 15.06414539186668
1 45067U 20006Z   23169.42026736  .00006877  00000-0  48018-3 0  9993
2 45067  53.0546  54.5544 0001826  87.3473 272.7725 15.06396248186734
1 45067U 20006Z   23169.81834729  .00013476  00000-0  92198-3 0  9996
2 45067  53.0544  52.7667 0001114 112.4669 247.6438 15.06394799186792
1 45067U 20006Z   23170.08373557  .00007408  00000-0  51571-3 0  9992
2 45067  53.0546  51.5759 0001218  90.0256 270.0873 15.06399379186838
1 45067U 20006Z   23171.07892163  .00019290  00000-0  13089-2 0  9994
2 45067  53.0549  47.1082 0001083  90.4446 269.6667 15.06441745186982
1 45067U 20006Z   23171.87509107 -.00003324  00000-0 -20441-3 0  9999
2 45067  53.0545  43.5302 0001130 114.1087 246.0020 15.06393323187106
1 45067U 20006Z   23171.94143822 -.00000132  00000-0  10010-4 0  9990
2 45067  53.0546  43.2361 0001054 109.8160 250.2943 15.06400487187119
1 45067U 20006Z   23172.80394401  .00015944  00000-0  10863-2 0  9997
2 45067  53.0546  39.3639 0001026 118.4397 241.6696 15.06418498187244
1 45067U 20006Z   23187.73201365  .00000658  00000-0  63104-4 0  9995
2 45067  53.0561 332.3501 0001022  74.7657 285.3445 15.06388741189835
1 45067U 20006Z   23188.13009014  .00003816  00000-0  27490-3 0  9993
2 45067  53.0560 330.5606 0000990  85.8959 274.2143 15.06403142189892
1 45067U 20006Z   23188.72720437  .00015352  00000-0  10465-2 0  9998
2 45067  53.0552 327.8814 0001028  81.4791 278.6315 15.06426813189981
1 45067U 20006Z   23189.39067591  .00005974  00000-0  41949-3 0  9998
2 45067  53.0553 324.9038 0001132  68.4289 291.6820 15.06411486190080
1 45067U 20006Z   23189.65606361  .00001745  00000-0  13598-3 0  9992
2 45067  53.0553 323.7125 0000881  83.5801 276.5289 15.06397375190128
1 45067U 20006Z   23190.65126665  .00008777  00000-0  60729-3 0  9998
2 45067  53.0549 319.2446 0000938  99.8173 260.2922 15.06406789190274
1 45067U 20006Z   23191.58013098  .00004825  00000-0  34266-3 0  9993
2 45067  53.0549 315.0759 0000911  82.3262 277.7831 15.06394160190419
1 45067U 20006Z   23192.37628981  .00012733  00000-0  87186-3 0  9990
2 45067  53.0542 311.5013 0000832  88.4282 271.6802 15.06413756190534
1 45067U 20006Z   23193.43783741  .00001050  00000-0  89368-4 0  9999
2 45067  53.0542 306.7362 0001423  85.1585 274.9566 15.06400637190698
1 45067U 20006Z   23194.56572413  .00022183  00000-0  15020-2 0  9998
2 45067  53.0548 301.6734 0001199  76.8104 283.3019 15.06436360190863
1 45067U 20006Z   23195.49459339  .00018231  00000-0  12406-2 0  9996
2 45067  53.0552 297.5031 0001168 109.9933 250.1181 15.06371427191006
1 45067U 20006Z   23196.55614874  .00022008  00000-0  14912-2 0  9992
2 45067  53.0553 292.7382 0000992  93.9046 266.2056 15.06413946191163
1 45067U 20006Z   23197.21961779  .00010221  00000-0  70406-3 0  9990
2 45067  53.0569 289.7619 0001427 111.1662 248.9479 15.06401787191267
1 45067U 20006Z   23197.55135296  .00005375  00000-0  37944-3 0  9998
2 45067  53.0560 288.2714 0001001  84.5063 275.6040 15.06403304191318
1 45067U 20006Z   23198.41385108  .00023124  00000-0  15646-2 0  9999
2 45067  53.0547 284.3994 0000945  64.0083 296.1003 15.06437468191440
1 45067U 20006Z   23199.40905867  .00022591  00000-0  15305-2 0  9998
2 45067  53.0543 279.9294 0001497  48.3487 311.7629 15.06404129191597
1 45067U 20006Z   23199.54175029  .00000315  00000-0  40004-4 0  9998
2 45067  53.0542 279.3357 0000996  90.2417 269.8686 15.06393551191617
1 45067U 20006Z   23200.47060447  .00009513  00000-0  65652-3 0  9994
2 45067  53.0535 275.1634 0001032  82.9417 277.1690 15.06409648191758
1 45067U 20006Z   23201.46581322  .00002519  00000-0  18793-3 0  9997
2 45067  53.0535 270.6954 0000957  96.9009 263.2089 15.06395776191901
1 45067U 20006Z   23205.51297325 -.00000008  00000-0  18316-4 0  9998
2 45067  53.0530 252.5287 0000950  86.5170 273.5928 15.06394117192175
1 45067U 20006Z   23206.44183015  .00004982  00000-0  35306-3 0  9992
2 45067  53.0522 248.3573 0001114  90.8892 269.2225 15.06403295192315
1 45067U 20006Z   23207.50338538  .00003389  00000-0  24629-3 0  9998
2 45067  53.0529 243.5936 0001284  80.7455 279.3679 15.06399214192470
1 45067U 20006Z   23207.83511729  .00005426  00000-0  38284-3 0  9995
2 45067  53.0535 242.1049 0001372  79.1940 280.9204 15.06406577192525
1 45067U 20006Z   23208.36588518  .00005763  00000-0  40533-3 0  9998
2 45067  53.0530 239.7209 0001214  90.0370 270.0758 15.06414598192946
1 45067U 20006Z   23208.49857782  .00005321  00000-0  37571-3 0  9992
2 45067  53.0530 239.1252 0001184  90.8594 269.2531 15.06414304192629
1 45067U 20006Z   23209.09570636  .00000261  00000-0  36397-4 0  9993
2 45067  53.0526 236.4442 0001747  91.6400 268.4789 15.06398289193052
1 45067U 20006Z   23209.22840088 -.00001040  00000-0 -50958-4 0  9996
2 45067  53.0529 235.8478 0001338  96.7626 263.3515 15.06394433192731
1 45067U 20006Z   23210.09091817  .00000194  00000-0  31912-4 0  9997
2 45067  53.0534 231.9772 0001131  77.8207 282.2909 15.06388259193206
1 45067U 20006Z   23211.35151478  .00004207  00000-0  30117-3 0  9991
2 45067  53.0527 226.3180 0001186  74.3633 285.7486 15.06395724193397
1 45067U 20006Z   23213.01018174  .00002224  00000-0  16814-3 0  9996
2 45067  53.0524 218.8717 0001257  72.6875 287.4251 15.06403592193644
1 45067U 20006Z   23214.27076338  .00002446  00000-0  18296-3 0  9993
2 45067  53.0525 213.2121 0001210  77.0665 283.0459 15.06410818193830
1 45067U 20006Z   23215.13327530  .00000258  00000-0  36206-4 0  9993
2 45067  53.0523 209.3396 0001228  79.6415 280.4712 15.06399094193967
1 45067U 20006Z   23216.12847015  .00000630  00000-0  61189-4 0  9990
2 45067  53.0536 204.8729 0001233  77.8520 282.2607 15.06408605194114
1 45067U 20006Z   23216.65925029 -.00000103  00000-0  11973-4 0  9992
2 45067  53.0538 202.4896 0001292  82.1043 278.0092 15.06398263194196
1 45067U 20006Z   23217.12368495  .00000087  00000-0  24729-4 0  9996
2 45067  53.0550 200.4072 0001354  82.8502 277.2641 15.06389923194262
1 45067U 20006Z   23218.18521441  .00001685  00000-0  13193-3 0  9992
2 45067  53.0547 195.6423 0001356  91.9708 268.1437 15.06414046194429
1 45067U 20006Z   23218.64965274 -.00000453  00000-0 -11521-4 0  9997
2 45067  53.0549 193.5511 0001439  88.5456 271.5698 15.06396299194493
1 45067U 20006Z   23219.18043689 -.00001176  00000-0 -60122-4 0  9998
2 45067  53.0534 191.1729 0001291  98.5932 261.5203 15.06384238194578
1 45067U 20006Z   23219.64486210  .00000526  00000-0  54206-4 0  9992
2 45067  53.0534 189.0880 0001363  99.0414 261.0729 15.06393256194649
1 45067U 20006Z   23220.90546161  .00008529  00000-0  59080-3 0  9990
2 45067  53.0527 183.4285 0001753  98.1492 261.9696 15.06400112194830
1 45067U 20006Z   23221.30354483  .00006778  00000-0  47358-3 0  9998
2 45067  53.0530 181.6415 0001522 104.5102 255.6056 15.06393959194899
1 45067U 20006Z   23222.23239324  .00013303  00000-0  90977-3 0  9994
2 45067  53.0544 177.4719 0001483 106.6117 253.5035 15.06420667195037
1 45067U 20006Z   23222.56411274  .00006463  00000-0  45211-3 0  9996
2 45067  53.0538 175.9822 0001763 252.2234 107.8563 15.06421709195087
1 45067U 20006Z   23223.16125431  .00001179  00000-0  98029-4 0  9995
2 45067  53.0533 173.3019 0001787  91.2771 268.8423 15.06395385195178
1 45067U 20006Z   23224.09010722  .00018118  00000-0  12314-2 0  9996
2 45067  53.0537 169.1339 0001425  95.5445 264.5707 15.06421319195315
1 45067U 20006Z   23224.81992489  .00009851  00000-0  67903-3 0  9994
2 45067  53.0532 165.8583 0002838  80.9737 279.1573 15.06413985195420
1 45067U 20006Z   23225.21800743  .00005329  00000-0  37641-3 0  9992
2 45067  53.0531 164.0703 0001236  84.2306 275.8823 15.06395483195483
1 45067U 20006Z   23226.08051480  .00018841  00000-0  12797-2 0  9991
2 45067  53.0533 160.1980 0001377  80.2689 279.8455 15.06419827195614
1 45067U 20006Z   23227.07572173  .00014822  00000-0  10115-2 0  9995
2 45067  53.0542 155.7300 0001375  87.5060 272.6086 15.06411977195766
1 45067U 20006Z   23228.00457232  .00012727  00000-0  87130-3 0  9991
2 45067  53.0539 151.5620 0001266  89.6710 270.4424 15.06419837195906
1 45067U 20006Z   23228.80073401 -.00019414  00000-0 -12879-2 0  9990
2 45067  53.0584 147.9926 0001289  38.5175 321.5906 15.06402674196025
1 45067U 20006Z   23229.19881679  .00003533  00000-0  25598-3 0  9993
2 45067  53.0544 146.1997 0001393  95.2555 264.8593 15.06396076196083
1 45067U 20006Z   23230.12765580  .00018649  00000-0  12662-2 0  9991
2 45067  53.0548 142.0300 0001225  88.2844 271.8285 15.06440495196224
1 45067U 20006Z   23231.18922056  .00004874  00000-0  34605-3 0  9998
2 45067  53.0538 137.2648 0001295  71.4123 288.7006 15.06384093196381
1 45067U 20006Z   23232.11808066  .00024336  00000-0  16463-2 0  9992
2 45067  53.0535 133.0950 0001285  68.6160 291.4966 15.06415819196529
1 45067U 20006Z   23233.11326634  .00015334  00000-0  10472-2 0  9991
2 45067  53.0533 128.6262 0001383  70.4479 289.6659 15.06360191196672
1 45067U 20006Z   23234.10848110  .00023325  00000-0  15795-2 0  9991
2 45067  53.0539 124.1589 0001342  76.8218 283.2921 15.06401795196822
1 45067U 20006Z   23235.10370178  .00019411  00000-0  13189-2 0  9992
2 45067  53.0541 119.6917 0001470  77.1546 282.9607 15.06387672196979
1 45067U 20006Z   23236.03255368  .00016217  00000-0  11046-2 0  9999
2 45067  53.0543 115.5215 0001366  87.4900 272.6245 15.06416406196779
1 45067U 20006Z   23237.02776597  .00012022  00000-0  82458-3 0  9997
2 45067  53.0543 111.0538 0001766  86.3203 273.7987 15.06401698196925
1 45067U 20006Z   23237.02776597  .00012022  00000-0  82458-3 0  9997
2 45067  53.0543 111.0538 0001766  86.3203 273.7987 15.06401698197263
1 45067U 20006Z   23237.89026787  .00013539  00000-0  92565-3 0  9995
2 45067  53.0532 107.1810 0001199 102.5805 257.5318 15.06417156197050
1 45067U 20006Z   23238.02295981  .00014423  00000-0  98458-3 0  9995
2 45067  53.0535 106.5851 0001168  90.8454 269.2669 15.06421856197079
1 45067U 20006Z   23238.88547366  .00007560  00000-0  52581-3 0  9997
2 45067  53.0543 102.7108 0001133 103.2856 256.8259 15.06403277197207
1 45067U 20006Z   23239.01816962  .00004387  00000-0  31322-3 0  9998
2 45067  53.0542 102.1185 0001189  92.4818 267.6307 15.06396417197226
1 45067U 20006Z   23239.01816962  .00004387  00000-0  31322-3 0  9998
2 45067  53.0542 102.1185 0001189  92.4818 267.6307 15.06396417197563
1 45067U 20006Z   23239.88067232  .00013432  00000-0  91837-3 0  9999
2 45067  53.0539  98.2485 0001173  82.7286 277.3836 15.06420569197359
1 45067U 20006Z   23239.88067232  .00013432  00000-0  91837-3 0  9999
2 45067  53.0539  98.2485 0001173  82.7286 277.3836 15.06420569197696
1 45067U 20006Z   23240.87587246  .00005169  00000-0  36555-3 0  9996
2 45067  53.0556  93.7777 0001426  86.3633 273.7519 15.06409614197502
1 45067U 20006Z   23241.00856639  .00002076  00000-0  15819-3 0  9991
2 45067  53.0542  93.1843 0001414  87.4384 272.6766 15.06404957197863
1 45067U 20006Z   23241.80471981  .00007657  00000-0  53214-3 0  9993
2 45067  53.0544  89.6093 0001445  91.4572 268.6583 15.06418039197644
1 45067U 20006Z   23241.80471981  .00007657  00000-0  53214-3 0  9993
2 45067  53.0544  89.6093 0001445  91.4572 268.6583 15.06418039197981
1 45067U 20006Z   23242.66723323 -.00003783  00000-0 -23524-3 0  9997
2 45067  53.0533  85.7380 0001441  98.4364 261.6789 15.06391219198114
1 45067U 20006Z   23242.86627286 -.00000151  00000-0  88039-5 0  9999
2 45067  53.0536  84.8447 0002025 103.9904 256.1311 15.06399159197808
1 45067U 20006Z   23242.99897515 -.00008085  00000-0 -52484-3 0  9995
2 45067  53.0532  84.2484 0001801  91.4367 268.6828 15.06376261198164
1 45067U 20006Z   23243.33070390 -.00000050  00000-0  15516-4 0  9997
2 45067  53.0535  82.7600 0001291  88.7177 271.3960 15.06394229198219
1 45067U 20006Z   23243.66243803  .00004219  00000-0  30196-3 0  9994
2 45067  53.0535  81.2762 0001479  64.6178 295.4964 15.06400801197926
1 45067U 20006Z   23244.25956126  .00004795  00000-0  34056-3 0  9997
2 45067  53.0519  78.5909 0001859  84.0732 276.0468 15.06403533198014
1 45067U 20006Z   23244.79034163 -.00000777  00000-0 -33298-4 0  9990
2 45067  53.0523  76.2080 0001466  88.6904 271.4253 15.06388050198094
1 45067U 20006Z   23244.79034163 -.00000777  00000-0 -33298-4 0  9990
2 45067  53.0523  76.2080 0001466  88.6904 271.4253 15.06388050198432
1 45067U 20006Z   23245.52015756  .00010297  00000-0  70914-3 0  9990
2 45067  53.0529  72.9292 0001337  93.0906 267.0236 15.06401621198549
1 45067U 20006Z   23245.78554353  .00015494  00000-0  10564-2 0  9997
2 45067  53.0536  71.7377 0001260  91.8654 268.2479 15.06412188198248
1 45067U 20006Z   23246.31631796  .00013361  00000-0  91381-3 0  9992
2 45067  53.0536  69.3549 0001508  90.9502 269.1659 15.06415465198329
1 45067U 20006Z   23246.78074895  .00006761  00000-0  47234-3 0  9998
2 45067  53.0543  67.2698 0001452  86.1211 273.9944 15.06400229198738
1 45067U 20006Z   23247.51056789  .00008925  00000-0  61731-3 0  9994
2 45067  53.0547  63.9938 0001507  85.6134 274.5027 15.06399487198508
1 45067U 20006Z   23247.77595345  .00010864  00000-0  74696-3 0  9997
2 45067  53.0548  62.8021 0001488  85.8445 274.2714 15.06407706198880
1 45067U 20006Z   23248.17403522  .00003131  00000-0  22900-3 0  9997
2 45067  53.0549  61.0155 0001456  85.0020 275.1135 15.06400229198943
1 45067U 20006Z   23248.50577153  .00002075  00000-0  15816-3 0  9990
2 45067  53.0549  59.5259 0001682  86.9069 273.2112 15.06397786198659
1 45067U 20006Z   23248.77116011  .00001023  00000-0  87540-4 0  9997
2 45067  53.0549  58.3354 0001407  86.8456 273.2694 15.06395172199031
1 45067U 20006Z   23249.50096842  .00004295  00000-0  30696-3 0  9991
2 45067  53.0550  55.0589 0001404  87.3786 272.7364 15.06410726199149
1 45067U 20006Z   23249.83269610  .00007799  00000-0  54153-3 0  9998
2 45067  53.0548  53.5700 0001404  87.9112 272.2037 15.06422949198852
1 45067U 20006Z   23249.83269610  .00007799  00000-0  54153-3 0  9998
2 45067  53.0548  53.5700 0001404  87.9112 272.2037 15.06422949199190
1 45067U 20006Z   23250.56252186  .00000944  00000-0  82295-4 0  9994
2 45067  53.0551  50.2909 0001834  78.2174 281.9020 15.06397432198968
1 45067U 20006Z   23250.56252186  .00000944  00000-0  82295-4 0  9994
2 45067  53.0551  50.2909 0001834  78.2174 281.9020 15.06397432199307
1 45067U 20006Z   23251.15964501  .00000219  00000-0  33595-4 0  9995
2 45067  53.0541  47.6107 0001822  83.7545 276.3651 15.06394665199051
1 45067U 20006Z   23251.69041414  .00007171  00000-0  49969-3 0  9998
2 45067  53.0548  45.2308 0001304  76.1161 283.9973 15.06410468199130
1 45067U 20006Z   23251.69041414  .00007171  00000-0  49969-3 0  9998
2 45067  53.0548  45.2308 0001304  76.1161 283.9973 15.06410468199477
1 45067U 20006Z   23252.35388956 -.00001180  00000-0 -60337-4 0  9996
2 45067  53.0548  42.2524 0001365  80.8797 279.2346 15.06389304199575
1 45067U 20006Z   23252.55293044  .00001006  00000-0  86470-4 0  9992
2 45067  53.0547  41.3585 0001409  83.7128 276.4022 15.06390971199268
1 45067U 20006Z   23252.81831911  .00012182  00000-0  83531-3 0  9993
2 45067  53.0550  40.1672 0001360  84.9854 275.1291 15.06399439199645
1 45067U 20006Z   23253.54813108  .00021903  00000-0  14838-2 0  9996
2 45067  53.0552  36.8908 0001379  81.7395 278.3751 15.06423500199414
1 45067U 20006Z   23253.61447664  .00022409  00000-0  15174-2 0  9990
2 45067  53.0553  36.5930 0001371  80.1556 279.9588 15.06426761199766
1 45067U 20006Z   23254.54333594  .00024108  00000-0  16313-2 0  9993
2 45067  53.0556  32.4231 0001449  86.3513 273.7642 15.06411788199569
1 45067U 20006Z   23254.67602987  .00020787  00000-0  14104-2 0  9997
2 45067  53.0555  31.8273 0001171  88.5409 271.5714 15.06396753199927
1 45067U 20006Z   23255.53852792  .00016334  00000-0  11120-2 0  9992
2 45067  53.0567  27.9533 0001262  83.0283 277.0849 15.06429698199718
1 45067U 20006Z   23255.60487274  .00017406  00000-0  11835-2 0  9993
2 45067  53.0559  27.6563 0001227  87.3468 272.7661 15.06433542199720
1 45067U 20006Z   23256.06929103  .00015219  00000-0  10373-2 0  9992
2 45067  53.0563  25.5712 0001025  55.7517 304.3569 15.06440265200135
1 45067U 20006Z   23256.33468425  .00001410  00000-0  11354-3 0  9996
2 45067  53.0557  24.3818 0001885  73.0918 287.0278 15.06412958200170
1 45067U 20006Z   23256.53372802  .00017310  00000-0  11783-2 0  9992
2 45067  53.0558  23.4885 0001372  66.6590 293.4543 15.06393506199866
1 45067U 20006Z   23256.66642254  .00030359  00000-0  20486-2 0  9995
2 45067  53.0558  22.8930 0001272  59.9288 300.1827 15.06393340199887
1 45067U 20006Z   23256.66642254  .00030359  00000-0  20486-2 0  9995
2 45067  53.0558  22.8930 0001272  59.9288 300.1827 15.06393340200228
1 45067U 20006Z   23257.06451191  .00008733  00000-0  60475-3 0  9992
2 45067  53.0557  21.1056 0001483  75.6785 284.4368 15.06380597200289
1 45067U 20006Z   23257.52895201  .00016212  00000-0  11057-2 0  9999
2 45067  53.0554  19.0211 0001372  80.2254 279.8890 15.06368443200010
1 45067U 20006Z   23257.66164899  .00026248  00000-0  17757-2 0  9999
2 45067  53.0557  18.4259 0001287  73.2612 286.8518 15.06373566200032
1 45067U 20006Z   23257.66164899  .00026248  00000-0  17757-2 0  9999
2 45067  53.0557  18.4259 0001287  73.2612 286.8518 15.06373566200379
1 45067U 20006Z   23258.12608640  .00016671  00000-0  11361-2 0  9992
2 45067  53.0559  16.3421 0001444  73.6927 286.4221 15.06377241200446
1 45067U 20006Z   23258.52417239  .00010998  00000-0  75642-3 0  9997
2 45067  53.0561  14.5551 0001467  73.5389 286.5761 15.06382242200165
1 45067U 20006Z   23258.59052006  .00009493  00000-0  65562-3 0  9999
2 45067  53.0561  14.2577 0001541  72.0210 288.0947 15.06382028200514
1 45067U 20006Z   23259.05494481  .00014810  00000-0  10109-2 0  9993
2 45067  53.0566  12.1732 0001539  71.5570 288.5586 15.06406118200587
1 45067U 20006Z   23259.32032667  .00019848  00000-0  13467-2 0  9993
2 45067  53.0564  10.9809 0001455  72.8096 287.3052 15.06425058200624
1 45067U 20006Z   23259.58570665  .00020851  00000-0  14131-2 0  9991
2 45067  53.0562   9.7884 0001359  76.0849 284.0291 15.06438965200323
1 45067U 20006Z   23260.44821553  .00024496  00000-0  16577-2 0  9998
2 45067  53.0566   5.9171 0001339  93.0509 267.0634 15.06400051200792
1 45067U 20006Z   23260.51456289  .00034295  00000-0  23099-2 0  9991
2 45067  53.0565   5.6194 0001278  89.9567 270.1568 15.06402502200461
1 45067U 20006Z   23261.44340919  .00018451  00000-0  12534-2 0  9994
2 45067  53.0570   1.4481 0001209 100.6649 259.4476 15.06427280200947
1 45067U 20006Z   23261.50975565  .00017378  00000-0  11818-2 0  9993
2 45067  53.0561   1.1504 0001232  90.0427 270.0703 15.06427589200610
1 45067U 20006Z   23262.43860873  .00016471  00000-0  11217-2 0  9997
2 45067  53.0560 356.9804 0002018 132.0032 228.1129 15.06412729201094
1 45067U 20006Z   23263.50017322  .00004374  00000-0  31251-3 0  9999
2 45067  53.0555 352.2128 0001463 106.1764 253.9386 15.06378772201251
1 45067U 20006Z   23263.56652202  .00002799  00000-0  20683-3 0  9993
2 45067  53.0553 351.9158 0001375  92.8857 267.2289 15.06376736200925
1 45067U 20006Z   23264.42905143  .00000781  00000-0  71400-4 0  9997
2 45067  53.0553 348.0470 0001602  73.4873 286.6292 15.06372364201399
1 45067U 20006Z   23264.49540013  .00001571  00000-0  12440-3 0  9991
2 45067  53.0556 347.7496 0001682  70.9381 289.1790 15.06372717201067
1 45067U 20006Z   23265.42425302  .00011715  00000-0  80393-3 0  9991
2 45067  53.0553 343.5846 0001623  78.3842 281.7329 15.06406168201543
1 45067U 20006Z   23265.49059908  .00012748  00000-0  87293-3 0  9996
2 45067  53.0551 343.2864 0001732  74.7279 285.3901 15.06410329201217
1 45067U 20006Z   23266.41944764  .00004071  00000-0  29197-3 0  9991
2 45067  53.0550 339.1063 0001795 122.8747 237.2415 15.06410332201350
1 45067U 20006Z   23266.41944764  .00004071  00000-0  29197-3 0  9991
2 45067  53.0550 339.1063 0001795 122.8747 237.2415 15.06410332201697
1 45067U 20006Z   23267.41464757 -.00040799  00000-0 -27395-2 0  9997
2 45067  53.0555 334.6427 0002360 111.4666 248.6574 15.06348555201845
1 45067U 20006Z   23267.54732279 -.00003867  00000-0 -24072-3 0  9993
2 45067  53.0557 334.0470 0001560 107.8804 252.2355 15.06421773201520
1 45067U 20006Z   23267.61366179  .00017853  00000-0  12126-2 0  9997
2 45067  53.0557 333.7495 0001519 101.3241 258.7918 15.06455876201539
1 45067U 20006Z   23267.61366179  .00017853  00000-0  12126-2 0  9997
2 45067  53.0557 333.7495 0001519 101.3241 258.7918 15.06455876201876
1 45067U 20006Z   23268.40983292  .00001525  00000-0  12125-3 0  9995
2 45067  53.0555 330.1762 0001553 107.6378 252.4781 15.06405933201991
1 45067U 20006Z   23268.54252769  .00007944  00000-0  55157-3 0  9991
2 45067  53.0558 329.5797 0001531 109.7193 250.3962 15.06402137201674
1 45067U 20006Z   23269.40504174 -.00003758  00000-0 -23365-3 0  9994
2 45067  53.0559 325.7078 0001577 105.7247 254.3916 15.06381805202145
1 45067U 20006Z   23269.53773830  .00002358  00000-0  17722-3 0  9998
2 45067  53.0554 325.1128 0001436  99.7847 260.3304 15.06389013201823
1 45067U 20006Z   23270.46660886  .00004070  00000-0  29208-3 0  9993
2 45067  53.0542 320.9445 0001363  90.3675 269.7470 15.06381426201962
1 45067U 20006Z   23270.46660886  .00004070  00000-0  29208-3 0  9993
2 45067  53.0542 320.9445 0001363  90.3675 269.7470 15.06381426202301
1 45067U 20006Z   23270.93103807  .00009909  00000-0  68327-3 0  9991
2 45067  53.0537 318.8587 0001468  88.8069 271.3088 15.06395382202370
1 45067U 20006Z   23271.39546176  .00013177  00000-0  90153-3 0  9996
2 45067  53.0536 316.7742 0001487  85.1157 275.0002 15.06413366202109
1 45067U 20006Z   23271.39546176  .00013177  00000-0  90153-3 0  9996
2 45067  53.0536 316.7742 0001487  85.1157 275.0002 15.06413366202446
1 45067U 20006Z   23272.12527786  .00005518  00000-0  38896-3 0  9990
2 45067  53.0536 313.4983 0001565  93.1771 266.9397 15.06406813202552
1 45067U 20006Z   23272.32432030  .00007053  00000-0  49186-3 0  9999
2 45067  53.0531 312.6036 0001263  81.9738 278.1394 15.06403721202243
1 45067U 20006Z   23273.25316630  .00015140  00000-0  10324-2 0  9996
2 45067  53.0531 308.4309 0001393 100.7923 259.3222 15.06426672202385
1 45067U 20006Z   23273.38585692  .00017185  00000-0  11687-2 0  9990
2 45067  53.0533 307.8368 0001445  89.9542 270.1612 15.06434487202745
1 45067U 20006Z   23274.11567198 -.00006219  00000-0 -39896-3 0  9994
2 45067  53.0541 304.5627 0001512  83.4401 276.6760 15.06398188202858
1 45067U 20006Z   23274.38106344  .00023379  00000-0  15836-2 0  9996
2 45067  53.0536 303.3707 0001554  75.5757 284.5404 15.06391499202558
1 45067U 20006Z   23274.77914437  .00021513  00000-0  14585-2 0  9997
2 45067  53.0535 301.5837 0001623  77.6288 282.4882 15.06406449202616
1 45067U 20006Z   23274.77914437  .00021513  00000-0  14585-2 0  9997
2 45067  53.0535 301.5837 0001623  77.6288 282.4882 15.06406449202953
1 45067U 20006Z   23275.50894563  .00022760  00000-0  15402-2 0  9990
2 45067  53.0530 298.3070 0001637  77.7469 282.3703 15.06441698202728
1 45067U 20006Z   23276.03972969  .00010917  00000-0  75071-3 0  9996
2 45067  53.0528 295.9236 0002075  81.7565 278.3659 15.06397237203142
1 45067U 20006Z   23276.37146662  .00016585  00000-0  11302-2 0  9999
2 45067  53.0528 294.4339 0001417 111.4668 248.6472 15.06383471202859
1 45067U 20006Z   23276.37146662  .00016585  00000-0  11302-2 0  9999
2 45067  53.0528 294.4339 0001417 111.4668 248.6472 15.06383471203197
1 45067U 20006Z   23277.30032086  .00021264  00000-0  14414-2 0  9994
2 45067  53.0530 290.2636 0001502 105.7058 254.4097 15.06419242202999
1 45067U 20006Z   23278.03014194  .00012428  00000-0  85192-3 0  9999
2 45067  53.0541 286.9845 0001729 280.7146  79.3649 15.06393752203443
1 45067U 20006Z   23278.49457616  .00001259  00000-0  10342-3 0  9994
2 45067  53.0544 284.9011 0001635  88.2379 271.8797 15.06388135203176
1 45067U 20006Z   23278.75996044  .00003354  00000-0  24397-3 0  9999
2 45067  53.0546 283.7110 0001600  81.5655 278.5515 15.06399821203211
1 45067U 20006Z   23279.22438372  .00006393  00000-0  44761-3 0  9990
2 45067  53.0541 281.6295 0001809  68.5777 291.5404 15.06408056203288
1 45067U 20006Z   23279.22438372  .00006393  00000-0  44761-3 0  9990
2 45067  53.0541 281.6295 0001809  68.5777 291.5404 15.06408056203626
1 45067U 20006Z   23280.02055762  .00001925  00000-0  14815-3 0  9991
2 45067  53.0540 278.0520 0001346  87.4075 272.7068 15.06389689203743
1 45067U 20006Z   23280.28594598 -.00000707  00000-0 -28545-4 0  9999
2 45067  53.0529 276.8601 0001621  91.5607 268.5567 15.06387106203445
1 45067U 20006Z   23281.01575024  .00000288  00000-0  38265-4 0  9996
2 45067  53.0540 273.5834 0001829  96.4039 263.7159 15.06406790203897
1 45067U 20006Z   23281.41382313  .00009537  00000-0  65770-3 0  9993
2 45067  53.0530 271.7980 0001792 101.5793 258.5397 15.06431054203619
1 45067U 20006Z   23281.41382313  .00009537  00000-0  65770-3 0  9993
2 45067  53.0530 271.7980 0001792 101.5793 258.5397 15.06431054203956
1 45067U 20006Z   23281.67922200  .00000765  00000-0  70274-4 0  9996
2 45067  53.0534 270.6040 0002246  83.5960 276.5284 15.06403576203655
1 45067U 20006Z   23281.67922200  .00000765  00000-0  70274-4 0  9996
2 45067  53.0534 270.6040 0002246  83.5960 276.5284 15.06403576203992
1 45067U 20006Z   23282.14365198 -.00003899  00000-0 -24308-3 0  9995
2 45067  53.0535 268.5224 0001505  97.7078 262.4082 15.06388489204061
1 45067U 20006Z   23282.27634959  .00022880  00000-0  15506-2 0  9991
2 45067  53.0531 267.9272 0001453  95.4190 264.6964 15.06384588203748
1 45067U 20006Z   23282.67443215  .00029205  00000-0  19713-2 0  9990
2 45067  53.0529 266.1398 0001437  95.4497 264.6656 15.06402853203808
1 45067U 20006Z   23282.67443215  .00029205  00000-0  19713-2 0  9990
2 45067  53.0529 266.1398 0001437  95.4497 264.6656 15.06402853204146
1 45067U 20006Z   23283.27154151  .00032979  00000-0  22198-2 0  9998
2 45067  53.0528 263.4588 0001469  96.6278 263.4878 15.06445967203898
1 45067U 20006Z   23283.66962913  .00006548  00000-0  45802-3 0  9995
2 45067  53.0533 261.6714 0002207  74.2101 285.9131 15.06407678204296
1 45067U 20006Z   23283.93502082 -.00013156  00000-0 -86677-3 0  9992
2 45067  53.0533 260.4801 0001447  87.4011 272.7143 15.06364842203999
1 45067U 20006Z   23284.13406897  .00011720  00000-0  80520-3 0  9996
2 45067  53.0528 259.5862 0001543  80.1574 279.9589 15.06363764204367
1 45067U 20006Z   23284.39946400  .00026908  00000-0  18199-2 0  9999
2 45067  53.0529 258.3945 0001626  80.1089 280.0083 15.06370010204061
1 45067U 20006Z   23285.19562279  .00035060  00000-0  23590-2 0  9996
2 45067  53.0531 254.8207 0001589  78.5618 281.5550 15.06430276204520
1 45067U 20006Z   23285.32831303  .00034941  00000-0  23505-2 0  9991
2 45067  53.0531 254.2249 0001597  79.1782 280.9387 15.06439777204209
1 45067U 20006Z   23286.19083119  .00022732  00000-0  15402-2 0  9993
2 45067  53.0536 250.3526 0001506  98.3210 261.7949 15.06397071204670
1 45067U 20006Z   23286.32352570  .00024451  00000-0  16547-2 0  9999
2 45067  53.0541 249.7575 0001510  98.4412 261.6748 15.06400249204355
1 45067U 20006Z   23286.85429081  .00036316  00000-0  24416-2 0  9996
2 45067  53.0544 247.3747 0001522 104.2378 255.8780 15.06442049204437
1 45067U 20006Z   23287.18601155  .00033289  00000-0  22392-2 0  9994
2 45067  53.0541 245.8865 0001578 105.0267 255.0897 15.06465402204827
1 45067U 20006Z   23287.58408584  .00015083  00000-0  10281-2 0  9995
2 45067  53.0546 244.0968 0000907  59.3474 300.7604 15.06442625204548
1 45067U 20006Z   23287.58408584  .00015083  00000-0  10281-2 0  9995
2 45067  53.0546 244.0968 0000907  59.3474 300.7604 15.06442625204885
1 45067U 20006Z   23288.18123716  .00024496  00000-0  16604-2 0  9996
2 45067  53.0537 241.4176 0001127  74.8438 285.2675 15.06340085204976
1 45067U 20006Z   23288.57933084  .00031092  00000-0  20991-2 0  9990
2 45067  53.0538 239.6309 0001243  83.3702 276.7428 15.06363860204698
1 45067U 20006Z   23289.30913286  .00076643  00000-0  50973-2 0  9998
2 45067  53.0539 236.3545 0001563  91.0835 269.0333 15.06482329204808
1 45067U 20006Z   23289.30913286  .00076643  00000-0  50973-2 0  9998
2 45067  53.0539 236.3545 0001563  91.0835 269.0333 15.06482329205146
1 45067U 20006Z   23289.83991278  .00040063  00000-0  26936-2 0  9992
2 45067  53.0540 233.9705 0002034 123.9426 236.1756 15.06394721204886
1 45067U 20006Z   23289.83991278  .00040063  00000-0  26936-2 0  9992
2 45067  53.0540 233.9705 0002034 123.9426 236.1756 15.06394721205225
1 45067U 20006Z   23290.17164882  .00016514  00000-0  11250-2 0  9991
2 45067  53.0536 232.4818 0001510 110.7809 249.3342 15.06398450204933
1 45067U 20006Z   23290.17164882  .00016514  00000-0  11250-2 0  9991
2 45067  53.0536 232.4818 0001510 110.7809 249.3342 15.06398450205271
1 45067U 20006Z   23291.10048636  .00028778  00000-0  19400-2 0  9993
2 45067  53.0542 228.3136 0001759 114.2347 245.8826 15.06457327205071
1 45067U 20006Z   23291.10048636  .00028778  00000-0  19400-2 0  9993
2 45067  53.0542 228.3136 0001759 114.2347 245.8826 15.06457327205419
1 45067U 20006Z   23291.56491427  .00006109  00000-0  42850-3 0  9993
2 45067  53.0542 226.2284 0001930  95.8197 264.3012 15.06414218205143
1 45067U 20006Z   23291.56491427  .00006109  00000-0  42850-3 0  9993
2 45067  53.0542 226.2284 0001930  95.8197 264.3012 15.06414218205480
1 45067U 20006Z   23292.09569761  .00020729  00000-0  14071-2 0  9996
2 45067  53.0544 223.8466 0001592  95.1443 264.9728 15.06381352205569
1 45067U 20006Z   23292.22839221  .00037301  00000-0  25104-2 0  9995
2 45067  53.0542 223.2504 0001575  94.4138 265.7031 15.06391488205240
1 45067U 20006Z   23292.22839221  .00037301  00000-0  25104-2 0  9995
2 45067  53.0542 223.2504 0001575  94.4138 265.7031 15.06391488205587
1 45067U 20006Z   23293.09088098  .00044405  00000-0  29757-2 0  9990
2 45067  53.0546 219.3788 0001529  99.0828 261.0335 15.06469226205376
1 45067U 20006Z   23293.09088098  .00044405  00000-0  29757-2 0  9990
2 45067  53.0546 219.3788 0001529  99.0828 261.0335 15.06469226205714
1 45067U 20006Z   23293.82070885  .00019698  00000-0  13377-2 0  9993
2 45067  53.0555 216.1026 0001880  88.5318 271.5886 15.06397771205487
1 45067U 20006Z   23293.82070885  .00019698  00000-0  13377-2 0  9993
2 45067  53.0555 216.1026 0001880  88.5318 271.5886 15.06397771205825
1 45067U 20006Z   23294.01975595  .00014232  00000-0  97378-3 0  9990
2 45067  53.0543 215.2094 0001236 102.8721 257.2406 15.06346749205851
1 45067U 20006Z   23294.48419907  .00033979  00000-0  22908-2 0  9996
2 45067  53.0538 213.1244 0001148  71.7140 288.3973 15.06372138205585
1 45067U 20006Z   23294.48419907  .00033979  00000-0  22908-2 0  9996
2 45067  53.0538 213.1244 0001148  71.7140 288.3973 15.06372138205923
1 45067U 20006Z   23294.94862655  .00030692  00000-0  20699-2 0  9993
2 45067  53.0533 211.0384 0001161  70.9901 289.1213 15.06408858205656
1 45067U 20006Z   23295.47939248  .00007233  00000-0  50363-3 0  9992
2 45067  53.0548 208.6553 0001441  79.0508 281.0643 15.06426420205738
1 45067U 20006Z   23295.47939248  .00007233  00000-0  50363-3 0  9992
2 45067  53.0548 208.6553 0001441  79.0508 281.0643 15.06426420206076
1 45067U 20006Z   23295.94382771  .00000315  00000-0  40061-4 0  9996
2 45067  53.0534 206.5710 0001321  91.5399 268.5742 15.06395498205807
1 45067U 20006Z   23296.07652405  .00019954  00000-0  13553-2 0  9998
2 45067  53.0535 205.9758 0000898  98.8441 261.2650 15.06383593206160
1 45067U 20006Z   23296.93903461  .00026343  00000-0  17799-2 0  9990
2 45067  53.0539 202.1040 0000888 103.7382 256.3706 15.06418272205952
1 45067U 20006Z   23297.46980818  .00003376  00000-0  24537-3 0  9990
2 45067  53.0555 199.7200 0001169  99.7800 260.3321 15.06405792206032
1 45067U 20006Z   23297.46980818  .00003376  00000-0  24537-3 0  9990
2 45067  53.0555 199.7200 0001169  99.7800 260.3321 15.06405792206379
1 45067U 20006Z   23298.86308205  .00005631  00000-0  39642-3 0  9998
2 45067  53.0550 193.4677 0000980  82.8268 277.2832 15.06419533206589
1 45067U 20006Z   23298.99577100  .00008373  00000-0  57988-3 0  9993
2 45067  53.0548 192.8714 0000942  86.8273 273.2824 15.06429182206262
1 45067U 20006Z   23298.99577100  .00008373  00000-0  57988-3 0  9993
2 45067  53.0548 192.8714 0000942  86.8273 273.2824 15.06429182206600
1 45067U 20006Z   23299.85828049  .00003278  00000-0  23879-3 0  9991
2 45067  53.0544 188.9986 0001253 103.9543 256.1586 15.06414305206392
1 45067U 20006Z   23299.92462562  .00006834  00000-0  47696-3 0  9997
2 45067  53.0541 188.7018 0001018  97.1129 262.9976 15.06421174206745
1 45067U 20006Z   23300.38905183  .00014003  00000-0  95656-3 0  9997
2 45067  53.0541 186.6162 0001106  78.7709 281.3404 15.06420994206479
1 45067U 20006Z   23300.38905183  .00014003  00000-0  95656-3 0  9997
2 45067  53.0541 186.6162 0001106  78.7709 281.3404 15.06420994206817
1 45067U 20006Z   23300.91981224  .00017297  00000-0  11759-2 0  9995
2 45067  53.0528 184.2337 0001059  91.1373 268.9738 15.06443048206550
1 45067U 20006Z   23300.98615724  .00018752  00000-0  12728-2 0  9995
2 45067  53.0532 183.9354 0001153  85.1202 274.9918 15.06447115206904
1 45067U 20006Z   23301.38423574 -.00006508  00000-0 -41824-3 0  9998
2 45067  53.0535 182.1475 0001206  70.3639 289.7480 15.06415514206626
1 45067U 20006Z   23301.38423574 -.00006508  00000-0 -41824-3 0  9998
2 45067  53.0535 182.1475 0001206  70.3639 289.7480 15.06415514206963
1 45067U 20006Z   23301.84867868  .00010505  00000-0  72378-3 0  9995
2 45067  53.0526 180.0640 0001094  73.0392 287.0717 15.06362201207032
1 45067U 20006Z   23301.91502745  .00017284  00000-0  11778-2 0  9990
2 45067  53.0527 179.7664 0000773  63.2005 296.9063 15.06354952206709
1 45067U 20006Z   23302.04772483 -.00011369  00000-0 -74643-3 0  9994
2 45067  53.0536 179.1703 0001320  74.9157 285.1978 15.06357905206721
1 45067U 20006Z   23302.04772483 -.00011369  00000-0 -74643-3 0  9994
2 45067  53.0536 179.1703 0001320  74.9157 285.1978 15.06357905207069
1 45067U 20006Z   23302.84390599  .00017762  00000-0  12090-2 0  9994
2 45067  53.0535 175.5958 0001174  79.0034 281.1087 15.06379145207187
1 45067U 20006Z   23302.91025422  .00025063  00000-0  16960-2 0  9995
2 45067  53.0527 175.2998 0001476  69.1663 290.9484 15.06389186206850
1 45067U 20006Z   23303.04294801  .00029325  00000-0  19793-2 0  9991
2 45067  53.0527 174.7049 0001586  65.1871 294.9283 15.06401642207214
1 45067U 20006Z   23303.37468510  .00020433  00000-0  13868-2 0  9995
2 45067  53.0537 173.2131 0001565  79.8452 280.2714 15.06396475207264
1 45067U 20006Z   23303.90546392  .00004699  00000-0  33424-3 0  9996
2 45067  53.0513 170.8301 0001446  90.3416 269.7738 15.06390888207008
1 45067U 20006Z   23303.90546392  .00004699  00000-0  33424-3 0  9996
2 45067  53.0513 170.8301 0001446  90.3416 269.7738 15.06390888207345
1 45067U 20006Z   23304.36988933  .00009761  00000-0  67315-3 0  9999
2 45067  53.0537 168.7444 0001596  90.2177 269.8995 15.06408603207075
1 45067U 20006Z   23304.36988933  .00009761  00000-0  67315-3 0  9999
2 45067  53.0537 168.7444 0001596  90.2177 269.8995 15.06408603207413
1 45067U 20006Z   23304.90065799  .00014690  00000-0  10024-2 0  9996
2 45067  53.0531 166.3631 0001508  86.2773 273.8389 15.06424401207156
1 45067U 20006Z   23305.03334924  .00013868  00000-0  94734-3 0  9997
2 45067  53.0529 165.7674 0001463  85.5868 274.5288 15.06427255207178
1 45067U 20006Z   23305.89585340  .00005624  00000-0  39600-3 0  9993
2 45067  53.0534 161.8913 0001549  81.9317 278.1848 15.06414432207301
1 45067U 20006Z   23305.89585340  .00005624  00000-0  39600-3 0  9993
2 45067  53.0534 161.8913 0001549  81.9317 278.1848 15.06414432207648
1 45067U 20006Z   23306.55931583  .00003861  00000-0  27786-3 0  9994
2 45067  53.0535 158.9166 0001441  90.1611 269.9543 15.06414805207404
1 45067U 20006Z   23306.89104519  .00003691  00000-0  26645-3 0  9996
2 45067  53.0534 157.4276 0001409  90.4417 269.6733 15.06418162207453
1 45067U 20006Z   23307.15642980  .00002820  00000-0  20806-3 0  9991
2 45067  53.0526 156.2359 0001436  90.5439 269.5714 15.06416810207836
1 45067U 20006Z   23307.28913020 -.00003540  00000-0 -21889-3 0  9995
2 45067  53.0530 155.6404 0001453  86.0636 274.0519 15.06397104207853
1 45067U 20006Z   23307.62086463 -.00002276  00000-0 -13397-3 0  9995
2 45067  53.0530 154.1512 0001460  93.4382 266.6773 15.06395771207560
1 45067U 20006Z   23307.88625196 -.00001764  00000-0 -99557-4 0  9999
2 45067  53.0531 152.9599 0001456  87.7062 272.4094 15.06397186207606
1 45067U 20006Z   23307.95259843 -.00001202  00000-0 -61785-4 0  9998
2 45067  53.0532 152.6622 0001404  86.3539 273.7611 15.06398396207612
1 45067U 20006Z   23308.81510797  .00003820  00000-0  27516-3 0  9991
2 45067  53.0531 148.7903 0001400  84.7884 275.3264 15.06402173208083
1 45067U 20006Z   23308.88145479  .00004599  00000-0  32741-3 0  9999
2 45067  53.0532 148.4927 0001391  84.1062 276.0086 15.06403361207751
1 45067U 20006Z   23309.54492479  .00003994  00000-0  28687-3 0  9990
2 45067  53.0532 145.5144 0001419  86.0501 274.0650 15.06400686207853
1 45067U 20006Z   23309.81031092  .00004369  00000-0  31201-3 0  9993
2 45067  53.0532 144.3227 0001390  87.8410 272.2738 15.06403939207893
1 45067U 20006Z   23309.81031092  .00004369  00000-0  31201-3 0  9993
2 45067  53.0532 144.3227 0001390  87.8410 272.2738 15.06403939208232
1 45067U 20006Z   23310.27473072  .00008516  00000-0  58959-3 0  9990
2 45067  53.0532 142.2376 0001380  88.3264 271.7883 15.06421182208309
1 45067U 20006Z   23310.54011541  .00010124  00000-0  69713-3 0  9997
2 45067  53.0528 141.0455 0001448  90.6870 269.4285 15.06424550208002
1 45067U 20006Z   23310.80549681  .00010723  00000-0  73702-3 0  9995
2 45067  53.0528 139.8544 0001443  88.7479 271.3676 15.06431281208043
1 45067U 20006Z   23311.53531672 -.00002345  00000-0 -13856-3 0  9994
2 45067  53.0527 136.5778 0001540  83.6430 276.4734 15.06401129208155
1 45067U 20006Z   23311.80070689 -.00006696  00000-0 -43120-3 0  9990
2 45067  53.0528 135.3869 0001145  94.6847 265.4272 15.06386171208535
1 45067U 20006Z   23312.53053296  .00002010  00000-0  15383-3 0  9990
2 45067  53.0543 132.1121 0001174  99.1979 260.9143 15.06381848208304
1 45067U 20006Z   23312.79592007 -.00000232  00000-0  33079-5 0  9995
2 45067  53.0539 130.9207 0001223  97.5264 262.5864 15.06388645208348
1 45067U 20006Z   23312.79592007 -.00000232  00000-0  33079-5 0  9995
2 45067  53.0539 130.9207 0001223  97.5264 262.5864 15.06388645208685
1 45067U 20006Z   23313.19400505  .00002082  00000-0  15864-3 0  9995
2 45067  53.0540 129.1316 0001183  95.2419 264.8705 15.06389473208409
1 45067U 20006Z   23313.79113042  .00005058  00000-0  35823-3 0  9991
2 45067  53.0534 126.4520 0001109  96.9438 263.1677 15.06394089208494
1 45067U 20006Z   23314.18921047  .00005183  00000-0  36661-3 0  9997
2 45067  53.0532 124.6649 0001107  97.2525 262.8590 15.06400067208554
1 45067U 20006Z   23314.18921047  .00005183  00000-0  36661-3 0  9997
2 45067  53.0532 124.6649 0001107  97.2525 262.8590 15.06400067208891
1 45067U 20006Z   23314.78632855  .00005678  00000-0  39965-3 0  9998
2 45067  53.0531 121.9837 0001084  98.7810 261.3302 15.06408176208643
1 45067U 20006Z   23315.78153684  .00000667  00000-0  63670-4 0  9991
2 45067  53.0535 117.5154 0001055  93.0042 267.1067 15.06396888208797
1 45067U 20006Z   23315.78153684  .00000667  00000-0  63670-4 0  9991
2 45067  53.0535 117.5154 0001055  93.0042 267.1067 15.06396888209136
1 45067U 20006Z   23316.44500454  .00000008  00000-0  19409-4 0  9996
2 45067  53.0541 114.5367 0001129  91.7578 268.3540 15.06400004208894
1 45067U 20006Z   23316.71039086  .00001255  00000-0  10309-3 0  9998
2 45067  53.0536 113.3452 0001069  93.7955 266.3157 15.06401448208934
1 45067U 20006Z   23318.43540180  .00001958  00000-0  15030-3 0  9997
2 45067  53.0544 105.6019 0000999  90.5301 269.5803 15.06406625209539
1 45067U 20006Z   23318.56809270  .00002335  00000-0  17554-3 0  9992
2 45067  53.0546 105.0064 0001013  89.9017 270.2088 15.06409914209212
1 45067U 20006Z   23318.89982384  .00003145  00000-0  22981-3 0  9996
2 45067  53.0535 103.5167 0001004  86.7641 273.3463 15.06414272209264
1 45067U 20006Z   23319.49695257 -.00001505  00000-0 -82152-4 0  9990
2 45067  53.0537 100.8362 0001007  90.3132 269.7972 15.06398984209694
1 45067U 20006Z   23319.56329903 -.00001240  00000-0 -64343-4 0  9998
2 45067  53.0538 100.5384 0001002  89.4657 270.6447 15.06399702209363
1 45067U 20006Z   23319.89503227 -.00000497  00000-0 -14475-4 0  9991
2 45067  53.0538  99.0492 0001012  88.9931 271.1173 15.06401280209418
1 45067U 20006Z   23320.35945874 -.00000057  00000-0  15052-4 0  9995
2 45067  53.0539  96.9643 0001000  89.4667 270.6437 15.06400359209482
1 45067U 20006Z   23320.75753936  .00001333  00000-0  10836-3 0  9996
2 45067  53.0539  95.1773 0001002  89.1103 271.0001 15.06401873209889
1 45067U 20006Z   23320.89023270  .00001924  00000-0  14797-3 0  9998
2 45067  53.0539  94.5816 0001005  88.0295 272.0809 15.06403030209562
1 45067U 20006Z   23321.08927880 -.00001025  00000-0 -49979-4 0  9995
2 45067  53.0540  93.6884 0001038  84.1031 276.0076 15.06391739209933
1 45067U 20006Z   23321.55371791 -.00000907  00000-0 -42026-4 0  9995
2 45067  53.0544  91.6035 0001500  80.3468 279.7690 15.06382618209667
1 45067U 20006Z   23321.55371791 -.00000907  00000-0 -42026-4 0  9995
2 45067  53.0544  91.6035 0001500  80.3468 279.7690 15.06382618210007
1 45067U 20006Z   23322.61527706  .00000421  00000-0  47168-4 0  9993
2 45067  53.0539  86.8383 0001230  79.3906 280.7222 15.06385841209820
1 45067U 20006Z   23322.61527706  .00000421  00000-0  47168-4 0  9993
2 45067  53.0539  86.8383 0001230  79.3906 280.7222 15.06385841210169
1 45067U 20006Z   23323.61048542  .00005447  00000-0  38434-3 0  9998
2 45067  53.0550  82.3702 0000944  76.9811 283.1284 15.06394263209977
1 45067U 20006Z   23323.61048542  .00005447  00000-0  38434-3 0  9998
2 45067  53.0550  82.3702 0000944  76.9811 283.1284 15.06394263210317
1 45067U 20006Z   23324.60567862  .00007180  00000-0  50021-3 0  9991
2 45067  53.0547  77.9028 0000986  70.4211 289.6885 15.06416361210124
1 45067U 20006Z   23324.73837035  .00007571  00000-0  52635-3 0  9994
2 45067  53.0546  77.3070 0000996  70.0927 290.0169 15.06419351210140
1 45067U 20006Z   23324.73837035  .00007571  00000-0  52635-3 0  9994
2 45067  53.0546  77.3070 0000996  70.0927 290.0169 15.06419351210487
1 45067U 20006Z   23325.00375911  .00002467  00000-0  18439-3 0  9998
2 45067  53.0547  76.1159 0001040  72.8986 287.2117 15.06409455210529
1 45067U 20006Z   23325.53452935  .00003128  00000-0  22867-3 0  9993
2 45067  53.0552  73.7338 0001039  79.8876 280.2230 15.06413954210269
1 45067U 20006Z   23325.73356787  .00003737  00000-0  26953-3 0  9999
2 45067  53.0553  72.8402 0001039  78.7682 281.3424 15.06414317210299
1 45067U 20006Z   23326.46336848  .00013373  00000-0  91401-3 0  9993
2 45067  53.0553  69.5637 0001003  81.1710 278.9393 15.06437533210745
1 45067U 20006Z   23326.59605898  .00017244  00000-0  11723-2 0  9990
2 45067  53.0550  68.9675 0001088  73.1205 286.9903 15.06444472210421
1 45067U 20006Z   23327.45856984  .00004488  00000-0  31994-3 0  9999
2 45067  53.0547  65.0954 0000777 103.6462 256.4613 15.06408336210893
1 45067U 20006Z   23327.59126465 -.00002494  00000-0 -14865-3 0  9993
2 45067  53.0547  64.4974 0000903 118.2995 241.8085 15.06394568210579
1 45067U 20006Z   23327.59126465 -.00002494  00000-0 -14865-3 0  9993
2 45067  53.0547  64.4974 0000903 118.2995 241.8085 15.06394568210917
1 45067U 20006Z   23328.45378890  .00002367  00000-0  17783-3 0  9999
2 45067  53.0552  60.6279 0001152  64.7975 295.3133 15.06382671211044
1 45067U 20006Z   23328.58648175  .00001319  00000-0  10746-3 0  9997
2 45067  53.0559  60.0316 0001232  68.3742 291.7378 15.06389218210727
1 45067U 20006Z   23328.65282641  .00000523  00000-0  54028-4 0  9995
2 45067  53.0557  59.7332 0001102  78.0357 282.0755 15.06393944210738
1 45067U 20006Z   23328.65282641  .00000523  00000-0  54028-4 0  9995
2 45067  53.0557  59.7332 0001102  78.0357 282.0755 15.06393944211076
1 45067U 20006Z   23329.51536741  .00022766  00000-0  15438-2 0  9997
2 45067  53.0572  55.8594 0002051  60.2669 299.8524 15.06364646210866
1 45067U 20006Z   23330.44420278 -.00002913  00000-0 -17681-3 0  9995
2 45067  53.0576  51.6879 0001568  90.6048 269.5121 15.06383616211002
1 45067U 20006Z   23330.44420278 -.00002913  00000-0 -17681-3 0  9995
2 45067  53.0576  51.6879 0001568  90.6048 269.5121 15.06383616211349
1 45067U 20006Z   23330.64324288 -.00000939  00000-0 -44197-4 0  9990
2 45067  53.0561  50.7999 0001013  76.6343 283.4759 15.06388507211035
1 45067U 20006Z   23331.50576818 -.00000488  00000-0 -13871-4 0  9998
2 45067  53.0558  46.9264 0001464 125.6705 234.4420 15.06385976211162
1 45067U 20006Z   23331.50576818 -.00000488  00000-0 -13871-4 0  9998
2 45067  53.0558  46.9264 0001464 125.6705 234.4420 15.06385976211500
1 45067U 20006Z   23332.43461648  .00008434  00000-0  58437-3 0  9998
2 45067  53.0570  42.7623 0002053 113.3139 246.8066 15.06404981211306
1 45067U 20006Z   23332.43461648  .00008434  00000-0  58437-3 0  9998
2 45067  53.0570  42.7623 0002053 113.3139 246.8066 15.06404981211643
1 45067U 20006Z   23333.49617586  .00001000  00000-0  86046-4 0  9999
2 45067  53.0559  37.9958 0001429  84.5355 275.5797 15.06388391211468
1 45067U 20006Z   23333.49617586  .00001000  00000-0  86046-4 0  9999
2 45067  53.0559  37.9958 0001429  84.5355 275.5797 15.06388391211806
1 45067U 20006Z   23334.15962837 -.00001630  00000-0 -90530-4 0  9999
2 45067  53.0549  35.0106 0001223  90.8856 269.2273 15.06413182211904
1 45067U 20006Z   23334.49135908  .00006607  00000-0  46174-3 0  9998
2 45067  53.0558  33.5275 0001710  75.2719 284.8459 15.06422747211951
1 45067U 20006Z   23335.15483390  .00004408  00000-0  31459-3 0  9990
2 45067  53.0555  30.5479 0001508  88.8097 271.3065 15.06404976212055
1 45067U 20006Z   23335.42022061  .00009655  00000-0  66606-3 0  9995
2 45067  53.0550  29.3557 0001310  92.3900 267.7239 15.06408107211755
1 45067U 20006Z   23336.41541379  .00029515  00000-0  19899-2 0  9991
2 45067  53.0550  24.8891 0001938 106.2614 253.8588 15.06440158211901
1 45067U 20006Z   23336.41541379  .00029515  00000-0  19899-2 0  9991
2 45067  53.0550  24.8891 0001938 106.2614 253.8588 15.06440158212249
1 45067U 20006Z   23337.41063372  .00012664  00000-0  86890-3 0  9997
2 45067  53.0561  20.4211 0001453 101.8615 258.2537 15.06340704212398
1 45067U 20006Z   23337.54333288  .00015673  00000-0  10704-2 0  9990
2 45067  53.0561  19.8252 0001481  96.5897 263.5260 15.06342008212074
1 45067U 20006Z   23337.74237548  .00026737  00000-0  18085-2 0  9997
2 45067  53.0555  18.9273 0001699 112.1703 247.9466 15.06369834212443
1 45067U 20006Z   23338.33950065  .00016309  00000-0  11113-2 0  9998
2 45067  53.0558  16.2462 0001640 109.6034 250.5132 15.06397663212194
1 45067U 20006Z   23338.33950065  .00016309  00000-0  11113-2 0  9998
2 45067  53.0558  16.2462 0001640 109.6034 250.5132 15.06397663212532
1 45067U 20006Z   23339.33470169  .00006916  00000-0  48268-3 0  9996
2 45067  53.0556  11.7779 0001498  99.8009 260.3149 15.06406302212341
1 45067U 20006Z   23339.33470169  .00006916  00000-0  48268-3 0  9996
2 45067  53.0556  11.7779 0001498  99.8009 260.3149 15.06406302212688
1 45067U 20006Z   23340.46258321  .00007598  00000-0  52805-3 0  9995
2 45067  53.0558   6.7184 0001470  93.6077 266.5080 15.06425471212513
1 45067U 20006Z   23340.46258321  .00007598  00000-0  52805-3 0  9995
2 45067  53.0558   6.7184 0001470  93.6077 266.5080 15.06425471212850
1 45067U 20006Z   23341.05970882  .00000002  00000-0  19050-4 0  9993
2 45067  53.0557   4.0403 0001749 104.8544 255.2638 15.06404657212944
1 45067U 20006Z   23341.32509587 -.00001320  00000-0 -69746-4 0  9996
2 45067  53.0561   2.8452 0001492 109.6133 250.5018 15.06400399212647
1 45067U 20006Z   23342.45300617 -.00001963  00000-0 -11295-3 0  9992
2 45067  53.0553 357.7830 0001505 102.5803 257.5355 15.06390621212817
1 45067U 20006Z   23342.45300617 -.00001963  00000-0 -11295-3 0  9992
2 45067  53.0553 357.7830 0001505 102.5803 257.5355 15.06390621213155
1 45067U 20006Z   23343.44820965  .00005402  00000-0  38127-3 0  9998
2 45067  53.0543 353.3169 0001398  96.8008 263.3140 15.06400658212960
1 45067U 20006Z   23343.44820965  .00005402  00000-0  38127-3 0  9998
2 45067  53.0543 353.3169 0001398  96.8008 263.3140 15.06400658213309
1 45067U 20006Z   23344.44340118  .00004968  00000-0  35203-3 0  9994
2 45067  53.0551 348.8496 0001414  80.5151 279.5998 15.06416382213118
1 45067U 20006Z   23344.44340118  .00004968  00000-0  35203-3 0  9994
2 45067  53.0551 348.8496 0001414  80.5151 279.5998 15.06416382213455
1 45067U 20006Z   23345.17321661 -.00001381  00000-0 -73815-4 0  9997
2 45067  53.0550 345.5683 0001546  96.7796 263.3369 15.06401978213566
1 45067U 20006Z   23345.23956587 -.00000988  00000-0 -47449-4 0  9991
2 45067  53.0553 345.2738 0001503  96.0787 264.0373 15.06399157213235
1 45067U 20006Z   23346.30110969  .00002531  00000-0  18872-3 0  9997
2 45067  53.0557 340.5088 0001370  87.5390 272.5756 15.06403211213395
1 45067U 20006Z   23346.30110969  .00002531  00000-0  18872-3 0  9997
2 45067  53.0557 340.5088 0001370  87.5390 272.5756 15.06403211213733
1 45067U 20006Z   23347.16362447  .00001152  00000-0  96242-4 0  9998
2 45067  53.0557 336.6380 0001405  82.5280 277.5869 15.06398725213863
1 45067U 20006Z   23347.29631879  .00000749  00000-0  69200-4 0  9995
2 45067  53.0559 336.0456 0001401  87.1438 272.9711 15.06397250213547
1 45067U 20006Z   23348.15881879  .00001725  00000-0  13467-3 0  9996
2 45067  53.0553 332.1778 0001522  77.6218 282.4941 15.06407177214013
1 45067U 20006Z   23348.22516474  .00001916  00000-0  14744-3 0  9991
2 45067  53.0554 331.8795 0001534  77.2663 282.8498 15.06408518213685
1 45067U 20006Z   23349.15403088  .00002330  00000-0  17530-3 0  9997
2 45067  53.0546 327.7131 0001440  89.5326 270.5828 15.06385917214164
1 45067U 20006Z   23349.22037739  .00000564  00000-0  56777-4 0  9995
2 45067  53.0548 327.4149 0001502  79.1054 281.0104 15.06392682213838
1 45067U 20006Z   23350.14921960  .00000222  00000-0  33799-4 0  9996
2 45067  53.0558 323.2383 0001365  98.0345 262.0798 15.06410383213975
1 45067U 20006Z   23350.14921960  .00000222  00000-0  33799-4 0  9996
2 45067  53.0558 323.2383 0001365  98.0345 262.0798 15.06410383214314
1 45067U 20006Z   23351.14443965  .00000558  00000-0  56345-4 0  9995
2 45067  53.0569 318.7736 0001534  82.6990 277.4173 15.06385639214468
1 45067U 20006Z   23351.21078828  .00001657  00000-0  13021-3 0  9999
2 45067  53.0567 318.4714 0001489  77.5681 282.5475 15.06379616214132
1 45067U 20006Z   23352.13963074  .00000212  00000-0  33127-4 0  9993
2 45067  53.0554 314.2954 0001375  78.2156 281.8987 15.06408195214615
1 45067U 20006Z   23352.20598430  .00007259  00000-0  50596-3 0  9997
2 45067  53.0559 314.0022 0001565  86.3382 273.7786 15.06379392214282
1 45067U 20006Z   23352.20598430  .00007259  00000-0  50596-3 0  9997
2 45067  53.0559 314.0022 0001565  86.3382 273.7786 15.06379392214620
1 45067U 20006Z   23353.13485372 -.00001477  00000-0 -80338-4 0  9996
2 45067  53.0552 309.8277 0001375  80.8819 279.2325 15.06379877214763
1 45067U 20006Z   23353.20120170 -.00001391  00000-0 -74580-4 0  9993
2 45067  53.0555 309.5313 0001405  74.2775 285.8369 15.06380303214437
1 45067U 20006Z   23354.13005356  .00001680  00000-0  13165-3 0  9994
2 45067  53.0558 305.3591 0001455  80.2139 279.9014 15.06399889214911
1 45067U 20006Z   23354.19639890  .00002892  00000-0  21294-3 0  9994
2 45067  53.0560 305.0613 0001465  77.0378 283.0775 15.06404410214586
1 45067U 20006Z   23355.12527156  .00007637  00000-0  53125-3 0  9999
2 45067  53.0565 300.8998 0001738  62.9285 297.1881 15.06384937214724
1 45067U 20006Z   23355.12527156  .00007637  00000-0  53125-3 0  9999
2 45067  53.0565 300.8998 0001738  62.9285 297.1881 15.06384937215062
1 45067U 20006Z   23356.12044217  .00010006  00000-0  68897-3 0  9998
2 45067  53.0556 296.4275 0001413  80.5518 279.5631 15.06437340214877
1 45067U 20006Z   23356.12044217  .00010006  00000-0  68897-3 0  9998
2 45067  53.0556 296.4275 0001413  80.5518 279.5631 15.06437340215216
1 45067U 20006Z   23357.11565009 -.00005340  00000-0 -33990-3 0  9998
2 45067  53.0542 291.9638 0001323 124.1835 235.9280 15.06395859215361
1 45067U 20006Z   23357.24834531 -.00004083  00000-0 -25540-3 0  9996
2 45067  53.0542 291.3669 0001296 125.6877 234.4232 15.06394949215045
1 45067U 20006Z   23357.84546717 -.00002245  00000-0 -13189-3 0  9992
2 45067  53.0546 288.6871 0001072  97.3958 262.7153 15.06400930215134
1 45067U 20006Z   23358.04450701  .00006324  00000-0  44298-3 0  9997
2 45067  53.0545 287.7924 0001241  76.8375 283.2752 15.06409290215507
1 45067U 20006Z   23358.24354601  .00012216  00000-0  83724-3 0  9995
2 45067  53.0543 286.8975 0001231  98.9579 261.1549 15.06415689215194
1 45067U 20006Z   23359.10607310 -.00001054  00000-0 -51876-4 0  9993
2 45067  53.0546 283.0272 0001303  87.6962 272.4176 15.06381892215668
1 45067U 20006Z   23359.23876699  .00000970  00000-0  84014-4 0  9999
2 45067  53.0550 282.4299 0001358  94.0388 266.0756 15.06384170215349
1 45067U 20006Z   23359.76954701  .00012957  00000-0  88729-3 0  9992
2 45067  53.0546 280.0471 0001302  96.0932 264.0205 15.06392381215425
1 45067U 20006Z   23360.10127934  .00015481  00000-0  10557-2 0  9990
2 45067  53.0547 278.5590 0001373  93.0901 267.0245 15.06406879215819
1 45067U 20006Z   23360.16762488  .00016429  00000-0  11189-2 0  9990
2 45067  53.0543 278.2605 0001346  95.1217 264.9926 15.06411040215483
1 45067U 20006Z   23361.03014301  .00009382  00000-0  64792-3 0  9990
2 45067  53.0544 274.3891 0001384  98.8486 261.2660 15.06397894215618
1 45067U 20006Z   23361.03014301  .00009382  00000-0  64792-3 0  9990
2 45067  53.0544 274.3891 0001384  98.8486 261.2660 15.06397894215955
1 45067U 20006Z   23361.75996014  .00014858  00000-0  10140-2 0  9990
2 45067  53.0555 271.1140 0001568  87.7938 272.3231 15.06409527215721
1 45067U 20006Z   23362.15803495  .00014667  00000-0  10009-2 0  9997
2 45067  53.0547 269.3256 0001497  99.7344 260.3814 15.06421368215781
1 45067U 20006Z   23362.15803495  .00014667  00000-0  10009-2 0  9997
2 45067  53.0547 269.3256 0001497  99.7344 260.3814 15.06421368216120
1 45067U 20006Z   23362.88785010  .00004289  00000-0  30661-3 0  9995
2 45067  53.0542 266.0401 0001817 117.3166 242.8008 15.06407593215893
1 45067U 20006Z   23362.95419669  .00002789  00000-0  20601-3 0  9993
2 45067  53.0539 265.7425 0001781 121.4467 238.6697 15.06405226215901
1 45067U 20006Z   23362.95419669  .00002789  00000-0  20601-3 0  9993
2 45067  53.0539 265.7425 0001781 121.4467 238.6697 15.06405226216249
1 45067U 20006Z   23363.88304982  .00005034  00000-0  35649-3 0  9991
2 45067  53.0532 261.5733 0001593 109.7838 250.3323 15.06408852216043
1 45067U 20006Z   23363.94939664  .00005468  00000-0  38559-3 0  9993
2 45067  53.0528 261.2757 0001457  93.1594 266.9561 15.06410268216057
1 45067U 20006Z   23364.94460061  .00000398  00000-0  45597-4 0  9992
2 45067  53.0542 256.8212 0001801 118.9373 241.1797 15.06399500216201
