1 45062U 20006U   22365.56185236  .00002004  00000-0  15344-3 0  9995
2 45062  53.0557 112.6075 0001503  49.2527 310.8593 15.06380316161004
1 45062U 20006U   23001.55705356  .00000107  00000-0  26089-4 0  9994
2 45062  53.0560 108.1388 0001800  50.6384 309.4764 15.06394938161494
1 45062U 20006U   23001.62340260  .00000132  00000-0  27775-4 0  9992
2 45062  53.0561 107.8409 0001726  50.8602 309.2541 15.06391517161162
1 45062U 20006U   23002.55225090  .00001745  00000-0  13601-3 0  9991
2 45062  53.0555 103.6713 0001734  54.5704 305.5447 15.06399930161307
1 45062U 20006U   23004.47630104  .00000483  00000-0  51309-4 0  9996
2 45062  53.0558  95.0331 0001565  43.8789 316.2324 15.06401012161595
1 45062U 20006U   23005.00705969  .00001560  00000-0  12353-3 0  9990
2 45062  53.0559  92.6508 0001822  47.4162 312.6980 15.06417531161676
1 45062U 20006U   23005.60418515  .00001255  00000-0  10314-3 0  9990
2 45062  53.0558  89.9699 0001887  51.4439 308.6719 15.06402577161767
1 45062U 20006U   23006.59941791 -.00004074  00000-0 -25490-3 0  9991
2 45062  53.0560  85.5024 0001845  43.4027 316.7107 15.06377195161917
1 45062U 20006U   23007.19652412 -.00000695  00000-0 -27728-4 0  9999
2 45062  53.0561  82.8219 0001950  39.8329 320.2803 15.06394761162007
1 45062U 20006U   23007.46190787 -.00000224  00000-0  38554-5 0  9998
2 45062  53.0562  81.6306 0001861  40.0927 320.0199 15.06398171162040
1 45062U 20006U   23008.45712443 -.00001916  00000-0 -10976-3 0  9993
2 45062  53.0542  77.1639 0002149  48.0717 312.0455 15.06387933162198
1 45062U 20006U   23009.58502323  .00001341  00000-0  10892-3 0  9999
2 45062  53.0538  72.1014 0002389  49.8558 310.2639 15.06391382162369
1 45062U 20006U   23010.44753671  .00001547  00000-0  12277-3 0  9997
2 45062  53.0526  68.2263 0001982  58.3782 301.7401 15.06389194162494
1 45062U 20006U   23011.50908245  .00002694  00000-0  19969-3 0  9993
2 45062  53.0530  63.4616 0001784  57.9348 302.1814 15.06398295162991
1 45062U 20006U   23011.84082695  .00001386  00000-0  11199-3 0  9996
2 45062  53.0529  61.9718 0002080  64.0063 296.1140 15.06390337162700
1 45062U 20006U   23012.83602556  .00001437  00000-0  11539-3 0  9995
2 45062  53.0529  57.5049 0001965  70.4153 289.7047 15.06400021162852
1 45062U 20006U   23013.43313845  .00001404  00000-0  11309-3 0  9991
2 45062  53.0519  54.8243 0001965  70.8786 289.2415 15.06411548162943
1 45062U 20006U   23013.83122427 -.00000022  00000-0  17421-4 0  9997
2 45062  53.0529  53.0366 0001803  70.2944 289.8239 15.06404828163003
1 45062U 20006U   23015.48990086  .00000008  00000-0  19470-4 0  9993
2 45062  53.0516  45.5907 0002073  87.0175 273.1051 15.06400812163252
1 45062U 20006U   23016.48509193  .00006410  00000-0  44859-3 0  9990
2 45062  53.0523  41.1220 0001668  92.2687 267.8493 15.06421094163407
1 45062U 20006U   23016.75049606 -.00002586  00000-0 -15482-3 0  9990
2 45062  53.0527  39.9304 0001546 104.6918 255.4242 15.06384382163446
1 45062U 20006U   23017.48031830 -.00002627  00000-0 -15757-3 0  9992
2 45062  53.0519  36.6545 0001913 102.2760 257.8443 15.06383963163550
1 45062U 20006U   23018.47551922  .00031872  00000-0  21471-2 0  9992
2 45062  53.0519  32.1872 0001886 108.6380 251.4814 15.06430858163706
1 45062U 20006U   23018.74090624  .00026033  00000-0  17589-2 0  9997
2 45062  53.0522  30.9951 0002105 100.2176 259.9051 15.06426315163743
1 45062U 20006U   23019.40436498  .00007684  00000-0  53385-3 0  9990
2 45062  53.0515  28.0147 0002055 101.5770 258.5450 15.06422488163844
1 45062U 20006U   23020.39957678  .00003765  00000-0  27158-3 0  9993
2 45062  53.0526  23.5464 0002214 107.0311 253.0920 15.06391422163998
1 45062U 20006U   23025.30925101  .00024525  00000-0  16593-2 0  9992
2 45062  53.0526   1.5068 0001576  80.6086 279.5081 15.06407808164739
1 45062U 20006U   23025.64098664  .00015302  00000-0  10438-2 0  9999
2 45062  53.0527   0.0173 0001522  92.4853 267.6310 15.06405216164784
1 45062U 20006U   23026.30445464  .00008954  00000-0  61915-3 0  9999
2 45062  53.0529 357.0385 0001763  89.6531 270.4660 15.06406349164883
1 45062U 20006U   23027.16696628  .00007109  00000-0  49560-3 0  9997
2 45062  53.0523 353.1655 0001638  82.9214 277.1962 15.06404434165017
1 45062U 20006U   23028.16216828  .00005715  00000-0  40220-3 0  9993
2 45062  53.0523 348.6980 0001514  91.9468 268.1695 15.06406452165162
1 45062U 20006U   23028.89198302  .00003292  00000-0  23976-3 0  9996
2 45062  53.0521 345.4216 0001464  90.1290 269.9866 15.06403891165270
1 45062U 20006U   23029.88718532 -.00000320  00000-0 -25838-5 0  9991
2 45062  53.0524 340.9523 0001718  96.6453 263.4731 15.06398244165420
1 45062U 20006U   23030.28526786 -.00000112  00000-0  11367-4 0  9994
2 45062  53.0525 339.1667 0001456  89.1557 270.9599 15.06397569165481
1 45062U 20006U   23030.88239069 -.00000165  00000-0  78071-5 0  9999
2 45062  53.0528 336.4858 0001450  92.5148 267.6007 15.06396433165570
1 45062U 20006U   23031.21412027  .00002346  00000-0  17630-3 0  9998
2 45062  53.0530 334.9967 0001482  92.8237 267.2921 15.06406497165623
1 45062U 20006U   23031.87759109  .00002765  00000-0  20443-3 0  9996
2 45062  53.0538 332.0185 0001648  97.4977 262.6199 15.06402183165723
