1 45072U 20006AE  22365.53786645  .00003576  00000-0  25878-3 0  9992
2 45072  53.0535  92.7073 0001513  75.8239 284.2917 15.06408753161272
1 45072U 20006AE  22365.67055876  .00001032  00000-0  88184-4 0  9997
2 45072  53.0547  92.1113 0001421  68.3232 291.7908 15.06405878161292
1 45072U 20006AE  23001.53309362 -.00003972  00000-0 -24800-3 0  9993
2 45072  53.0554  88.2393 0001200  55.8997 304.2105 15.06382702161424
1 45072U 20006AE  23001.66578751 -.00003802  00000-0 -23659-3 0  9990
2 45072  53.0548  87.6429 0001309  56.7639 303.3475 15.06383614161448
1 45072U 20006AE  23002.59463443 -.00000047  00000-0  15739-4 0  9992
2 45072  53.0552  83.4745 0001392  68.5710 291.5427 15.06396082161584
1 45072U 20006AE  23003.58984421  .00005883  00000-0  41355-3 0  9990
2 45072  53.0545  79.0068 0001420  59.0047 301.1081 15.06396494161733
1 45072U 20006AE  23004.45234942  .00005488  00000-0  38692-3 0  9994
2 45072  53.0540  75.1345 0001461  62.0322 298.0815 15.06409019161869
1 45072U 20006AE  23005.44753841  .00008264  00000-0  57261-3 0  9996
2 45072  53.0543  70.6686 0001697  49.6833 310.4304 15.06429001162012
1 45072U 20006AE  23006.31005041 -.00016393  00000-0 -10848-2 0  9998
2 45072  53.0544  66.7953 0001375  64.2614 295.8517 15.06378713162148
1 45072U 20006AE  23007.83604672  .00008542  00000-0  59177-3 0  9995
2 45072  53.0545  59.9462 0001604  49.7974 310.3155 15.06391304162377
1 45072U 20006AE  23008.43316744  .00011084  00000-0  76171-3 0  9990
2 45072  53.0543  57.2657 0001644  51.4308 308.6828 15.06405701162461
1 45072U 20006AE  23008.83124638  .00009525  00000-0  65730-3 0  9999
2 45072  53.0534  55.4791 0001519  53.0229 307.0899 15.06409750162527
1 45072U 20006AE  23009.16297769  .00008684  00000-0  60093-3 0  9994
2 45072  53.0538  53.9899 0001579  54.4033 305.7103 15.06414526162572
1 45072U 20006AE  23010.48991552 -.00000601  00000-0 -21427-4 0  9994
2 45072  53.0540  48.0301 0001701  45.9450 314.1679 15.06398912162777
1 45072U 20006AE  23011.35242050  .00002425  00000-0  18161-3 0  9997
2 45072  53.0552  44.1590 0001690  48.6437 311.4697 15.06407060162909
1 45072U 20006AE  23011.81685854  .00017518  00000-0  11926-2 0  9991
2 45072  53.0552  42.0744 0001852  60.2499 299.8674 15.06381405162970
1 45072U 20006AE  23012.34762275  .00000521  00000-0  53895-4 0  9992
2 45072  53.0542  39.6898 0001805  62.5621 297.5551 15.06400200163055
1 45072U 20006AE  23013.34281472  .00003834  00000-0  27602-3 0  9994
2 45072  53.0546  35.2252 0001972  56.0447 304.0729 15.06416626163201
1 45072U 20006AE  23013.74088943  .00004132  00000-0  29598-3 0  9994
2 45072  53.0538  33.4385 0001918  53.5637 306.5529 15.06420951163269
1 45072U 20006AE  23015.39959800  .00023520  00000-0  15921-2 0  9992
2 45072  53.0537  25.9918 0001767  75.7317 284.3868 15.06412166163515
1 45072U 20006AE  23015.73133138  .00012451  00000-0  85309-3 0  9997
2 45072  53.0539  24.5018 0001748  77.8442 282.2743 15.06407502163566
1 45072U 20006AE  23016.39479267  .00012809  00000-0  87665-3 0  9990
2 45072  53.0528  21.5230 0001831  77.1797 282.9396 15.06424544163663
1 45072U 20006AE  23016.72652987  .00001174  00000-0  97671-4 0  9991
2 45072  53.0533  20.0346 0001565  91.4781 268.6387 15.06401799163711
1 45072U 20006AE  23017.39001370  .00022323  00000-0  15137-2 0  9993
2 45072  53.0526  17.0555 0001828  98.2279 261.8917 15.06376354163813
1 45072U 20006AE  23017.72175201  .00018694  00000-0  12711-2 0  9996
2 45072  53.0526  15.5662 0001761 100.6599 259.4588 15.06384969163867
1 45072U 20006AE  23018.38521302  .00034341  00000-0  23110-2 0  9998
2 45072  53.0530  12.5875 0001847 101.0935 259.0262 15.06433616163969
1 45072U 20006AE  23019.38040430  .00024282  00000-0  16418-2 0  9993
2 45072  53.0534   8.1194 0001518  99.8497 260.2664 15.06436266164112
1 45072U 20006AE  23020.50831503  .00010935  00000-0  75208-3 0  9991
2 45072  53.0538   3.0564 0001753  89.1053 271.0137 15.06389839164288
1 45072U 20006AE  23025.28529162  .00012300  00000-0  84280-3 0  9994
2 45072  53.0538 341.6102 0001370  96.4446 263.6699 15.06418339165008
1 45072U 20006AE  23026.14780121  .00004797  00000-0  34063-3 0  9999
2 45072  53.0534 337.7382 0001316  85.8194 274.2945 15.06409516165135
1 45072U 20006AE  23027.20934499  .00001445  00000-0  11585-3 0  9997
2 45072  53.0541 332.9714 0001404  87.7680 272.3469 15.06408978165634
1 45072U 20006AE  23028.27090009 -.00000362  00000-0 -54159-5 0  9990
2 45072  53.0536 328.2070 0001186  96.8190 263.2934 15.06398427165458
1 45072U 20006AE  23028.86802309 -.00001096  00000-0 -54705-4 0  9990
2 45072  53.0527 325.5261 0001345 110.7697 249.3436 15.06400360165547
1 45072U 20006AE  23029.19975414  .00000454  00000-0  49373-4 0  9995
2 45072  53.0528 324.0367 0001244 102.2472 257.8656 15.06406824165598
1 45072U 20006AE  23030.19495914  .00002175  00000-0  16484-3 0  9997
2 45072  53.0526 319.5689 0001006  88.6972 271.4132 15.06403052165748
1 45072U 20006AE  23030.72573649  .00000775  00000-0  70930-4 0  9999
2 45072  53.0530 317.1865 0001230  94.8733 265.2396 15.06398184165827
1 45072U 20006AE  23031.19016300  .00000981  00000-0  84742-4 0  9992
2 45072  53.0536 315.1017 0001207  88.5660 271.5467 15.06402210165895
1 45072U 20006AE  23031.78728466 -.00000063  00000-0  14636-4 0  9997
2 45072  53.0527 312.4212 0001152  88.7184 271.3937 15.06402081165980
