1 45073U 20006AF  23001.49253395 -.00003586  00000-0 -22197-3 0  9991
2 45073  53.0545  88.4126 0001600  51.3035 308.8097 15.06397373161418
1 45073U 20006AF  23001.69157776 -.00001659  00000-0 -92537-4 0  9994
2 45073  53.0550  87.5174 0001739  47.9019 312.2118 15.06390617161443
1 45073U 20006AF  23002.55408737  .00016653  00000-0  11338-2 0  9992
2 45073  53.0550  83.6480 0002030  40.1747 319.9392 15.06412897161575
1 45073U 20006AF  23002.68678315  .00005342  00000-0  37724-3 0  9998
2 45073  53.0543  83.0539 0002028  41.4272 318.6870 15.06399249161594
1 45073U 20006AF  23003.48294610  .00002764  00000-0  20442-3 0  9993
2 45073  53.0558  79.4766 0002116  43.4309 316.6846 15.06399922161715
1 45073U 20006AF  23004.47814674  .00005726  00000-0  40284-3 0  9998
2 45073  53.0551  75.0106 0002166  43.9542 316.1619 15.06411859161860
1 45073U 20006AF  23004.87622298  .00009677  00000-0  66726-3 0  9999
2 45073  53.0552  73.2237 0002206  43.4404 316.6759 15.06421326161920
1 45073U 20006AF  23005.53968301  .00005221  00000-0  36891-3 0  9992
2 45073  53.0550  70.2452 0002239  43.7780 316.3386 15.06422450162361
1 45073U 20006AF  23005.60602898  .00004349  00000-0  31052-3 0  9990
2 45073  53.0551  69.9477 0002235  43.8406 316.2760 15.06421907162031
1 45073U 20006AF  23006.53488536 -.00003936  00000-0 -24548-3 0  9999
2 45073  53.0557  65.7771 0002156  35.4086 324.7046 15.06398368162171
1 45073U 20006AF  23006.99932353 -.00006975  00000-0 -45001-3 0  9993
2 45073  53.0547  63.6912 0002164  40.7083 319.4067 15.06379189162241
1 45073U 20006AF  23007.86184282 -.00001122  00000-0 -56459-4 0  9999
2 45073  53.0551  59.8209 0002251  46.0368 314.0806 15.06385706162372
1 45073U 20006AF  23008.39262346  .00001139  00000-0  95380-4 0  9998
2 45073  53.0550  57.4383 0002280  47.4072 312.7109 15.06386173162456
1 45073U 20006AF  23008.85705405  .00004080  00000-0  29273-3 0  9992
2 45073  53.0551  55.3538 0002195  47.3752 312.7422 15.06391312162522
1 45073U 20006AF  23009.18879189  .00006025  00000-0  42309-3 0  9996
2 45073  53.0548  53.8649 0002322  48.6446 311.4742 15.06394828162571
1 45073U 20006AF  23010.51572678  .00002623  00000-0  19493-3 0  9996
2 45073  53.0552  47.9067 0002170  54.6374 305.4818 15.06401352162772
1 45073U 20006AF  23011.37823612  .00002386  00000-0  17900-3 0  9995
2 45073  53.0552  44.0358 0002240  56.0068 304.1134 15.06404132162908
1 45073U 20006AF  23011.77632049  .00001842  00000-0  14258-3 0  9990
2 45073  53.0548  42.2493 0002152  59.9188 300.2014 15.06396460162964
1 45073U 20006AF  23012.77152515  .00001511  00000-0  12035-3 0  9990
2 45073  53.0552  37.7820 0002107  68.3751 291.7462 15.06394579163110
1 45073U 20006AF  23013.36864587  .00002335  00000-0  17560-3 0  9998
2 45073  53.0552  35.1009 0002106  70.4814 289.6402 15.06401322163209
1 45073U 20006AF  23013.76672836  .00001864  00000-0  14404-3 0  9996
2 45073  53.0552  33.3154 0002116  76.5562 283.5663 15.06399015163261
1 45073U 20006AF  23015.42539957  .00003290  00000-0  23962-3 0  9991
2 45073  53.0546  25.8687 0002211  81.2279 278.8961 15.06404528163517
1 45073U 20006AF  23015.75713461  .00002312  00000-0  17406-3 0  9991
2 45073  53.0544  24.3793 0002198  84.7084 275.4155 15.06401574163564
1 45073U 20006AF  23016.42059166  .00009785  00000-0  67440-3 0  9995
2 45073  53.0565  21.3974 0002200  92.9930 267.1310 15.06424992163661
1 45073U 20006AF  23017.28312013 -.00007022  00000-0 -45328-3 0  9998
2 45073  53.0558  17.5300 0002104  84.1950 275.9279 15.06374737163797
1 45073U 20006AF  23017.68120226  .00002274  00000-0  17154-3 0  9993
2 45073  53.0556  15.7416 0002046  82.9548 277.1674 15.06390989163854
1 45073U 20006AF  23018.21197779  .00031535  00000-0  21251-2 0  9994
2 45073  53.0559  13.3595 0002097  82.6504 277.4723 15.06423658163931
1 45073U 20006AF  23019.40620621  .00018457  00000-0  12536-2 0  9997
2 45073  53.0545   7.9971 0001787  89.0974 271.0220 15.06433610164112
1 45073U 20006AF  23020.46778879  .00016183  00000-0  11046-2 0  9993
2 45073  53.0557   3.2310 0001796  94.2658 265.8536 15.06339521164272
1 45073U 20006AF  23025.57647971  .00012066  00000-0  82746-3 0  9990
2 45073  53.0555 340.2992 0001262  94.6596 265.4537 15.06402600165045
1 45073U 20006AF  23026.10725752  .00002643  00000-0  19630-3 0  9996
2 45073  53.0560 337.9176 0001480  94.7386 265.3772 15.06395103165126
1 45073U 20006AF  23027.23515129  .00006007  00000-0  42171-3 0  9990
2 45073  53.0564 332.8515 0001653  85.5010 274.6168 15.06408474165639
1 45073U 20006AF  23028.23035546  .00003466  00000-0  25143-3 0  9997
2 45073  53.0554 328.3817 0001413 101.8748 258.2399 15.06402402165782
1 45073U 20006AF  23028.82748073 -.00000317  00000-0 -23845-5 0  9991
2 45073  53.0552 325.7054 0001194  86.0567 274.0558 15.06393180165531
1 45073U 20006AF  23029.82268602  .00004139  00000-0  29660-3 0  9990
2 45073  53.0547 321.2375 0001184  86.6441 273.4684 15.06400024165683
1 45073U 20006AF  23030.22076375  .00005293  00000-0  37387-3 0  9997
2 45073  53.0544 319.4493 0001316  91.9797 268.1343 15.06407890165748
1 45073U 20006AF  23030.88423442  .00000857  00000-0  76430-4 0  9994
2 45073  53.0548 316.4699 0001358  89.9905 270.1239 15.06397751165843
1 45073U 20006AF  23031.54769834  .00001396  00000-0  11255-3 0  9998
2 45073  53.0540 313.4916 0001279 100.1436 259.9697 15.06403250165947
1 45073U 20006AF  23031.87943307  .00000809  00000-0  73220-4 0  9992
2 45073  53.0542 312.0028 0001301 102.8405 257.2729 15.06401590165996
1 45073U 20006AF  23032.14481770  .00002418  00000-0  18116-3 0  9994
2 45073  53.0543 310.8118 0001238  98.8635 261.2494 15.06407124166030
1 45073U 20006AF  23033.14002438  .00000146  00000-0  28689-4 0  9998
2 45073  53.0546 306.3439 0001258  92.1075 268.0058 15.06399940166189
1 45073U 20006AF  23034.13522121  .00003664  00000-0  26468-3 0  9994
2 45073  53.0539 301.8766 0001379  89.2055 270.9092 15.06410283166334
1 45073U 20006AF  23034.73235043  .00000816  00000-0  73677-4 0  9995
2 45073  53.0538 299.1972 0001217  84.3816 275.7312 15.06396534166423
1 45073U 20006AF  23035.13042913  .00002007  00000-0  15355-3 0  9994
2 45073  53.0537 297.4090 0001269  96.3033 263.8100 15.06401250166486
1 45073U 20006AF  23035.92659245  .00001010  00000-0  86672-4 0  9997
2 45073  53.0531 293.8350 0001248  94.5203 265.5929 15.06399659166943
1 45073U 20006AF  23036.12563097  .00001277  00000-0  10460-3 0  9995
2 45073  53.0525 292.9420 0001401  91.7534 268.3615 15.06404032166632
1 45073U 20006AF  23036.92179875  .00001632  00000-0  12846-3 0  9995
2 45073  53.0529 289.3670 0001207  98.4866 261.6260 15.06396331166756
1 45073U 20006AF  23037.12083657  .00002912  00000-0  21427-3 0  9997
2 45073  53.0529 288.4735 0001181  96.7589 263.3534 15.06402370166789
1 45073U 20006AF  23037.91699229  .00006254  00000-0  43816-3 0  9991
2 45073  53.0525 284.8992 0001164 103.4869 256.6249 15.06415500166909
1 45073U 20006AF  23038.04968357  .00010354  00000-0  71253-3 0  9999
2 45073  53.0542 284.3049 0001157  97.7918 262.3202 15.06423871166923
1 45073U 20006AF  23038.91219757 -.00000462  00000-0 -12177-4 0  9990
2 45073  53.0523 280.4319 0000765  97.8390 262.2686 15.06393738167056
1 45073U 20006AF  23039.90740672  .00002564  00000-0  19098-3 0  9996
2 45073  53.0515 275.9629 0001025 100.4127 259.6977 15.06395181167203
1 45073U 20006AF  23040.04009951  .00006860  00000-0  47892-3 0  9997
2 45073  53.0522 275.3674 0001183  91.9705 268.1420 15.06403207167225
1 45073U 20006AF  23040.90261211  .00004386  00000-0  31315-3 0  9995
2 45073  53.0521 271.4934 0001144  98.7340 261.3778 15.06398799167351
1 45073U 20006AF  23041.03530416  .00007189  00000-0  50089-3 0  9999
2 45073  53.0535 270.8976 0001288 115.6700 244.4423 15.06407155167371
1 45073U 20006AF  23041.76512073  .00003683  00000-0  26600-3 0  9995
2 45073  53.0520 267.6244 0001173  98.6858 261.4263 15.06404880167489
1 45073U 20006AF  23042.56128358 -.00001127  00000-0 -56795-4 0  9995
2 45073  53.0524 264.0485 0001240 112.8307 247.2813 15.06394621167602
1 45073U 20006AF  23042.89302176 -.00000516  00000-0 -15785-4 0  9998
2 45073  53.0540 262.5606 0000933  93.0731 267.0365 15.06396559167656
1 45073U 20006AF  23043.55649352  .00000255  00000-0  36020-4 0  9995
2 45073  53.0530 259.5825 0001123 102.7421 257.3694 15.06391511167751
1 45073U 20006AF  23044.35265713  .00004809  00000-0  34166-3 0  9996
2 45073  53.0527 256.0086 0001256 131.1457 228.9640 15.06382686167871
1 45073U 20006AF  23045.34786097  .00002329  00000-0  17521-3 0  9990
2 45073  53.0529 251.5406 0001080  91.3172 268.7940 15.06392971168026
1 45073U 20006AF  23045.61324720  .00001604  00000-0  12658-3 0  9992
2 45073  53.0525 250.3486 0001127  96.4118 263.6999 15.06395799168068
1 45073U 20006AF  23046.54210074  .00000797  00000-0  72373-4 0  9994
2 45073  53.0523 246.1775 0001121  83.0128 277.0989 15.06400853168209
1 45073U 20006AF  23046.80748890  .00002747  00000-0  20322-3 0  9998
2 45073  53.0524 244.9861 0001024  86.5099 273.6007 15.06396350168242
1 45073U 20006AF  23047.53730281  .00000890  00000-0  78653-4 0  9992
2 45073  53.0520 241.7102 0001172  84.9986 275.1136 15.06399820168359
1 45073U 20006AF  23047.80268631  .00001433  00000-0  11506-3 0  9994
2 45073  53.0524 240.5181 0001146  91.4132 268.6988 15.06403873168394
1 45073U 20006AF  23048.53250504  .00000680  00000-0  64553-4 0  9999
2 45073  53.0522 237.2414 0001090  89.2404 270.8710 15.06395567168500
1 45073U 20006AF  23048.79789203  .00000788  00000-0  71765-4 0  9992
2 45073  53.0533 236.0515 0001013  83.8737 276.2368 15.06395869168543
1 45073U 20006AF  23050.19117700 -.00000003  00000-0  18654-4 0  9995
2 45073  53.0537 229.7962 0001031  87.9863 272.1244 15.06397636168752
1 45073U 20006AF  23051.18638176  .00001067  00000-0  90522-4 0  9994
2 45073  53.0537 225.3285 0001058  86.6886 273.4224 15.06395327168906
1 45073U 20006AF  23051.84984491  .00001585  00000-0  12527-3 0  9994
2 45073  53.0532 222.3504 0001067  93.7974 266.3137 15.06402483169007
1 45073U 20006AF  23052.84504793  .00001005  00000-0  86367-4 0  9999
2 45073  53.0531 217.8816 0001142  91.1990 268.9130 15.06404019169159
1 45073U 20006AF  23053.50852316 -.00000122  00000-0  10731-4 0  9992
2 45073  53.0531 214.9032 0001156  86.8265 273.2857 15.06395620169251
1 45073U 20006AF  23053.70756076  .00000289  00000-0  38274-4 0  9995
2 45073  53.0531 214.0093 0001166  88.2647 271.8475 15.06398779169281
1 45073U 20006AF  23054.43735659  .00002437  00000-0  18236-3 0  9992
2 45073  53.0536 210.7332 0001072  89.5194 270.5918 15.06416020169392
1 45073U 20006AF  23054.70273574  .00002408  00000-0  18040-3 0  9996
2 45073  53.0530 209.5417 0001184  85.9340 274.1784 15.06425037169437
1 45073U 20006AF  23055.43257772 -.00000109  00000-0  11566-4 0  9993
2 45073  53.0533 206.2658 0001004  68.3643 291.7453 15.06390923169548
1 45073U 20006AF  23055.83067257 -.00002199  00000-0 -12888-3 0  9993
2 45073  53.0535 204.4785 0001085  90.7503 269.3610 15.06379527169604
1 45073U 20006AF  23056.56047671 -.00002094  00000-0 -12174-3 0  9994
2 45073  53.0534 201.2024 0001064  94.2193 265.8918 15.06393537169716
1 45073U 20006AF  23056.69316779 -.00000903  00000-0 -41754-4 0  9990
2 45073  53.0530 200.6068 0001038  90.5610 269.5498 15.06398227169734
1 45073U 20006AF  23057.42299629  .00005961  00000-0  41882-3 0  9994
2 45073  53.0525 197.3314 0001092  97.7211 262.3902 15.06391376169841
1 45073U 20006AF  23057.75472706  .00007815  00000-0  54286-3 0  9991
2 45073  53.0540 195.8427 0001355 100.1207 259.9935 15.06404510170230
1 45073U 20006AF  23058.41819710  .00002929  00000-0  21544-3 0  9997
2 45073  53.0523 192.8639 0001406  84.4278 275.6871 15.06399871169990
1 45073U 20006AF  23058.74992650  .00006440  00000-0  45065-3 0  9994
2 45073  53.0520 191.3738 0001369  83.5494 276.5651 15.06413479170044
1 45073U 20006AF  23059.61243276  .00003659  00000-0  26433-3 0  9991
2 45073  53.0525 187.5018 0001309  67.2405 292.8722 15.06408839170170
1 45073U 20006AF  23060.54130406 -.00000767  00000-0 -32663-4 0  9997
2 45073  53.0535 183.3311 0001030  89.7807 270.3300 15.06380127170315
1 45073U 20006AF  23061.53650023  .00007366  00000-0  51278-3 0  9991
2 45073  53.0527 178.8643 0001307  71.8579 288.2552 15.06408250170469
1 45073U 20006AF  23062.46535356  .00005117  00000-0  36204-3 0  9999
2 45073  53.0530 174.6953 0001520  88.6666 271.4497 15.06411018170605
1 45073U 20006AF  23063.46055729 -.00002661  00000-0 -15982-3 0  9994
2 45073  53.0553 170.2320 0001521  96.5357 263.5805 15.06395650170750
1 45073U 20006AF  23063.72593942  .00001283  00000-0  10499-3 0  9992
2 45073  53.0533 169.0371 0001262  90.4751 269.6383 15.06408906170794
1 45073U 20006AF  23064.19037915 -.00002382  00000-0 -14112-3 0  9996
2 45073  53.0521 166.9510 0001337  86.0350 274.0792 15.06389079170862
1 45073U 20006AF  23065.71634418  .00015958  00000-0  10869-2 0  9991
2 45073  53.0535 160.1015 0001210  86.8596 273.2531 15.06430758171430
1 45073U 20006AF  23066.64520680  .00012422  00000-0  85110-3 0  9994
2 45073  53.0519 155.9310 0001534  95.4615 264.6549 15.06409776171236
1 45073U 20006AF  23067.64040918  .00047759  00000-0  32000-2 0  9996
2 45073  53.0533 151.4644 0001313  97.3417 262.7721 15.06440387171389
1 45073U 20006AF  23068.50287126  .00054972  00000-0  36684-2 0  9993
2 45073  53.0536 147.5922 0001381  94.5176 265.5971 15.06524642171513
1 45073U 20006AF  23069.89622102  .00047525  00000-0  31946-2 0  9995
2 45073  53.0524 141.3372 0001448  89.7857 270.3298 15.06322940171723
1 45073U 20006AF  23070.55969022  .00032254  00000-0  21732-2 0  9990
2 45073  53.0526 138.3565 0001490  85.8250 274.2909 15.06419509171827
1 45073U 20006AF  23070.69238130  .00035717  00000-0  24027-2 0  9991
2 45073  53.0527 137.7630 0001433  89.9170 270.1984 15.06429318171846
1 45073U 20006AF  23071.55491089  .00041361  00000-0  27801-2 0  9996
2 45073  53.0517 133.8916 0000961 132.3091 227.7979 15.06390040171974
1 45073U 20006AF  23072.15203728  .00027507  00000-0  18579-2 0  9992
2 45073  53.0523 131.2102 0001262  79.6022 280.5109 15.06409422172060
1 45073U 20006AF  23073.41262375  .00007045  00000-0  49121-3 0  9998
2 45073  53.0535 125.5492 0001436  80.3877 279.7274 15.06410565172255
1 45073U 20006AF  23074.40780200  .00032021  00000-0  21549-2 0  9995
2 45073  53.0537 121.0837 0001766  83.5927 276.5263 15.06467640172404
1 45073U 20006AF  23075.33665768  .00017520  00000-0  11922-2 0  9990
2 45073  53.0540 116.9105 0004124 164.0425 196.0694 15.06394782172543
1 45073U 20006AF  23075.80110865  .00018288  00000-0  12446-2 0  9999
2 45073  53.0550 114.8286 0001446  78.9611 281.1541 15.06365991172610
1 45073U 20006AF  23076.53093107  .00010765  00000-0  74073-3 0  9996
2 45073  53.0535 111.5533 0001309  91.0695 269.0444 15.06387792172720
1 45073U 20006AF  23076.79631940  .00012627  00000-0  86517-3 0  9992
2 45073  53.0531 110.3613 0001320  91.2177 268.8964 15.06394788172763
1 45073U 20006AF  23077.79151395  .00015116  00000-0  10308-2 0  9994
2 45073  53.0526 105.8935 0001363  91.3276 268.7869 15.06424277172918
1 45073U 20006AF  23078.38861957  .00015711  00000-0  10700-2 0  9999
2 45073  53.0528 103.2128 0001383  91.2226 268.8921 15.06445215173008
1 45073U 20006AF  23078.78669988 -.00013294  00000-0 -87511-3 0  9994
2 45073  53.0527 101.4255 0001566  98.4455 261.6711 15.06404506173066
1 45073U 20006AF  23079.45016956  .00003360  00000-0  24433-3 0  9995
2 45073  53.0527  98.4468 0001419 104.7497 255.3650 15.06400260173167
1 45073U 20006AF  23079.78190556  .00015354  00000-0  10473-2 0  9994
2 45073  53.0527  96.9575 0001437 106.3739 253.7407 15.06404294173215
1 45073U 20006AF  23080.44536524  .00018909  00000-0  12839-2 0  9995
2 45073  53.0530  93.9787 0001459 106.5247 253.5902 15.06429681173317
1 45073U 20006AF  23080.51171060  .00017904  00000-0  12168-2 0  9992
2 45073  53.0530  93.6807 0001456 106.4041 253.7108 15.06431172173324
1 45073U 20006AF  23081.70596638  .00014771  00000-0  10084-2 0  9990
2 45073  53.0530  88.3191 0001199 103.7604 256.3519 15.06400379173500
1 45073U 20006AF  23082.23673734  .00017084  00000-0  11625-2 0  9994
2 45073  53.0535  85.9366 0001265 106.7140 253.3988 15.06417544173581
1 45073U 20006AF  23082.70116287  .00008167  00000-0  56630-3 0  9999
2 45073  53.0540  83.8508 0001071  75.5643 284.5465 15.06414886173995
1 45073U 20006AF  23083.49732957  .00034492  00000-0  23222-2 0  9994
2 45073  53.0533  80.2774 0001277  85.9290 274.1845 15.06415438173771
1 45073U 20006AF  23083.69636688  .00031858  00000-0  21464-2 0  9999
2 45073  53.0536  79.3836 0001328  84.5322 275.5819 15.06427967173800
1 45073U 20006AF  23084.69155447 -.00000615  00000-0 -22378-4 0  9995
2 45073  53.0548  74.9185 0001744  88.9680 271.1509 15.06410681173957
1 45073U 20006AF  23085.95215964  .00022614  00000-0  15322-2 0  9996
2 45073  53.0540  69.2574 0001396 110.4171 249.6968 15.06399963174147
1 45073U 20006AF  23086.41658246  .00023988  00000-0  16228-2 0  9993
2 45073  53.0546  67.1729 0001382 109.6244 250.4895 15.06423022174219
1 45073U 20006AF  23087.41179808  .00020566  00000-0  13957-2 0  9991
2 45073  53.0552  62.7066 0001205  98.9268 261.1858 15.06395491174363
1 45073U 20006AF  23088.20794679  .00026728  00000-0  18044-2 0  9996
2 45073  53.0550  59.1325 0001191 104.9179 255.1942 15.06442607174484
1 45073U 20006AF  23089.33585852  .00026584  00000-0  17978-2 0  9997
2 45073  53.0542  54.0684 0001071  83.7199 276.3912 15.06380627174654
1 45073U 20006AF  23091.25992630  .00023597  00000-0  15984-2 0  9993
2 45073  53.0543  45.4312 0001176 115.6273 244.4838 15.06385066174948
1 45073U 20006AF  23092.25511903  .00030367  00000-0  20465-2 0  9997
2 45073  53.0550  40.9635 0001230 116.9455 243.1660 15.06441931175091
1 45073U 20006AF  23092.85225247  .00014433  00000-0  98599-3 0  9996
2 45073  53.0557  38.2838 0001713  97.4736 262.6448 15.06395482175183
1 45073U 20006AF  23093.25033952  .00034525  00000-0  23261-2 0  9998
2 45073  53.0555  36.4960 0001129  94.1671 265.9447 15.06388038175241
1 45073U 20006AF  23094.24552620  .00032600  00000-0  21942-2 0  9992
2 45073  53.0554  32.0278 0001019  95.5328 264.5777 15.06454019175396
1 45073U 20006AF  23094.84265859  .00015599  00000-0  10638-2 0  9991
2 45073  53.0558  29.3476 0001378  85.8895 274.2251 15.06398911175481
1 45073U 20006AF  23095.10805080  .00017072  00000-0  11629-2 0  9996
2 45073  53.0556  28.1564 0001116  77.8718 282.2396 15.06377156175521
1 45073U 20006AF  23096.23593704  .00027053  00000-0  18260-2 0  9996
2 45073  53.0555  23.0935 0001000  87.2793 272.8311 15.06442299175697
1 45073U 20006AF  23097.16480436  .00027712  00000-0  18721-2 0  9990
2 45073  53.0555  18.9237 0000994 112.8847 247.2247 15.06398630175830
1 45073U 20006AF  23098.15998739  .00027450  00000-0  18518-2 0  9993
2 45073  53.0555  14.4572 0001012 106.5864 253.5236 15.06455041175988
1 45073U 20006AF  23099.15519403  .00023560  00000-0  15947-2 0  9992
2 45073  53.0553   9.9892 0001280  88.5257 271.5878 15.06413461176132
1 45073U 20006AF  23099.75230158  .00021578  00000-0  14614-2 0  9992
2 45073  53.0557   7.3078 0001234  92.3761 267.7370 15.06443320176227
1 45073U 20006AF  23100.01767819  .00025516  00000-0  17228-2 0  9993
2 45073  53.0556   6.1172 0001217  89.5047 270.6081 15.06461846176263
1 45073U 20006AF  23101.14559304  .00026904  00000-0  18196-2 0  9993
2 45073  53.0556   1.0551 0001405 123.5411 236.5712 15.06371575176431
1 45073U 20006AF  23101.94175391  .00021167  00000-0  14351-2 0  9996
2 45073  53.0554 357.4799 0001276 128.3817 231.7287 15.06414935176555
1 45073U 20006AF  23102.14079021  .00019018  00000-0  12913-2 0  9996
2 45073  53.0552 356.5858 0001166 125.1974 234.9124 15.06425571176582
1 45073U 20006AF  23103.26871353  .00018761  00000-0  12757-2 0  9998
2 45073  53.0547 351.5235 0001024 113.6159 246.4938 15.06379933176750
1 45073U 20006AF  23104.06487291  .00022961  00000-0  15545-2 0  9996
2 45073  53.0546 347.9496 0000996 111.1354 248.9742 15.06420108176878
1 45073U 20006AF  23105.25912083  .00020335  00000-0  13794-2 0  9997
2 45073  53.0558 342.5870 0001112  98.7344 261.3771 15.06419780177054
1 45073U 20006AF  23105.92256779  .00031391  00000-0  21131-2 0  9992
2 45073  53.0561 339.6095 0000968  93.2738 266.8361 15.06466796177154
1 45073U 20006AF  23106.05525464  .00029713  00000-0  20012-2 0  9999
2 45073  53.0561 339.0136 0001007  93.9060 266.2044 15.06475099177174
1 45073U 20006AF  23106.91778762  .00014501  00000-0  99148-3 0  9991
2 45073  53.0554 335.1425 0001136  59.3018 300.8083 15.06359660177304
1 45073U 20006AF  23107.05048671  .00032034  00000-0  21620-2 0  9996
2 45073  53.0554 334.5470 0001173  52.3374 307.7721 15.06360971177320
1 45073U 20006AF  23107.91300130  .00028842  00000-0  19467-2 0  9990
2 45073  53.0548 330.6760 0001114  52.0579 308.0511 15.06411069177451
1 45073U 20006AF  23108.04569302  .00031167  00000-0  21008-2 0  9991
2 45073  53.0548 330.0800 0001130  50.9222 309.1868 15.06421681177470
1 45073U 20006AF  23108.57647593  .00018012  00000-0  12250-2 0  9991
2 45073  53.0545 327.6975 0002339  89.5830 270.5427 15.06399393177552
1 45073U 20006AF  23108.90821323  .00026944  00000-0  18210-2 0  9998
2 45073  53.0548 326.2080 0000866  65.4669 294.6410 15.06397028177601
1 45073U 20006AF  23110.56688181  .00001714  00000-0  13400-3 0  9991
2 45073  53.0533 318.7602 0001056  89.9262 270.1848 15.06375468177858
1 45073U 20006AF  23110.83227768  .00017093  00000-0  11648-2 0  9999
2 45073  53.0533 317.5694 0001000  74.5929 285.5171 15.06362599177899
1 45073U 20006AF  23111.56210579  .00017838  00000-0  12139-2 0  9995
2 45073  53.0535 314.2931 0001123  77.9984 282.1130 15.06383733178008
1 45073U 20006AF  23111.89384030  .00020639  00000-0  14004-2 0  9991
2 45073  53.0538 312.8039 0001125  76.5389 283.5725 15.06400120178050
1 45073U 20006AF  23112.55730693  .00014529  00000-0  99199-3 0  9995
2 45073  53.0539 309.8249 0001133  85.6328 274.4791 15.06409884178152
1 45073U 20006AF  23112.75634515  .00016630  00000-0  11321-2 0  9998
2 45073  53.0538 308.9313 0001121  80.1245 279.9870 15.06419471178182
1 45073U 20006AF  23113.55248906  .00023944  00000-0  16187-2 0  9993
2 45073  53.0541 305.3569 0001032  84.6703 275.4404 15.06450765178308
1 45073U 20006AF  23113.88420920  .00032114  00000-0  21608-2 0  9990
2 45073  53.0541 303.8680 0001007  78.0830 282.0272 15.06472732178355
1 45073U 20006AF  23114.54767266  .00040847  00000-0  27422-2 0  9993
2 45073  53.0540 300.8892 0001027 114.1572 245.9524 15.06441784178455
1 45073U 20006AF  23115.54288547  .00001308  00000-0  10676-3 0  9997
2 45073  53.0539 296.4220 0001149 112.3910 247.7201 15.06378778178600
1 45073U 20006AF  23116.47175871  .00011826  00000-0  81194-3 0  9994
2 45073  53.0535 292.2522 0000982 112.2136 247.8957 15.06377565178745
1 45073U 20006AF  23116.73714770  .00009735  00000-0  67184-3 0  9999
2 45073  53.0538 291.0606 0001103 107.5244 252.5866 15.06384267178784
1 45073U 20006AF  23117.26791917  .00016222  00000-0  11051-2 0  9996
2 45073  53.0538 288.6780 0001197 103.0283 257.0840 15.06411313178860
1 45073U 20006AF  23118.52850379 -.00005118  00000-0 -32499-3 0  9998
2 45073  53.0534 283.0192 0001261  77.7309 282.3821 15.06391533179053
1 45073U 20006AF  23119.59005628  .00022548  00000-0  15270-2 0  9996
2 45073  53.0537 278.2538 0001221  69.5194 290.5926 15.06418389179217
1 45073U 20006AF  23120.58526406  .00012745  00000-0  87325-3 0  9998
2 45073  53.0537 273.7864 0000994  81.7710 278.3391 15.06387656179363
1 45073U 20006AF  23121.58046798  .00015811  00000-0  10776-2 0  9992
2 45073  53.0537 269.3171 0001002  73.9985 286.1114 15.06411222179517
1 45073U 20006AF  23121.71315999  .00016775  00000-0  11419-2 0  9994
2 45073  53.0535 268.7224 0000996  78.7621 281.3480 15.06416546179537
1 45073U 20006AF  23122.57567144  .00006570  00000-0  45947-3 0  9996
2 45073  53.0532 264.8500 0000989  91.8350 268.2753 15.06403680180001
1 45073U 20006AF  23122.70836549  .00007584  00000-0  52740-3 0  9994
2 45073  53.0535 264.2543 0001074  88.1082 272.0029 15.06403804179681
1 45073U 20006AF  23123.57086252  .00015716  00000-0  10707-2 0  9990
2 45073  53.0537 260.3825 0001094  81.6208 278.4905 15.06431807179815
1 45073U 20006AF  23123.63720746  .00017131  00000-0  11650-2 0  9991
2 45073  53.0535 260.0842 0001151  82.3877 277.7243 15.06436174179823
1 45073U 20006AF  23124.56606583 -.00003257  00000-0 -19993-3 0  9991
2 45073  53.0538 255.9151 0001210  92.4675 267.6453 15.06391755179967
1 45073U 20006AF  23124.63241640  .00022811  00000-0  15462-2 0  9999
2 45073  53.0540 255.6177 0001123  96.9589 263.1527 15.06379353179975
1 45073U 20006AF  23125.56126785  .00024975  00000-0  16884-2 0  9996
2 45073  53.0545 251.4478 0001161  92.1151 267.9971 15.06427419180113
1 45073U 20006AF  23126.55647416  .00035822  00000-0  24117-2 0  9996
2 45073  53.0545 246.9802 0001016 109.5601 250.5498 15.06398519180261
1 45073U 20006AF  23127.02089715  .00033707  00000-0  22693-2 0  9998
2 45073  53.0542 244.8948 0001067 110.8462 249.2641 15.06427291180335
1 45073U 20006AF  23128.91667824 -.00006008  00000-0 -38486-3 0  9994
2 45073  53.0535 236.3864 0001280  76.0776 130.5945 15.06393221  1301
1 45073U 20006AF  23129.54207237  .00032543  00000-0  21923-2 0  9990
2 45073  53.0532 233.5782 0001306  85.4726 274.6412 15.06421955180712
1 45073U 20006AF  23130.53728974  .00022563  00000-0  15299-2 0  9997
2 45073  53.0529 229.1111 0001219  92.9402 267.1726 15.06373639180868
1 45073U 20006AF  23131.46614271  .00029774  00000-0  20077-2 0  9995
2 45073  53.0534 224.9407 0001247  92.0738 268.0394 15.06430269181000
1 45073U 20006AF  23131.53248778  .00029030  00000-0  19580-2 0  9990
2 45073  53.0533 224.6426 0001240  92.9097 267.2034 15.06434098181014
1 45073U 20006AF  23132.85943527  .00015235  00000-0  10395-2 0  9997
2 45073  53.0540 218.6829 0001181  87.0621 273.0503 15.06399531181214
1 45073U 20006AF  23133.52289501  .00016890  00000-0  11493-2 0  9995
2 45073  53.0533 215.7058 0001138  87.6441 272.4678 15.06424470181314
1 45073U 20006AF  23133.92097876  .00003863  00000-0  27801-3 0  9998
2 45073  53.0540 213.9192 0001382  68.8371 291.2766 15.06406517181370
1 45073U 20006AF  23134.58446331  .00017305  00000-0  11789-2 0  9998
2 45073  53.0535 210.9422 0001344  71.9030 288.2106 15.06365771181473
1 45073U 20006AF  23135.51332731  .00014874  00000-0  10154-2 0  9993
2 45073  53.0535 206.7726 0001282  78.3683 281.7450 15.06396152181612
1 45073U 20006AF  23135.57967413  .00014653  00000-0  10006-2 0  9991
2 45073  53.0535 206.4743 0001295  76.9738 283.1395 15.06398064181963
1 45073U 20006AF  23136.57487557  .00008498  00000-0  58859-3 0  9997
2 45073  53.0535 202.0064 0001309  76.2350 283.8785 15.06407579181771
1 45073U 20006AF  23136.90660591  .00010502  00000-0  72259-3 0  9994
2 45073  53.0533 200.5181 0001276  77.3894 282.7238 15.06415986181828
1 45073U 20006AF  23137.90179546  .00002790  00000-0  20602-3 0  9995
2 45073  53.0535 196.0533 0001634  60.3259 299.7892 15.06419733181979
1 45073U 20006AF  23138.56526471 -.00001871  00000-0 -10677-3 0  9993
2 45073  53.0547 193.0699 0001348 112.5725 247.5407 15.06402390182078
1 45073U 20006AF  23139.82584904 -.00000599  00000-0 -21326-4 0  9998
2 45073  53.0534 187.4131 0001205 104.1679 255.9444 15.06405412182262
1 45073U 20006AF  23140.82104849  .00004150  00000-0  29721-3 0  9997
2 45073  53.0542 182.9461 0001367  96.1470 263.9674 15.06413251182416
1 45073U 20006AF  23141.48450620  .00008229  00000-0  57025-3 0  9990
2 45073  53.0531 179.9676 0001310  91.9165 268.1974 15.06426779182510
1 45073U 20006AF  23141.81624136 -.00001278  00000-0 -66900-4 0  9994
2 45073  53.0534 178.4785 0001094 100.4018 259.7095 15.06408662182566
1 45073U 20006AF  23142.47971856 -.00001130  00000-0 -57012-4 0  9992
2 45073  53.0521 175.4990 0001149 100.9366 259.1753 15.06384584182661
1 45073U 20006AF  23142.81145771  .00006015  00000-0  42250-3 0  9991
2 45073  53.0524 174.0100 0001164 102.0274 258.0845 15.06383717182713
1 45073U 20006AF  23143.80666746  .00002103  00000-0  16004-3 0  9993
2 45073  53.0528 169.5420 0001128 102.4789 257.6326 15.06389715182865
1 45073U 20006AF  23144.27109981  .00004393  00000-0  31372-3 0  9996
2 45073  53.0524 167.4570 0001187 102.8546 257.2575 15.06390755182930
1 45073U 20006AF  23146.26150565  .00002061  00000-0  15722-3 0  9992
2 45073  53.0536 158.5221 0001191  99.5842 260.5281 15.06398744183234
1 45073U 20006AF  23147.72113177  .00000633  00000-0  61372-4 0  9998
2 45073  53.0536 151.9696 0001152  94.6896 265.4225 15.06400890183451
1 45073U 20006AF  23148.25190885  .00001284  00000-0  10510-3 0  9998
2 45073  53.0541 149.5872 0001117  96.5316 263.5800 15.06400795183536
1 45073U 20006AF  23148.38460204  .00001168  00000-0  97304-4 0  9995
2 45073  53.0540 148.9909 0001112  94.9025 265.2091 15.06400999183552
1 45073U 20006AF  23149.37979642  .00001382  00000-0  11165-3 0  9994
2 45073  53.0540 144.5235 0001111  94.4140 265.6976 15.06407525183703
1 45073U 20006AF  23149.71153884 -.00000100  00000-0  12168-4 0  9997
2 45073  53.0535 143.0335 0001103  92.1848 267.9267 15.06396355183754
1 45073U 20006AF  23150.37501145 -.00000205  00000-0  51347-5 0  9997
2 45073  53.0536 140.0553 0001130  89.2437 270.8681 15.06392101183854
1 45073U 20006AF  23151.37020940  .00000156  00000-0  29365-4 0  9995
2 45073  53.0536 135.5881 0001123  85.2280 274.8837 15.06400021184007
1 45073U 20006AF  23152.23272197  .00001650  00000-0  12964-3 0  9990
2 45073  53.0542 131.7160 0001126  84.5620 275.5497 15.06394981184136
1 45073U 20006AF  23153.22791021  .00002869  00000-0  21132-3 0  9992
2 45073  53.0546 127.2482 0001148  85.2588 274.8532 15.06413603184283
1 45073U 20006AF  23153.62599764  .00000433  00000-0  47964-4 0  9993
2 45073  53.0523 125.4637 0001057  94.6897 265.4213 15.06403355184348
1 45073U 20006AF  23154.28948221 -.00000848  00000-0 -38048-4 0  9997
2 45073  53.0560 122.4886 0001427 109.1999 250.9145 15.06389239184446
1 45073U 20006AF  23154.88659599 -.00000497  00000-0 -14477-4 0  9990
2 45073  53.0549 119.8029 0001165  95.6966 264.4156 15.06400435184538
1 45073U 20006AF  23155.21832730 -.00000320  00000-0 -26060-5 0  9995
2 45073  53.0560 118.3149 0001282  86.9603 273.1533 15.06404773184589
1 45073U 20006AF  23155.88180514  .00001344  00000-0  10916-3 0  9990
2 45073  53.0557 115.3377 0001357  91.4076 268.7069 15.06387400184685
1 45073U 20006AF  23156.27988660  .00001308  00000-0  10670-3 0  9999
2 45073  53.0547 113.5480 0001208  95.8575 264.2552 15.06390171184740
1 45073U 20006AF  23156.61161578  .00001873  00000-0  14459-3 0  9994
2 45073  53.0551 112.0593 0001217  94.8073 265.3055 15.06398707184794
1 45073U 20006AF  23157.27507130  .00002997  00000-0  21990-3 0  9991
2 45073  53.0547 109.0800 0001218  97.8132 262.2995 15.06414136184891
1 45073U 20006AF  23157.87221013  .00001499  00000-0  11955-3 0  9996
2 45073  53.0534 106.3980 0001178  97.7960 262.3163 15.06393960184988
1 45073U 20006AF  23158.27029306 -.00000304  00000-0 -15559-5 0  9994
2 45073  53.0551 104.6124 0001042  97.1486 262.9622 15.06392169185049
1 45073U 20006AF  23159.13278785  .00002298  00000-0  17305-3 0  9998
2 45073  53.0541 100.7416 0001004 101.1934 258.9168 15.06412368185179
1 45073U 20006AF  23160.52608736  .00000384  00000-0  44652-4 0  9996
2 45073  53.0543  94.4867 0000825  97.9950 262.1133 15.06393269185380
1 45073U 20006AF  23161.52128887 -.00000300  00000-0 -12480-5 0  9996
2 45073  53.0540  90.0178 0001113  77.4710 282.6403 15.06396545185536
1 45073U 20006AF  23162.51649973  .00003809  00000-0  27444-3 0  9999
2 45073  53.0536  85.5525 0000917  76.1220 283.9870 15.06400378185687
1 45073U 20006AF  23162.78188450  .00005725  00000-0  40280-3 0  9998
2 45073  53.0547  84.3597 0000935  74.8561 285.2531 15.06407732185723
1 45073U 20006AF  23163.04726931  .00012440  00000-0  85209-3 0  9992
2 45073  53.0535  83.1690 0000925  71.3929 288.7161 15.06419465185767
1 45073U 20006AF  23164.04248088  .00009730  00000-0  67110-3 0  9994
2 45073  53.0550  78.7005 0001231  81.6817 278.4311 15.06404111185917
1 45073U 20006AF  23164.77229733  .00009431  00000-0  65113-3 0  9999
2 45073  53.0538  75.4223 0001060  76.2622 283.8485 15.06403734186028
1 45073U 20006AF  23165.17037147  .00014630  00000-0  99841-3 0  9992
2 45073  53.0551  73.6370 0001167  84.2945 275.8177 15.06423505186084
1 45073U 20006AF  23165.76749899 -.00000623  00000-0 -22963-4 0  9992
2 45073  53.0544  70.9537 0001350 108.2684 251.8452 15.06396508186512
1 45073U 20006AF  23166.16558385  .00006366  00000-0  44594-3 0  9996
2 45073  53.0551  69.1705 0001218 107.4875 252.6247 15.06395386186236
1 45073U 20006AF  23166.76270496  .00016235  00000-0  11060-2 0  9993
2 45073  53.0555  66.4902 0001184 110.4275 249.6841 15.06410912186328
1 45073U 20006AF  23167.09443291  .00021448  00000-0  14532-2 0  9994
2 45073  53.0550  65.0011 0001162 112.3007 247.8105 15.06430113186372
1 45073U 20006AF  23167.75790124  .00012571  00000-0  86088-3 0  9990
2 45073  53.0548  62.0228 0001306 117.7698 242.3423 15.06419894186478
1 45073U 20006AF  23168.42137700  .00020078  00000-0  13630-2 0  9993
2 45073  53.0542  59.0447 0001151  98.1303 261.9817 15.06398657186572
1 45073U 20006AF  23168.95214616  .00020605  00000-0  13973-2 0  9999
2 45073  53.0539  56.6616 0001123  98.7587 261.3529 15.06422290186652
1 45073U 20006AF  23169.41657369  .00014018  00000-0  95778-3 0  9992
2 45073  53.0534  54.5760 0001116  89.6901 270.4216 15.06413215186724
1 45073U 20006AF  23169.81466093  .00012645  00000-0  86658-3 0  9999
2 45073  53.0543  52.7900 0001310  83.1812 276.9326 15.06387265186780
1 45073U 20006AF  23170.08005040  .00021508  00000-0  14587-2 0  9990
2 45073  53.0543  51.5989 0001326  81.1519 278.9620 15.06391740187168
1 45073U 20006AF  23171.34062891  .00006522  00000-0  45625-3 0  9994
2 45073  53.0544  45.9368 0001992  80.7452 279.3763 15.06405419187013
1 45073U 20006AF  23171.87140858  .00003198  00000-0  23349-3 0  9997
2 45073  53.0544  43.5568 0001252  95.4710 264.6421 15.06399232187099
1 45073U 20006AF  23172.07045225  .00023177  00000-0  15700-2 0  9992
2 45073  53.0543  42.6639 0001217 100.1984 259.9142 15.06394562187127
1 45073U 20006AF  23172.80026020  .00019634  00000-0  13324-2 0  9998
2 45073  53.0542  39.3873 0001180 105.1200 254.9919 15.06424973187233
1 45073U 20006AF  23188.39179286  .00017061  00000-0  11610-2 0  9990
2 45073  53.0548 329.3938 0001243  80.6603 279.4526 15.06414632189922
1 45073U 20006AF  23188.65717461  .00024484  00000-0  16554-2 0  9991
2 45073  53.0545 328.2027 0001232  78.8063 281.3064 15.06433868189968
1 45073U 20006AF  23189.38699178  .00012971  00000-0  88796-3 0  9992
2 45073  53.0543 324.9266 0002005 105.5913 254.5298 15.06404135190075
1 45073U 20006AF  23189.65238571  .00016076  00000-0  10965-2 0  9990
2 45073  53.0546 323.7356 0001100  94.9076 265.2039 15.06370932190115
1 45073U 20006AF  23191.04567375  .00014883  00000-0  10156-2 0  9999
2 45073  53.0543 317.4805 0001138  92.8516 267.2603 15.06412852190328
1 45073U 20006AF  23191.37741393  .00004058  00000-0  29120-3 0  9994
2 45073  53.0540 315.9915 0001161  93.8801 266.2321 15.06394857190379
1 45073U 20006AF  23192.30626367  .00008620  00000-0  59664-3 0  9996
2 45073  53.0533 311.8209 0001050  89.0413 271.0696 15.06414318190515
1 45073U 20006AF  23193.03607400  .00003757  00000-0  27090-3 0  9998
2 45073  53.0542 308.5491 0001536  84.8705 275.2459 15.06413672190624
1 45073U 20006AF  23193.36780905 -.00002122  00000-0 -12359-3 0  9995
2 45073  53.0537 307.0554 0001340  84.1416 275.9726 15.06401201190671
1 45073U 20006AF  23194.56204173  .00022150  00000-0  14998-2 0  9997
2 45073  53.0540 301.6948 0001345  80.4716 279.6425 15.06436238190854
1 45073U 20006AF  23195.49090153  .00020945  00000-0  14213-2 0  9991
2 45073  53.0541 297.5249 0001217  97.9001 262.2126 15.06387305190991
1 45073U 20006AF  23196.55244333  .00022315  00000-0  15109-2 0  9998
2 45073  53.0545 292.7594 0001240  97.9553 262.1577 15.06432745191150
1 45073U 20006AF  23197.21592022  .00010724  00000-0  73782-3 0  9996
2 45073  53.0544 289.7805 0001353  90.4064 269.7080 15.06394177191259
1 45073U 20006AF  23197.61400790  .00018333  00000-0  12474-2 0  9994
2 45073  53.0546 287.9947 0001185 115.0296 245.0816 15.06371801191312
1 45073U 20006AF  23199.40538005  .00001261  00000-0  10354-3 0  9992
2 45073  53.0535 279.9529 0001061 118.0990 242.0107 15.06392503191585
1 45073U 20006AF  23200.40057481  .00007416  00000-0  51602-3 0  9998
2 45073  53.0534 275.4857 0001032 103.4831 256.6273 15.06415781191735
1 45073U 20006AF  23201.59482479  .00001253  00000-0  10304-3 0  9995
2 45073  53.0544 270.1224 0001093 100.8930 259.2182 15.06388631191915
1 45073U 20006AF  23202.19194796  .00006677  00000-0  46670-3 0  9994
2 45073  53.0543 267.4425 0001159  85.0632 275.0489 15.06400274192007
1 45073U 20006AF  23205.50929532 -.00000201  00000-0  53570-5 0  9993
2 45073  53.0529 252.5499 0000974  72.3497 287.7598 15.06393328192168
1 45073U 20006AF  23206.43814877  .00003152  00000-0  23037-3 0  9991
2 45073  53.0524 248.3790 0001133  78.7629 281.3487 15.06404002192300
1 45073U 20006AF  23207.10162178  .00002444  00000-0  18293-3 0  9997
2 45073  53.0520 245.4004 0001173  79.7954 280.3167 15.06396583192407
1 45073U 20006AF  23207.83143258  .00003899  00000-0  28045-3 0  9996
2 45073  53.0519 242.1238 0001172  89.7233 270.3891 15.06406996192513
1 45073U 20006AF  23208.09681669  .00004886  00000-0  34658-3 0  9992
2 45073  53.0523 240.9326 0001158  85.6718 274.4403 15.06412498192898
1 45073U 20006AF  23208.36220047  .00005474  00000-0  38592-3 0  9996
2 45073  53.0521 239.7411 0001147  85.9646 274.1474 15.06416217192593
1 45073U 20006AF  23209.09201807  .00001045  00000-0  89004-4 0  9995
2 45073  53.0514 236.4626 0000294 317.6138  42.4828 15.06401932193048
1 45073U 20006AF  23209.42374360 -.00011513  00000-0 -75496-3 0  9999
2 45073  53.0513 234.9745 0000731 103.2672 256.8399 15.06415399193091
1 45073U 20006AF  23209.49010557 -.00001591  00000-0 -87966-4 0  9992
2 45073  53.0521 234.6778 0000960  86.1223 273.9875 15.06391320192767
1 45073U 20006AF  23209.49010557 -.00001591  00000-0 -87966-4 0  9992
2 45073  53.0521 234.6778 0000960  86.1223 273.9875 15.06391320193106
1 45073U 20006AF  23210.75069714  .00000519  00000-0  53720-4 0  9990
2 45073  53.0533 229.0192 0001011  80.2204 279.8899 15.06394634193291
1 45073U 20006AF  23212.07763267  .00001866  00000-0  14409-3 0  9997
2 45073  53.0535 223.0615 0001092  91.0111 269.1003 15.06400878193492
1 45073U 20006AF  23213.00649236 -.00000511  00000-0 -15430-4 0  9994
2 45073  53.0539 218.8948 0001559  81.0719 279.0446 15.06403864193633
1 45073U 20006AF  23213.33823015  .00000213  00000-0  33184-4 0  9992
2 45073  53.0532 217.4021 0001129  85.6862 274.4256 15.06394670193682
1 45073U 20006AF  23214.26707992  .00000442  00000-0  48586-4 0  9996
2 45073  53.0530 213.2322 0001121  84.6747 275.4369 15.06402329193824
1 45073U 20006AF  23215.12959237  .00001095  00000-0  92416-4 0  9999
2 45073  53.0533 209.3608 0001163  82.7881 277.3240 15.06395540193953
1 45073U 20006AF  23216.12478491  .00001615  00000-0  12727-3 0  9992
2 45073  53.0536 204.8931 0001203  84.1882 275.9244 15.06408273194101
1 45073U 20006AF  23216.65556704  .00000217  00000-0  33486-4 0  9997
2 45073  53.0537 202.5103 0001239  89.3518 270.7613 15.06397802194186
1 45073U 20006AF  23217.12000145 -.00000263  00000-0  12502-5 0  9992
2 45073  53.0537 200.4252 0001273  90.7716 269.3419 15.06391410194257
1 45073U 20006AF  23218.18153313  .00002098  00000-0  15963-3 0  9994
2 45073  53.0530 195.6597 0001315  89.1527 270.9612 15.06412802194416
1 45073U 20006AF  23218.64596512  .00001830  00000-0  14169-3 0  9997
2 45073  53.0531 193.5747 0001509  82.1508 277.9652 15.06403754194482
1 45073U 20006AF  23219.11040377 -.00002175  00000-0 -12720-3 0  9999
2 45073  53.0529 191.4897 0001603  81.8936 278.2235 15.06384999194556
1 45073U 20006AF  23219.90657138  .00014080  00000-0  96249-3 0  9999
2 45073  53.0520 187.9159 0001358  82.0840 278.0303 15.06391323194678
1 45073U 20006AF  23220.63638672  .00010138  00000-0  69843-3 0  9993
2 45073  53.0513 184.6398 0001317  81.7010 278.4128 15.06402882194783
1 45073U 20006AF  23221.29985718  .00003186  00000-0  23268-3 0  9998
2 45073  53.0517 181.6617 0001364  80.2790 279.8353 15.06396732194881
1 45073U 20006AF  23222.29504206  .00012829  00000-0  87782-3 0  9993
2 45073  53.0530 177.1925 0001067 104.7817 255.3290 15.06431574195031
1 45073U 20006AF  23222.89216950 -.00003852  00000-0 -23988-3 0  9991
2 45073  53.0555 174.5105 0001056 123.4489 236.6601 15.06395981195129
1 45073U 20006AF  23224.08641525  .00015667  00000-0  10679-2 0  9991
2 45073  53.0522 169.1510 0000953  94.4239 265.6858 15.06415181195309
1 45073U 20006AF  23224.81623393  .00006490  00000-0  45412-3 0  9993
2 45073  53.0529 165.8763 0002250  80.6707 279.4536 15.06406926195413
1 45073U 20006AF  23225.21431262  .00013349  00000-0  91290-3 0  9996
2 45073  53.0525 164.0889 0002612  79.5775 280.5508 15.06417203195471
1 45073U 20006AF  23226.07682456  .00012220  00000-0  83756-3 0  9999
2 45073  53.0527 160.2173 0001004  88.7239 271.3865 15.06410989195601
1 45073U 20006AF  23226.20951638  .00017461  00000-0  11875-2 0  9999
2 45073  53.0522 159.6207 0001011  86.7703 273.3402 15.06421248195629
1 45073U 20006AF  23227.07203425  .00008467  00000-0  58665-3 0  9994
2 45073  53.0527 155.7495 0001033  95.6747 264.4360 15.06398573195753
1 45073U 20006AF  23228.19992402  .00018535  00000-0  12590-2 0  9991
2 45073  53.0536 150.6857 0001008 105.8736 254.2365 15.06428753195928
1 45073U 20006AF  23228.59800794  .00004086  00000-0  29298-3 0  9997
2 45073  53.0545 148.8983 0000904 102.6879 257.4211 15.06407366195982
1 45073U 20006AF  23229.06244083 -.00000774  00000-0 -33112-4 0  9996
2 45073  53.0567 146.8153 0000538  85.6776 274.4275 15.06388746196050
1 45073U 20006AF  23230.12397472  .00024473  00000-0  16541-2 0  9991
2 45073  53.0537 142.0488 0001235  98.8836 261.2293 15.06445562196216
1 45073U 20006AF  23230.78745085  .00014273  00000-0  97518-3 0  9991
2 45073  53.0532 139.0707 0001644 100.6645 259.4529 15.06399145196312
1 45073U 20006AF  23231.11919268  .00020747  00000-0  14085-2 0  9995
2 45073  53.0531 137.5819 0001221  75.5482 284.5642 15.06376152196361
1 45073U 20006AF  23232.11439519  .00017041  00000-0  11598-2 0  9991
2 45073  53.0522 133.1140 0001104  82.2148 277.8966 15.06411817196513
1 45073U 20006AF  23233.10960438  .00009650  00000-0  66589-3 0  9998
2 45073  53.0524 128.6442 0001194  97.2123 262.9002 15.06396891196663
1 45073U 20006AF  23234.10478989  .00020105  00000-0  13632-2 0  9992
2 45073  53.0524 124.1773 0001142  93.7024 266.4096 15.06442310196812
1 45073U 20006AF  23235.03366091  .00006170  00000-0  43284-3 0  9998
2 45073  53.0523 120.0093 0001545  76.1894 283.9267 15.06393075196950
1 45073U 20006AF  23236.09521158  .00014334  00000-0  97890-3 0  9995
2 45073  53.0537 115.2417 0001631  89.4861 270.6314 15.06412312196770
1 45073U 20006AF  23237.09042193  .00007228  00000-0  50371-3 0  9990
2 45073  53.0538 110.7720 0001369 107.1014 253.0125 15.06395255196922
1 45073U 20006AF  23237.09042193  .00007228  00000-0  50371-3 0  9990
2 45073  53.0538 110.7720 0001369 107.1014 253.0125 15.06395255197260
1 45073U 20006AF  23237.88657847  .00014329  00000-0  97830-3 0  9996
2 45073  53.0533 107.2005 0001497  99.7767 260.3391 15.06421318197047
1 45073U 20006AF  23238.08561468  .00016013  00000-0  10906-2 0  9992
2 45073  53.0532 106.3067 0001444 100.4610 259.6542 15.06429910197071
1 45073U 20006AF  23238.08561468  .00016013  00000-0  10906-2 0  9992
2 45073  53.0532 106.3067 0001444 100.4610 259.6542 15.06429910197419
1 45073U 20006AF  23238.88178218  .00006483  00000-0  45367-3 0  9997
2 45073  53.0531 102.7328 0001281 115.6377 244.4745 15.06403615197191
1 45073U 20006AF  23239.01447575  .00002608  00000-0  19392-3 0  9992
2 45073  53.0534 102.1328 0001430 136.0931 224.0172 15.06396731197218
1 45073U 20006AF  23239.01447575  .00002608  00000-0  19392-3 0  9992
2 45073  53.0534 102.1328 0001430 136.0931 224.0172 15.06396731197555
1 45073U 20006AF  23239.87698765  .00007634  00000-0  53081-3 0  9992
2 45073  53.0537  98.2609 0001468 118.7115 241.4022 15.06403334197349
1 45073U 20006AF  23240.34141887  .00002013  00000-0  15404-3 0  9997
2 45073  53.0538  96.1761 0001486 114.1708 245.9436 15.06394296197753
1 45073U 20006AF  23240.87219752  .00001259  00000-0  10339-3 0  9995
2 45073  53.0538  93.7947 0001406 104.9233 255.1912 15.06392443197499
1 45073U 20006AF  23241.00489201  .00000952  00000-0  82833-4 0  9997
2 45073  53.0540  93.1995 0001425 101.1706 258.9444 15.06392147197856
1 45073U 20006AF  23241.73469726  .00005508  00000-0  38830-3 0  9996
2 45073  53.0552  89.9215 0001791 121.2866 238.8299 15.06408856197965
1 45073U 20006AF  23241.80104576  .00008817  00000-0  60993-3 0  9994
2 45073  53.0545  89.6244 0001816 116.7834 243.3341 15.06410057197637
1 45073U 20006AF  23242.26547680 -.00000181  00000-0  67476-5 0  9994
2 45073  53.0538  87.5423 0001606  98.6503 261.4667 15.06397963197703
1 45073U 20006AF  23242.26547680 -.00000181  00000-0  67476-5 0  9994
2 45073  53.0538  87.5423 0001606  98.6503 261.4667 15.06397963198041
1 45073U 20006AF  23242.99528735 -.00001252  00000-0 -65215-4 0  9993
2 45073  53.0545  84.2661 0000958 111.9711 248.1380 15.06398633197819
1 45073U 20006AF  23243.99044338  .00001486  00000-0  11863-3 0  9992
2 45073  53.0543  79.8055 0005668 255.2369 104.7992 15.06426000198309
1 45073U 20006AF  23244.58334491  .00009900  00000-0  68295-3 0  9990
2 45073  53.0525  77.1357 0001348  94.9649 241.9838 15.06381062  5842
1 45073U 20006AF  23244.58334491  .00009900  00000-0  68295-3 0  9990
2 45073  53.0525  77.1357 0001348  94.9649 241.9838 15.06381062198395
1 45073U 20006AF  23244.66667824 -.00018760  00000-0 -12440-2 0  9994
2 45073  53.0525  76.7622 0001339  91.6582 337.4520 15.06394462  5850
1 45073U 20006AF  23244.66667824 -.00018760  00000-0 -12440-2 0  9994
2 45073  53.0525  76.7622 0001339  91.6582 337.4520 15.06394462198415
1 45073U 20006AF  23245.51647032  .00001581  00000-0  12502-3 0  9999
2 45073  53.0543  72.9467 0000903  97.1953 262.9138 15.06397789198534
1 45073U 20006AF  23245.78184302 -.00012551  00000-0 -82445-3 0  9998
2 45073  53.0534  71.7562 0001443  84.1999 275.9155 15.06431527198232
1 45073U 20006AF  23245.78184302 -.00012551  00000-0 -82445-3 0  9998
2 45073  53.0534  71.7562 0001443  84.1999 275.9155 15.06431527198579
1 45073U 20006AF  23246.24628737  .00005888  00000-0  41383-3 0  9994
2 45073  53.0536  69.6721 0001535  82.5410 277.5753 15.06403355198307
1 45073U 20006AF  23246.24628737  .00005888  00000-0  41383-3 0  9994
2 45073  53.0536  69.6721 0001535  82.5410 277.5753 15.06403355198644
1 45073U 20006AF  23246.77706738  .00001148  00000-0  95955-4 0  9990
2 45073  53.0539  67.2879 0001499  90.1189 269.9971 15.06393085198726
1 45073U 20006AF  23247.50688108  .00002841  00000-0  20955-3 0  9990
2 45073  53.0544  64.0121 0001558  91.2846 268.8322 15.06401959198497
1 45073U 20006AF  23247.77226562  .00005138  00000-0  36352-3 0  9991
2 45073  53.0537  62.8203 0001557  92.9634 267.1533 15.06409045198870
1 45073U 20006AF  23248.50208735  .00003274  00000-0  23859-3 0  9992
2 45073  53.0547  59.5432 0001559  91.1455 268.9712 15.06399344198982
1 45073U 20006AF  23248.56843319  .00003972  00000-0  28536-3 0  9993
2 45073  53.0549  59.2458 0001361  98.0299 262.0844 15.06401460198650
1 45073U 20006AF  23249.43093800  .00012355  00000-0  84654-3 0  9990
2 45073  53.0549  55.3735 0001356  98.4116 261.7027 15.06414318198780
1 45073U 20006AF  23249.43093800  .00012355  00000-0  84654-3 0  9990
2 45073  53.0549  55.3735 0001356  98.4116 261.7027 15.06414318199129
1 45073U 20006AF  23250.42614112  .00009085  00000-0  62774-3 0  9991
2 45073  53.0543  50.9063 0003732  78.5378 281.6030 15.06413835199271
1 45073U 20006AF  23250.49248789  .00007599  00000-0  52829-3 0  9999
2 45073  53.0544  50.6087 0003773  78.8278 281.3135 15.06412008198949
1 45073U 20006AF  23250.82422792  .00001453  00000-0  11650-3 0  9994
2 45073  53.0545  49.1189 0002069  76.1502 283.9717 15.06377582198990
1 45073U 20006AF  23250.82422792  .00001453  00000-0  11650-3 0  9994
2 45073  53.0545  49.1189 0002069  76.1502 283.9717 15.06377582199339
1 45073U 20006AF  23251.15596232  .00004375  00000-0  31250-3 0  9996
2 45073  53.0553  47.6298 0001561  82.4471 277.6695 15.06387368199049
1 45073U 20006AF  23251.15596232  .00004375  00000-0  31250-3 0  9996
2 45073  53.0553  47.6298 0001561  82.4471 277.6695 15.06387368199386
1 45073U 20006AF  23251.81943058  .00018030  00000-0  12258-2 0  9990
2 45073  53.0542  44.6522 0001244  80.6584 279.4546 15.06411912199146
1 45073U 20006AF  23251.81943058  .00018030  00000-0  12258-2 0  9990
2 45073  53.0542  44.6522 0001244  80.6584 279.4546 15.06411912199483
1 45073U 20006AF  23252.41655620  .00009530  00000-0  65770-3 0  9995
2 45073  53.0534  41.9716 0001798  83.4191 276.7003 15.06404707199233
1 45073U 20006AF  23252.41655620  .00009530  00000-0  65770-3 0  9995
2 45073  53.0534  41.9716 0001798  83.4191 276.7003 15.06404707199570
1 45073U 20006AF  23252.68194393  .00008447  00000-0  58528-3 0  9998
2 45073  53.0553  40.7793 0001452  88.9506 271.1650 15.06402055199616
1 45073U 20006AF  23253.54444257  .00020294  00000-0  13761-2 0  9994
2 45073  53.0553  36.9080 0001422  85.1667 274.9484 15.06433943199409
1 45073U 20006AF  23253.67713276  .00021391  00000-0  14490-2 0  9997
2 45073  53.0552  36.3123 0001377  82.8014 277.3131 15.06440332199764
1 45073U 20006AF  23254.53964350  .00011047  00000-0  75902-3 0  9997
2 45073  53.0553  32.4406 0001223  97.5144 262.5984 15.06415087199551
1 45073U 20006AF  23254.73868600  .00002151  00000-0  16331-3 0  9997
2 45073  53.0555  31.5465 0001281  95.7305 264.3830 15.06392916199927
1 45073U 20006AF  23255.60119249  .00015409  00000-0  10506-2 0  9999
2 45073  53.0550  27.6742 0001183  97.8619 262.2504 15.06418334199713
1 45073U 20006AF  23255.60119249  .00015409  00000-0  10506-2 0  9999
2 45073  53.0550  27.6742 0001183  97.8619 262.2504 15.06418334200053
1 45073U 20006AF  23256.39735242  .00001942  00000-0  14924-3 0  9999
2 45073  53.0554  24.1007 0001282  82.2432 277.8702 15.06404624200176
1 45073U 20006AF  23256.53004858  .00019216  00000-0  13055-2 0  9993
2 45073  53.0555  23.5055 0001256  78.6178 281.4952 15.06397954199857
1 45073U 20006AF  23256.79543648  .00029705  00000-0  20045-2 0  9997
2 45073  53.0555  22.3137 0001271  73.3260 286.7869 15.06404022199890
1 45073U 20006AF  23257.06082930  .00014429  00000-0  98580-3 0  9997
2 45073  53.0554  21.1225 0001256  79.8354 280.2777 15.06391793200274
1 45073U 20006AF  23257.32622360  .00012757  00000-0  87419-3 0  9994
2 45073  53.0554  19.9312 0001838  86.0061 274.1138 15.06381957200316
1 45073U 20006AF  23257.52526868  .00019382  00000-0  13173-2 0  9998
2 45073  53.0557  19.0384 0001477  82.7872 277.3285 15.06377671200003
1 45073U 20006AF  23257.65796412  .00022535  00000-0  15278-2 0  9998
2 45073  53.0554  18.4429 0001336  80.5216 279.5924 15.06378521200026
1 45073U 20006AF  23258.05605173  .00013089  00000-0  89649-3 0  9994
2 45073  53.0549  16.6565 0001342  82.0331 278.0810 15.06379428200422
1 45073U 20006AF  23258.52048588  .00007832  00000-0  54433-3 0  9999
2 45073  53.0554  14.5715 0001445  82.2078 277.9075 15.06382118200157
1 45073U 20006AF  23259.31664146  .00019504  00000-0  13238-2 0  9997
2 45073  53.0560  10.9961 0001550  83.9333 276.1833 15.06423102200619
1 45073U 20006AF  23259.58202126  .00019409  00000-0  13170-2 0  9991
2 45073  53.0559   9.8053 0001517  80.8828 279.2333 15.06436739200310
1 45073U 20006AF  23260.44453078  .00035558  00000-0  23926-2 0  9995
2 45073  53.0557   5.9335 0001295  99.3554 260.7582 15.06421809200786
1 45073U 20006AF  23260.51087773  .00035984  00000-0  24220-2 0  9999
2 45073  53.0558   5.6360 0001154  85.8889 274.2232 15.06405294200453
1 45073U 20006AF  23260.57722457  .00025899  00000-0  17509-2 0  9996
2 45073  53.0551   5.3371 0001126  98.0416 262.0700 15.06406730200806
1 45073U 20006AF  23261.43972214  .00021449  00000-0  14531-2 0  9999
2 45073  53.0561   1.4673 0001165  84.2893 275.8229 15.06434739200930
1 45073U 20006AF  23261.50606632  .00028736  00000-0  19378-2 0  9995
2 45073  53.0560   1.1687 0001266  92.8092 267.3042 15.06446309200608
1 45073U 20006AF  23261.50606632  .00028736  00000-0  19378-2 0  9995
2 45073  53.0560   1.1687 0001266  92.8092 267.3042 15.06446309200945
1 45073U 20006AF  23262.43492069  .00015223  00000-0  10383-2 0  9999
2 45073  53.0552 356.9921 0001309  78.9862 281.1274 15.06413236201086
1 45073U 20006AF  23262.63396283  .00019496  00000-0  13240-2 0  9993
2 45073  53.0556 356.1052 0001576  45.8317 314.2801 15.06403232201114
1 45073U 20006AF  23263.49649308  .00013859  00000-0  94824-3 0  9992
2 45073  53.0552 352.2339 0001394  77.4198 282.6947 15.06369594201246
1 45073U 20006AF  23263.56284093  .00013189  00000-0  90331-3 0  9991
2 45073  53.0549 351.9356 0001424  80.2966 279.8184 15.06373796200919
1 45073U 20006AF  23264.42536560  .00007376  00000-0  51385-3 0  9993
2 45073  53.0548 348.0644 0001433  76.2097 283.9051 15.06377045201387
1 45073U 20006AF  23264.55806065  .00009377  00000-0  64790-3 0  9994
2 45073  53.0550 347.4687 0001528  72.7341 287.3815 15.06382078201061
1 45073U 20006AF  23264.62440802  .00009985  00000-0  68858-3 0  9999
2 45073  53.0550 347.1704 0001533  71.8331 288.2824 15.06384083201072
1 45073U 20006AF  23264.95614005  .00015607  00000-0  10643-2 0  9999
2 45073  53.0546 345.6813 0001375  81.8403 278.2742 15.06401583201462
1 45073U 20006AF  23265.42055974  .00020258  00000-0  13739-2 0  9993
2 45073  53.0547 343.5967 0001450  75.0935 285.0215 15.06429157201535
1 45073U 20006AF  23265.55324904  .00023947  00000-0  16193-2 0  9994
2 45073  53.0546 343.0007 0001428  77.4209 282.6939 15.06440744201215
1 45073U 20006AF  23265.68593772  .00024964  00000-0  16866-2 0  9996
2 45073  53.0544 342.4047 0001400  77.8502 282.2644 15.06449810201234
1 45073U 20006AF  23265.95132685  .00002695  00000-0  19963-3 0  9997
2 45073  53.0546 341.2131 0001166  78.3145 281.7975 15.06418697201617
1 45073U 20006AF  23266.48210622  .00020586  00000-0  13969-2 0  9992
2 45073  53.0547 338.8305 0001372  96.4005 263.7140 15.06399177201354
1 45073U 20006AF  23266.48210622  .00020586  00000-0  13969-2 0  9992
2 45073  53.0547 338.8305 0001372  96.4005 263.7140 15.06399177201691
1 45073U 20006AF  23267.41094468  .00024000  00000-0  16225-2 0  9997
2 45073  53.0551 334.6612 0001486 104.6352 255.4802 15.06448168201838
1 45073U 20006AF  23267.47728943  .00028196  00000-0  19014-2 0  9994
2 45073  53.0550 334.3629 0001413  95.6628 264.4522 15.06454999201509
1 45073U 20006AF  23268.40614956  .00042795  00000-0  28741-2 0  9994
2 45073  53.0554 330.1926 0001400 113.3415 246.7721 15.06405054201989
1 45073U 20006AF  23268.47249937  .00013587  00000-0  92956-3 0  9991
2 45073  53.0552 329.8950 0001423 109.0409 251.0734 15.06389052201655
1 45073U 20006AF  23268.47249937  .00013587  00000-0  92956-3 0  9991
2 45073  53.0552 329.8950 0001423 109.0409 251.0734 15.06389052201992
1 45073U 20006AF  23269.40135814  .00003881  00000-0  27949-3 0  9999
2 45073  53.0553 325.7242 0001503 106.9000 253.2154 15.06377191202132
1 45073U 20006AF  23269.53405250  .00001760  00000-0  13710-3 0  9992
2 45073  53.0552 325.1289 0001380 100.2997 259.8148 15.06381007201811
1 45073U 20006AF  23270.39657838  .00006495  00000-0  45478-3 0  9995
2 45073  53.0546 321.2587 0001597  99.7674 260.3495 15.06377055202288
1 45073U 20006AF  23270.46292568  .00005538  00000-0  39064-3 0  9999
2 45073  53.0547 320.9604 0001529  94.1072 266.0092 15.06378705201953
1 45073U 20006AF  23271.52446760  .00013803  00000-0  94320-3 0  9992
2 45073  53.0549 316.1903 0001667  93.1016 267.0164 15.06421565202117
1 45073U 20006AF  23271.52446760  .00013803  00000-0  94320-3 0  9992
2 45073  53.0549 316.1903 0001667  93.1016 267.0164 15.06421565202454
1 45073U 20006AF  23272.12159272  .00001039  00000-0  88628-4 0  9991
2 45073  53.0536 313.5159 0001390  82.5876 277.5271 15.06399835202542
1 45073U 20006AF  23272.38697997  .00006640  00000-0  46417-3 0  9992
2 45073  53.0544 312.3210 0001485  94.2493 265.8666 15.06405092202244
1 45073U 20006AF  23273.24948756  .00009251  00000-0  63897-3 0  9992
2 45073  53.0542 308.4489 0001499 105.5692 254.5463 15.06408991202373
1 45073U 20006AF  23273.38218051  .00008956  00000-0  61918-3 0  9998
2 45073  53.0536 307.8541 0001473  94.3701 265.7456 15.06411298202736
1 45073U 20006AF  23274.11199659  .00000217  00000-0  33457-4 0  9992
2 45073  53.0535 304.5775 0001491  94.3863 265.7296 15.06398458202843
1 45073U 20006AF  23274.37737966 -.00003119  00000-0 -19056-3 0  9993
2 45073  53.0539 303.3881 0001522  93.5915 266.5248 15.06406959202545
1 45073U 20006AF  23274.77546351  .00001086  00000-0  91764-4 0  9999
2 45073  53.0539 301.6012 0001556  96.0094 264.1072 15.06401502202600
1 45073U 20006AF  23275.10719282  .00001310  00000-0  10681-3 0  9990
2 45073  53.0535 300.1107 0001495  94.2233 265.8927 15.06407864202998
1 45073U 20006AF  23275.77066111 -.00000127  00000-0  10387-4 0  9999
2 45073  53.0542 297.1324 0001455  94.0766 266.0389 15.06405950202750
1 45073U 20006AF  23276.03605217  .00001519  00000-0  12083-3 0  9994
2 45073  53.0542 295.9410 0001489  92.4017 267.7143 15.06397288203133
1 45073U 20006AF  23276.36779019  .00000811  00000-0  73360-4 0  9992
2 45073  53.0543 294.4515 0001481  91.1676 268.9482 15.06393912202849
1 45073U 20006AF  23277.09759567  .00000612  00000-0  59961-4 0  9999
2 45073  53.0546 291.1751 0001490  93.4082 266.7078 15.06406663203299
1 45073U 20006AF  23277.36297902  .00000820  00000-0  73917-4 0  9997
2 45073  53.0546 289.9836 0001477  93.4643 266.6514 15.06410086202990
1 45073U 20006AF  23277.76106829 -.00000223  00000-0  39579-5 0  9993
2 45073  53.0542 288.1956 0001429  90.8748 269.2405 15.06397616203053
1 45073U 20006AF  23277.76106829 -.00000223  00000-0  39579-5 0  9993
2 45073  53.0542 288.1956 0001429  90.8748 269.2405 15.06397616203390
1 45073U 20006AF  23278.42453901  .00000300  00000-0  39021-4 0  9999
2 45073  53.0544 285.2166 0001452  90.1356 269.9800 15.06394979203156
1 45073U 20006AF  23278.75627040  .00000382  00000-0  44534-4 0  9997
2 45073  53.0546 283.7276 0001459  89.9573 270.1583 15.06399001203206
1 45073U 20006AF  23279.02165331  .00000090  00000-0  24908-4 0  9997
2 45073  53.0542 282.5357 0001426  89.2040 270.9112 15.06405907203585
1 45073U 20006AF  23279.41973009  .00000462  00000-0  49915-4 0  9997
2 45073  53.0541 280.7485 0001438  89.3444 270.7710 15.06408643203300
1 45073U 20006AF  23280.01686450  .00000412  00000-0  46577-4 0  9992
2 45073  53.0531 278.0673 0001442  89.0266 271.0888 15.06389282203736
1 45073U 20006AF  23280.28225338  .00000163  00000-0  29854-4 0  9997
2 45073  53.0533 276.8761 0001413  87.1112 273.0039 15.06389892203433
1 45073U 20006AF  23280.68033183  .00000584  00000-0  58133-4 0  9995
2 45073  53.0538 275.0892 0001414  87.3808 272.7343 15.06395087203492
1 45073U 20006AF  23281.14475552  .00000042  00000-0  21732-4 0  9991
2 45073  53.0532 273.0029 0001452  90.8334 269.2821 15.06402957203904
1 45073U 20006AF  23281.27744569  .00000636  00000-0  61586-4 0  9992
2 45073  53.0538 272.4090 0001434  89.0895 271.0258 15.06406373203588
1 45073U 20006AF  23281.67553432 -.00000815  00000-0 -35803-4 0  9997
2 45073  53.0538 270.6234 0001483  84.1591 275.9567 15.06398161203649
1 45073U 20006AF  23281.67553432 -.00000815  00000-0 -35803-4 0  9997
2 45073  53.0538 270.6234 0001483  84.1591 275.9567 15.06398161203986
1 45073U 20006AF  23282.13997112 -.00000008  00000-0  18395-4 0  9996
2 45073  53.0544 268.5381 0001448  91.9451 268.1704 15.06385932204052
1 45073U 20006AF  23282.27266491  .00000077  00000-0  24055-4 0  9995
2 45073  53.0545 267.9424 0001447  91.7483 268.3672 15.06386874203732
1 45073U 20006AF  23282.67074288  .00000579  00000-0  57758-4 0  9993
2 45073  53.0545 266.1555 0001451  92.3628 267.7528 15.06393035203797
1 45073U 20006AF  23282.67074288  .00000579  00000-0  57758-4 0  9993
2 45073  53.0545 266.1555 0001451  92.3628 267.7528 15.06393035204136
1 45073U 20006AF  23283.33420581 -.00000068  00000-0  14353-4 0  9996
2 45073  53.0549 263.1765 0001524  96.7676 263.3486 15.06402680203896
1 45073U 20006AF  23283.33420581 -.00000068  00000-0  14353-4 0  9996
2 45073  53.0549 263.1765 0001524  96.7676 263.3486 15.06402680204235
1 45073U 20006AF  23283.66595240 -.00000619  00000-0 -22696-4 0  9999
2 45073  53.0548 261.6861 0001472  90.8072 269.3085 15.06386898203941
1 45073U 20006AF  23283.66595240 -.00000619  00000-0 -22696-4 0  9999
2 45073  53.0548 261.6861 0001472  90.8072 269.3085 15.06386898204289
1 45073U 20006AF  23284.32942610 -.00000051  00000-0  15459-4 0  9998
2 45073  53.0543 258.7069 0001366  91.6544 268.4602 15.06384635204042
1 45073U 20006AF  23285.19192240  .00000740  00000-0  68548-4 0  9991
2 45073  53.0547 254.8348 0001444  93.6702 266.4452 15.06404532204510
1 45073U 20006AF  23285.32461440 -.00000243  00000-0  25967-5 0  9995
2 45073  53.0547 254.2391 0001541  92.8219 267.2947 15.06410269204190
1 45073U 20006AF  23286.18713825  .00004209  00000-0  30146-3 0  9995
2 45073  53.0544 250.3656 0001664 101.9743 258.1432 15.06375997204666
1 45073U 20006AF  23286.31983252  .00001403  00000-0  11309-3 0  9996
2 45073  53.0546 249.7702 0001629 100.6413 259.4760 15.06386350204341
1 45073U 20006AF  23287.18231491  .00002610  00000-0  19395-3 0  9997
2 45073  53.0538 245.8975 0001689 110.6405 249.4765 15.06416932204815
1 45073U 20006AF  23287.58040763  .00000722  00000-0  67370-4 0  9990
2 45073  53.0539 244.1112 0001742  75.6299 284.4883 15.06403983204533
1 45073U 20006AF  23287.58040763  .00000722  00000-0  67370-4 0  9990
2 45073  53.0539 244.1112 0001742  75.6299 284.4883 15.06403983204870
1 45073U 20006AF  23288.11121086 -.00002663  00000-0 -16004-3 0  9993
2 45073  53.0542 241.7313 0001346  85.6868 274.4275 15.06374754204959
1 45073U 20006AF  23288.57563666 -.00001718  00000-0 -96544-4 0  9995
2 45073  53.0557 239.6486 0001367  95.3008 264.8137 15.06381992204681
1 45073U 20006AF  23288.84102087 -.00002069  00000-0 -12009-3 0  9994
2 45073  53.0558 238.4529 0001289  90.8878 269.2258 15.06389314204729
1 45073U 20006AF  23288.84102087 -.00002069  00000-0 -12009-3 0  9994
2 45073  53.0558 238.4529 0001289  90.8878 269.2258 15.06389314205067
1 45073U 20006AF  23289.23909361 -.00001394  00000-0 -74725-4 0  9992
2 45073  53.0550 236.6676 0001452  81.6315 278.4839 15.06403823204785
1 45073U 20006AF  23289.23909361 -.00001394  00000-0 -74725-4 0  9992
2 45073  53.0550 236.6676 0001452  81.6315 278.4839 15.06403823205124
1 45073U 20006AF  23289.83622676  .00003450  00000-0  25055-3 0  9993
2 45073  53.0552 233.9874 0001421  86.2837 273.8314 15.06378866204878
1 45073U 20006AF  23289.83622676  .00003450  00000-0  25055-3 0  9993
2 45073  53.0552 233.9874 0001421  86.2837 273.8314 15.06378866205217
1 45073U 20006AF  23291.09679147  .00004812  00000-0  34154-3 0  9992
2 45073  53.0542 228.3274 0001359  99.3744 260.7399 15.06422142205068
1 45073U 20006AF  23291.09679147  .00004812  00000-0  34154-3 0  9992
2 45073  53.0542 228.3274 0001359  99.3744 260.7399 15.06422142205406
1 45073U 20006AF  23291.56123088  .00002179  00000-0  16510-3 0  9992
2 45073  53.0537 226.2417 0001335  96.3024 263.8118 15.06406405205135
1 45073U 20006AF  23291.56123088  .00002179  00000-0  16510-3 0  9992
2 45073  53.0537 226.2417 0001335  96.3024 263.8118 15.06406405205472
1 45073U 20006AF  23292.09201326 -.00002090  00000-0 -12147-3 0  9999
2 45073  53.0537 223.8597 0001361  84.9452 275.1693 15.06392524205550
1 45073U 20006AF  23292.22470522 -.00002025  00000-0 -11713-3 0  9996
2 45073  53.0558 223.2635 0001251  90.5199 269.5933 15.06395664205236
1 45073U 20006AF  23293.08720131  .00011627  00000-0  79764-3 0  9991
2 45073  53.0547 219.3940 0001434  79.8083 280.3067 15.06424984205365
1 45073U 20006AF  23293.08720131  .00011627  00000-0  79764-3 0  9991
2 45073  53.0547 219.3940 0001434  79.8083 280.3067 15.06424984205703
1 45073U 20006AF  23293.81702943  .00001090  00000-0  92059-4 0  9999
2 45073  53.0527 216.1164 0000957  35.9431 324.1622 15.06394964205475
1 45073U 20006AF  23293.81702943  .00001090  00000-0  92059-4 0  9999
2 45073  53.0527 216.1164 0000957  35.9431 324.1622 15.06394964205813
1 45073U 20006AF  23294.48050052  .00004708  00000-0  33477-3 0  9997
2 45073  53.0535 213.1401 0001350 102.9441 257.1699 15.06393344205570
1 45073U 20006AF  23294.94492815  .00018127  00000-0  12323-2 0  9991
2 45073  53.0529 211.0544 0001336 103.7825 256.3313 15.06411401205644
1 45073U 20006AF  23295.14396462  .00015692  00000-0  10693-2 0  9997
2 45073  53.0527 210.1616 0001348 103.6573 256.4566 15.06423725205670
1 45073U 20006AF  23295.14396462  .00015692  00000-0  10693-2 0  9997
2 45073  53.0527 210.1616 0001348 103.6573 256.4566 15.06423725206019
1 45073U 20006AF  23295.94013247  .00018638  00000-0  12667-2 0  9998
2 45073  53.0525 206.5874 0001541 103.3802 256.7359 15.06403319205793
1 45073U 20006AF  23296.07282711  .00018757  00000-0  12747-2 0  9998
2 45073  53.0528 205.9918 0001252  85.0047 275.1085 15.06401006206157
1 45073U 20006AF  23296.93532551  .00020276  00000-0  13750-2 0  9997
2 45073  53.0526 202.1199 0001221  86.7674 273.3455 15.06431518205943
1 45073U 20006AF  23297.13435991  .00022269  00000-0  15074-2 0  9995
2 45073  53.0528 201.2255 0001331  87.6393 272.4748 15.06444132206311
1 45073U 20006AF  23297.46609627  .00000497  00000-0  52242-4 0  9999
2 45073  53.0532 199.7368 0001393  91.7877 268.3272 15.06413772206023
1 45073U 20006AF  23297.46609627  .00000497  00000-0  52242-4 0  9999
2 45073  53.0532 199.7368 0001393  91.7877 268.3272 15.06413772206360
1 45073U 20006AF  23298.85938525  .00024109  00000-0  16310-2 0  9995
2 45073  53.0539 193.4805 0001479 112.4407 247.6739 15.06420193206575
1 45073U 20006AF  23299.12476722  .00025865  00000-0  17473-2 0  9993
2 45073  53.0535 192.2902 0001373 108.7550 251.3588 15.06434477206277
1 45073U 20006AF  23299.85459043  .00025568  00000-0  17289-2 0  9995
2 45073  53.0536 189.0136 0001136 102.7849 257.3266 15.06404940206386
1 45073U 20006AF  23299.98728504  .00021147  00000-0  14343-2 0  9997
2 45073  53.0541 188.4181 0001298  96.5301 263.5836 15.06399963206747
1 45073U 20006AF  23300.38536331  .00023804  00000-0  16108-2 0  9992
2 45073  53.0539 186.6311 0001249  97.3609 262.7522 15.06417511206467
1 45073U 20006AF  23300.91612552  .00022644  00000-0  15324-2 0  9991
2 45073  53.0533 184.2474 0001297  95.7333 264.3804 15.06442612206544
1 45073U 20006AF  23301.38055062  .00002450  00000-0  18321-3 0  9994
2 45073  53.0534 182.1623 0001907  80.7333 279.3871 15.06420010206616
1 45073U 20006AF  23301.38055062  .00002450  00000-0  18321-3 0  9994
2 45073  53.0534 182.1623 0001907  80.7333 279.3871 15.06420010206953
1 45073U 20006AF  23301.84498945 -.00007843  00000-0 -50849-3 0  9990
2 45073  53.0526 180.0770 0001681  80.9212 279.1967 15.06380384207023
1 45073U 20006AF  23301.91134070  .00017239  00000-0  11744-2 0  9992
2 45073  53.0526 179.7808 0001365  82.0604 278.0540 15.06367842206698
1 45073U 20006AF  23302.37577757  .00031100  00000-0  20984-2 0  9995
2 45073  53.0521 177.6957 0001363  77.0804 283.0337 15.06385155206764
1 45073U 20006AF  23302.90655178  .00028879  00000-0  19490-2 0  9997
2 45073  53.0517 175.3130 0001347  77.2044 282.9096 15.06413321207181
1 45073U 20006AF  23303.37098127  .00013920  00000-0  95141-3 0  9993
2 45073  53.0524 173.2279 0001140  85.9281 274.1839 15.06403992207259
1 45073U 20006AF  23303.90176641  .00021062  00000-0  14293-2 0  9994
2 45073  53.0518 170.8451 0001185  96.0954 264.0170 15.06382431206996
1 45073U 20006AF  23303.90176641  .00021062  00000-0  14293-2 0  9994
2 45073  53.0518 170.8451 0001185  96.0954 264.0170 15.06382431207335
1 45073U 20006AF  23304.36619807  .00021265  00000-0  14424-2 0  9992
2 45073  53.0517 168.7602 0001319  92.5962 267.5178 15.06394187207064
1 45073U 20006AF  23304.89697338  .00014772  00000-0  10084-2 0  9998
2 45073  53.0524 166.3773 0001375  92.8356 267.2790 15.06404144207148
1 45073U 20006AF  23304.89697338  .00014772  00000-0  10084-2 0  9998
2 45073  53.0524 166.3773 0001375  92.8356 267.2790 15.06404144207485
1 45073U 20006AF  23305.02966666  .00012919  00000-0  88447-3 0  9997
2 45073  53.0528 165.7815 0001366  93.3262 266.7883 15.06405325207165
1 45073U 20006AF  23305.89217086  .00007849  00000-0  54502-3 0  9998
2 45073  53.0528 161.9094 0001365  92.2872 267.8273 15.06412428207297
1 45073U 20006AF  23305.89217086  .00007849  00000-0  54502-3 0  9998
2 45073  53.0528 161.9094 0001365  92.2872 267.8273 15.06412428207635
1 45073U 20006AF  23306.29024779  .00006260  00000-0  43857-3 0  9995
2 45073  53.0524 160.1225 0001310  92.1846 267.9293 15.06415383207353
1 45073U 20006AF  23306.82101483  .00005323  00000-0  37574-3 0  9990
2 45073  53.0529 157.7397 0001342  92.7529 267.3614 15.06420384207436
1 45073U 20006AF  23307.15274443  .00003615  00000-0  26133-3 0  9995
2 45073  53.0520 156.2502 0001358  92.7835 267.3310 15.06419984207826
1 45073U 20006AF  23307.28544362 -.00003851  00000-0 -23978-3 0  9997
2 45073  53.0525 155.6548 0001309  88.5352 271.5787 15.06399928207849
1 45073U 20006AF  23307.61717754 -.00003148  00000-0 -19251-3 0  9999
2 45073  53.0524 154.1655 0001372  88.9050 271.2096 15.06399460207559
1 45073U 20006AF  23307.88256496 -.00002558  00000-0 -15290-3 0  9992
2 45073  53.0526 152.9742 0001322  87.9573 272.1567 15.06398477207592
1 45073U 20006AF  23308.28064617 -.00000105  00000-0  11843-4 0  9995
2 45073  53.0525 151.1870 0001317  87.2578 272.8562 15.06399786207659
1 45073U 20006AF  23308.87776853  .00004443  00000-0  31695-3 0  9996
2 45073  53.0526 148.5064 0001313  85.2797 274.8342 15.06403846208081
1 45073U 20006AF  23308.94411538  .00004874  00000-0  34586-3 0  9990
2 45073  53.0525 148.2085 0001311  85.6454 274.4685 15.06404268207750
1 45073U 20006AF  23309.54123864  .00004061  00000-0  29134-3 0  9990
2 45073  53.0526 145.5281 0001331  86.9401 273.1741 15.06400958207848
1 45073U 20006AF  23309.80662504  .00004122  00000-0  29544-3 0  9991
2 45073  53.0525 144.3366 0001300  88.0109 272.1029 15.06403036207884
1 45073U 20006AF  23309.80662504  .00004122  00000-0  29544-3 0  9991
2 45073  53.0525 144.3366 0001300  88.0109 272.1029 15.06403036208223
1 45073U 20006AF  23310.27104571  .00009154  00000-0  63231-3 0  9990
2 45073  53.0524 142.2514 0001313  88.0827 272.0312 15.06420329208290
1 45073U 20006AF  23310.53642985  .00010080  00000-0  69420-3 0  9991
2 45073  53.0518 141.0603 0001347  87.2848 272.8295 15.06424111207997
1 45073U 20006AF  23310.80181123  .00010922  00000-0  75034-3 0  9996
2 45073  53.0517 139.8689 0001347  86.7185 273.3958 15.06431138208038
1 45073U 20006AF  23311.73067260 -.00001975  00000-0 -11373-3 0  9990
2 45073  53.0519 135.6982 0001134 104.0033 256.1082 15.06397086208513
1 45073U 20006AF  23312.59319714  .00001677  00000-0  13152-3 0  9993
2 45073  53.0531 131.8292 0001158  85.1739 274.9382 15.06379328208304
1 45073U 20006AF  23312.79223494 -.00002068  00000-0 -12002-3 0  9994
2 45073  53.0522 130.9334 0001300 100.0574 260.0562 15.06388771208335
1 45073U 20006AF  23312.79223494 -.00002068  00000-0 -12002-3 0  9994
2 45073  53.0522 130.9334 0001300 100.0574 260.0562 15.06388771208672
1 45073U 20006AF  23313.45571397  .00004007  00000-0  28785-3 0  9994
2 45073  53.0526 127.9548 0001325 104.6906 255.4230 15.06383006208435
1 45073U 20006AF  23313.78744937  .00004294  00000-0  30710-3 0  9991
2 45073  53.0525 126.4656 0001321 104.3929 255.7207 15.06388652208480
1 45073U 20006AF  23314.18553053  .00004618  00000-0  32873-3 0  9995
2 45073  53.0524 124.6784 0001324 104.4095 255.7041 15.06394605208547
1 45073U 20006AF  23314.18553053  .00004618  00000-0  32873-3 0  9995
2 45073  53.0524 124.6784 0001324 104.4095 255.7041 15.06394605208884
1 45073U 20006AF  23314.78265065  .00004811  00000-0  34161-3 0  9991
2 45073  53.0523 121.9975 0001308 104.2682 255.8452 15.06402156208638
1 45073U 20006AF  23315.44611844  .00003239  00000-0  23625-3 0  9991
2 45073  53.0527 119.0191 0001317 107.4221 252.6912 15.06402729208737
1 45073U 20006AF  23315.44611844  .00003239  00000-0  23625-3 0  9991
2 45073  53.0527 119.0191 0001317 107.4221 252.6912 15.06402729209075
1 45073U 20006AF  23315.71150586  .00002403  00000-0  18018-3 0  9994
2 45073  53.0525 117.8269 0001259 104.4258 255.6870 15.06401959208773
1 45073U 20006AF  23316.44131799  .00002451  00000-0  18332-3 0  9992
2 45073  53.0529 114.5501 0001255 104.6632 255.4496 15.06406313208887
1 45073U 20006AF  23316.70670215  .00003180  00000-0  23222-3 0  9996
2 45073  53.0528 113.3589 0001245 104.3661 255.7466 15.06410510208926
1 45073U 20006AF  23316.70670215  .00003180  00000-0  23222-3 0  9996
2 45073  53.0528 113.3589 0001245 104.3661 255.7466 15.06410510209264
1 45073U 20006AF  23317.17113007  .00002086  00000-0  15888-3 0  9992
2 45073  53.0525 111.2740 0001182 102.5618 257.5503 15.06406448209334
1 45073U 20006AF  23317.56921205  .00001068  00000-0  90600-4 0  9997
2 45073  53.0529 109.4869 0001215 103.4730 256.6394 15.06402022209052
1 45073U 20006AF  23317.70190592  .00000773  00000-0  70758-4 0  9994
2 45073  53.0528 108.8916 0001188 100.7059 259.4063 15.06401088209415
1 45073U 20006AF  23317.83459796  .00001255  00000-0  10310-3 0  9995
2 45073  53.0524 108.2957 0001228 100.0989 260.0138 15.06403484209097
1 45073U 20006AF  23318.56440999  .00003008  00000-0  22071-3 0  9996
2 45073  53.0529 105.0193 0001665  99.5202 260.5976 15.06405263209209
1 45073U 20006AF  23318.82979087  .00001911  00000-0  14708-3 0  9999
2 45073  53.0524 103.8281 0001157  94.7294 265.3827 15.06411705209242
1 45073U 20006AF  23318.82979087  .00001911  00000-0  14708-3 0  9999
2 45073  53.0524 103.8281 0001157  94.7294 265.3827 15.06411705209589
1 45073U 20006AF  23319.42691976  .00000171  00000-0  30368-4 0  9992
2 45073  53.0526 101.1465 0001543  94.2849 265.8316 15.06397382209678
1 45073U 20006AF  23319.55961542 -.00000688  00000-0 -27330-4 0  9995
2 45073  53.0530 100.5494 0001351  92.6765 267.4379 15.06393735209354
1 45073U 20006AF  23319.69231000 -.00001012  00000-0 -49071-4 0  9997
2 45073  53.0525  99.9559 0001173  90.7329 269.3794 15.06392133209373
1 45073U 20006AF  23319.69231000 -.00001012  00000-0 -49071-4 0  9997
2 45073  53.0525  99.9559 0001173  90.7329 269.3794 15.06392133209711
1 45073U 20006AF  23320.75386040 -.00000797  00000-0 -34632-4 0  9997
2 45073  53.0533  95.1893 0001191  82.6547 277.4577 15.06395206209534
1 45073U 20006AF  23320.75386040 -.00000797  00000-0 -34632-4 0  9997
2 45073  53.0533  95.1893 0001191  82.6547 277.4577 15.06395206209871
1 45073U 20006AF  23321.55002883  .00001977  00000-0  15162-3 0  9991
2 45073  53.0550  91.6166 0001150  85.4633 274.6488 15.06391682209656
1 45073U 20006AF  23322.34620789 -.00000200  00000-0  54839-5 0  9995
2 45073  53.0558  88.0423 0001258  90.3825 269.7308 15.06382423210119
1 45073U 20006AF  23322.54524941 -.00004039  00000-0 -25243-3 0  9990
2 45073  53.0541  87.1519 0000951  33.3082 326.7967 15.06399022209800
1 45073U 20006AF  23322.54524941 -.00004039  00000-0 -25243-3 0  9990
2 45073  53.0541  87.1519 0000951  33.3082 326.7967 15.06399022210149
1 45073U 20006AF  23323.60677745 -.00005915  00000-0 -37828-3 0  9995
2 45073  53.0545  82.3832 0001252  70.4395 289.6729 15.06426553209963
1 45073U 20006AF  23323.60677745 -.00005915  00000-0 -37828-3 0  9995
2 45073  53.0545  82.3832 0001252  70.4395 289.6729 15.06426553210303
1 45073U 20006AF  23324.33660280  .00003666  00000-0  26480-3 0  9993
2 45073  53.0551  79.1050 0001374  90.7588 269.3559 15.06407646210410
1 45073U 20006AF  23324.60198944  .00005876  00000-0  41290-3 0  9997
2 45073  53.0542  77.9151 0001368  86.8856 273.2289 15.06414888210112
1 45073U 20006AF  23324.73468117  .00006382  00000-0  44672-3 0  9993
2 45073  53.0544  77.3199 0001363  85.2113 274.9031 15.06417920210139
1 45073U 20006AF  23325.46449671  .00000159  00000-0  29547-4 0  9999
2 45073  53.0543  74.0443 0001389  90.1980 269.9168 15.06407879210585
1 45073U 20006AF  23325.53084254  .00001195  00000-0  99046-4 0  9991
2 45073  53.0544  73.7467 0001411  90.1754 269.9397 15.06410705210253
1 45073U 20006AF  23325.72988044  .00002376  00000-0  17828-3 0  9991
2 45073  53.0544  72.8532 0001369  87.9632 272.1514 15.06413495210286
1 45073U 20006AF  23326.45968182  .00009584  00000-0  66086-3 0  9991
2 45073  53.0545  69.5762 0001363  89.7949 270.3196 15.06433388210739
1 45073U 20006AF  23326.59237287  .00018348  00000-0  12460-2 0  9995
2 45073  53.0543  68.9807 0001328  88.4636 271.6505 15.06443753210410
1 45073U 20006AF  23326.59237287  .00018348  00000-0  12460-2 0  9995
2 45073  53.0543  68.9807 0001328  88.4636 271.6505 15.06443753210757
1 45073U 20006AF  23327.45488760  .00005048  00000-0  35752-3 0  9998
2 45073  53.0547  65.1094 0001311  93.9170 266.1969 15.06405021210887
1 45073U 20006AF  23327.58758072  .00001290  00000-0  10547-3 0  9998
2 45073  53.0544  64.5133 0001475 127.3106 232.8018 15.06396777210560
1 45073U 20006AF  23327.58758072  .00001290  00000-0  10547-3 0  9998
2 45073  53.0544  64.5133 0001475 127.3106 232.8018 15.06396777210908
1 45073U 20006AF  23328.45010439  .00001809  00000-0  14040-3 0  9991
2 45073  53.0552  60.6430 0001392  99.5109 260.6037 15.06382592211030
1 45073U 20006AF  23328.58279760  .00001962  00000-0  15063-3 0  9995
2 45073  53.0550  60.0475 0001426  96.8488 263.2663 15.06388896210710
1 45073U 20006AF  23328.64914170  .00001558  00000-0  12349-3 0  9998
2 45073  53.0544  59.7480 0001448 106.4758 253.6391 15.06395184210726
1 45073U 20006AF  23328.64914170  .00001558  00000-0  12349-3 0  9998
2 45073  53.0544  59.7480 0001448 106.4758 253.6391 15.06395184211064
1 45073U 20006AF  23329.51166154  .00003902  00000-0  28075-3 0  9994
2 45073  53.0536  55.8780 0001443  87.6359 272.4795 15.06390741210854
1 45073U 20006AF  23330.50685455 -.00000842  00000-0 -37653-4 0  9990
2 45073  53.0557  51.4067 0001298 119.1355 240.9764 15.06394943211004
1 45073U 20006AF  23330.50685455 -.00000842  00000-0 -37653-4 0  9990
2 45073  53.0557  51.4067 0001298 119.1355 240.9764 15.06394943211341
1 45073U 20006AF  23331.50207800 -.00005941  00000-0 -38056-3 0  9997
2 45073  53.0566  46.9410 0001478 115.5672 244.5470 15.06369741211155
1 45073U 20006AF  23331.50207800 -.00005941  00000-0 -38056-3 0  9997
2 45073  53.0566  46.9410 0001478 115.5672 244.5470 15.06369741211492
1 45073U 20006AF  23332.43093673  .00005512  00000-0  38872-3 0  9999
2 45073  53.0558  42.7683 0001046  91.8486 268.2622 15.06394673211291
1 45073U 20006AF  23332.43093673  .00005512  00000-0  38872-3 0  9999
2 45073  53.0558  42.7683 0001046  91.8486 268.2622 15.06394673211639
1 45073U 20006AF  23333.49249689  .00004081  00000-0  29277-3 0  9995
2 45073  53.0565  38.0062 0001147  78.8518 281.2600 15.06390648211458
1 45073U 20006AF  23333.49249689  .00004081  00000-0  29277-3 0  9995
2 45073  53.0565  38.0062 0001147  78.8518 281.2600 15.06390648211795
1 45073U 20006AF  23334.48767306  .00003113  00000-0  22758-3 0  9998
2 45073  53.0560  33.5393 0001442  70.0742 290.0402 15.06432449211949
1 45073U 20006AF  23335.15115202 -.00001255  00000-0 -65389-4 0  9990
2 45073  53.0553  30.5575 0001108  98.3780 261.7334 15.06400881212040
1 45073U 20006AF  23335.41653697 -.00000316  00000-0 -23448-5 0  9992
2 45073  53.0548  29.3646 0001224 106.8918 253.2205 15.06403868211743
1 45073U 20006AF  23336.41172743  .00023452  00000-0  15861-2 0  9992
2 45073  53.0553  24.9009 0001615  70.1000 290.0163 15.06446076211898
1 45073U 20006AF  23336.41172743  .00023452  00000-0  15861-2 0  9992
2 45073  53.0553  24.9009 0001615  70.1000 290.0163 15.06446076212237
1 45073U 20006AF  23337.14155221 -.00005205  00000-0 -33089-3 0  9996
2 45073  53.0557  21.6209 0001894 118.5040 241.6140 15.06388150212344
1 45073U 20006AF  23337.40694767 -.00009886  00000-0 -64634-3 0  9997
2 45073  53.0556  20.4324 0001550 101.9344 258.1818 15.06363536212380
1 45073U 20006AF  23337.53964754 -.00002777  00000-0 -16776-3 0  9993
2 45073  53.0564  19.8365 0001438  90.9539 269.1614 15.06361162212068
1 45073U 20006AF  23338.13677437  .00026571  00000-0  17968-2 0  9998
2 45073  53.0552  17.1515 0001594 116.1736 243.9417 15.06383087212494
1 45073U 20006AF  23338.40216284  .00031495  00000-0  21238-2 0  9993
2 45073  53.0548  15.9615 0001632 101.0490 259.0683 15.06400172212194
1 45073U 20006AF  23339.13197574  .00003127  00000-0  22876-3 0  9995
2 45073  53.0549  12.6886 0001446  90.9899 269.1256 15.06399311212641
1 45073U 20006AF  23339.33101742  .00005195  00000-0  36744-3 0  9995
2 45073  53.0540  11.7918 0001419  95.1499 264.9652 15.06395064212331
1 45073U 20006AF  23340.45889851  .00003783  00000-0  27258-3 0  9995
2 45073  53.0553   6.7344 0001524  99.2915 260.8247 15.06416436212508
1 45073U 20006AF  23340.45889851  .00003783  00000-0  27258-3 0  9995
2 45073  53.0553   6.7344 0001524  99.2915 260.8247 15.06416436212845
1 45073U 20006AF  23341.45410660  .00000570  00000-0  57160-4 0  9991
2 45073  53.0555   2.2658 0001294  87.7457 272.3680 15.06400204212657
1 45073U 20006AF  23341.45410660  .00000570  00000-0  57160-4 0  9991
2 45073  53.0555   2.2658 0001294  87.7457 272.3680 15.06400204212994
1 45073U 20006AF  23342.31660790 -.00000579  00000-0 -19986-4 0  9993
2 45073  53.0559 358.3930 0001248  89.4073 270.7059 15.06411064212783
1 45073U 20006AF  23342.31660790 -.00000579  00000-0 -19986-4 0  9993
2 45073  53.0559 358.3930 0001248  89.4073 270.7059 15.06411064213122
1 45073U 20006AF  23343.17912294  .00001782  00000-0  13848-3 0  9992
2 45073  53.0547 354.5216 0001279  82.5400 277.5734 15.06399201213253
1 45073U 20006AF  23343.31181657  .00001525  00000-0  12127-3 0  9993
2 45073  53.0547 353.9259 0001258  84.2477 275.8656 15.06398869212930
1 45073U 20006AF  23344.43970268  .00002513  00000-0  18749-3 0  9995
2 45073  53.0544 348.8616 0001263  94.6898 265.4235 15.06410079213101
1 45073U 20006AF  23344.43970268  .00002513  00000-0  18749-3 0  9995
2 45073  53.0544 348.8616 0001263  94.6898 265.4235 15.06410079213448
1 45073U 20006AF  23345.16954035  .00013801  00000-0  94448-3 0  9992
2 45073  53.0539 345.5755 0001379  94.5077 265.6070 15.06365541213550
1 45073U 20006AF  23345.30222114  .00000668  00000-0  63748-4 0  9991
2 45073  53.0554 344.9870 0001122  99.1562 260.9554 15.06396028213238
1 45073U 20006AF  23345.30222114  .00000668  00000-0  63748-4 0  9991
2 45073  53.0554 344.9870 0001122  99.1562 260.9554 15.06396028213575
1 45073U 20006AF  23346.29742081  .00000765  00000-0  70262-4 0  9997
2 45073  53.0552 340.5126 0001203  84.1062 276.0065 15.06401197213386
1 45073U 20006AF  23347.15993654  .00001129  00000-0  94692-4 0  9995
2 45073  53.0557 336.6509 0001187  93.5297 266.5828 15.06394117213853
1 45073U 20006AF  23347.29262902  .00001339  00000-0  10875-3 0  9998
2 45073  53.0556 336.0551 0001242  95.2841 264.8289 15.06395399213539
1 45073U 20006AF  23348.15513148  .00001916  00000-0  14746-3 0  9997
2 45073  53.0559 332.1820 0001305  89.6382 270.4756 15.06403775214008
1 45073U 20006AF  23348.22147662  .00002313  00000-0  17409-3 0  9990
2 45073  53.0558 331.8821 0001345  86.3891 273.7252 15.06406404213678
1 45073U 20006AF  23349.21669289  .00000455  00000-0  49435-4 0  9994
2 45073  53.0551 327.4197 0001480  78.8206 281.2949 15.06390693214168
1 45073U 20006AF  23350.14552982 -.00001116  00000-0 -56007-4 0  9999
2 45073  53.0571 323.2424 0001686  54.4544 305.6602 15.06423468214300
1 45073U 20006AF  23350.21187394  .00001657  00000-0  13004-3 0  9995
2 45073  53.0568 322.9447 0001503  82.7991 277.3169 15.06418659213976
1 45073U 20006AF  23351.14074682 -.00001689  00000-0 -94529-4 0  9992
2 45073  53.0560 318.7716 0001654  66.8815 293.2348 15.06392255214458
1 45073U 20006AF  23351.20709513 -.00002001  00000-0 -11548-3 0  9995
2 45073  53.0559 318.4768 0001606  68.9561 291.1600 15.06390518214120
1 45073U 20006AF  23352.13594110  .00001401  00000-0  11288-3 0  9995
2 45073  53.0550 314.3112 0001480  87.2692 272.8467 15.06411214214605
1 45073U 20006AF  23352.20228631  .00001997  00000-0  15286-3 0  9997
2 45073  53.0551 314.0117 0001496  88.6418 271.4743 15.06413214214273
1 45073U 20006AF  23353.13115965 -.00002539  00000-0 -15170-3 0  9992
2 45073  53.0545 309.8388 0001533  94.8899 265.2265 15.06383218214755
1 45073U 20006AF  23353.19750892 -.00001577  00000-0 -87042-4 0  9991
2 45073  53.0547 309.5431 0001534  76.1749 283.9410 15.06382314214420
1 45073U 20006AF  23354.12636726  .00007804  00000-0  54225-3 0  9997
2 45073  53.0544 305.3689 0001546  78.8687 281.2476 15.06397877214905
1 45073U 20006AF  23354.19271363  .00010360  00000-0  71329-3 0  9991
2 45073  53.0547 305.0720 0001583  73.7299 286.3864 15.06403567214579
1 45073U 20006AF  23355.12156962  .00005958  00000-0  41845-3 0  9999
2 45073  53.0555 300.9038 0001536  77.7018 282.4143 15.06408298214714
1 45073U 20006AF  23355.12156962  .00005958  00000-0  41845-3 0  9999
2 45073  53.0555 300.9038 0001536  77.7018 282.4143 15.06408298215052
1 45073U 20006AF  23356.11674839  .00018603  00000-0  12628-2 0  9994
2 45073  53.0542 296.4366 0001455  93.8077 266.3079 15.06450029214861
1 45073U 20006AF  23356.11674839  .00018603  00000-0  12628-2 0  9994
2 45073  53.0542 296.4366 0001455  93.8077 266.3079 15.06450029215200
1 45073U 20006AF  23356.97926395  .00003452  00000-0  25052-3 0  9997
2 45073  53.0551 292.5656 0001487  96.1220 263.9938 15.06404548215336
1 45073U 20006AF  23357.31100585  .00004049  00000-0  29073-3 0  9991
2 45073  53.0547 291.0782 0001505  77.2092 282.9065 15.06380067215042
1 45073U 20006AF  23357.31100585  .00004049  00000-0  29073-3 0  9991
2 45073  53.0547 291.0782 0001505  77.2092 282.9065 15.06380067215389
1 45073U 20006AF  23357.77544307  .00014578  00000-0  99596-3 0  9990
2 45073  53.0561 288.9929 0001455  71.3944 288.7203 15.06383627215112
1 45073U 20006AF  23358.10717314  .00021547  00000-0  14607-2 0  9991
2 45073  53.0549 287.5079 0001578  95.4997 264.6172 15.06408361215504
1 45073U 20006AF  23358.23986489  .00021358  00000-0  14478-2 0  9992
2 45073  53.0541 286.9105 0001466  86.7114 273.4043 15.06415652215189
1 45073U 20006AF  23358.83699642  .00005873  00000-0  41293-3 0  9990
2 45073  53.0550 284.2317 0001166  83.2328 276.8794 15.06390412215277
1 45073U 20006AF  23358.83699642  .00005873  00000-0  41293-3 0  9990
2 45073  53.0550 284.2317 0001166  83.2328 276.8794 15.06390412215615
1 45073U 20006AF  23359.23508168  .00021368  00000-0  14493-2 0  9995
2 45073  53.0537 282.4434 0001326  88.7463 271.3678 15.06393973215333
1 45073U 20006AF  23360.16392170  .00021928  00000-0  14847-2 0  9998
2 45073  53.0537 278.2735 0001367  92.4972 267.6173 15.06442294215476
1 45073U 20006AF  23360.16392170  .00021928  00000-0  14847-2 0  9998
2 45073  53.0537 278.2735 0001367  92.4972 267.6173 15.06442294215814
1 45073U 20006AF  23360.76105304  .00012941  00000-0  88612-3 0  9992
2 45073  53.0536 275.5924 0001835  88.1610 271.9589 15.06397520215904
1 45073U 20006AF  23360.89374853  .00019154  00000-0  13016-2 0  9991
2 45073  53.0542 274.9957 0001054  77.3353 282.7754 15.06390879215585
1 45073U 20006AF  23361.09279465  .00020934  00000-0  14210-2 0  9992
2 45073  53.0535 274.1036 0001553  70.5363 289.5793 15.06375776215618
1 45073U 20006AF  23361.09279465  .00020934  00000-0  14210-2 0  9992
2 45073  53.0535 274.1036 0001553  70.5363 289.5793 15.06375776215955
1 45073U 20006AF  23361.88896220  .00012734  00000-0  87231-3 0  9996
2 45073  53.0540 270.5283 0001663  68.6229 291.4938 15.06397287215736
1 45073U 20006AF  23362.15434797  .00014023  00000-0  95829-3 0  9999
2 45073  53.0541 269.3368 0001592  71.8080 288.3082 15.06406285215777
1 45073U 20006AF  23362.15434797  .00014023  00000-0  95829-3 0  9999
2 45073  53.0541 269.3368 0001592  71.8080 288.3082 15.06406285216116
1 45073U 20006AF  23362.88416515  .00004959  00000-0  35159-3 0  9994
2 45073  53.0540 266.0592 0001826  96.6345 263.4852 15.06399923215889
1 45073U 20006AF  23363.14955468  .00006999  00000-0  48829-3 0  9993
2 45073  53.0537 264.8701 0001625  68.9289 291.1874 15.06400578215925
1 45073U 20006AF  23363.14955468  .00006999  00000-0  48829-3 0  9993
2 45073  53.0537 264.8701 0001625  68.9289 291.1874 15.06400578216263
1 45073U 20006AF  23363.94571069  .00008420  00000-0  58328-3 0  9998
2 45073  53.0536 261.2947 0001598  86.0580 274.0592 15.06413158216040
1 45073U 20006AF  23364.01205654  .00009020  00000-0  62338-3 0  9994
2 45073  53.0536 260.9978 0001613  84.2118 275.9055 15.06415798216052
1 45073U 20006AF  23364.74187197  .00002198  00000-0  16636-3 0  9994
2 45073  53.0540 257.7200 0001694  99.2117 260.9063 15.06404940216503
1 45073U 20006AF  23364.94091353 -.00001150  00000-0 -58297-4 0  9993
2 45073  53.0534 256.8268 0001647 100.7245 259.3930 15.06397684216194
