1 45088U 20006AW  23001.57178228 -.00006019  00000-0 -38560-3 0  9992
2 45088  53.0552  68.0461 0001843  41.1846 318.9282 15.06389870161718
1 45088U 20006AW  23001.90351835 -.00001540  00000-0 -84481-4 0  9994
2 45088  53.0560  66.5569 0001809  41.5174 318.5952 15.06394535161768
1 45088U 20006AW  23002.43429248  .00011247  00000-0  77261-3 0  9997
2 45088  53.0555  64.1735 0001860  42.8578 317.2556 15.06407281161848
1 45088U 20006AW  23002.89871619  .00012518  00000-0  85734-3 0  9996
2 45088  53.0550  62.0907 0002124  37.7548 322.3590 15.06417977161911
1 45088U 20006AW  23003.56219436  .00002897  00000-0  21334-3 0  9999
2 45088  53.0538  59.1128 0002220  38.9874 321.1275 15.06395858162013
1 45088U 20006AW  23004.42469967  .00001975  00000-0  15147-3 0  9992
2 45088  53.0547  55.2408 0002246  37.2823 322.8322 15.06403718162145
1 45088U 20006AW  23004.82277254  .00003576  00000-0  25875-3 0  9990
2 45088  53.0548  53.4536 0002269  37.4779 322.6368 15.06415740162208
1 45088U 20006AW  23005.55258593  .00003421  00000-0  24836-3 0  9991
2 45088  53.0542  50.1770 0002338  35.4880 324.6264 15.06412818162316
1 45088U 20006AW  23005.81797158  .00001627  00000-0  12807-3 0  9996
2 45088  53.0546  48.9866 0002296  39.1438 320.9717 15.06410187162357
1 45088U 20006AW  23006.87953913 -.00004716  00000-0 -29802-3 0  9993
2 45088  53.0551  44.2222 0002369  36.9193 323.1959 15.06380000162513
1 45088U 20006AW  23007.21127605 -.00000483  00000-0 -13502-4 0  9991
2 45088  53.0549  42.7324 0002366  36.4344 323.6806 15.06385430162569
1 45088U 20006AW  23007.87475163  .00012034  00000-0  82552-3 0  9991
2 45088  53.0542  39.7532 0002370  36.2475 323.8675 15.06395265162661
1 45088U 20006AW  23008.47187341  .00009347  00000-0  64549-3 0  9995
2 45088  53.0541  37.0725 0002427  37.3713 322.7444 15.06403491162758
1 45088U 20006AW  23008.80360846  .00006328  00000-0  44335-3 0  9992
2 45088  53.0541  35.5832 0002466  37.8052 322.3110 15.06400929162809
1 45088U 20006AW  23009.40073042  .00004186  00000-0  29974-3 0  9990
2 45088  53.0540  32.9024 0002372  43.7783 316.3394 15.06401855162890
1 45088U 20006AW  23010.46228158  .00002898  00000-0  21338-3 0  9992
2 45088  53.0548  28.1367 0002336  45.8946 314.2235 15.06401549163059
1 45088U 20006AW  23010.72767053  .00000849  00000-0  75918-4 0  9991
2 45088  53.0549  26.9458 0002258  43.9002 316.2166 15.06397090163096
1 45088U 20006AW  23011.32479029  .00002737  00000-0  20256-3 0  9993
2 45088  53.0552  24.2659 0002321  47.7985 312.3201 15.06405270163184
1 45088U 20006AW  23011.85556978  .00000495  00000-0  52125-4 0  9990
2 45088  53.0547  21.8823 0002189  56.4963 303.6234 15.06394168163260
1 45088U 20006AW  23012.91712391  .00001174  00000-0  97761-4 0  9991
2 45088  53.0552  17.1182 0002138  58.3840 301.7357 15.06391963163424
1 45088U 20006AW  23013.31520108  .00001485  00000-0  11861-3 0  9990
2 45088  53.0554  15.3316 0002169  58.1696 301.9504 15.06400910163481
1 45088U 20006AW  23013.71328144  .00000933  00000-0  81558-4 0  9998
2 45088  53.0555  13.5439 0002007  66.9761 293.1439 15.06401245163547
1 45088U 20006AW  23015.37194837  .00005786  00000-0  40688-3 0  9991
2 45088  53.0556   6.0933 0002158  93.0601 267.0635 15.06413358163798
1 45088U 20006AW  23015.77003322  .00003546  00000-0  25680-3 0  9990
2 45088  53.0532   4.3112 0002361  76.7999 283.3253 15.06404321163850
1 45088U 20006AW  23016.23445218  .00013278  00000-0  90798-3 0  9991
2 45088  53.0549   2.2246 0001924  91.1949 268.9260 15.06425878163928
1 45088U 20006AW  23017.36236751  .00000628  00000-0  61098-4 0  9993
2 45088  53.0563 357.1605 0001925  74.1968 285.9233 15.06375670164090
1 45088U 20006AW  23017.89314734  .00020788  00000-0  14105-2 0  9993
2 45088  53.0554 354.7793 0001940  77.2939 282.8267 15.06395852164176
1 45088U 20006AW  23018.29122265  .00036289  00000-0  24404-2 0  9990
2 45088  53.0556 352.9924 0001948  80.1454 279.9755 15.06432759164231
1 45088U 20006AW  23018.62295538  .00019668  00000-0  13347-2 0  9997
2 45088  53.0559 351.5022 0002304  80.1765 279.9485 15.06424014164280
1 45088U 20006AW  23019.35275942  .00008907  00000-0  61568-3 0  9998
2 45088  53.0550 348.2256 0002301  80.4691 279.6558 15.06426934164394
1 45088U 20006AW  23025.52303034  .00002875  00000-0  21174-3 0  9995
2 45088  53.0555 320.5291 0001291  90.3471 269.7666 15.06411261165325
1 45088U 20006AW  23026.12015024  .00003720  00000-0  26846-3 0  9992
2 45088  53.0562 317.8499 0001377  91.7701 268.3446 15.06409202165411
1 45088U 20006AW  23027.18170453  .00001503  00000-0  11978-3 0  9994
2 45088  53.0550 313.0823 0001353  88.1520 271.9624 15.06401098165570
1 45088U 20006AW  23028.17690572  .00002708  00000-0  20062-3 0  9995
2 45088  53.0551 308.6131 0001257  95.9335 264.1797 15.06402731165723
1 45088U 20006AW  23028.90672773  .00000963  00000-0  83558-4 0  9990
2 45088  53.0550 305.3381 0001287  88.9017 271.2119 15.06396173165836
1 45088U 20006AW  23029.76923845  .00002732  00000-0  20226-3 0  9992
2 45088  53.0545 301.4666 0001260  86.0893 274.0240 15.06394571165965
1 45088U 20006AW  23030.16733009  .00015313  00000-0  10453-2 0  9998
2 45088  53.0550 299.6795 0001484  92.5033 267.6126 15.06378676166025
1 45088U 20006AW  23030.89713208  .00000093  00000-0  25105-4 0  9998
2 45088  53.0548 296.4032 0001220  82.6555 277.4573 15.06397494166134
1 45088U 20006AW  23031.16251703  .00001710  00000-0  13368-3 0  9990
2 45088  53.0548 295.2122 0001233  82.4643 277.6486 15.06403416166172
1 45088U 20006AW  23031.75964070 -.00000079  00000-0  13563-4 0  9999
2 45088  53.0548 292.5314 0001154  86.5100 273.6021 15.06398396166261
1 45088U 20006AW  23032.15771491  .00002445  00000-0  18294-3 0  9990
2 45088  53.0546 290.7444 0001181  89.6611 270.4514 15.06409712166328
1 45088U 20006AW  23033.08657960 -.00000034  00000-0  16581-4 0  9998
2 45088  53.0552 286.5735 0001222  96.6084 263.5044 15.06398470166463
1 45088U 20006AW  23034.08177245  .00001288  00000-0  10529-3 0  9998
2 45088  53.0546 282.1060 0001277  94.9388 265.1747 15.06409236166615
1 45088U 20006AW  23035.93948554  .00000920  00000-0  80627-4 0  9991
2 45088  53.0537 273.7674 0001194  79.5364 280.5759 15.06410105166894
1 45088U 20006AW  23036.07217680  .00001048  00000-0  89203-4 0  9997
2 45088  53.0541 273.1719 0001296  81.7181 278.3955 15.06412219166912
1 45088U 20006AW  23036.93470114  .00000260  00000-0  36332-4 0  9995
2 45088  53.0535 269.2984 0001033  80.7412 279.3694 15.06395476167041
1 45088U 20006AW  23037.06739435  .00000489  00000-0  51689-4 0  9999
2 45088  53.0552 268.7045 0001229  86.8586 273.2544 15.06396636167066
1 45088U 20006AW  23037.92989839  .00000754  00000-0  69483-4 0  9995
2 45088  53.0549 264.8326 0001267  88.5035 271.6099 15.06406819167197
1 45088U 20006AW  23037.95041520  .00001208  00000-0  10000-3 0  9999
2 45088  53.0569 264.7386 0001466  82.1941  29.2243 15.06398483167196
1 45088U 20006AW  23038.92510310  .00002494  00000-0  18622-3 0  9991
2 45088  53.0534 260.3650 0001187  90.4861 269.6264 15.06402587167348
1 45088U 20006AW  23039.52223063  .00000116  00000-0  26650-4 0  9994
2 45088  53.0534 257.6848 0001225  86.4258 273.6871 15.06393049167435
1 45088U 20006AW  23039.85396296  .00000413  00000-0  46589-4 0  9992
2 45088  53.0545 256.1947 0001131  89.8542 270.2576 15.06400397167485
1 45088U 20006AW  23040.45108504  .00000391  00000-0  45122-4 0  9990
2 45088  53.0544 253.5144 0001140  85.6365 274.4754 15.06401921167579
1 45088U 20006AW  23040.84916436  .00002133  00000-0  16204-3 0  9998
2 45088  53.0535 251.7271 0001095  93.3512 266.7602 15.06402203167636
1 45088U 20006AW  23040.98185462  .00003199  00000-0  23350-3 0  9993
2 45088  53.0533 251.1315 0001158  86.5484 273.5638 15.06409599167651
1 45088U 20006AW  23041.84436857  .00002498  00000-0  18652-3 0  9996
2 45088  53.0535 247.2598 0001111  93.2822 266.8294 15.06400737167784
1 45088U 20006AW  23042.50783945  .00000152  00000-0  29096-4 0  9993
2 45088  53.0536 244.2811 0001126  94.3124 265.7993 15.06395054167883
1 45088U 20006AW  23042.83957216  .00000863  00000-0  76840-4 0  9991
2 45088  53.0536 242.7923 0001091  90.9630 269.1484 15.06398552167930
1 45088U 20006AW  23043.56939082  .00000925  00000-0  80974-4 0  9995
2 45088  53.0543 239.5154 0001081  99.9630 260.1481 15.06395513168041
1 45088U 20006AW  23044.56459531  .00001606  00000-0  12671-3 0  9997
2 45088  53.0543 235.0478 0001090  88.5013 271.6101 15.06394664168198
1 45088U 20006AW  23045.29440565 -.00000503  00000-0 -14901-4 0  9991
2 45088  53.0544 231.7716 0001135  92.2884 267.8235 15.06406280168301
1 45088U 20006AW  23045.62614625  .00001327  00000-0  10797-3 0  9999
2 45088  53.0544 230.2824 0001071  91.0567 269.0544 15.06395200168350
1 45088U 20006AW  23046.48865274  .00001531  00000-0  12165-3 0  9990
2 45088  53.0542 226.4097 0001126  87.0786 273.0332 15.06398645168486
1 45088U 20006AW  23046.75403771  .00002154  00000-0  16343-3 0  9994
2 45088  53.0538 225.2181 0001196  94.6880 265.4246 15.06400282168523
1 45088U 20006AW  23047.21846448  .00000605  00000-0  59516-4 0  9997
2 45088  53.0534 223.1340 0001127  83.2538 276.8579 15.06405262168596
1 45088U 20006AW  23047.74925167 -.00000035  00000-0  16520-4 0  9997
2 45088  53.0546 220.7505 0001087  94.5419 265.5694 15.06389775168675
1 45088U 20006AW  23048.47905149  .00002324  00000-0  17486-3 0  9999
2 45088  53.0543 217.4727 0001488  99.9670 260.1487 15.06407162168788
1 45088U 20006AW  23048.74443584  .00004694  00000-0  33365-3 0  9995
2 45088  53.0529 216.2844 0001043  81.9255 278.1852 15.06416805168820
1 45088U 20006AW  23049.47426548  .00001418  00000-0  11410-3 0  9995
2 45088  53.0530 213.0054 0001239  89.8324 270.2807 15.06391770168939
1 45088U 20006AW  23050.60218918  .00001770  00000-0  13782-3 0  9997
2 45088  53.0536 207.9433 0000948 107.2885 252.8208 15.06358518169105
1 45088U 20006AW  23051.59739074  .00013879  00000-0  94862-3 0  9998
2 45088  53.0543 203.4764 0000718  88.7082 271.3989 15.06407578169257
1 45088U 20006AW  23052.45987543  .00018226  00000-0  12376-2 0  9990
2 45088  53.0541 199.6045 0000773  89.0813 271.0264 15.06451746169383
1 45088U 20006AW  23052.72525063  .00023585  00000-0  15939-2 0  9997
2 45088  53.0542 198.4131 0000878  83.0890 277.0199 15.06470336169426
1 45088U 20006AW  23053.38872181 -.00023451  00000-0 -15612-2 0  9998
2 45088  53.0543 195.4352 0001250 100.8455 259.2675 15.06386460169525
1 45088U 20006AW  23053.78681863  .00020361  00000-0  13836-2 0  9998
2 45088  53.0546 193.6489 0001174 103.0987 257.0133 15.06353177169589
1 45088U 20006AW  23054.51664351  .00026477  00000-0  17900-2 0  9993
2 45088  53.0552 190.3728 0001019 101.4365 258.6738 15.06394986169699
1 45088U 20006AW  23054.64933681  .00026855  00000-0  18148-2 0  9997
2 45088  53.0552 189.7773 0001053  98.9697 261.1412 15.06403010169717
1 45088U 20006AW  23055.51184987  .00004279  00000-0  30602-3 0  9997
2 45088  53.0548 185.9037 0001432 103.3648 256.7501 15.06396883169843
1 45088U 20006AW  23055.64454520  .00004329  00000-0  30940-3 0  9995
2 45088  53.0551 185.3088 0001184 106.9227 253.1892 15.06390916169860
1 45088U 20006AW  23056.50703941  .00010934  00000-0  75126-3 0  9999
2 45088  53.0545 181.4370 0000927  78.0332 282.0761 15.06426623169999
1 45088U 20006AW  23056.57338439  .00014459  00000-0  98669-3 0  9995
2 45088  53.0545 181.1391 0000991  75.0565 285.0534 15.06434037170008
1 45088U 20006AW  23057.36954230 -.00004254  00000-0 -26685-3 0  9999
2 45088  53.0552 177.5659 0001277  91.5742 268.5393 15.06404982170128
1 45088U 20006AW  23057.70127938  .00028470  00000-0  19222-2 0  9996
2 45088  53.0548 176.0775 0001352  83.1371 276.9772 15.06405434170177
1 45088U 20006AW  23058.36474885  .00011351  00000-0  77960-3 0  9999
2 45088  53.0547 173.0989 0001451  78.1592 281.9559 15.06404853170273
1 45088U 20006AW  23058.69647193  .00032032  00000-0  21565-2 0  9997
2 45088  53.0540 171.6080 0001475  80.6691 279.4465 15.06453130170322
1 45088U 20006AW  23059.55898400  .00014963  00000-0  10210-2 0  9990
2 45088  53.0546 167.7383 0001894  56.7590 303.3581 15.06411152170455
1 45088U 20006AW  23060.55420519  .00022561  00000-0  15302-2 0  9994
2 45088  53.0551 163.2704 0001432  69.7389 290.3754 15.06361731170608
1 45088U 20006AW  23061.54940777  .00033506  00000-0  22558-2 0  9999
2 45088  53.0554 158.8025 0001493  67.5711 292.5436 15.06429706170753
1 45088U 20006AW  23062.47825140  .00035636  00000-0  23962-2 0  9994
2 45088  53.0558 154.6307 0001434  87.3452 272.7701 15.06446447170892
1 45088U 20006AW  23063.47345284  .00008344  00000-0  57825-3 0  9993
2 45088  53.0554 150.1628 0001701 115.4359 244.6806 15.06408099171044
1 45088U 20006AW  23063.93788496  .00006895  00000-0  48137-3 0  9995
2 45088  53.0551 148.0832 0001415  98.3759 261.7391 15.06393997171116
1 45088U 20006AW  23064.40231675  .00001903  00000-0  14668-3 0  9997
2 45088  53.0562 145.9977 0001633 100.9065 259.2108 15.06390773171180
1 45088U 20006AW  23065.46386370  .00008401  00000-0  58204-3 0  9991
2 45088  53.0555 141.2312 0001589  94.2226 265.8945 15.06411180171344
1 45088U 20006AW  23066.92350069  .00007392  00000-0  51471-3 0  9996
2 45088  53.0548 134.6784 0001361  84.7517 275.3627 15.06393593171564
1 45088U 20006AW  23067.38793104  .00010283  00000-0  70824-3 0  9994
2 45088  53.0547 132.5933 0001463  85.3348 274.7808 15.06398910171638
1 45088U 20006AW  23068.84755543  .00006597  00000-0  46117-3 0  9992
2 45088  53.0553 126.0408 0001512  77.8377 282.2781 15.06413138171851
1 45088U 20006AW  23069.84275529 -.00000476  00000-0 -13060-4 0  9998
2 45088  53.0532 121.5764 0000798  87.1478 272.9603 15.06402106172004
1 45088U 20006AW  23070.43988639 -.00002202  00000-0 -12899-3 0  9995
2 45088  53.0557 118.8936 0001443  99.1717 260.9436 15.06388983172094
1 45088U 20006AW  23071.50143719  .00008863  00000-0  61311-3 0  9996
2 45088  53.0560 114.1283 0001414 108.2938 251.8205 15.06403154172256
1 45088U 20006AW  23072.49664381  .00011935  00000-0  81853-3 0  9995
2 45088  53.0536 109.6585 0001094 103.5192 256.5918 15.06412131172402
1 45088U 20006AW  23073.35916405  .00002352  00000-0  17678-3 0  9995
2 45088  53.0553 105.7870 0001193 106.7255 253.3865 15.06388215172535
1 45088U 20006AW  23074.48704645  .00025856  00000-0  17462-2 0  9995
2 45088  53.0555 100.7232 0001166 104.8810 255.2308 15.06446318172701
1 45088U 20006AW  23075.28321633  .00020501  00000-0  13912-2 0  9994
2 45088  53.0553  97.1498 0001100 112.2909 247.8196 15.06399835172828
1 45088U 20006AW  23075.74764408  .00016674  00000-0  11354-2 0  9990
2 45088  53.0556  95.0658 0001045 106.4971 253.6133 15.06407122172890
1 45088U 20006AW  23076.34475747  .00013778  00000-0  94143-3 0  9992
2 45088  53.0550  92.3848 0001118 109.0138 251.0972 15.06423802172986
1 45088U 20006AW  23076.74283541  .00003441  00000-0  24967-3 0  9998
2 45088  53.0538  90.5986 0001017  97.5720 262.5384 15.06415972173042
1 45088U 20006AW  23077.73805065  .00010707  00000-0  73673-3 0  9990
2 45088  53.0545  86.1301 0001268  95.1702 264.9432 15.06392135173195
1 45088U 20006AW  23078.33516875  .00017566  00000-0  11947-2 0  9990
2 45088  53.0547  83.4492 0001211  94.0738 266.0389 15.06416180173284
1 45088U 20006AW  23078.73325030  .00011417  00000-0  78388-3 0  9997
2 45088  53.0557  81.6619 0001211  87.6003 272.5125 15.06409911173340
1 45088U 20006AW  23079.26402985  .00002735  00000-0  20244-3 0  9992
2 45088  53.0549  79.2793 0001149  83.9484 276.1636 15.06392848173425
1 45088U 20006AW  23079.72846096  .00015706  00000-0  10709-2 0  9994
2 45088  53.0550  77.1941 0001205  83.9533 276.1593 15.06400622173496
1 45088U 20006AW  23080.39192107  .00011136  00000-0  76495-3 0  9994
2 45088  53.0555  74.2146 0001346  87.9582 272.1561 15.06417576173598
1 45088U 20006AW  23081.65251898  .00016770  00000-0  11418-2 0  9999
2 45088  53.0561  68.5565 0001031 103.9275 256.1828 15.06407193173788
1 45088U 20006AW  23082.38232066  .00017829  00000-0  12115-2 0  9997
2 45088  53.0562  65.2809 0001027 100.8839 259.2266 15.06439577173894
1 45088U 20006AW  23082.64770956  .00001596  00000-0  12598-3 0  9991
2 45088  53.0566  64.0907 0000657 114.0476 246.0582 15.06411378173935
1 45088U 20006AW  23083.31118269  .00054229  00000-0  36261-2 0  9992
2 45088  53.0561  61.1116 0001147  92.8111 267.3009 15.06456391174030
1 45088U 20006AW  23083.90830089  .00028966  00000-0  19535-2 0  9992
2 45088  53.0562  58.4315 0001098  87.9714 272.1400 15.06438376174122
1 45088U 20006AW  23084.63810025  .00009608  00000-0  66237-3 0  9995
2 45088  53.0571  55.1566 0001563  74.3428 285.7733 15.06436805174239
1 45088U 20006AW  23085.30158956  .00028317  00000-0  19143-2 0  9999
2 45088  53.0566  52.1769 0001270  95.4456 264.6677 15.06360941174336
1 45088U 20006AW  23086.29679711  .00029356  00000-0  19805-2 0  9994
2 45088  53.0569  47.7102 0001253  97.4847 262.6284 15.06418030174488
1 45088U 20006AW  23087.29201185  .00026393  00000-0  17841-2 0  9997
2 45088  53.0573  43.2440 0000753  89.5621 270.5455 15.06401223174636
1 45088U 20006AW  23088.28718923  .00033269  00000-0  22377-2 0  9990
2 45088  53.0576  38.7761 0000824 101.1036 259.0045 15.06469028174784
1 45088U 20006AW  23089.54780208  .00024924  00000-0  16864-2 0  9997
2 45088  53.0560  33.1193 0000668  78.0429 282.0635 15.06395760174972
1 45088U 20006AW  23091.20648016  .00036291  00000-0  24449-2 0  9991
2 45088  53.0551  25.6708 0001008 102.5861 257.5241 15.06367106175224
1 45088U 20006AW  23092.20168266  .00041599  00000-0  27923-2 0  9993
2 45088  53.0558  21.2032 0001049 109.3562 250.7540 15.06438082175376
1 45088U 20006AW  23092.93150783  .00010784  00000-0  74189-3 0  9997
2 45088  53.0580  17.9270 0000730  75.5052 284.6018 15.06391208175487
1 45088U 20006AW  23093.19689582  .00007382  00000-0  51391-3 0  9990
2 45088  53.0570  16.7353 0001017  87.7147 272.3958 15.06401145175528
1 45088U 20006AW  23093.79400963  .00032486  00000-0  21874-2 0  9995
2 45088  53.0564  14.0564 0000978  86.2147 273.8954 15.06439868175610
1 45088U 20006AW  23094.12573080  .00034515  00000-0  23206-2 0  9990
2 45088  53.0564  12.5681 0000966  81.3358 278.7740 15.06465384175664
1 45088U 20006AW  23094.92190019 -.00011305  00000-0 -74204-3 0  9994
2 45088  53.0563   8.9930 0000888 113.3538 246.7545 15.06361490175782
1 45088U 20006AW  23095.18729752  .00034952  00000-0  23559-2 0  9992
2 45088  53.0563   7.8020 0001136 120.8214 239.2887 15.06366247175827
1 45088U 20006AW  23096.11615502  .00030428  00000-0  20516-2 0  9997
2 45088  53.0556   3.6325 0001080 124.4825 235.6266 15.06422206175961
1 45088U 20006AW  23097.17771229  .00021935  00000-0  14866-2 0  9997
2 45088  53.0551 358.8676 0001125 122.6686 237.4412 15.06407283176125
1 45088U 20006AW  23098.10654949  .00025906  00000-0  17492-2 0  9990
2 45088  53.0543 354.6980 0000809 105.9284 254.1795 15.06452116176264
1 45088U 20006AW  23099.10175264  .00021770  00000-0  14751-2 0  9999
2 45088  53.0548 350.2307 0001204  86.2207 273.8920 15.06418916176415
1 45088U 20006AW  23100.03057943  .00023395  00000-0  15815-2 0  9994
2 45088  53.0552 346.0605 0001210  89.9813 270.1314 15.06465267176557
1 45088U 20006AW  23100.69405739  .00016090  00000-0  10967-2 0  9993
2 45088  53.0550 343.0814 0000628 126.1812 233.9235 15.06395591176651
1 45088U 20006AW  23101.62292192  .00021801  00000-0  14778-2 0  9994
2 45088  53.0540 338.9109 0001195 123.3969 236.7134 15.06403745176797
1 45088U 20006AW  23101.95465205  .00023395  00000-0  15834-2 0  9991
2 45088  53.0544 337.4230 0001258 127.1647 232.9457 15.06421000176841
1 45088U 20006AW  23102.08734299  .00024826  00000-0  16784-2 0  9993
2 45088  53.0540 336.8269 0001228 125.8902 234.2201 15.06429138176862
1 45088U 20006AW  23103.21526609  .00014403  00000-0  98442-3 0  9995
2 45088  53.0531 331.7618 0001161  93.9200 266.1922 15.06377633177032
1 45088U 20006AW  23104.01142714  .00020078  00000-0  13625-2 0  9999
2 45088  53.0540 328.1886 0000909 109.6860 250.4227 15.06412162177159
1 45088U 20006AW  23105.60372057  .00028968  00000-0  19518-2 0  9993
2 45088  53.0544 321.0412 0001024  86.7430 273.3676 15.06473539177390
1 45088U 20006AW  23105.86909191  .00031604  00000-0  21258-2 0  9991
2 45088  53.0542 319.8495 0001012  89.6700 270.4405 15.06492746177437
1 45088U 20006AW  23106.59891401  .00010220  00000-0  70409-3 0  9990
2 45088  53.0542 316.5728 0001875  97.8170 262.3032 15.06395140177547
1 45088U 20006AW  23106.86431396  .00018388  00000-0  12518-2 0  9992
2 45088  53.0543 315.3821 0001212  56.1586 303.9518 15.06349772177588
1 45088U 20006AW  23107.59414735  .00028989  00000-0  19580-2 0  9995
2 45088  53.0542 312.1053 0001259  54.3508 305.7598 15.06381595177693
1 45088U 20006AW  23107.85953591  .00029118  00000-0  19658-2 0  9993
2 45088  53.0537 310.9146 0001195  50.7834 309.3261 15.06396377177733
1 45088U 20006AW  23108.25762400  .00009536  00000-0  65844-3 0  9996
2 45088  53.0533 309.1254 0001373  50.9701 309.1410 15.06387133177792
1 45088U 20006AW  23108.72206051  .00021524  00000-0  14601-2 0  9998
2 45088  53.0537 307.0427 0001312  70.4124 289.7006 15.06383178177861
1 45088U 20006AW  23109.25283816  .00027134  00000-0  18334-2 0  9991
2 45088  53.0535 304.6602 0001097  60.8978 299.2120 15.06402706177948
1 45088U 20006AW  23109.71726031  .00027751  00000-0  18732-2 0  9990
2 45088  53.0539 302.5758 0001101  58.6693 301.4404 15.06428213178017
1 45088U 20006AW  23110.24803126  .00007239  00000-0  50421-3 0  9992
2 45088  53.0531 300.1913 0000999  66.5007 293.6086 15.06411352178099
1 45088U 20006AW  23110.77882139  .00015269  00000-0  10424-2 0  9991
2 45088  53.0529 297.8095 0001790  75.7976 284.3212 15.06375044178170
1 45088U 20006AW  23111.90672724  .00025784  00000-0  17430-2 0  9991
2 45088  53.0535 292.7460 0001221  68.0960 292.0158 15.06411788178344
1 45088U 20006AW  23111.97307335  .00025506  00000-0  17243-2 0  9995
2 45088  53.0532 292.4479 0001211  67.7368 292.3750 15.06414947178357
1 45088U 20006AW  23112.76923592  .00022689  00000-0  15366-2 0  9995
2 45088  53.0539 288.8735 0001118  79.5945 280.5170 15.06414799178479
1 45088U 20006AW  23113.49903702  .00021930  00000-0  14849-2 0  9990
2 45088  53.0542 285.5956 0001029  76.7063 283.4041 15.06441346178582
1 45088U 20006AW  23114.16249050  .00008121  00000-0  56293-3 0  9991
2 45088  53.0541 282.6182 0001003 121.2601 238.8486 15.06435068178688
1 45088U 20006AW  23115.55578751  .00007522  00000-0  52365-3 0  9998
2 45088  53.0539 276.3619 0001258 118.4498 241.6618 15.06378367178894
1 45088U 20006AW  23116.55100983  .00013990  00000-0  95672-3 0  9991
2 45088  53.0538 271.8960 0001102 104.6427 255.4684 15.06381594179049
1 45088U 20006AW  23116.81639748  .00022154  00000-0  15015-2 0  9990
2 45088  53.0535 270.7052 0001262  96.8686 263.2446 15.06400800179081
1 45088U 20006AW  23117.41351161  .00023519  00000-0  15913-2 0  9990
2 45088  53.0535 268.0239 0001261  96.8814 263.2318 15.06429481179174
1 45088U 20006AW  23118.47505963  .00019182  00000-0  13037-2 0  9994
2 45088  53.0539 263.2600 0002106  71.4762 288.6455 15.06382881179330
1 45088U 20006AW  23119.53660921  .00022126  00000-0  14989-2 0  9997
2 45088  53.0537 258.4935 0001313  64.9027 295.2099 15.06418967179495
1 45088U 20006AW  23120.59815832  .00016344  00000-0  11137-2 0  9995
2 45088  53.0536 253.7280 0001069  87.3765 272.7346 15.06396915179652
1 45088U 20006AW  23121.52700498  .00017697  00000-0  12031-2 0  9996
2 45088  53.0535 249.5566 0001059  80.2823 279.8286 15.06427773179790
1 45088U 20006AW  23121.72604039  .00019909  00000-0  13503-2 0  9995
2 45088  53.0535 248.6630 0001096  75.9229 284.1882 15.06437784179822
1 45088U 20006AW  23122.52220942  .00018726  00000-0  12727-2 0  9994
2 45088  53.0536 245.0890 0001151  64.6348 295.4760 15.06399296179949
1 45088U 20006AW  23122.65490260  .00019408  00000-0  13182-2 0  9994
2 45088  53.0539 244.4925 0001237  87.6938 272.4193 15.06401677179963
1 45088U 20006AW  23123.58374545  .00019120  00000-0  12978-2 0  9997
2 45088  53.0538 240.3224 0001275  90.3107 269.8028 15.06435104180107
1 45088U 20006AW  23123.71643558  .00019293  00000-0  13091-2 0  9993
2 45088  53.0539 239.7269 0001322  88.6512 271.4629 15.06440619180127
1 45088U 20006AW  23124.57895449  .00020689  00000-0  14041-2 0  9993
2 45088  53.0542 235.8559 0001120 120.6051 239.5048 15.06390739180252
1 45088U 20006AW  23124.71165071  .00014338  00000-0  97986-3 0  9994
2 45088  53.0546 235.2594 0001101 105.4344 254.6766 15.06385757180275
1 45088U 20006AW  23125.70684441  .00020314  00000-0  13776-2 0  9996
2 45088  53.0549 230.7926 0001224 103.3362 256.7764 15.06430487180429
1 45088U 20006AW  23126.50301740  .00027757  00000-0  18752-2 0  9990
2 45088  53.0542 227.2202 0001333 135.2493 224.8603 15.06395795180543
1 45088U 20006AW  23127.49821300  .00022348  00000-0  15130-2 0  9996
2 45088  53.0533 222.7524 0001035  85.5642 274.5466 15.06435197180698
1 45088U 20006AW  23128.62612653  .00024959  00000-0  16899-2 0  9994
2 45088  53.0527 217.6902 0001328  89.1641 270.9500 15.06370955180866
1 45088U 20006AW  23129.55498065  .00029373  00000-0  19813-2 0  9990
2 45088  53.0522 213.5198 0001319  85.1359 274.9781 15.06424179181005
1 45088U 20006AW  23130.48385026  .00024394  00000-0  16514-2 0  9999
2 45088  53.0525 209.3497 0001293  74.2585 285.8547 15.06388828181140
1 45088U 20006AW  23131.41270187  .00022089  00000-0  14962-2 0  9998
2 45088  53.0527 205.1798 0001425  63.1917 296.9218 15.06424375181284
1 45088U 20006AW  23131.47904720  .00020476  00000-0  13885-2 0  9992
2 45088  53.0530 204.8816 0001493  63.3510 296.7631 15.06427270181296
1 45088U 20006AW  23132.34156002  .00010301  00000-0  70924-3 0  9995
2 45088  53.0529 201.0100 0001412  65.6235 294.4901 15.06409124181427
1 45088U 20006AW  23132.87233900  .00025525  00000-0  17262-2 0  9995
2 45088  53.0534 198.6273 0001340  69.7379 290.3754 15.06401726181509
1 45088U 20006AW  23133.46945418  .00013379  00000-0  91499-3 0  9994
2 45088  53.0531 195.9460 0001261  79.6846 280.4285 15.06416445181597
1 45088U 20006AW  23133.86753633  .00001393  00000-0  11236-3 0  9998
2 45088  53.0538 194.1580 0001389  83.4552 276.6595 15.06402964181655
1 45088U 20006AW  23134.46467110  .00004715  00000-0  33542-3 0  9992
2 45088  53.0538 191.4867 0001508  97.3435 262.7725 15.06380539181744
1 45088U 20006AW  23134.86274743  .00001220  00000-0  10082-3 0  9996
2 45088  53.0531 189.6924 0001379  83.5802 276.5343 15.06394935181802
1 45088U 20006AW  23135.52621315  .00003330  00000-0  24231-3 0  9996
2 45088  53.0530 186.7144 0001368  90.2851 269.8294 15.06403832181908
1 45088U 20006AW  23135.85795153  .00002578  00000-0  19190-3 0  9995
2 45088  53.0528 185.2226 0001311  86.8486 273.2653 15.06396711181953
1 45088U 20006AW  23136.38872966  .00001038  00000-0  88556-4 0  9995
2 45088  53.0526 182.8398 0001342  83.5127 276.6015 15.06393327182033
1 45088U 20006AW  23136.85315689  .00002605  00000-0  19371-3 0  9990
2 45088  53.0527 180.7551 0001349  82.8497 277.2645 15.06399233182107
1 45088U 20006AW  23137.38392703  .00002516  00000-0  18771-3 0  9995
2 45088  53.0528 178.3731 0001391  80.2175 279.8971 15.06406738182180
1 45088U 20006AW  23138.44547854  .00002122  00000-0  16132-3 0  9994
2 45088  53.0528 173.6083 0001355  75.7133 284.4006 15.06400766182345
1 45088U 20006AW  23139.77240682  .00000666  00000-0  63584-4 0  9995
2 45088  53.0528 167.6498 0001373  75.7195 284.3947 15.06404426182548
1 45088U 20006AW  23140.76760658  .00001338  00000-0  10871-3 0  9993
2 45088  53.0543 163.1835 0001328  90.0814 270.0327 15.06407109182690
1 45088U 20006AW  23141.43106706  .00002534  00000-0  18888-3 0  9991
2 45088  53.0528 160.2046 0001373  86.7547 273.3599 15.06412980182791
1 45088U 20006AW  23141.76280534  .00000469  00000-0  50371-4 0  9998
2 45088  53.0530 158.7158 0001331  87.5508 272.5634 15.06402905182843
1 45088U 20006AW  23142.35993199 -.00000472  00000-0 -12780-4 0  9990
2 45088  53.0528 156.0346 0001303  89.0516 271.0622 15.06394339182937
1 45088U 20006AW  23142.75801214  .00000077  00000-0  24072-4 0  9996
2 45088  53.0528 154.2479 0001347  97.7689 262.3452 15.06397319182990
1 45088U 20006AW  23143.75321468 -.00001053  00000-0 -51802-4 0  9993
2 45088  53.0533 149.7802 0001232  90.8179 269.2951 15.06400948183147
1 45088U 20006AW  23144.41668851  .00000885  00000-0  78290-4 0  9997
2 45088  53.0536 146.8026 0001245  85.6011 274.5121 15.06393413183244
1 45088U 20006AW  23146.40709551  .00000849  00000-0  75869-4 0  9990
2 45088  53.0539 137.8670 0001285  84.4006 275.7130 15.06396262183548
1 45088U 20006AW  23146.87152353  .00000698  00000-0  65767-4 0  9991
2 45088  53.0539 135.7819 0001300  84.4655 275.6482 15.06397170183614
1 45088U 20006AW  23147.66768533  .00000274  00000-0  37309-4 0  9993
2 45088  53.0547 132.2086 0001388  87.9233 272.1914 15.06396427183736
1 45088U 20006AW  23148.26480790  .00000273  00000-0  37201-4 0  9996
2 45088  53.0547 129.5278 0001380  92.6205 267.4942 15.06395916183822
1 45088U 20006AW  23148.92826883  .00000638  00000-0  61688-4 0  9997
2 45088  53.0544 126.5484 0001341  90.6161 269.4982 15.06404790183929
1 45088U 20006AW  23149.32634399  .00001228  00000-0  10132-3 0  9994
2 45088  53.0542 124.7613 0001337  91.0634 269.0508 15.06408904183983
1 45088U 20006AW  23149.92348273  .00000017  00000-0  20035-4 0  9992
2 45088  53.0540 122.0808 0001654  84.2623 275.8555 15.06389057184077
1 45088U 20006AW  23150.32156876 -.00000944  00000-0 -44532-4 0  9993
2 45088  53.0543 120.2934 0001329  90.8338 269.2803 15.06386840184132
1 45088U 20006AW  23151.31676276  .00000424  00000-0  47358-4 0  9994
2 45088  53.0555 115.8265 0001404  88.2622 271.8528 15.06402801184288
1 45088U 20006AW  23152.17928160  .00002325  00000-0  17497-3 0  9993
2 45088  53.0546 111.9532 0001376  83.0154 277.0991 15.06391857184418
1 45088U 20006AW  23152.90908392  .00002981  00000-0  21886-3 0  9994
2 45088  53.0541 108.6750 0001295  81.8323 278.2813 15.06410985184524
1 45088U 20006AW  23153.24081422  .00007514  00000-0  52244-3 0  9997
2 45088  53.0537 107.1892 0001416  90.8400 269.2751 15.06424628184576
1 45088U 20006AW  23154.16967986 -.00005597  00000-0 -35722-3 0  9990
2 45088  53.0541 103.0133 0001569  70.5798 289.5361 15.06388726184714
1 45088U 20006AW  23155.16488391  .00002375  00000-0  17829-3 0  9996
2 45088  53.0535  98.5510 0001274  91.5708 268.5427 15.06401353184869
1 45088U 20006AW  23155.82836219  .00005503  00000-0  38810-3 0  9994
2 45088  53.0534  95.5744 0001434  75.2629 284.8519 15.06391547184960
1 45088U 20006AW  23156.55817001  .00007766  00000-0  53945-3 0  9992
2 45088  53.0539  92.2976 0001430  79.8796 280.2354 15.06413257185070
1 45088U 20006AW  23157.08893523  .00013528  00000-0  92453-3 0  9994
2 45088  53.0540  89.9147 0001448  81.0582 279.0571 15.06431963185152
1 45088U 20006AW  23157.81875362  .00002626  00000-0  19509-3 0  9994
2 45088  53.0544  86.6381 0001521  82.8119 277.3043 15.06409695185261
1 45088U 20006AW  23158.21683779  .00004606  00000-0  32798-3 0  9993
2 45088  53.0547  84.8509 0001053 102.1103 258.0004 15.06392445185329
1 45088U 20006AW  23158.81396018  .00015909  00000-0  10843-2 0  9990
2 45088  53.0549  82.1704 0000946 106.1050 254.0043 15.06407218185418
1 45088U 20006AW  23159.07934384  .00017863  00000-0  12144-2 0  9990
2 45088  53.0545  80.9794 0000982 106.9620 253.1477 15.06419397185456
1 45088U 20006AW  23160.47264087  .00017219  00000-0  11722-2 0  9998
2 45088  53.0539  74.7250 0000961  96.2066 263.9032 15.06395048185664
1 45088U 20006AW  23161.13610535  .00013994  00000-0  95610-3 0  9990
2 45088  53.0544  71.7452 0000985  89.3751 270.7350 15.06415893185762
1 45088U 20006AW  23161.73323516  .00005510  00000-0  38853-3 0  9997
2 45088  53.0539  69.0652 0001184  86.3048 273.8076 15.06396964185852
1 45088U 20006AW  23162.46305698  .00010783  00000-0  74175-3 0  9994
2 45088  53.0548  65.7873 0001122  89.9548 270.1569 15.06395155185966
1 45088U 20006AW  23162.72844276  .00015173  00000-0  10351-2 0  9996
2 45088  53.0546  64.5969 0000990  77.4722 282.6378 15.06406929186009
1 45088U 20006AW  23163.59094837  .00006855  00000-0  47855-3 0  9999
2 45088  53.0548  60.7256 0001128  91.2410 268.8708 15.06409369186138
1 45088U 20006AW  23163.98903741  .00019633  00000-0  13340-2 0  9994
2 45088  53.0548  58.9392 0001288  87.0165 273.0972 15.06379491186194
1 45088U 20006AW  23164.98423705  .00021683  00000-0  14692-2 0  9991
2 45088  53.0552  54.4720 0001261  88.7524 271.3609 15.06423002186346
1 45088U 20006AW  23165.78040112  .00005907  00000-0  41508-3 0  9995
2 45088  53.0555  50.8969 0001173 111.1527 248.9588 15.06404543186468
1 45088U 20006AW  23166.04579225  .00018142  00000-0  12340-2 0  9993
2 45088  53.0552  49.7070 0001284 108.2605 251.8524 15.06391766186502
1 45088U 20006AW  23167.37271817  .00014195  00000-0  96917-3 0  9993
2 45088  53.0537  43.7488 0001476  92.5711 267.5447 15.06430356186707
1 45088U 20006AW  23167.70445335 -.00002804  00000-0 -16940-3 0  9992
2 45088  53.0547  42.2603 0001168 103.4944 256.6175 15.06400198186752
1 45088U 20006AW  23168.43427596  .00010117  00000-0  69724-3 0  9994
2 45088  53.0541  38.9844 0001116  98.4640 261.6475 15.06393867186869
1 45088U 20006AW  23168.89870083  .00015735  00000-0  10725-2 0  9994
2 45088  53.0543  36.9004 0001194  95.0658 265.0467 15.06413045186933
1 45088U 20006AW  23169.36313088  .00002121  00000-0  16122-3 0  9997
2 45088  53.0546  34.8131 0001575  96.2517 263.8651 15.06397962187003
1 45088U 20006AW  23170.02660412  .00004459  00000-0  31809-3 0  9993
2 45088  53.0547  31.8365 0001629  92.7663 267.3512 15.06393956187108
1 45088U 20006AW  23170.88910354  .00018233  00000-0  12388-2 0  9995
2 45088  53.0546  27.9651 0001459  88.3889 271.7267 15.06428727187238
1 45088U 20006AW  23171.41987900 -.00004276  00000-0 -26835-3 0  9993
2 45088  53.0548  25.5827 0001483 101.3156 258.7999 15.06400348187314
1 45088U 20006AW  23171.81796197  .00003594  00000-0  26005-3 0  9992
2 45088  53.0550  23.7947 0001251  99.3366 260.7764 15.06399802187373
1 45088U 20006AW  23172.54777618  .00017310  00000-0  11776-2 0  9999
2 45088  53.0547  20.5195 0001229 107.2930 252.8194 15.06416643187484
1 45088U 20006AW  23172.87950485  .00019231  00000-0  13054-2 0  9995
2 45088  53.0548  19.0291 0001155 107.1998 252.9117 15.06429280187539
1 45088U 20006AW  23188.33834621  .00022298  00000-0  15103-2 0  9990
2 45088  53.0539 309.6330 0001249  77.7710 282.3419 15.06420546189865
1 45088U 20006AW  23189.33354264  .00005717  00000-0  40223-3 0  9990
2 45088  53.0536 305.1650 0001098  83.1122 276.9991 15.06410949190017
1 45088U 20006AW  23189.73163284  .00019724  00000-0  13402-2 0  9995
2 45088  53.0541 303.3785 0001114  90.6598 269.4519 15.06375477190076
1 45088U 20006AW  23190.99222709  .00009257  00000-0  63952-3 0  9999
2 45088  53.0541 297.7188 0001101  93.6757 266.4358 15.06401998190262
1 45088U 20006AW  23191.58934954  .00005021  00000-0  35571-3 0  9998
2 45088  53.0545 295.0386 0001152  96.6199 263.4922 15.06400218190354
1 45088U 20006AW  23192.31915569  .00009885  00000-0  68117-3 0  9995
2 45088  53.0528 291.7616 0001048 103.5533 256.5572 15.06420125190463
1 45088U 20006AW  23192.98261687  .00004677  00000-0  33250-3 0  9997
2 45088  53.0546 288.7828 0001011  91.5385 268.5720 15.06418035190561
1 45088U 20006AW  23193.51339362  .00003926  00000-0  28224-3 0  9994
2 45088  53.0534 286.4007 0001425  85.8971 274.2181 15.06406619190647
1 45088U 20006AW  23194.64127842  .00019796  00000-0  13428-2 0  9998
2 45088  53.0536 281.3377 0001210  79.7434 280.3691 15.06437152190810
1 45088U 20006AW  23195.50379985  .00001224  00000-0  10109-3 0  9992
2 45088  53.0538 277.4653 0001208  95.2377 264.8750 15.06386698190946
1 45088U 20006AW  23196.56535665  .00019241  00000-0  13067-2 0  9991
2 45088  53.0540 272.6996 0001190 102.9380 257.1741 15.06410414191104
1 45088U 20006AW  23196.89709327  .00011427  00000-0  78468-3 0  9990
2 45088  53.0542 271.2074 0001201  79.2716 280.8408 15.06405676191152
1 45088U 20006AW  23197.22883242 -.00001462  00000-0 -79296-4 0  9998
2 45088  53.0538 269.7209 0001254  95.7924 264.3208 15.06385429191205
1 45088U 20006AW  23198.42308578  .00016637  00000-0  11330-2 0  9996
2 45088  53.0533 264.3600 0001104  82.0122 278.0992 15.06404906191382
1 45088U 20006AW  23198.88751385  .00006023  00000-0  42289-3 0  9990
2 45088  53.0531 262.2758 0001142  78.2974 281.8143 15.06400474191459
1 45088U 20006AW  23199.48463584  .00004784  00000-0  33981-3 0  9999
2 45088  53.0525 259.5952 0001158  78.7787 281.3332 15.06402575191540
1 45088U 20006AW  23200.41347955  .00009046  00000-0  62501-3 0  9994
2 45088  53.0530 255.4266 0001250  78.7460 281.3670 15.06423458191683
1 45088U 20006AW  23202.13849712  .00005083  00000-0  35988-3 0  9999
2 45088  53.0534 247.6784 0001065 108.9922 251.1182 15.06403078191946
1 45088U 20006AW  23205.12411105  .00001491  00000-0  11896-3 0  9993
2 45088  53.0526 234.2774 0001033  89.7457 270.3650 15.06395331192397
1 45088U 20006AW  23206.38470008  .00001170  00000-0  97431-4 0  9993
2 45088  53.0527 228.6178 0001164  95.1607 264.9515 15.06400504192585
1 45088U 20006AW  23207.04817371  .00001304  00000-0  10645-3 0  9995
2 45088  53.0531 225.6392 0001207  95.1927 264.9200 15.06395508192687
1 45088U 20006AW  23207.31356186  .00001169  00000-0  97338-4 0  9991
2 45088  53.0531 224.4475 0001194  94.1252 265.9873 15.06395704192721
1 45088U 20006AW  23208.44145323  .00002055  00000-0  15678-3 0  9996
2 45088  53.0522 219.3838 0001211  88.6847 271.4280 15.06404077192891
1 45088U 20006AW  23208.44145323  .00002055  00000-0  15678-3 0  9996
2 45088  53.0522 219.3838 0001211  88.6847 271.4280 15.06404077192891
1 45088U 20006AW  23209.03857817  .00000859  00000-0  76587-4 0  9997
2 45088  53.0505 216.7016 0001269  92.7691 267.3443 15.06396728192985
1 45088U 20006AW  23209.43666227  .00000563  00000-0  56716-4 0  9998
2 45088  53.0535 214.9165 0001251  87.8023 272.3110 15.06394206193042
1 45088U 20006AW  23210.16647100  .00000717  00000-0  67010-4 0  9999
2 45088  53.0535 211.6403 0001231  87.3266 272.7864 15.06403261193157
1 45088U 20006AW  23211.02898678  .00000761  00000-0  69973-4 0  9992
2 45088  53.0534 207.7686 0001073  86.0075 274.1036 15.06393811193283
1 45088U 20006AW  23212.28957028  .00001580  00000-0  12491-3 0  9998
2 45088  53.0534 202.1100 0001262  91.3260 268.7874 15.06403373193473
1 45088U 20006AW  23212.68765838  .00000974  00000-0  84258-4 0  9995
2 45088  53.0534 200.3202 0001300  84.4805 275.6332 15.06394540193535
1 45088U 20006AW  23213.94824558  .00000706  00000-0  66251-4 0  9996
2 45088  53.0535 194.6623 0001328  84.5426 275.5715 15.06402764193721
1 45088U 20006AW  23215.07617179 -.00002243  00000-0 -13185-3 0  9998
2 45088  53.0535 189.5993 0001372  78.4155 281.6988 15.06367120193898
1 45088U 20006AW  23216.07136324 -.00000419  00000-0 -92405-5 0  9994
2 45088  53.0542 185.1327 0001783 108.7380 251.3803 15.06393693194044
1 45088U 20006AW  23216.33674382  .00001184  00000-0  98345-4 0  9990
2 45088  53.0535 183.9404 0001549  80.1063 280.0101 15.06403257194081
1 45088U 20006AW  23217.13292414  .00002196  00000-0  16635-3 0  9996
2 45088  53.0544 180.3648 0001637  94.9571 265.1604 15.06382908194202
1 45088U 20006AW  23218.19444257  .00005962  00000-0  41845-3 0  9992
2 45088  53.0531 175.5986 0001380  79.3991 280.7153 15.06433198194364
1 45088U 20006AW  23218.59253105  .00000036  00000-0  21297-4 0  9993
2 45088  53.0537 173.8134 0001316 104.8956 255.2179 15.06408445194429
1 45088U 20006AW  23219.12331069 -.00007670  00000-0 -49671-3 0  9997
2 45088  53.0528 171.4308 0001385  99.6846 260.4300 15.06390095194505
1 45088U 20006AW  23220.11851803  .00017850  00000-0  12140-2 0  9990
2 45088  53.0522 166.9634 0001344 111.4440 248.6692 15.06406320194655
1 45088U 20006AW  23220.58296056  .00000712  00000-0  66738-4 0  9997
2 45088  53.0528 164.8778 0002423  92.1172 268.0094 15.06378769194728
1 45088U 20006AW  23221.24643756  .00016087  00000-0  10966-2 0  9996
2 45088  53.0527 161.9000 0002808  86.3677 273.7633 15.06392243194821
1 45088U 20006AW  23222.24161927  .00031199  00000-0  21007-2 0  9991
2 45088  53.0510 157.4337 0002611  84.6316 275.4970 15.06459982194972
1 45088U 20006AW  23222.50699813  .00025081  00000-0  16959-2 0  9993
2 45088  53.0524 156.2409 0001136  92.1383 267.9736 15.06417220195014
1 45088U 20006AW  23223.10412865  .00021244  00000-0  14407-2 0  9993
2 45088  53.0485 153.5605 0001686  94.8810 265.2372 15.06401789195102
1 45088U 20006AW  23223.50220935  .00023989  00000-0  16235-2 0  9991
2 45088  53.0524 151.7736 0001425  92.1667 267.9485 15.06408898195161
1 45088U 20006AW  23224.76279330  .00013104  00000-0  89680-3 0  9996
2 45088  53.0528 146.1148 0002289  96.4519 263.6731 15.06406407195354
1 45088U 20006AW  23225.16087794  .00014247  00000-0  97373-3 0  9999
2 45088  53.0527 144.3283 0001159 104.1084 256.0034 15.06388564195414
1 45088U 20006AW  23227.01859067  .00008320  00000-0  57672-3 0  9998
2 45088  53.0541 135.9881 0001502  96.6772 263.4388 15.06403338195692
1 45088U 20006AW  23228.14647693  .00015058  00000-0  10268-2 0  9998
2 45088  53.0535 130.9265 0001463  97.7302 262.3853 15.06429236195862
1 45088U 20006AW  23228.74360558  .00000770  00000-0  70579-4 0  9994
2 45088  53.0546 128.2450 0001583 101.6926 258.4240 15.06398263195951
1 45088U 20006AW  23230.13687986  .00020486  00000-0  13887-2 0  9990
2 45088  53.0535 121.9912 0001364 101.1868 258.9275 15.06439165196163
1 45088U 20006AW  23230.73401002  .00012096  00000-0  82962-3 0  9998
2 45088  53.0534 119.3093 0001374 104.3257 255.7884 15.06397396196251
1 45088U 20006AW  23231.06575175  .00021133  00000-0  14342-2 0  9996
2 45088  53.0529 117.8214 0001238  77.2900 282.8227 15.06378945196302
1 45088U 20006AW  23232.06094830  .00030428  00000-0  20509-2 0  9990
2 45088  53.0525 113.3532 0001222  77.0776 283.0349 15.06435708196459
1 45088U 20006AW  23232.65807096  .00009247  00000-0  63873-3 0  9998
2 45088  53.0526 110.6706 0001157  99.3373 260.7747 15.06406758196547
1 45088U 20006AW  23233.85231345  .00021176  00000-0  14355-2 0  9994
2 45088  53.0523 105.3104 0001217  95.7792 264.3335 15.06419950196720
1 45088U 20006AW  23234.71482615  .00004460  00000-0  31812-3 0  9993
2 45088  53.0524 101.4391 0001486  87.2612 272.8547 15.06399992196857
1 45088U 20006AW  23236.04176241  .00013352  00000-0  91311-3 0  9996
2 45088  53.0538  95.4813 0001449  93.0350 267.0805 15.06417245197054
1 45088U 20006AW  23236.04176241  .00013352  00000-0  91311-3 0  9996
2 45088  53.0538  95.4813 0001449  93.0350 267.0805 15.06417245197054
1 45088U 20006AW  23237.03697271  .00008786  00000-0  60801-3 0  9992
2 45088  53.0542  91.0104 0001446 103.7121 256.4028 15.06398084197201
1 45088U 20006AW  23237.03697271  .00008786  00000-0  60801-3 0  9992
2 45088  53.0542  91.0104 0001446 103.7121 256.4028 15.06398084197201
1 45088U 20006AW  23237.89947524  .00013365  00000-0  91391-3 0  9992
2 45088  53.0542  87.1386 0001361  97.8180 262.2963 15.06420340197331
1 45088U 20006AW  23237.96582097  .00013511  00000-0  92363-3 0  9993
2 45088  53.0542  86.8407 0001354  97.9140 262.2003 15.06422328197344
1 45088U 20006AW  23238.56294841  .00002667  00000-0  19789-3 0  9998
2 45088  53.0536  84.1632 0001462  95.7806 264.3349 15.06399524197430
1 45088U 20006AW  23238.76198694  .00004390  00000-0  31345-3 0  9996
2 45088  53.0548  83.2638 0002501 135.2342 224.8849 15.06400537197465
1 45088U 20006AW  23238.89468517  .00005755  00000-0  40499-3 0  9990
2 45088  53.0540  82.6722 0001164 101.4249 258.6871 15.06395689197482
1 45088U 20006AW  23238.96103269  .00005117  00000-0  36220-3 0  9997
2 45088  53.0534  82.3741 0001290 109.5959 250.5169 15.06393101197499
1 45088U 20006AW  23238.96103269  .00005117  00000-0  36220-3 0  9997
2 45088  53.0534  82.3741 0001290 109.5959 250.5169 15.06393101197499
1 45088U 20006AW  23239.82354105  .00014740  00000-0  10060-2 0  9995
2 45088  53.0537  78.5036 0001209  89.8763 270.2364 15.06413921197623
1 45088U 20006AW  23239.95623309  .00014348  00000-0  97970-3 0  9994
2 45088  53.0535  77.9079 0001215  92.2064 267.9064 15.06417082197644
1 45088U 20006AW  23240.28797020  .00001357  00000-0  10999-3 0  9996
2 45088  53.0540  76.4189 0001318  94.5944 265.5195 15.06400971197695
1 45088U 20006AW  23240.68605679  .00002089  00000-0  15910-3 0  9999
2 45088  53.0535  74.6320 0001378  86.1267 273.9879 15.06392342197758
1 45088U 20006AW  23240.81875112  .00003380  00000-0  24576-3 0  9998
2 45088  53.0535  74.0365 0001436  89.7607 270.3546 15.06392149197772
1 45088U 20006AW  23241.81395519  .00013123  00000-0  89800-3 0  9994
2 45088  53.0541  69.5684 0001416  90.3693 269.7459 15.06410698197925
1 45088U 20006AW  23241.94664747  .00012080  00000-0  82817-3 0  9992
2 45088  53.0541  68.9723 0001431  91.1922 268.9231 15.06413092197945
1 45088U 20006AW  23242.67646502 -.00002877  00000-0 -17432-3 0  9998
2 45088  53.0547  65.6961 0001534  94.3821 265.7343 15.06393781198050
1 45088U 20006AW  23242.80915970  .00002346  00000-0  17631-3 0  9991
2 45088  53.0532  65.1010 0001479  92.9173 267.1985 15.06399520198073
1 45088U 20006AW  23243.47262317  .00005113  00000-0  36180-3 0  9990
2 45088  53.0540  62.1216 0001379  92.1465 267.9682 15.06410016198179
1 45088U 20006AW  23243.87069867  .00007802  00000-0  54181-3 0  9997
2 45088  53.0537  60.3345 0001471  92.0472 268.0686 15.06420108198234
1 45088U 20006AW  23244.53417012 -.00003416  00000-0 -21059-3 0  9997
2 45088  53.0537  57.3564 0001303  95.9780 264.1357 15.06395020198338
1 45088U 20006AW  23244.53417012 -.00003416  00000-0 -21059-3 0  9997
2 45088  53.0537  57.3564 0001303  95.9780 264.1357 15.06395020198338
1 45088U 20006AW  23244.86590485  .00001306  00000-0  10654-3 0  9992
2 45088  53.0534  55.8664 0001362  93.1447 266.9697 15.06400750198383
1 45088U 20006AW  23245.46302414  .00010018  00000-0  69026-3 0  9999
2 45088  53.0538  53.1857 0001424  93.2694 266.8458 15.06412599198474
1 45088U 20006AW  23245.46302414  .00010018  00000-0  69026-3 0  9999
2 45088  53.0538  53.1857 0001424  93.2694 266.8458 15.06412599198474
1 45088U 20006AW  23245.86109722  .00029012  00000-0  19562-2 0  9993
2 45088  53.0543  51.3991 0001306  92.8524 267.2615 15.06444560198535
1 45088U 20006AW  23245.86109722  .00029012  00000-0  19562-2 0  9993
2 45088  53.0543  51.3991 0001306  92.8524 267.2615 15.06444560198535
1 45088U 20006AW  23246.45822420  .00009626  00000-0  66397-3 0  9994
2 45088  53.0543  48.7181 0002420  83.9950 276.1314 15.06415211198624
1 45088U 20006AW  23246.45822420  .00009626  00000-0  66397-3 0  9994
2 45088  53.0543  48.7181 0002420  83.9950 276.1314 15.06415211198624
1 45088U 20006AW  23246.72361205  .00007716  00000-0  53619-3 0  9994
2 45088  53.0546  47.5267 0002220  87.9664 272.1580 15.06408452198667
1 45088U 20006AW  23246.85630737  .00001926  00000-0  14818-3 0  9992
2 45088  53.0555  46.9311 0001928  89.5545 270.5665 15.06396606198685
1 45088U 20006AW  23247.45342573  .00008938  00000-0  61796-3 0  9994
2 45088  53.0547  44.2504 0001728  86.4257 273.6929 15.06411103198772
1 45088U 20006AW  23248.44863951  .00000444  00000-0  48709-4 0  9996
2 45088  53.0553  39.7833 0001473  86.2104 273.9053 15.06387752198929
1 45088U 20006AW  23248.44863951  .00000444  00000-0  48709-4 0  9996
2 45088  53.0553  39.7833 0001473  86.2104 273.9053 15.06387752198929
1 45088U 20006AW  23249.11210585  .00007190  00000-0  50100-3 0  9992
2 45088  53.0559  36.8051 0001397  87.1692 272.9457 15.06404306199026
1 45088U 20006AW  23249.44383738  .00011665  00000-0  80038-3 0  9994
2 45088  53.0554  35.3155 0001366  85.7057 274.4088 15.06415468199078
1 45088U 20006AW  23249.44383738  .00011665  00000-0  80038-3 0  9994
2 45088  53.0554  35.3155 0001366  85.7057 274.4088 15.06415468199078
1 45088U 20006AW  23250.43903703 -.00008293  00000-0 -53869-3 0  9992
2 45088  53.0549  30.8480 0001381  99.0707 261.0438 15.06384857199225
1 45088U 20006AW  23250.43903703 -.00008293  00000-0 -53869-3 0  9992
2 45088  53.0549  30.8480 0001381  99.0707 261.0438 15.06384857199225
1 45088U 20006AW  23250.77077831  .00005864  00000-0  41240-3 0  9992
2 45088  53.0545  29.3586 0001549  96.0202 264.0964 15.06383554199279
1 45088U 20006AW  23251.10251797  .00013429  00000-0  91898-3 0  9995
2 45088  53.0558  27.8701 0001918  97.3384 262.7823 15.06388541199326
1 45088U 20006AW  23251.56694155  .00017426  00000-0  11856-2 0  9990
2 45088  53.0551  25.7859 0001298 102.1300 257.9834 15.06409235199393
1 45088U 20006AW  23251.76597909  .00020795  00000-0  14100-2 0  9999
2 45088  53.0549  24.8917 0001197 102.7820 257.3303 15.06421159199424
1 45088U 20006AW  23251.76597909  .00020795  00000-0  14100-2 0  9999
2 45088  53.0549  24.8917 0001197 102.7820 257.3303 15.06421159199424
1 45088U 20006AW  23252.36310584  .00011046  00000-0  75915-3 0  9999
2 45088  53.0548  22.2110 0001329  93.2656 266.8485 15.06407655199519
1 45088U 20006AW  23252.56214938  .00020469  00000-0  13890-2 0  9999
2 45088  53.0553  21.3175 0001321  86.6770 273.4370 15.06401493199545
1 45088U 20006AW  23252.62849510  .00011648  00000-0  79948-3 0  9992
2 45088  53.0555  21.0194 0001286  87.9250 272.1886 15.06405228199551
1 45088U 20006AW  23253.55733909  .00019956  00000-0  13535-2 0  9998
2 45088  53.0557  16.8497 0001347  83.3886 276.7256 15.06436428199696
1 45088U 20006AW  23253.55733909  .00019956  00000-0  13535-2 0  9998
2 45088  53.0557  16.8497 0001347  83.3886 276.7256 15.06436428199696
1 45088U 20006AW  23254.28715596  .00005976  00000-0  41962-3 0  9994
2 45088  53.0562  13.5743 0001582  72.9077 287.2085 15.06412701199805
1 45088U 20006AW  23254.61889502  .00014881  00000-0  10163-2 0  9993
2 45088  53.0565  12.0844 0001077  96.8393 263.2719 15.06380326199859
1 45088U 20006AW  23254.61889502  .00014881  00000-0  10163-2 0  9993
2 45088  53.0565  12.0844 0001077  96.8393 263.2719 15.06380326199859
1 45088U 20006AW  23255.54774802  .00023259  00000-0  15743-2 0  9990
2 45088  53.0561   7.9149 0001259  98.8915 261.2216 15.06422148199994
1 45088U 20006AW  23255.68043838  .00019779  00000-0  13420-2 0  9995
2 45088  53.0566   7.3193 0001227  95.5050 264.6079 15.06428533200015
1 45088U 20006AW  23256.27756124  .00013694  00000-0  93591-3 0  9998
2 45088  53.0562   4.6394 0001548  87.2738 272.8428 15.06421252200101
1 45088U 20006AW  23256.60929526  .00023264  00000-0  15750-2 0  9997
2 45088  53.0554   3.1504 0001049 120.4219 239.6873 15.06412132200156
1 45088U 20006AW  23256.67564408  .00021711  00000-0  14716-2 0  9994
2 45088  53.0555   2.8526 0001050  72.0172 288.0932 15.06408947200163
1 45088U 20006AW  23256.67564408  .00021711  00000-0  14716-2 0  9994
2 45088  53.0555   2.8526 0001050  72.0172 288.0932 15.06408947200163
1 45088U 20006AW  23257.00738602  .00023557  00000-0  15960-2 0  9993
2 45088  53.0558   1.3633 0001306  80.7579 279.3558 15.06378966200210
1 45088U 20006AW  23257.53817250  .00017978  00000-0  12236-2 0  9991
2 45088  53.0558 358.9808 0001281  87.3681 272.7455 15.06373387200297
1 45088U 20006AW  23257.53817250  .00017978  00000-0  12236-2 0  9991
2 45088  53.0558 358.9808 0001281  87.3681 272.7455 15.06373387200297
1 45088U 20006AW  23258.00260974  .00016140  00000-0  11006-2 0  9993
2 45088  53.0559 356.8969 0001382  84.2498 275.8649 15.06378337200364
1 45088U 20006AW  23258.53339164  .00009055  00000-0  62630-3 0  9996
2 45088  53.0575 354.5149 0001752  81.9528 278.1660 15.06383931200440
1 45088U 20006AW  23258.53339164  .00009055  00000-0  62630-3 0  9996
2 45088  53.0575 354.5149 0001752  81.9528 278.1660 15.06383931200440
1 45088U 20006AW  23258.99781612  .00014496  00000-0  98988-3 0  9995
2 45088  53.0571 352.4296 0001605  84.5679 275.5493 15.06406850200518
1 45088U 20006AW  23259.39588764  .00022038  00000-0  14924-2 0  9991
2 45088  53.0552 350.6411 0001301  88.5023 271.6115 15.06433822200579
1 45088U 20006AW  23259.52857776  .00022179  00000-0  15015-2 0  9996
2 45088  53.0557 350.0459 0001357  85.2069 274.9075 15.06440610200591
1 45088U 20006AW  23260.39108636  .00028799  00000-0  19438-2 0  9994
2 45088  53.0558 346.1744 0001083  90.7409 269.3704 15.06411683200720
1 45088U 20006AW  23260.39108636  .00028799  00000-0  19438-2 0  9994
2 45088  53.0558 346.1744 0001083  90.7409 269.3704 15.06411683200720
1 45088U 20006AW  23261.45262066  .00023644  00000-0  15990-2 0  9993
2 45088  53.0559 341.4096 0001221  91.3209 268.7920 15.06443307200886
1 45088U 20006AW  23261.45262066  .00023644  00000-0  15990-2 0  9993
2 45088  53.0559 341.4096 0001221  91.3209 268.7920 15.06443307200886
1 45088U 20006AW  23261.91704197  .00012204  00000-0  83583-3 0  9994
2 45088  53.0558 339.3233 0001697  76.4012 283.7166 15.06442017200951
1 45088U 20006AW  23262.44782284  .00024041  00000-0  16279-2 0  9995
2 45088  53.0557 336.9421 0001334  74.6747 285.4390 15.06386992201032
1 45088U 20006AW  23263.50939194  .00002537  00000-0  18928-3 0  9997
2 45088  53.0549 332.1767 0001525  74.8796 285.2362 15.06373779201195
1 45088U 20006AW  23263.50939194  .00002537  00000-0  18928-3 0  9997
2 45088  53.0549 332.1767 0001525  74.8796 285.2362 15.06373779201195
1 45088U 20006AW  23264.50461184  .00002030  00000-0  15526-3 0  9996
2 45088  53.0554 327.7092 0001686  75.1322 284.9854 15.06377008201347
1 45088U 20006AW  23264.90269188  .00006072  00000-0  42632-3 0  9998
2 45088  53.0547 325.9217 0001419  82.4189 277.6961 15.06390052201403
1 45088U 20006AW  23264.90269188  .00006072  00000-0  42632-3 0  9998
2 45088  53.0547 325.9217 0001419  82.4189 277.6961 15.06390052201403
1 45088U 20006AW  23265.43346220  .00015216  00000-0  10377-2 0  9990
2 45088  53.0543 323.5389 0001463  79.6394 280.4760 15.06417013201482
1 45088U 20006AW  23265.43346220  .00015216  00000-0  10377-2 0  9990
2 45088  53.0543 323.5389 0001463  79.6394 280.4760 15.06417013201482
1 45088U 20006AW  23265.89788722  .00008670  00000-0  59998-3 0  9996
2 45088  53.0558 321.4566 0001661  55.9489 304.1657 15.06417224201555
1 45088U 20006AW  23265.89788722  .00008670  00000-0  59998-3 0  9996
2 45088  53.0558 321.4566 0001661  55.9489 304.1657 15.06417224201555
1 45088U 20006AW  23266.42866406  .00002066  00000-0  15753-3 0  9996
2 45088  53.0566 319.0686 0001719 119.6900 240.4260 15.06401146201637
1 45088U 20006AW  23266.42866406  .00002066  00000-0  15753-3 0  9996
2 45088  53.0566 319.0686 0001719 119.6900 240.4260 15.06401146201637
1 45088U 20006AW  23267.15846520  .00005392  00000-0  38034-3 0  9994
2 45088  53.0545 315.7928 0001598 106.8384 253.2780 15.06423326201740
1 45088U 20006AW  23267.42384831  .00021111  00000-0  14302-2 0  9994
2 45088  53.0550 314.6031 0001481  94.1426 265.9733 15.06444970201786
1 45088U 20006AW  23267.42384831  .00021111  00000-0  14302-2 0  9994
2 45088  53.0550 314.6031 0001481  94.1426 265.9733 15.06444970201786
1 45088U 20006AW  23268.08731634  .00007745  00000-0  53793-3 0  9999
2 45088  53.0551 311.6247 0001784  82.7519 277.3673 15.06422048201888
1 45088U 20006AW  23268.41905587  .00040498  00000-0  27223-2 0  9996
2 45088  53.0546 310.1356 0001528  68.5782 291.5370 15.06397124201931
1 45088U 20006AW  23268.41905587  .00040498  00000-0  27223-2 0  9996
2 45088  53.0546 310.1356 0001528  68.5782 291.5370 15.06397124201931
1 45088U 20006AW  23269.08252268  .00022776  00000-0  15422-2 0  9998
2 45088  53.0543 307.1566 0001581  70.5868 289.5292 15.06418259202039
1 45088U 20006AW  23269.41424223  .00043070  00000-0  28871-2 0  9999
2 45088  53.0541 305.6686 0001828  49.1556 310.9591 15.06472319202086
1 45088U 20006AW  23269.41424223  .00043070  00000-0  28871-2 0  9999
2 45088  53.0541 305.6686 0001828  49.1556 310.9591 15.06472319202086
1 45088U 20006AW  23270.07772399  .00019665  00000-0  13353-2 0  9995
2 45088  53.0542 302.6908 0002467  73.6491 286.4769 15.06402000202186
1 45088U 20006AW  23270.40946173  .00018972  00000-0  12897-2 0  9997
2 45088  53.0533 301.2002 0001404  87.4359 272.6791 15.06382916202233
1 45088U 20006AW  23270.40946173  .00018972  00000-0  12897-2 0  9997
2 45088  53.0533 301.2002 0001404  87.4359 272.6791 15.06382916202233
1 45088U 20006AW  23271.33831710  .00015495  00000-0  10565-2 0  9997
2 45088  53.0531 297.0290 0001522  96.4391 263.6771 15.06410955202377
1 45088U 20006AW  23271.33831710  .00015495  00000-0  10565-2 0  9997
2 45088  53.0531 297.0290 0001522  96.4391 263.6771 15.06410955202377
1 45088U 20006AW  23272.06813847  .00008944  00000-0  61853-3 0  9997
2 45088  53.0516 293.7533 0001622  79.5705 280.5467 15.06402523202489
1 45088U 20006AW  23272.33352694  .00005657  00000-0  39839-3 0  9992
2 45088  53.0526 292.5604 0001517 101.4991 258.6168 15.06394928202529
1 45088U 20006AW  23272.33352694  .00005657  00000-0  39839-3 0  9992
2 45088  53.0526 292.5604 0001517 101.4991 258.6168 15.06394928202529
1 45088U 20006AW  23273.26237765  .00014285  00000-0  97544-3 0  9990
2 45088  53.0532 288.3893 0001645 107.0107 253.1062 15.06418814202661
1 45088U 20006AW  23273.32872376  .00015282  00000-0  10420-2 0  9995
2 45088  53.0531 288.0922 0001579  96.3749 263.7420 15.06422397202675
1 45088U 20006AW  23274.19123749  .00010506  00000-0  72301-3 0  9995
2 45088  53.0535 284.2211 0001654 104.1388 255.9785 15.06408210202809
1 45088U 20006AW  23274.45662863  .00008731  00000-0  60433-3 0  9999
2 45088  53.0535 283.0305 0001630  78.1900 281.9271 15.06396866202840
1 45088U 20006AW  23274.45662863  .00008731  00000-0  60433-3 0  9999
2 45088  53.0535 283.0305 0001630  78.1900 281.9271 15.06396866202840
1 45088U 20006AW  23274.72201737  .00007686  00000-0  53437-3 0  9992
2 45088  53.0537 281.8405 0001739  95.6093 264.5094 15.06396264202882
1 45088U 20006AW  23275.71721332  .00004025  00000-0  28889-3 0  9997
2 45088  53.0538 277.3710 0001526  95.1284 264.9880 15.06405428203031
1 45088U 20006AW  23275.71721332  .00004025  00000-0  28889-3 0  9997
2 45088  53.0538 277.3710 0001526  95.1284 264.9880 15.06405428203031
1 45088U 20006AW  23276.18164547 -.00002752  00000-0 -16596-3 0  9997
2 45088  53.0532 275.2861 0001392  95.4470 264.6678 15.06388980203103
1 45088U 20006AW  23276.31434252  .00018395  00000-0  12512-2 0  9996
2 45088  53.0532 274.6909 0001352  95.5647 264.5496 15.06382506203129
1 45088U 20006AW  23277.04415630  .00022253  00000-0  15074-2 0  9990
2 45088  53.0540 271.4133 0001505  92.7660 267.3501 15.06417329203238
1 45088U 20006AW  23277.30953822  .00025903  00000-0  17499-2 0  9997
2 45088  53.0535 270.2233 0001437  96.9953 263.1200 15.06433047203274
1 45088U 20006AW  23277.70762460  .00015157  00000-0  10340-2 0  9995
2 45088  53.0539 268.4359 0001975  74.7996 285.3211 15.06409323203339
1 45088U 20006AW  23277.70762460  .00015157  00000-0  10340-2 0  9995
2 45088  53.0539 268.4359 0001975  74.7996 285.3211 15.06409323203339
1 45088U 20006AW  23277.97301749  .00013604  00000-0  93061-3 0  9990
2 45088  53.0534 267.2445 0002325  81.3590 278.7663 15.06391217203374
1 45088U 20006AW  23278.37110276  .00033353  00000-0  22481-2 0  9998
2 45088  53.0536 265.4573 0001476  82.0176 278.0981 15.06388581203435
1 45088U 20006AW  23278.37110276  .00033353  00000-0  22481-2 0  9998
2 45088  53.0536 265.4573 0001476  82.0176 278.0981 15.06388581203435
1 45088U 20006AW  23278.70283647  .00033133  00000-0  22322-2 0  9998
2 45088  53.0536 263.9677 0001475  83.8672 276.2485 15.06409997203481
1 45088U 20006AW  23279.36628965  .00030113  00000-0  20291-2 0  9995
2 45088  53.0538 260.9896 0001515  84.4095 275.7067 15.06450643203589
1 45088U 20006AW  23279.36628965  .00030113  00000-0  20291-2 0  9995
2 45088  53.0538 260.9896 0001515  84.4095 275.7067 15.06450643203589
1 45088U 20006AW  23280.42785390  .00020187  00000-0  13706-2 0  9993
2 45088  53.0537 256.2248 0001454 107.4334 252.6814 15.06390484203749
1 45088U 20006AW  23280.56054743  .00021910  00000-0  14853-2 0  9998
2 45088  53.0538 255.6293 0001509 109.0186 251.0966 15.06397644203765
1 45088U 20006AW  23280.89227913  .00022384  00000-0  15163-2 0  9996
2 45088  53.0537 254.1399 0001509 111.4086 248.7064 15.06413379203813
1 45088U 20006AW  23281.29034994  .00027226  00000-0  18375-2 0  9994
2 45088  53.0536 252.3532 0001565 110.7783 249.3374 15.06443170203878
1 45088U 20006AW  23281.29034994  .00027226  00000-0  18375-2 0  9994
2 45088  53.0536 252.3532 0001565 110.7783 249.3374 15.06443170203878
1 45088U 20006AW  23281.62209042  .00014208  00000-0  97031-3 0  9992
2 45088  53.0541 250.8637 0002822  82.4551 277.6759 15.06419319203923
1 45088U 20006AW  23281.62209042  .00014208  00000-0  97031-3 0  9992
2 45088  53.0541 250.8637 0002822  82.4551 277.6759 15.06419319203923
1 45088U 20006AW  23282.08652192  .00015617  00000-0  10653-2 0  9990
2 45088  53.0533 248.7789 0002263  86.2875 273.8373 15.06389231203994
1 45088U 20006AW  23282.28556135  .00034377  00000-0  23159-2 0  9991
2 45088  53.0531 247.8850 0001268  98.1861 261.9271 15.06393785204021
1 45088U 20006AW  23282.61729892  .00027373  00000-0  18493-2 0  9993
2 45088  53.0531 246.3958 0001425  86.8311 273.2841 15.06401812204078
1 45088U 20006AW  23283.08172700  .00021826  00000-0  14791-2 0  9999
2 45088  53.0529 244.3112 0001820  88.8672 271.2526 15.06412031204147
1 45088U 20006AW  23283.28076432  .00021431  00000-0  14525-2 0  9993
2 45088  53.0526 243.4181 0001569  89.8899 270.2269 15.06418876204171
1 45088U 20006AW  23283.61251469  .00005252  00000-0  37148-3 0  9995
2 45088  53.0534 241.9287 0002973  76.1134 284.0186 15.06377678204222
1 45088U 20006AW  23283.87790700  .00016164  00000-0  11021-2 0  9994
2 45088  53.0524 240.7376 0003190  77.8521 282.2825 15.06379765204260
1 45088U 20006AW  23284.14329935  .00027099  00000-0  18329-2 0  9990
2 45088  53.0529 239.5459 0001416  78.3891 281.7257 15.06365326204304
1 45088U 20006AW  23284.60772697  .00052938  00000-0  35443-2 0  9994
2 45088  53.0541 237.4596 0001586  83.4522 276.6647 15.06420791204374
1 45088U 20006AW  23284.60772697  .00052938  00000-0  35443-2 0  9994
2 45088  53.0541 237.4596 0001586  83.4522 276.6647 15.06420791204374
1 45088U 20006AW  23285.27117198  .00045652  00000-0  30574-2 0  9992
2 45088  53.0546 234.4808 0001593  87.3659 272.7513 15.06479218204472
1 45088U 20006AW  23285.27117198  .00045652  00000-0  30574-2 0  9992
2 45088  53.0546 234.4808 0001593  87.3659 272.7513 15.06479218204472
1 45088U 20006AW  23286.20004125  .00030432  00000-0  20540-2 0  9993
2 45088  53.0549 230.3110 0001579 111.1038 249.0119 15.06383246204617
1 45088U 20006AW  23286.26638978  .00039464  00000-0  26545-2 0  9993
2 45088  53.0550 230.0132 0001598 110.4051 249.7109 15.06385414204624
1 45088U 20006AW  23287.12887889  .00053418  00000-0  35706-2 0  9990
2 45088  53.0546 226.1419 0001620 118.7669 241.3482 15.06476990204751
1 45088U 20006AW  23287.52695062  .00027390  00000-0  18479-2 0  9992
2 45088  53.0553 224.3544 0000219 356.0492   4.0495 15.06453381204816
1 45088U 20006AW  23287.79235776 -.00009384  00000-0 -61221-3 0  9992
2 45088  53.0556 223.1637 0003175  86.1495 273.9857 15.06376613204852
1 45088U 20006AW  23287.79235776 -.00009384  00000-0 -61221-3 0  9992
2 45088  53.0556 223.1637 0003175  86.1495 273.9857 15.06376613204852
1 45088U 20006AW  23288.05775779  .00024906  00000-0  16872-2 0  9990
2 45088  53.0547 221.9725 0000784  84.0654 276.0424 15.06352383204899
1 45088U 20006AW  23288.52219003  .00043211  00000-0  29019-2 0  9992
2 45088  53.0543 219.8877 0001143  94.7438 265.3681 15.06402708204968
1 45088U 20006AW  23289.51738189  .00009550  00000-0  65870-3 0  9997
2 45088  53.0547 215.4200 0002249  72.4002 287.7232 15.06425800205118
1 45088U 20006AW  23289.51738189  .00009550  00000-0  65870-3 0  9997
2 45088  53.0547 215.4200 0002249  72.4002 287.7232 15.06425800205118
1 45088U 20006AW  23290.51260175  .00034513  00000-0  23245-2 0  9990
2 45088  53.0539 210.9536 0001955  77.7250 282.3958 15.06400631205264
1 45088U 20006AW  23290.51260175  .00034513  00000-0  23245-2 0  9990
2 45088  53.0539 210.9536 0001955  77.7250 282.3958 15.06400631205264
1 45088U 20006AW  23291.17605691  .00032877  00000-0  22131-2 0  9993
2 45088  53.0537 207.9747 0001634  79.2160 280.9012 15.06444543205369
1 45088U 20006AW  23291.50779239  .00006998  00000-0  48800-3 0  9997
2 45088  53.0546 206.4857 0001856  84.9745 275.1456 15.06416860205418
1 45088U 20006AW  23291.90587579  .00017915  00000-0  12185-2 0  9992
2 45088  53.0537 204.6984 0001473  97.7225 262.3932 15.06401317205473
1 45088U 20006AW  23292.17126497  .00042747  00000-0  28703-2 0  9994
2 45088  53.0536 203.5075 0001584  95.0991 265.0179 15.06413133205512
1 45088U 20006AW  23292.17126497  .00042747  00000-0  28703-2 0  9994
2 45088  53.0536 203.5075 0001584  95.0991 265.0179 15.06413133205512
1 45088U 20006AW  23293.03374498  .00043069  00000-0  28861-2 0  9999
2 45088  53.0535 199.6356 0001535  99.2193 260.8970 15.06484151205648
1 45088U 20006AW  23293.76357028  .00020056  00000-0  13614-2 0  9990
2 45088  53.0532 196.3593 0000742  55.7828 304.3231 15.06403079205759
1 45088U 20006AW  23293.89626743 -.00003919  00000-0 -24471-3 0  9992
2 45088  53.0533 195.7638 0001144  80.0724 280.0394 15.06346283205771
1 45088U 20006AW  23294.09531928  .00033237  00000-0  22431-2 0  9992
2 45088  53.0535 194.8701 0001134  74.1436 285.9678 15.06344043205802
1 45088U 20006AW  23294.42706157  .00037951  00000-0  25550-2 0  9999
2 45088  53.0537 193.3814 0001111  77.1674 282.9439 15.06371559205854
1 45088U 20006AW  23294.95783827  .00027065  00000-0  18287-2 0  9990
2 45088  53.0535 190.9983 0001181  78.8144 281.2978 15.06403490205938
1 45088U 20006AW  23295.15687609  .00023458  00000-0  15878-2 0  9999
2 45088  53.0535 190.1048 0001141  80.9679 279.1439 15.06415208205966
1 45088U 20006AW  23295.15687609  .00023458  00000-0  15878-2 0  9999
2 45088  53.0535 190.1048 0001141  80.9679 279.1439 15.06415208205966
1 45088U 20006AW  23295.95303199  .00002621  00000-0  19478-3 0  9996
2 45088  53.0534 186.5308 0001718  20.7476 339.3582 15.06405800206089
1 45088U 20006AW  23296.01937910  .00010764  00000-0  74064-3 0  9997
2 45088  53.0534 186.2335 0001084  57.3695 302.7398 15.06388736206099
1 45088U 20006AW  23296.94823919  .00024253  00000-0  16410-2 0  9990
2 45088  53.0534 182.0638 0000929  63.1709 296.9375 15.06410472206235
1 45088U 20006AW  23297.41266748  .00013519  00000-0  92464-3 0  9991
2 45088  53.0531 179.9779 0001016  82.3758 277.7346 15.06402207206308
1 45088U 20006AW  23297.41266748  .00013519  00000-0  92464-3 0  9991
2 45088  53.0531 179.9779 0001016  82.3758 277.7346 15.06402207206308
1 45088U 20006AW  23298.93863197  .00009031  00000-0  62395-3 0  9994
2 45088  53.0543 173.1281 0000879  76.6180 283.4907 15.06426376206531
1 45088U 20006AW  23299.07132443  .00013492  00000-0  92215-3 0  9993
2 45088  53.0547 172.5325 0000950  79.4942 280.6154 15.06432270206559
1 45088U 20006AW  23299.86749318  .00004312  00000-0  30819-3 0  9998
2 45088  53.0541 168.9584 0000941  91.2296 268.8800 15.06402010206671
1 45088U 20006AW  23299.93384152  .00001926  00000-0  14817-3 0  9995
2 45088  53.0545 168.6602 0001009  82.3758 277.7345 15.06396237206680
1 45088U 20006AW  23300.33192558  .00011667  00000-0  80088-3 0  9995
2 45088  53.0544 166.8734 0001023  84.7070 275.4036 15.06398768206744
1 45088U 20006AW  23300.92904228  .00014532  00000-0  99201-3 0  9996
2 45088  53.0541 164.1927 0000952  83.0495 277.0602 15.06416923206830
1 45088U 20006AW  23300.92904228  .00014532  00000-0  99201-3 0  9996
2 45088  53.0541 164.1927 0000952  83.0495 277.0602 15.06416923206830
1 45088U 20006AW  23301.32712170  .00001272  00000-0  10422-3 0  9999
2 45088  53.0530 162.4059 0000909  84.0283 276.0810 15.06406483206899
1 45088U 20006AW  23301.32712170  .00001272  00000-0  10422-3 0  9999
2 45088  53.0530 162.4059 0000909  84.0283 276.0810 15.06406483206899
1 45088U 20006AW  23301.85790702 -.00002113  00000-0 -12306-3 0  9994
2 45088  53.0539 160.0203 0001327  84.2470 275.8671 15.06387723206974
1 45088U 20006AW  23301.92425310  .00001087  00000-0  91893-4 0  9998
2 45088  53.0532 159.7253 0001152  92.3757 267.7364 15.06392985206987
1 45088U 20006AW  23302.32233628  .00016560  00000-0  11280-2 0  9994
2 45088  53.0534 157.9388 0001226 101.0329 259.0798 15.06401406207045
1 45088U 20006AW  23302.58772210  .00020680  00000-0  14027-2 0  9997
2 45088  53.0530 156.7469 0001161 102.8528 257.2590 15.06412263207083
1 45088U 20006AW  23302.91945115  .00020702  00000-0  14036-2 0  9995
2 45088  53.0527 155.2575 0001126 102.8016 257.3099 15.06426156207131
1 45088U 20006AW  23303.84831762  .00006510  00000-0  45561-3 0  9999
2 45088  53.0529 151.0876 0001030  83.6712 276.4395 15.06393370207271
1 45088U 20006AW  23303.84831762  .00006510  00000-0  45561-3 0  9999
2 45088  53.0529 151.0876 0001030  83.6712 276.4395 15.06393370207271
1 45088U 20006AW  23304.84353712  .00003782  00000-0  27283-3 0  9993
2 45088  53.0541 146.6194 0001165  90.9682 269.1440 15.06379234207424
1 45088U 20006AW  23304.84353712  .00003782  00000-0  27283-3 0  9993
2 45088  53.0541 146.6194 0001165  90.9682 269.1440 15.06379234207424
1 45088U 20006AW  23305.57335469  .00006628  00000-0  46349-3 0  9999
2 45088  53.0533 143.3429 0001066  86.6122 273.4989 15.06392913207538
1 45088U 20006AW  23305.83874129  .00009116  00000-0  63006-3 0  9993
2 45088  53.0527 142.1515 0001045  80.8348 279.2759 15.06402707207573
1 45088U 20006AW  23305.83874129  .00009116  00000-0  63006-3 0  9993
2 45088  53.0527 142.1515 0001045  80.8348 279.2759 15.06402707207573
1 45088U 20006AW  23306.50220443  .00007548  00000-0  52487-3 0  9990
2 45088  53.0527 139.1733 0001034  80.1903 279.9203 15.06413151207676
1 45088U 20006AW  23306.83393429  .00006784  00000-0  47369-3 0  9995
2 45088  53.0530 137.6840 0001026  79.7394 280.3710 15.06417521207721
1 45088U 20006AW  23307.16566641  .00002137  00000-0  16227-3 0  9997
2 45088  53.0530 136.1948 0001069  81.5492 278.5618 15.06412106207776
1 45088U 20006AW  23307.56374402  .00000255  00000-0  36017-4 0  9992
2 45088  53.0528 134.4076 0001050  81.1626 278.9482 15.06410135207831
1 45088U 20006AW  23307.89547470  .00001895  00000-0  14604-3 0  9993
2 45088  53.0532 132.9184 0001036  80.9078 279.2028 15.06413771207885
1 45088U 20006AW  23308.22720454  .00002197  00000-0  16628-3 0  9990
2 45088  53.0533 131.4293 0001027  81.2840 278.8265 15.06416205207931
1 45088U 20006AW  23308.22720454  .00002197  00000-0  16628-3 0  9990
2 45088  53.0533 131.4293 0001027  81.2840 278.8265 15.06416205207931
1 45088U 20006AW  23308.82431551  .00003019  00000-0  22130-3 0  9992
2 45088  53.0536 128.7483 0001001  83.4148 276.6955 15.06424452208027
1 45088U 20006AW  23309.48778096  .00001048  00000-0  89187-4 0  9999
2 45088  53.0538 125.7696 0001000  91.5951 268.5153 15.06416253208124
1 45088U 20006AW  23309.48778096  .00001048  00000-0  89187-4 0  9999
2 45088  53.0538 125.7696 0001000  91.5951 268.5153 15.06416253208124
1 45088U 20006AW  23309.75317022 -.00003488  00000-0 -21531-3 0  9997
2 45088  53.0536 124.5795 0000973  93.2715 266.8386 15.06408969208162
1 45088U 20006AW  23309.75317022 -.00003488  00000-0 -21531-3 0  9997
2 45088  53.0536 124.5795 0000973  93.2715 266.8386 15.06408969208162
1 45088U 20006AW  23310.48297296  .00002240  00000-0  16909-3 0  9995
2 45088  53.0530 121.3016 0000988  93.3089 266.8013 15.06421108208277
1 45088U 20006AW  23310.48297296  .00002240  00000-0  16909-3 0  9995
2 45088  53.0530 121.3016 0000988  93.3089 266.8013 15.06421108208277
1 45088U 20006AW  23310.74835654  .00005318  00000-0  37539-3 0  9991
2 45088  53.0527 120.1104 0000957  96.6278 263.4820 15.06426187208316
1 45088U 20006AW  23311.61087718 -.00001606  00000-0 -88935-4 0  9993
2 45088  53.0525 116.2382 0001083  82.3519 277.7593 15.06395191208448
1 45088U 20006AW  23311.74357179 -.00003070  00000-0 -18737-3 0  9997
2 45088  53.0531 115.6430 0001132  78.9192 281.1924 15.06391399208460
1 45088U 20006AW  23312.47340085 -.00001042  00000-0 -51136-4 0  9994
2 45088  53.0535 112.3661 0001154  85.8341 274.2780 15.06375048208579
1 45088U 20006AW  23312.60609416 -.00002413  00000-0 -14323-3 0  9994
2 45088  53.0537 111.7718 0001183  87.2244 272.8880 15.06381650208590
1 45088U 20006AW  23312.73878737 -.00002133  00000-0 -12439-3 0  9997
2 45088  53.0538 111.1753 0001159  88.6992 271.4130 15.06386591208617
1 45088U 20006AW  23312.73878737 -.00002133  00000-0 -12439-3 0  9997
2 45088  53.0538 111.1753 0001159  88.6992 271.4130 15.06386591208617
1 45088U 20006AW  23313.60130581  .00003101  00000-0  22709-3 0  9997
2 45088  53.0550 107.3036 0001242  90.7881 269.3250 15.06381767208749
1 45088U 20006AW  23313.73400053  .00003830  00000-0  27600-3 0  9999
2 45088  53.0539 106.7084 0001279  90.2607 269.8529 15.06386702208763
1 45088U 20006AW  23314.13208217  .00003838  00000-0  27649-3 0  9993
2 45088  53.0541 104.9214 0001290  89.6584 270.4553 15.06391530208827
1 45088U 20006AW  23314.59650812  .00004005  00000-0  28764-3 0  9991
2 45088  53.0534 102.8354 0001215  88.9095 271.2033 15.06399388208895
1 45088U 20006AW  23314.72920083  .00004531  00000-0  32284-3 0  9992
2 45088  53.0531 102.2398 0001218  88.4732 271.6397 15.06402731208917
1 45088U 20006AW  23314.72920083  .00004531  00000-0  32284-3 0  9992
2 45088  53.0531 102.2398 0001218  88.4732 271.6397 15.06402731208917
1 45088U 20006AW  23315.39266965  .00002259  00000-0  17046-3 0  9992
2 45088  53.0530  99.2614 0001228  85.4336 274.6793 15.06401045209012
1 45088U 20006AW  23315.59171089  .00001551  00000-0  12298-3 0  9994
2 45088  53.0530  98.3676 0001233  84.1422 275.9707 15.06399377209044
1 45088U 20006AW  23315.72440480  .00001517  00000-0  12072-3 0  9995
2 45088  53.0536  97.7719 0001212  83.8810 276.2317 15.06400502209061
1 45088U 20006AW  23316.58690875  .00002094  00000-0  15939-3 0  9991
2 45088  53.0535  93.9000 0001217  83.9255 276.1873 15.06406636209194
1 45088U 20006AW  23316.78594738  .00002315  00000-0  17420-3 0  9997
2 45088  53.0535  93.0061 0001217  85.9754 274.1374 15.06408410209228
1 45088U 20006AW  23316.78594738  .00002315  00000-0  17420-3 0  9997
2 45088  53.0535  93.0061 0001217  85.9754 274.1374 15.06408410209228
1 45088U 20006AW  23317.38308998 -.00002783  00000-0 -16815-3 0  9993
2 45088  53.0534  90.3257 0001302  82.7469 277.3668 15.06377528209313
1 45088U 20006AW  23317.51578524 -.00002799  00000-0 -16918-3 0  9993
2 45088  53.0535  89.7299 0001336  91.6435 268.4707 15.06376974209332
1 45088U 20006AW  23318.51098745  .00001302  00000-0  10628-3 0  9995
2 45088  53.0533  85.2600 0001276  90.9285 269.1850 15.06393837209485
1 45088U 20006AW  23318.51098745  .00001302  00000-0  10628-3 0  9995
2 45088  53.0533  85.2600 0001276  90.9285 269.1850 15.06393837209485
1 45088U 20006AW  23318.64367904  .00003305  00000-0  24067-3 0  9992
2 45088  53.0536  84.6661 0001277  89.3896 270.7240 15.06400546209509
1 45088U 20006AW  23318.64367904  .00003305  00000-0  24067-3 0  9992
2 45088  53.0536  84.6661 0001277  89.3896 270.7240 15.06400546209509
1 45088U 20006AW  23319.63887987  .00008365  00000-0  57953-3 0  9991
2 45088  53.0548  80.1986 0001236  85.5310 274.5820 15.06416377209658
1 45088U 20006AW  23320.03695464  .00006095  00000-0  42748-3 0  9998
2 45088  53.0542  78.4124 0001233  88.3696 271.7434 15.06421028209717
1 45088U 20006AW  23320.30233745  .00005423  00000-0  38246-3 0  9990
2 45088  53.0543  77.2210 0001226  88.4074 271.7055 15.06423169209755
1 45088U 20006AW  23321.49658514 -.00002349  00000-0 -13888-3 0  9997
2 45088  53.0553  71.8588 0001359  40.4919 319.6171 15.06397948209933
1 45088U 20006AW  23321.56293269 -.00004536  00000-0 -28589-3 0  9991
2 45088  53.0552  71.5614 0001225  75.4735 284.6389 15.06389849209949
1 45088U 20006AW  23322.55814772 -.00001574  00000-0 -86834-4 0  9996
2 45088  53.0571  67.0938 0001174  89.4251 270.6872 15.06390127210091
1 45088U 20006AW  23322.55814772 -.00001574  00000-0 -86834-4 0  9996
2 45088  53.0571  67.0938 0001174  89.4251 270.6872 15.06390127210091
1 45088U 20006AW  23322.69079995 -.00023678  00000-0 -15727-2 0  9991
2 45088  53.0572  66.4978 0001540 118.6131 241.5013 15.06475767210119
1 45088U 20006AW  23322.69079995 -.00023678  00000-0 -15727-2 0  9991
2 45088  53.0572  66.4978 0001540 118.6131 241.5013 15.06475767210119
1 45088U 20006AW  23323.02257411  .00003102  00000-0  22712-3 0  9991
2 45088  53.0566  65.0091 0001200  83.2932 276.8194 15.06384268210163
1 45088U 20006AW  23323.48699860  .00004788  00000-0  34016-3 0  9990
2 45088  53.0558  62.9253 0001146  73.4566 286.6549 15.06395779210233
1 45088U 20006AW  23323.55334966  .00006743  00000-0  47115-3 0  9998
2 45088  53.0549  62.6277 0001208  71.1716 288.9404 15.06399276210249
1 45088U 20006AW  23324.41584654  .00009141  00000-0  63133-3 0  9998
2 45088  53.0546  58.7558 0001259  69.1992 290.9131 15.06424640210371
1 45088U 20006AW  23324.54853696  .00010920  00000-0  75020-3 0  9992
2 45088  53.0546  58.1601 0001285  67.3093 292.8032 15.06431956210396
1 45088U 20006AW  23325.41104343  .00002172  00000-0  16459-3 0  9998
2 45088  53.0550  54.2881 0001224  74.9513 285.1611 15.06413926210522
1 45088U 20006AW  23325.47739037  .00003275  00000-0  23857-3 0  9993
2 45088  53.0553  53.9904 0001316  71.8886 288.2246 15.06414754210537
1 45088U 20006AW  23326.47258069  .00013122  00000-0  89741-3 0  9991
2 45088  53.0556  49.5232 0001320  85.1694 274.9445 15.06430577210685
1 45088U 20006AW  23326.47258069  .00013122  00000-0  89741-3 0  9991
2 45088  53.0556  49.5232 0001320  85.1694 274.9445 15.06430577210685
1 45088U 20006AW  23327.46778354  .00003379  00000-0  24567-3 0  9993
2 45088  53.0563  45.0536 0002372 147.4792 212.6344 15.06400892210831
1 45088U 20006AW  23327.53413508 -.00000967  00000-0 -46078-4 0  9992
2 45088  53.0551  44.7516 0001162 107.3811 252.7305 15.06389886210847
1 45088U 20006AW  23327.60048318 -.00002756  00000-0 -16624-3 0  9994
2 45088  53.0552  44.4554 0001150  98.9871 261.1248 15.06390502210853
1 45088U 20006AW  23327.60048318 -.00002756  00000-0 -16624-3 0  9994
2 45088  53.0552  44.4554 0001150  98.9871 261.1248 15.06390502210853
1 45088U 20006AW  23328.52935952  .00008978  00000-0  62132-3 0  9990
2 45088  53.0561  40.2908 0001597 102.0365 258.0803 15.06371678210990
1 45088U 20006AW  23328.52935952  .00008978  00000-0  62132-3 0  9990
2 45088  53.0561  40.2908 0001597 102.0365 258.0803 15.06371678210990
1 45088U 20006AW  23329.45821916  .00002422  00000-0  18148-3 0  9993
2 45088  53.0558  36.1223 0001483  82.3761 277.7396 15.06385240211136
1 45088U 20006AW  23330.45340254  .00010635  00000-0  73123-3 0  9995
2 45088  53.0560  31.6583 0002115  58.2445 301.8750 15.06427665211289
1 45088U 20006AW  23330.45340254  .00010635  00000-0  73123-3 0  9995
2 45088  53.0560  31.6583 0002115  58.2445 301.8750 15.06427665211289
1 45088U 20006AW  23331.18322397 -.00003626  00000-0 -22467-3 0  9993
2 45088  53.0571  28.3709 0001396 134.9618 225.1484 15.06394573211393
1 45088U 20006AW  23331.44861704 -.00011536  00000-0 -75737-3 0  9999
2 45088  53.0567  27.1803 0001736 128.5968 231.5176 15.06373026211439
1 45088U 20006AW  23331.44861704 -.00011536  00000-0 -75737-3 0  9999
2 45088  53.0567  27.1803 0001736 128.5968 231.5176 15.06373026211439
1 45088U 20006AW  23332.37749308  .00015764  00000-0  10754-2 0  9999
2 45088  53.0552  23.0155 0001628 115.9944 244.1213 15.06380874211578
1 45088U 20006AW  23332.37749308  .00015764  00000-0  10754-2 0  9999
2 45088  53.0552  23.0155 0001628 115.9944 244.1213 15.06380874211578
1 45088U 20006AW  23333.17366067  .00005998  00000-0  42133-3 0  9990
2 45088  53.0542  19.4397 0001573 118.0696 242.0452 15.06389611211694
1 45088U 20006AW  23333.43905163  .00007440  00000-0  51800-3 0  9990
2 45088  53.0554  18.2514 0001453 115.1641 244.9499 15.06387476211734
1 45088U 20006AW  23333.96982415  .00033997  00000-0  22885-2 0  9999
2 45088  53.0550  15.8689 0001436  99.3635 260.7517 15.06428685211817
1 45088U 20006AW  23334.50058879  .00025162  00000-0  17001-2 0  9997
2 45088  53.0544  13.4852 0001427  94.0698 266.0454 15.06443246211894
1 45088U 20006AW  23335.49579267  .00005468  00000-0  38559-3 0  9994
2 45088  53.0561   9.0180 0001621  99.9843 260.1329 15.06408111212046
1 45088U 20006AW  23335.49579267  .00005468  00000-0  38559-3 0  9994
2 45088  53.0561   9.0180 0001621  99.9843 260.1329 15.06408111212046
1 45088U 20006AW  23336.49097168  .00030566  00000-0  20584-2 0  9995
2 45088  53.0553   4.5511 0001663  92.8814 267.2365 15.06465534212197
1 45088U 20006AW  23336.49097168  .00030566  00000-0  20584-2 0  9995
2 45088  53.0553   4.5511 0001663  92.8814 267.2365 15.06465534212197
1 45088U 20006AW  23337.08810537 -.00012311  00000-0 -80940-3 0  9997
2 45088  53.0552   1.8701 0000981  72.8739 287.2357 15.06384431212282
1 45088U 20006AW  23337.28714771 -.00012146  00000-0 -79823-3 0  9996
2 45088  53.0562   0.9666 0001619 111.3703 248.7459 15.06384488212313
1 45088U 20006AW  23338.34871987 -.00002683  00000-0 -16140-3 0  9995
2 45088  53.0555 356.2136 0001579 115.8269 244.2883 15.06378424212477
1 45088U 20006AW  23338.34871987 -.00002683  00000-0 -16140-3 0  9995
2 45088  53.0555 356.2136 0001579 115.8269 244.2883 15.06378424212477
1 45088U 20006AW  23339.34392411  .00014713  00000-0  10042-2 0  9995
2 45088  53.0548 351.7411 0001954 127.4429 232.6738 15.06414104212622
1 45088U 20006AW  23339.34392411  .00014713  00000-0  10042-2 0  9995
2 45088  53.0548 351.7411 0001954 127.4429 232.6738 15.06414104212622
1 45088U 20006AW  23340.40544443 -.00011150  00000-0 -73061-3 0  9993
2 45088  53.0549 346.9765 0001374  96.4237 263.6909 15.06409647212786
1 45088U 20006AW  23340.40544443 -.00011150  00000-0 -73061-3 0  9993
2 45088  53.0549 346.9765 0001374  96.4237 263.6909 15.06409647212786
1 45088U 20006AW  23341.33431038 -.00004194  00000-0 -26284-3 0  9996
2 45088  53.0548 342.8066 0001465  91.5931 268.5225 15.06393221212923
1 45088U 20006AW  23341.33431038 -.00004194  00000-0 -26284-3 0  9996
2 45088  53.0548 342.8066 0001465  91.5931 268.5225 15.06393221212923
1 45088U 20006AW  23342.26317255  .00004609  00000-0  32813-3 0  9997
2 45088  53.0548 338.6371 0001503  92.8794 267.2367 15.06396879213060
1 45088U 20006AW  23342.26317255  .00004609  00000-0  32813-3 0  9997
2 45088  53.0548 338.6371 0001503  92.8794 267.2367 15.06396879213060
1 45088U 20006AW  23343.39106788  .00004157  00000-0  29777-3 0  9992
2 45088  53.0541 333.5745 0001457  89.8319 270.2837 15.06404277213236
1 45088U 20006AW  23343.39106788  .00004157  00000-0  29777-3 0  9992
2 45088  53.0541 333.5745 0001457  89.8319 270.2837 15.06404277213236
1 45088U 20006AW  23344.38625873  .00004806  00000-0  34113-3 0  9994
2 45088  53.0540 329.1062 0001488  94.8716 265.2443 15.06417237213382
1 45088U 20006AW  23345.18242486 -.00001510  00000-0 -82478-4 0  9997
2 45088  53.0546 325.5305 0001640 110.3670 249.7495 15.06397972213502
1 45088U 20006AW  23345.18242486 -.00001510  00000-0 -82478-4 0  9997
2 45088  53.0546 325.5305 0001640 110.3670 249.7495 15.06397972213502
1 45088U 20006AW  23346.24396534 -.00005367  00000-0 -34151-3 0  9997
2 45088  53.0542 320.7657 0001640  97.7452 262.3723 15.06416476213664
1 45088U 20006AW  23346.24396534 -.00005367  00000-0 -34151-3 0  9997
2 45088  53.0542 320.7657 0001640  97.7452 262.3723 15.06416476213664
1 45088U 20006AW  23347.17283919  .00000965  00000-0  83675-4 0  9995
2 45088  53.0549 316.5988 0001536  94.1850 265.9315 15.06391264213807
1 45088U 20006AW  23347.23918712  .00000330  00000-0  41063-4 0  9999
2 45088  53.0546 316.3004 0001467  93.0402 267.0754 15.06390810213812
1 45088U 20006AW  23348.16804447  .00005638  00000-0  39713-3 0  9995
2 45088  53.0555 312.1287 0001612  86.3159 273.8014 15.06395555213955
1 45088U 20006AW  23349.16325097  .00001418  00000-0  11410-3 0  9991
2 45088  53.0552 307.6624 0001661  77.1086 283.0088 15.06394558214101
1 45088U 20006AW  23349.16325097  .00001418  00000-0  11410-3 0  9991
2 45088  53.0552 307.6624 0001661  77.1086 283.0088 15.06394558214101
1 45088U 20006AW  23350.09209554  .00002751  00000-0  20347-3 0  9994
2 45088  53.0559 303.4884 0001592  78.9884 281.1284 15.06412896214246
1 45088U 20006AW  23350.09209554  .00002751  00000-0  20347-3 0  9994
2 45088  53.0559 303.4884 0001592  78.9884 281.1284 15.06412896214246
1 45088U 20006AW  23351.15365030 -.00000535  00000-0 -16996-4 0  9990
2 45088  53.0553 298.7247 0001539  97.8875 262.2288 15.06397018214400
1 45088U 20006AW  23351.15365030 -.00000535  00000-0 -16996-4 0  9990
2 45088  53.0553 298.7247 0001539  97.8875 262.2288 15.06397018214400
1 45088U 20006AW  23352.08249704  .00007635  00000-0  53059-3 0  9998
2 45088  53.0554 294.5569 0001549  81.1579 278.9585 15.06419659214545
1 45088U 20006AW  23352.08249704  .00007635  00000-0  53059-3 0  9998
2 45088  53.0554 294.5569 0001549  81.1579 278.9585 15.06419659214545
1 45088U 20006AW  23353.14406266 -.00004553  00000-0 -28710-3 0  9998
2 45088  53.0553 289.7882 0001469  86.8083 273.3074 15.06379461214707
1 45088U 20006AW  23353.14406266 -.00004553  00000-0 -28710-3 0  9998
2 45088  53.0553 289.7882 0001469  86.8083 273.3074 15.06379461214707
1 45088U 20006AW  23354.13927412  .00013621  00000-0  93165-3 0  9999
2 45088  53.0543 285.3222 0001535  73.7911 286.3247 15.06395724214857
1 45088U 20006AW  23354.13927412  .00013621  00000-0  93165-3 0  9999
2 45088  53.0543 285.3222 0001535  73.7911 286.3247 15.06395724214857
1 45088U 20006AW  23355.06813210  .00007354  00000-0  51207-3 0  9999
2 45088  53.0541 281.1540 0001682  69.5359 290.5810 15.06401387214995
1 45088U 20006AW  23355.06813210  .00007354  00000-0  51207-3 0  9999
2 45088  53.0541 281.1540 0001682  69.5359 290.5810 15.06401387214995
1 45088U 20006AW  23355.93061903  .00011561  00000-0  79295-3 0  9991
2 45088  53.0549 277.2787 0001445  94.1730 265.9424 15.06436266215123
1 45088U 20006AW  23356.06330901  .00017846  00000-0  12123-2 0  9991
2 45088  53.0541 276.6843 0001491  90.2418 269.8742 15.06449459215148
1 45088U 20006AW  23356.06330901  .00017846  00000-0  12123-2 0  9991
2 45088  53.0541 276.6843 0001491  90.2418 269.8742 15.06449459215148
1 45088U 20006AW  23356.92582270  .00004195  00000-0  30034-3 0  9999
2 45088  53.0550 272.8090 0001736 113.1966 246.9206 15.06405187215270
1 45088U 20006AW  23356.99216910  .00003369  00000-0  24493-3 0  9995
2 45088  53.0553 272.5103 0001907 128.1833 231.9328 15.06401945215282
1 45088U 20006AW  23357.25756532  .00003281  00000-0  23917-3 0  9997
2 45088  53.0541 271.3234 0001544  82.1183 277.9981 15.06379265215324
1 45088U 20006AW  23357.25756532  .00003281  00000-0  23917-3 0  9997
2 45088  53.0541 271.3234 0001544  82.1183 277.9981 15.06379265215324
1 45088U 20006AW  23357.92104276  .00020786  00000-0  14103-2 0  9998
2 45088  53.0542 268.3457 0001491  84.2680 275.8479 15.06396992215420
1 45088U 20006AW  23357.98738952  .00020796  00000-0  14109-2 0  9995
2 45088  53.0541 268.0479 0001496  83.2038 276.9121 15.06399669215432
1 45088U 20006AW  23358.18642953  .00015341  00000-0  10464-2 0  9993
2 45088  53.0539 267.1541 0001494  69.5010 290.6140 15.06404191215468
1 45088U 20006AW  23358.91624690  .00007652  00000-0  53205-3 0  9999
2 45088  53.0539 263.8708 0002537 137.7804 222.3380 15.06398098215572
1 45088U 20006AW  23359.11529254  .00005198  00000-0  36766-3 0  9998
2 45088  53.0537 262.9763 0001530  85.7128 274.4036 15.06393977215605
1 45088U 20006AW  23359.11529254  .00005198  00000-0  36766-3 0  9998
2 45088  53.0537 262.9763 0001530  85.7128 274.4036 15.06393977215605
1 45088U 20006AW  23359.91144901  .00009047  00000-0  62527-3 0  9999
2 45088  53.0533 259.4011 0001411  80.0066 280.1082 15.06412495215720
1 45088U 20006AW  23360.11048675  .00013168  00000-0  90068-3 0  9994
2 45088  53.0532 258.5165 0001425  87.6456 272.4696 15.06423106215759
1 45088U 20006AW  23360.11048675  .00013168  00000-0  90068-3 0  9994
2 45088  53.0532 258.5165 0001425  87.6456 272.4696 15.06423106215759
1 45088U 20006AW  23360.90665665 -.00001562  00000-0 -86033-4 0  9990
2 45088  53.0531 254.9431 0001457  78.0890 282.0262 15.06390064215870
1 45088U 20006AW  23361.10569811  .00002292  00000-0  17276-3 0  9990
2 45088  53.0520 254.0506 0001408  94.4440 265.6710 15.06390469215909
1 45088U 20006AW  23361.10569811  .00002292  00000-0  17276-3 0  9990
2 45088  53.0520 254.0506 0001408  94.4440 265.6710 15.06390469215909
1 45088U 20006AW  23361.90186215  .00007066  00000-0  49275-3 0  9999
2 45088  53.0521 250.4760 0001394  94.1884 265.9264 15.06400077216023
1 45088U 20006AW  23362.10090088  .00006770  00000-0  47289-3 0  9998
2 45088  53.0538 249.5807 0001318  89.9144 270.1996 15.06405682216059
1 45088U 20006AW  23362.10090088  .00006770  00000-0  47289-3 0  9998
2 45088  53.0538 249.5807 0001318  89.9144 270.1996 15.06405682216059
1 45088U 20006AW  23362.83072012  .00004063  00000-0  29151-3 0  9996
2 45088  53.0536 246.3034 0001655  73.5158 286.6012 15.06399895216163
1 45088U 20006AW  23362.89706602  .00002733  00000-0  20232-3 0  9994
2 45088  53.0531 246.0057 0001573  79.8358 280.2808 15.06399360216171
1 45088U 20006AW  23362.96341034  .00004389  00000-0  31333-3 0  9999
2 45088  53.0538 245.7070 0001457  91.0902 269.0254 15.06404789216184
1 45088U 20006AW  23363.89226081  .00003162  00000-0  23099-3 0  9994
2 45088  53.0524 241.5351 0001598  78.9149 281.2019 15.06409852216325
1 45088U 20006AW  23363.89226081  .00003162  00000-0  23099-3 0  9994
2 45088  53.0524 241.5351 0001598  78.9149 281.2019 15.06409852216325
1 45088U 20006AW  23364.62207583  .00001458  00000-0  11672-3 0  9992
2 45088  53.0520 238.2679 0001621  79.4338 280.6833 15.06404635216433
1 45088U 20006AW  23364.82111962  .00000569  00000-0  57128-4 0  9998
2 45088  53.0525 237.3689 0001602  82.4169 277.7002 15.06398430216467
1 45088U 20006AW  23364.88746611  .00000240  00000-0  34994-4 0  9991
2 45088  53.0537 237.0710 0001588  86.4634 273.6536 15.06397603216475
