1 45084U 20006AS  23001.56810653  .00004010  00000-0  28826-3 0  9993
2 45084  53.0529  68.0871 0001327  55.9889 304.1226 15.06354969162166
1 45084U 20006AS  23001.89984279  .00022195  00000-0  15051-2 0  9994
2 45084  53.0536  66.5981 0001145  50.8271 309.2820 15.06378996161763
1 45084U 20006AS  23002.56331228  .00018849  00000-0  12807-2 0  9996
2 45084  53.0529  63.6190 0001379  55.9327 304.1793 15.06405719161860
1 45084U 20006AS  23002.89504226  .00014580  00000-0  99522-3 0  9990
2 45084  53.0526  62.1297 0001432  55.5574 304.5551 15.06417118161917
1 45084U 20006AS  23003.29312274  .00001615  00000-0  12727-3 0  9992
2 45084  53.0554  60.3416 0001221  58.2391 301.8717 15.06403742161972
1 45084U 20006AS  23004.42101851  .00002309  00000-0  17382-3 0  9998
2 45084  53.0532  55.2796 0001610  53.7754 306.3384 15.06404341162143
1 45084U 20006AS  23004.81909554  .00005710  00000-0  40176-3 0  9993
2 45084  53.0532  53.4925 0001675  56.2330 303.8818 15.06413067162202
1 45084U 20006AS  23005.54891612  .00000353  00000-0  42591-4 0  9991
2 45084  53.0534  50.2162 0001626  69.6691 290.4472 15.06397023162318
1 45084U 20006AS  23005.81430707 -.00001312  00000-0 -69216-4 0  9996
2 45084  53.0524  49.0235 0001693  68.2627 291.8542 15.06390481162350
1 45084U 20006AS  23006.87586363 -.00000598  00000-0 -21237-4 0  9999
2 45084  53.0514  44.2592 0001596  73.0245 287.0919 15.06387936162518
1 45084U 20006AS  23007.20760349  .00000862  00000-0  76800-4 0  9993
2 45084  53.0517  42.7693 0001695  71.9793 288.1381 15.06385057162563
1 45084U 20006AS  23007.87107167  .00002928  00000-0  21541-3 0  9995
2 45084  53.0521  39.7906 0001527  77.3695 282.7465 15.06393496162666
1 45084U 20006AS  23008.46818866  .00004114  00000-0  29490-3 0  9996
2 45084  53.0519  37.1101 0001548  76.8465 283.2697 15.06405103162756
1 45084U 20006AS  23008.79992117  .00003886  00000-0  27959-3 0  9997
2 45084  53.0519  35.6205 0001542  78.8045 281.3117 15.06408424162805
1 45084U 20006AS  23009.46338855  .00004080  00000-0  29254-3 0  9992
2 45084  53.0509  32.6422 0001738  84.3363 275.7824 15.06409444162900
1 45084U 20006AS  23010.45859531  .00000099  00000-0  25554-4 0  9998
2 45084  53.0507  28.1734 0001732  92.0883 268.0304 15.06399234163051
1 45084U 20006AS  23011.32110263  .00002468  00000-0  18450-3 0  9995
2 45084  53.0521  24.3022 0001511  90.5808 269.5354 15.06405039163186
1 45084U 20006AS  23011.85188306  .00001423  00000-0  11445-3 0  9993
2 45084  53.0520  21.9202 0001476  90.9894 269.1264 15.06394015163263
1 45084U 20006AS  23012.91343343 -.00000274  00000-0  48057-6 0  9991
2 45084  53.0521  17.1540 0001523 101.8461 258.2699 15.06392253163422
1 45084U 20006AS  23013.31151087  .00002557  00000-0  19050-3 0  9991
2 45084  53.0523  15.3666 0001491 102.1009 258.0147 15.06403223163481
1 45084U 20006AS  23013.70959237  .00003232  00000-0  23574-3 0  9994
2 45084  53.0516  13.5785 0001435  89.4704 270.6449 15.06403888163541
1 45084U 20006AS  23015.36826829  .00014517  00000-0  99111-3 0  9996
2 45084  53.0517   6.1319 0001608  86.1590 273.9583 15.06412107163798
1 45084U 20006AS  23015.70000123  .00009834  00000-0  67794-3 0  9993
2 45084  53.0523   4.6436 0001571  76.5500 283.5664 15.06410918163842
1 45084U 20006AS  23016.23076860  .00023747  00000-0  16063-2 0  9994
2 45084  53.0521   2.2616 0001430  88.9391 271.1761 15.06433258163925
1 45084U 20006AS  23017.35868118 -.00004349  00000-0 -27337-3 0  9999
2 45084  53.0520 357.1966 0001659  74.9014 285.2159 15.06380489164097
1 45084U 20006AS  23017.62406786 -.00000502  00000-0 -14836-4 0  9996
2 45084  53.0522 356.0056 0001548  73.5997 286.5162 15.06390350164130
1 45084U 20006AS  23018.35388054  .00027318  00000-0  18442-2 0  9991
2 45084  53.0531 352.7293 0001607  72.1212 287.9952 15.06430882164246
1 45084U 20006AS  23018.61926958  .00013565  00000-0  92734-3 0  9997
2 45084  53.0530 351.5358 0002045  76.1661 283.9555 15.06417345164281
1 45084U 20006AS  23019.28272863  .00022641  00000-0  15329-2 0  9999
2 45084  53.0527 348.5598 0001395  83.5390 276.5758 15.06426055164389
1 45084U 20006AS  23020.47698124  .00024602  00000-0  16643-2 0  9993
2 45084  53.0525 343.1978 0001154 103.7320 256.3797 15.06409797164564
1 45084U 20006AS  23025.51934806  .00004621  00000-0  32891-3 0  9996
2 45084  53.0528 320.5576 0001218  83.0933 277.0194 15.06398556165776
1 45084U 20006AS  23026.11646959  .00007950  00000-0  55189-3 0  9995
2 45084  53.0512 317.8793 0001208  90.9020 269.2107 15.06405093165415
1 45084U 20006AS  23027.17801934  .00007648  00000-0  53166-3 0  9995
2 45084  53.0516 313.1149 0001062  87.2086 272.9024 15.06405685165575
1 45084U 20006AS  23028.17322593  .00015860  00000-0  10811-2 0  9999
2 45084  53.0515 308.6463 0001253  88.7458 271.3674 15.06405634166178
1 45084U 20006AS  23029.76555082  .00002535  00000-0  18904-3 0  9993
2 45084  53.0520 301.4946 0001428 105.7940 254.3207 15.06398275165962
1 45084U 20006AS  23030.09728598  .00005978  00000-0  41988-3 0  9997
2 45084  53.0515 300.0081 0001445  90.7977 269.3177 15.06397897166011
1 45084U 20006AS  23030.89344549 -.00000518  00000-0 -15863-4 0  9996
2 45084  53.0539 296.4369 0001408  90.8577 269.2574 15.06401270166134
1 45084U 20006AS  23031.15882981  .00000279  00000-0  37605-4 0  9993
2 45084  53.0520 295.2433 0001373  92.2801 267.8345 15.06404912166170
1 45084U 20006AS  23031.75595496 -.00000196  00000-0  57303-5 0  9998
2 45084  53.0513 292.5619 0001277  86.0996 274.0139 15.06397849166268
1 45084U 20006AS  23032.08768331  .00001674  00000-0  13124-3 0  9997
2 45084  53.0514 291.0726 0001332  94.3939 265.7202 15.06406817166313
1 45084U 20006AS  23033.08288963  .00000875  00000-0  77628-4 0  9998
2 45084  53.0523 286.6049 0001475  90.2320 269.8838 15.06401858166464
1 45084U 20006AS  23034.07809069 -.00002233  00000-0 -13100-3 0  9990
2 45084  53.0516 282.1390 0001508  91.7083 268.4079 15.06411393166619
1 45084U 20006AS  23034.67522146  .00000494  00000-0  52064-4 0  9992
2 45084  53.0505 279.4580 0001460  94.4872 265.6284 15.06394755166709
1 45084U 20006AS  23035.93580420  .00001742  00000-0  13583-3 0  9990
2 45084  53.0512 273.7968 0001412 102.3616 257.7531 15.06404146166899
1 45084U 20006AS  23036.06849625  .00001977  00000-0  15157-3 0  9999
2 45084  53.0511 273.2010 0001409 101.6277 258.4870 15.06406225166919
1 45084U 20006AS  23036.93101269  .00000530  00000-0  54444-4 0  9997
2 45084  53.0510 269.3288 0001265 101.8150 258.2981 15.06397318167041
1 45084U 20006AS  23037.06370537  .00001015  00000-0  87012-4 0  9994
2 45084  53.0506 268.7331 0001181 100.2730 259.8392 15.06399131167062
1 45084U 20006AS  23037.92621253  .00001051  00000-0  89418-4 0  9995
2 45084  53.0503 264.8613 0001100  94.3614 265.7500 15.06403437167190
1 45084U 20006AS  23038.12525002  .00002711  00000-0  20079-3 0  9994
2 45084  53.0505 263.9672 0001092  92.9631 267.1483 15.06409724167225
1 45084U 20006AS  23038.92141540  .00003854  00000-0  27745-3 0  9999
2 45084  53.0510 260.3946 0001038  97.6704 262.4403 15.06405714167347
1 45084U 20006AS  23039.91662183  .00011966  00000-0  82082-3 0  9998
2 45084  53.0496 255.9251 0001098  94.0909 266.0205 15.06401956167493
1 45084U 20006AS  23040.11566034  .00016055  00000-0  10939-2 0  9995
2 45084  53.0497 255.0314 0000989  93.9760 266.1342 15.06412823167528
1 45084U 20006AS  23040.84548108  .00010394  00000-0  71557-3 0  9991
2 45084  53.0502 251.7553 0001055  84.6932 275.4178 15.06402096167639
1 45084U 20006AS  23040.91182780  .00012436  00000-0  85217-3 0  9996
2 45084  53.0504 251.4577 0001045  80.0542 280.0565 15.06405571167644
1 45084U 20006AS  23041.84068357  .00016639  00000-0  11330-2 0  9995
2 45084  53.0507 247.2861 0000829  82.1017 278.0066 15.06408662167787
1 45084U 20006AS  23041.97337601  .00014830  00000-0  10121-2 0  9998
2 45084  53.0510 246.6901 0001093  83.2054 276.9059 15.06411264167800
1 45084U 20006AS  23042.83588606  .00004493  00000-0  32029-3 0  9993
2 45084  53.0514 242.8185 0001162  90.6980 269.4142 15.06401786167935
1 45084U 20006AS  23043.49935670 -.00001096  00000-0 -54733-4 0  9998
2 45084  53.0522 239.8390 0001203  94.0662 266.0465 15.06396604168034
1 45084U 20006AS  23044.22917245 -.00000387  00000-0 -71160-5 0  9994
2 45084  53.0521 236.5633 0001092  90.8453 269.2661 15.06393791168144
1 45084U 20006AS  23045.22437695  .00000682  00000-0  64702-4 0  9990
2 45084  53.0515 232.0949 0001087  90.1875 269.9239 15.06396513168292
1 45084U 20006AS  23045.82149540  .00001900  00000-0  14637-3 0  9990
2 45084  53.0509 229.4140 0001085  90.2363 269.8750 15.06403237168388
1 45084U 20006AS  23046.55131474  .00001644  00000-0  12923-3 0  9999
2 45084  53.0514 226.1382 0000906  84.0772 276.0320 15.06396813168498
1 45084U 20006AS  23046.75035152  .00004264  00000-0  30492-3 0  9999
2 45084  53.0509 225.2444 0001064  86.7172 273.3938 15.06406229168522
1 45084U 20006AS  23047.48015517  .00007305  00000-0  50853-3 0  9995
2 45084  53.0506 221.9677 0001122  93.1083 267.0035 15.06421245168633
1 45084U 20006AS  23047.87822476  .00014977  00000-0  10210-2 0  9993
2 45084  53.0505 220.1808 0001056  91.2067 268.9043 15.06443129168696
1 45084U 20006AS  23048.54170619  .00006052  00000-0  42504-3 0  9990
2 45084  53.0490 217.2013 0001525 114.9932 245.1215 15.06380704168797
1 45084U 20006AS  23048.87344859  .00015105  00000-0  10316-2 0  9999
2 45084  53.0519 215.7150 0000820  94.9856 265.1226 15.06370422168849
1 45084U 20006AS  23048.93979577  .00019552  00000-0  13287-2 0  9997
2 45084  53.0512 215.4161 0000644  91.1574 268.9489 15.06375354168853
1 45084U 20006AS  23050.59848305  .00011334  00000-0  77854-3 0  9997
2 45084  53.0516 207.9687 0000600  85.1988 274.9069 15.06400301169101
1 45084U 20006AS  23051.12925872  .00002855  00000-0  21045-3 0  9991
2 45084  53.0518 205.5856 0000997  71.7980 288.3118 15.06397725169184
1 45084U 20006AS  23051.92541858  .00009711  00000-0  66974-3 0  9995
2 45084  53.0534 202.0102 0001033  65.4949 294.6148 15.06409443169303
1 45084U 20006AS  23052.78790693  .00016391  00000-0  11154-2 0  9994
2 45084  53.0533 198.1386 0000924  69.9729 290.1359 15.06444903169433
1 45084U 20006AS  23053.38501674 -.00010098  00000-0 -65971-3 0  9997
2 45084  53.0528 195.4585 0000945 102.5350 257.5744 15.06417666169526
1 45084U 20006AS  23053.84946289  .00007076  00000-0  49402-3 0  9994
2 45084  53.0525 193.3742 0001144  86.6250 273.4869 15.06356445169597
1 45084U 20006AS  23054.51294800  .00025115  00000-0  17001-2 0  9997
2 45084  53.0520 190.3954 0001307 102.0474 258.0662 15.06374948169695
1 45084U 20006AS  23054.84468479  .00027292  00000-0  18443-2 0  9997
2 45084  53.0521 188.9065 0001394  94.9943 265.1205 15.06394978169741
1 45084U 20006AS  23055.50816117  .00011320  00000-0  77794-3 0  9997
2 45084  53.0543 185.9243 0001568 101.8419 258.2746 15.06386104169845
1 45084U 20006AS  23055.83989670  .00007447  00000-0  51848-3 0  9995
2 45084  53.0537 184.4359 0001427 109.8581 250.2561 15.06386953169896
1 45084U 20006AS  23056.50335472  .00016097  00000-0  10963-2 0  9998
2 45084  53.0528 181.4602 0001390  78.1808 281.9337 15.06426040169998
1 45084U 20006AS  23056.83507760  .00025006  00000-0  16892-2 0  9992
2 45084  53.0525 179.9710 0001438  74.7480 285.3668 15.06454771170043
1 45084U 20006AS  23057.03412446 -.00012445  00000-0 -81802-3 0  9990
2 45084  53.0529 179.0760 0001565  87.3946 272.7222 15.06401128170078
1 45084U 20006AS  23057.76394021  .00029511  00000-0  19913-2 0  9991
2 45084  53.0523 175.8012 0001376  87.0110 273.1036 15.06408959170185
1 45084U 20006AS  23058.02933116  .00019798  00000-0  13441-2 0  9991
2 45084  53.0514 174.6103 0001718  85.2225 274.8960 15.06404477170220
1 45084U 20006AS  23058.82548163  .00036903  00000-0  24804-2 0  9995
2 45084  53.0514 171.0315 0001681  69.5343 290.5826 15.06444661170349
1 45084U 20006AS  23059.55529656  .00028913  00000-0  19508-2 0  9999
2 45084  53.0512 167.7576 0001398  63.3167 296.7965 15.06422498170457
1 45084U 20006AS  23059.82067950  .00029987  00000-0  20217-2 0  9994
2 45084  53.0508 166.5662 0001429  60.2760 299.8371 15.06432749170494
1 45084U 20006AS  23060.74956418  .00028453  00000-0  19228-2 0  9990
2 45084  53.0517 162.3970 0001331  79.6755 280.4384 15.06371946170637
1 45084U 20006AS  23061.74475727  .00034253  00000-0  23045-2 0  9997
2 45084  53.0522 157.9297 0001337  73.3103 286.8033 15.06444919170787
1 45084U 20006AS  23062.47456665  .00031436  00000-0  21182-2 0  9998
2 45084  53.0513 154.6529 0001374  97.1330 262.9815 15.06429840170897
1 45084U 20006AS  23062.67360259  .00043054  00000-0  28887-2 0  9991
2 45084  53.0523 153.7612 0001773  59.3541 300.7623 15.06438285170923
1 45084U 20006AS  23063.46977151  .00027421  00000-0  18525-2 0  9992
2 45084  53.0515 150.1856 0001201  96.7133 263.3993 15.06402929171047
1 45084U 20006AS  23063.93420036  .00015547  00000-0  10603-2 0  9994
2 45084  53.0515 148.1015 0001153 103.9455 256.1663 15.06401536171110
1 45084U 20006AS  23064.92940356  .00017768  00000-0  12082-2 0  9996
2 45084  53.0512 143.6340 0001130  91.4648 268.6470 15.06415327171261
1 45084U 20006AS  23065.72555563  .00011229  00000-0  77096-3 0  9990
2 45084  53.0518 140.0589 0001370  95.0473 265.0672 15.06428600171381
1 45084U 20006AS  23066.91981602  .00000798  00000-0  72456-4 0  9994
2 45084  53.0529 134.6984 0001731  83.0381 277.0805 15.06389572171562
1 45084U 20006AS  23067.58328788  .00027204  00000-0  18380-2 0  9993
2 45084  53.0523 131.7194 0001556  95.0911 265.0256 15.06402987171668
1 45084U 20006AS  23068.84386827  .00007118  00000-0  49608-3 0  9991
2 45084  53.0526 126.0605 0001531  73.8471 286.2687 15.06416032171853
1 45084U 20006AS  23069.83907362 -.00001966  00000-0 -11312-3 0  9992
2 45084  53.0517 121.5942 0001092  93.7107 266.4007 15.06395387172009
1 45084U 20006AS  23070.43620186 -.00003380  00000-0 -20817-3 0  9998
2 45084  53.0534 118.9155 0001451 106.1769 253.9379 15.06388037172092
1 45084U 20006AS  23070.56889380 -.00001035  00000-0 -50634-4 0  9991
2 45084  53.0532 118.3186 0001422 110.7702 249.3440 15.06392473172114
1 45084U 20006AS  23071.49775867  .00001008  00000-0  86581-4 0  9996
2 45084  53.0521 114.1431 0001060  93.1911 266.9199 15.06390051172254
1 45084U 20006AS  23072.49294115  .00012158  00000-0  83290-3 0  9990
2 45084  53.0521 109.6780 0001147  88.1289 271.9832 15.06433899172403
1 45084U 20006AS  23073.48815885  .00027179  00000-0  18371-2 0  9999
2 45084  53.0517 105.2100 0000851  97.3435 262.7651 15.06388448172554
1 45084U 20006AS  23073.81989699  .00021850  00000-0  14815-2 0  9990
2 45084  53.0521 103.7187 0000953  90.6502 269.4596 15.06392101172600
1 45084U 20006AS  23074.54970255  .00027506  00000-0  18563-2 0  9997
2 45084  53.0528 100.4449 0001534  57.3463 302.7673 15.06440051172711
1 45084U 20006AS  23075.54492207  .00018199  00000-0  12379-2 0  9991
2 45084  53.0530  95.9770 0001767  69.4516 290.6663 15.06388518172869
1 45084U 20006AS  23075.74396101  .00023054  00000-0  15614-2 0  9990
2 45084  53.0530  95.0832 0001551  48.8935 311.2188 15.06403653172899
1 45084U 20006AS  23076.47376688  .00018033  00000-0  12255-2 0  9998
2 45084  53.0528  91.8074 0001292  74.0163 286.0969 15.06427522173005
1 45084U 20006AS  23076.73915799  .00000458  00000-0  49657-4 0  9999
2 45084  53.0531  90.6157 0001341  83.7432 276.3710 15.06401742173045
1 45084U 20006AS  23077.73436411  .00005573  00000-0  39279-3 0  9990
2 45084  53.0521  86.1474 0001697  90.1723 269.9460 15.06395175173193
1 45084U 20006AS  23078.33148292  .00011824  00000-0  81115-3 0  9996
2 45084  53.0523  83.4665 0001618  93.0098 267.1076 15.06410405173284
1 45084U 20006AS  23078.72956630  .00008346  00000-0  57849-3 0  9994
2 45084  53.0523  81.6796 0001842  91.8082 268.3118 15.06403139173340
1 45084U 20006AS  23079.26034489 -.00000559  00000-0 -18646-4 0  9996
2 45084  53.0526  79.2960 0001614  97.3433 262.7739 15.06390571173428
1 45084U 20006AS  23079.72476996  .00004601  00000-0  32754-3 0  9995
2 45084  53.0537  77.2113 0001570  95.0912 265.0256 15.06404507173498
1 45084U 20006AS  23080.45457302  .00017345  00000-0  11793-2 0  9995
2 45084  53.0535  73.9333 0001667 104.0275 256.0899 15.06437089173600
1 45084U 20006AS  23081.44979381  .00022435  00000-0  15208-2 0  9992
2 45084  53.0534  69.4673 0001144  93.9703 266.1417 15.06386159173753
1 45084U 20006AS  23082.17960463  .00019379  00000-0  13156-2 0  9997
2 45084  53.0536  66.1907 0001137  97.4333 262.6785 15.06419408173864
1 45084U 20006AS  23082.90942359  .00010701  00000-0  73645-3 0  9992
2 45084  53.0540  62.9162 0001099 100.7648 259.3464 15.06385985173971
1 45084U 20006AS  23083.37385531  .00097191  00000-0  64463-2 0  9992
2 45084  53.0538  60.8308 0001172  83.1957 276.9165 15.06446990174042
1 45084U 20006AS  23083.63923855  .00039378  00000-0  26457-2 0  9992
2 45084  53.0539  59.6384 0001200  83.8463 276.2662 15.06428997174080
1 45084U 20006AS  23084.63441681 -.00023864  00000-0 -15883-2 0  9991
2 45084  53.0539  55.1728 0001101  86.5392 273.5723 15.06406307174230
1 45084U 20006AS  23085.29790771  .00015349  00000-0  10483-2 0  9999
2 45084  53.0540  52.1924 0001275  94.7183 265.3952 15.06357226174337
1 45084U 20006AS  23086.29312460  .00026736  00000-0  18068-2 0  9994
2 45084  53.0546  47.7262 0001355  96.1569 263.9575 15.06403356174488
1 45084U 20006AS  23086.89025442  .00018771  00000-0  12759-2 0  9992
2 45084  53.0550  45.0450 0001580 101.5952 258.5214 15.06394069174570
1 45084U 20006AS  23087.08929518  .00021189  00000-0  14373-2 0  9992
2 45084  53.0550  44.1518 0001338 115.6189 244.4938 15.06395962174608
1 45084U 20006AS  23088.28350601  .00033591  00000-0  22585-2 0  9990
2 45084  53.0543  38.7902 0001038 106.6443 253.4660 15.06478778174784
1 45084U 20006AS  23089.54410108  .00027243  00000-0  18397-2 0  9992
2 45084  53.0551  33.1326 0000935  90.7141 269.3955 15.06420946174973
1 45084U 20006AS  23091.13643547  .00019581  00000-0  13324-2 0  9996
2 45084  53.0546  25.9834 0001132  96.6109 263.5009 15.06327030175213
1 45084U 20006AS  23092.06529558  .00069337  00000-0  46213-2 0  9991
2 45084  53.0544  21.8138 0000929 102.3527 257.7566 15.06455609175357
1 45084U 20006AS  23092.92781574  .00053986  00000-0  36195-2 0  9995
2 45084  53.0554  17.9436 0001175  15.5653 344.5372 15.06359443175487
1 45084U 20006AS  23093.19320699  .00043401  00000-0  29163-2 0  9990
2 45084  53.0555  16.7507 0000893  84.8722 275.2368 15.06379639175525
1 45084U 20006AS  23094.05571122  .00035529  00000-0  23898-2 0  9996
2 45084  53.0555  12.8782 0000838  88.4411 271.6674 15.06435519175655
1 45084U 20006AS  23094.91822664  .00009451  00000-0  65282-3 0  9990
2 45084  53.0556   9.0064 0000830  64.1471 295.9603 15.06381896175789
1 45084U 20006AS  23094.98457498  .00017261  00000-0  11754-2 0  9998
2 45084  53.0556   8.7086 0000841  60.3620 299.7453 15.06381953175795
1 45084U 20006AS  23096.17880367  .00029634  00000-0  19972-2 0  9993
2 45084  53.0553   3.3479 0000866  66.5003 293.6077 15.06452208175976
1 45084U 20006AS  23096.90862897  .00012798  00000-0  87666-3 0  9991
2 45084  53.0552   0.0727 0000951  97.5000 262.6097 15.06393296176083
1 45084U 20006AS  23097.10767184  .00025363  00000-0  17157-2 0  9996
2 45084  53.0544 359.1793 0000820  97.3400 262.7682 15.06395463176115
1 45084U 20006AS  23098.10285699  .00025108  00000-0  16963-2 0  9994
2 45084  53.0545 354.7114 0000772 100.5080 259.5996 15.06448253176265
1 45084U 20006AS  23099.09805752  .00025659  00000-0  17340-2 0  9992
2 45084  53.0544 350.2438 0001351  92.2291 267.8852 15.06426463176418
1 45084U 20006AS  23100.09322233  .00025290  00000-0  17070-2 0  9994
2 45084  53.0547 345.7754 0001288  94.1333 265.9804 15.06478417176566
1 45084U 20006AS  23100.69035880  .00014912  00000-0  10180-2 0  9993
2 45084  53.0551 343.0945 0001821  78.4608 281.6586 15.06396311176651
1 45084U 20006AS  23101.08845243  .00027082  00000-0  18320-2 0  9995
2 45084  53.0548 341.3081 0001320  61.9828 298.1294 15.06360329176710
1 45084U 20006AS  23101.95097026  .00024585  00000-0  16635-2 0  9991
2 45084  53.0547 337.4361 0001320  64.5023 295.6103 15.06402547176846
1 45084U 20006AS  23102.61445022  .00003930  00000-0  28274-3 0  9992
2 45084  53.0544 334.4579 0001771  64.6997 295.4175 15.06380962176946
1 45084U 20006AS  23103.01253550  .00011283  00000-0  77538-3 0  9997
2 45084  53.0546 332.6699 0000999  84.5425 275.5678 15.06387135177003
1 45084U 20006AS  23104.00773514  .00022413  00000-0  15177-2 0  9991
2 45084  53.0545 328.2023 0001085  76.7726 283.3384 15.06426782177157
1 45084U 20006AS  23105.60006348  .00022359  00000-0  15141-2 0  9992
2 45084  53.0549 321.0543 0001263  83.6832 276.4301 15.06426591177398
1 45084U 20006AS  23105.86544180  .00027735  00000-0  18711-2 0  9990
2 45084  53.0545 319.8629 0001284  85.6715 274.4421 15.06448185177438
1 45084U 20006AS  23105.99813046  .00027205  00000-0  18355-2 0  9990
2 45084  53.0543 319.2670 0001274  85.9048 274.2086 15.06455732177450
1 45084U 20006AS  23106.86066323  .00021282  00000-0  14447-2 0  9992
2 45084  53.0536 315.3956 0001372  59.1771 300.9353 15.06364048177588
1 45084U 20006AS  23107.59048817  .00027238  00000-0  18406-2 0  9997
2 45084  53.0531 312.1189 0001401  57.5613 302.5512 15.06396995177699
1 45084U 20006AS  23107.85587394  .00028013  00000-0  18914-2 0  9990
2 45084  53.0531 310.9278 0001424  56.1179 303.9945 15.06412128177738
1 45084U 20006AS  23108.25396025  .00006295  00000-0  44115-3 0  9995
2 45084  53.0540 309.1390 0002364  61.3487 298.7740 15.06397155177799
1 45084U 20006AS  23108.85107551  .00028422  00000-0  19184-2 0  9998
2 45084  53.0529 306.4606 0001241  70.9668 289.1455 15.06417657177883
1 45084U 20006AS  23109.24914895  .00028210  00000-0  19033-2 0  9997
2 45084  53.0529 304.6730 0001205  71.1425 288.9695 15.06437067177942
1 45084U 20006AS  23109.71356070  .00029286  00000-0  19735-2 0  9997
2 45084  53.0533 302.5880 0001198  70.6138 289.4980 15.06462572178017
1 45084U 20006AS  23110.50972452  .00005757  00000-0  40512-3 0  9999
2 45084  53.0528 299.0134 0003152  83.7974 276.3374 15.06399032178133
1 45084U 20006AS  23110.77511920  .00017490  00000-0  11913-2 0  9996
2 45084  53.0531 297.8221 0002068  89.5841 270.5385 15.06364402178177
1 45084U 20006AS  23111.50495435  .00016369  00000-0  11162-2 0  9990
2 45084  53.0530 294.5433 0001029 100.2317 259.8788 15.06367267178281
1 45084U 20006AS  23111.77034411  .00019331  00000-0  13137-2 0  9998
2 45084  53.0529 293.3524 0001021  97.8173 262.2932 15.06382264178328
1 45084U 20006AS  23112.50016359  .00009865  00000-0  68031-3 0  9996
2 45084  53.0529 290.0760 0001125  94.2204 265.8913 15.06394152178434
1 45084U 20006AS  23112.76554984  .00010642  00000-0  73218-3 0  9993
2 45084  53.0536 288.8859 0001251  91.8651 268.2482 15.06402978178473
1 45084U 20006AS  23113.49535086  .00020882  00000-0  14151-2 0  9993
2 45084  53.0537 285.6093 0001029  78.0498 282.0606 15.06440420178586
1 45084U 20006AS  23114.49053835  .00049434  00000-0  33109-2 0  9999
2 45084  53.0541 281.1417 0001298  99.8845 260.2291 15.06439228178736
1 45084U 20006AS  23115.61844997 -.00016564  00000-0 -10972-2 0  9994
2 45084  53.0550 276.0794 0000708  75.6175 284.4893 15.06351348178901
1 45084U 20006AS  23116.48098374  .00017193  00000-0  11713-2 0  9991
2 45084  53.0558 272.2079 0001448  99.5828 260.5324 15.06367533179037
1 45084U 20006AS  23117.40984186  .00022644  00000-0  15336-2 0  9991
2 45084  53.0543 268.0379 0001385  97.1477 262.9670 15.06414343179178
1 45084U 20006AS  23118.13964727  .00023882  00000-0  16151-2 0  9992
2 45084  53.0537 264.7614 0000836  69.4880 290.6198 15.06437674179283
1 45084U 20006AS  23119.53292153  .00024059  00000-0  16267-2 0  9999
2 45084  53.0531 258.5076 0001324  69.5204 290.5927 15.06443028179496
1 45084U 20006AS  23120.59447116 -.00004961  00000-0 -31445-3 0  9996
2 45084  53.0531 253.7408 0001183 104.5881 255.5239 15.06389739179659
1 45084U 20006AS  23121.52333489  .00013391  00000-0  91616-3 0  9998
2 45084  53.0532 249.5705 0001087 102.8052 257.3059 15.06400466179793
1 45084U 20006AS  23121.78871926  .00016199  00000-0  11035-2 0  9994
2 45084  53.0538 248.3789 0001133  98.1046 262.0072 15.06414038179833
1 45084U 20006AS  23122.58488759  .00009469  00000-0  65369-3 0  9993
2 45084  53.0539 244.8043 0001309  96.8034 263.3104 15.06402625179957
1 45084U 20006AS  23122.85027699  .00013825  00000-0  94523-3 0  9990
2 45084  53.0539 243.6130 0001545 105.9577 254.1582 15.06399544179994
1 45084U 20006AS  23123.58007976  .00019223  00000-0  13047-2 0  9996
2 45084  53.0537 240.3362 0001311  91.3180 268.7959 15.06434179180100
1 45084U 20006AS  23123.71276937  .00020538  00000-0  13921-2 0  9998
2 45084  53.0535 239.7402 0001309  92.5555 267.5584 15.06441523180125
1 45084U 20006AS  23124.57528663  .00004161  00000-0  29806-3 0  9993
2 45084  53.0539 235.8697 0001321  74.1255 285.9879 15.06398129180257
1 45084U 20006AS  23124.70798418  .00024603  00000-0  16653-2 0  9993
2 45084  53.0539 235.2746 0001386  63.5450 296.5681 15.06389590180279
1 45084U 20006AS  23125.57048299  .00024093  00000-0  16293-2 0  9997
2 45084  53.0542 231.4027 0001400  62.4483 297.6648 15.06434837180409
1 45084U 20006AS  23126.49934268  .00030866  00000-0  20822-2 0  9997
2 45084  53.0540 227.2331 0001221  67.8260 292.2859 15.06396067180543
1 45084U 20006AS  23127.42818529  .00017001  00000-0  11564-2 0  9991
2 45084  53.0539 223.0632 0001037  83.7553 276.3554 15.06434814180689
1 45084U 20006AS  23128.55609149  .00024773  00000-0  16774-2 0  9994
2 45084  53.0529 218.0004 0001427  94.1008 266.0144 15.06371738180854
1 45084U 20006AS  23129.55129065  .00029166  00000-0  19673-2 0  9991
2 45084  53.0523 213.5313 0001370  88.1207 271.9939 15.06428440181000
1 45084U 20006AS  23130.54650856  .00028624  00000-0  19337-2 0  9994
2 45084  53.0521 209.0649 0001361  69.0212 291.0922 15.06380966181155
1 45084U 20006AS  23131.47535821  .00025400  00000-0  17166-2 0  9998
2 45084  53.0527 204.8943 0001421  69.5570 290.5571 15.06429557181299
1 45084U 20006AS  23132.00613256  .00017047  00000-0  11600-2 0  9992
2 45084  53.0526 202.5135 0001285  75.7333 284.3799 15.06416989181377
1 45084U 20006AS  23132.33787252  .00015035  00000-0  10265-2 0  9997
2 45084  53.0528 201.0225 0001233  72.1980 287.9143 15.06384625181424
1 45084U 20006AS  23133.46576690  .00020796  00000-0  14100-2 0  9996
2 45084  53.0532 195.9601 0001313  74.8063 285.3071 15.06423633181591
1 45084U 20006AS  23133.53211157  .00011565  00000-0  79365-3 0  9997
2 45084  53.0528 195.6605 0001322  99.0741 261.0398 15.06416258181609
1 45084U 20006AS  23134.46097658  .00003880  00000-0  27924-3 0  9993
2 45084  53.0532 191.4921 0001280  90.6513 269.4623 15.06393812181744
1 45084U 20006AS  23134.85906012  .00007192  00000-0  50135-3 0  9999
2 45084  53.0532 189.7046 0001185  91.3979 268.7145 15.06392235181806
1 45084U 20006AS  23135.45618026  .00007685  00000-0  53422-3 0  9990
2 45084  53.0530 187.0237 0001250  92.8838 267.2294 15.06403085181894
1 45084U 20006AS  23135.85426220  .00003858  00000-0  27778-3 0  9990
2 45084  53.0529 185.2371 0001245  94.2860 265.8271 15.06399800181951
1 45084U 20006AS  23136.45138681  .00001716  00000-0  13405-3 0  9991
2 45084  53.0527 182.5564 0001335  94.6460 265.4681 15.06396109182044
1 45084U 20006AS  23136.84946631  .00003069  00000-0  22481-3 0  9993
2 45084  53.0527 180.7696 0001337  94.5624 265.5518 15.06401516182109
1 45084U 20006AS  23137.84466657  .00001499  00000-0  11947-3 0  9999
2 45084  53.0520 176.3010 0001331  93.9490 266.1651 15.06400905182253
1 45084U 20006AS  23138.44179127  .00000622  00000-0  60674-4 0  9998
2 45084  53.0525 173.6211 0001301  92.0035 268.1103 15.06395394182342
1 45084U 20006AS  23138.90621618  .00000700  00000-0  65894-4 0  9992
2 45084  53.0525 171.5366 0001291  89.4291 270.6846 15.06400541182413
1 45084U 20006AS  23139.76872362  .00000456  00000-0  49493-4 0  9996
2 45084  53.0532 167.6626 0001294 101.8432 258.2702 15.06399848182549
1 45084U 20006AS  23140.76392252  .00002003  00000-0  15330-3 0  9995
2 45084  53.0535 163.1958 0001290  87.8172 272.2965 15.06405184182695
1 45084U 20006AS  23141.42738384  .00003001  00000-0  22017-3 0  9998
2 45084  53.0524 160.2168 0001330  83.0495 277.0646 15.06413246182793
1 45084U 20006AS  23141.75912247  .00000171  00000-0  30370-4 0  9993
2 45084  53.0524 158.7272 0001361  90.4205 269.6940 15.06401226182841
1 45084U 20006AS  23142.35624745 -.00000993  00000-0 -47798-4 0  9999
2 45084  53.0524 156.0464 0001335  89.9586 270.1556 15.06394850182935
1 45084U 20006AS  23142.75432783 -.00000662  00000-0 -25567-4 0  9995
2 45084  53.0524 154.2613 0001324  90.5771 269.5370 15.06397214182992
1 45084U 20006AS  23143.74953148 -.00000728  00000-0 -29998-4 0  9993
2 45084  53.0537 149.7939 0001205  94.0612 266.0515 15.06399173183144
1 45084U 20006AS  23144.28031260  .00000849  00000-0  75881-4 0  9999
2 45084  53.0538 147.4101 0001216  93.6288 266.4840 15.06389338183223
1 45084U 20006AS  23146.40341045  .00001056  00000-0  89785-4 0  9999
2 45084  53.0536 137.8791 0001218  86.3050 273.8078 15.06397424183542
1 45084U 20006AS  23147.66399711  .00000697  00000-0  65659-4 0  9995
2 45084  53.0542 132.2207 0001248  86.6766 273.4365 15.06400418183734
1 45084U 20006AS  23148.26112293 -.00000029  00000-0  16918-4 0  9994
2 45084  53.0548 129.5415 0001347  96.3180 263.7962 15.06396198183822
1 45084U 20006AS  23148.92458339  .00000420  00000-0  47112-4 0  9995
2 45084  53.0555 126.5613 0001380  92.7013 267.4133 15.06405552183926
1 45084U 20006AS  23149.32265818  .00001296  00000-0  10586-3 0  9994
2 45084  53.0545 124.7744 0001298  93.7925 266.3213 15.06409084183988
1 45084U 20006AS  23149.91979728 -.00000010  00000-0  18248-4 0  9999
2 45084  53.0545 122.0938 0001592  86.4086 273.7085 15.06388404184070
1 45084U 20006AS  23150.31788323 -.00000945  00000-0 -44594-4 0  9995
2 45084  53.0545 120.3054 0001320  93.2563 266.8577 15.06385868184132
1 45084U 20006AS  23151.18038446 -.00000052  00000-0  15371-4 0  9994
2 45084  53.0552 116.4346 0001341  90.3036 269.8106 15.06401023184263
1 45084U 20006AS  23151.91020863  .00001836  00000-0  14218-3 0  9997
2 45084  53.0549 113.1580 0001320  86.9188 273.1952 15.06386772184371
1 45084U 20006AS  23152.17559363  .00002642  00000-0  19625-3 0  9991
2 45084  53.0549 111.9663 0001324  88.5453 271.5688 15.06393027184869
1 45084U 20006AS  23153.23712621  .00006024  00000-0  42269-3 0  9995
2 45084  53.0537 107.2008 0001329  89.0090 271.1051 15.06423005184573
1 45084U 20006AS  23154.29868587 -.00000851  00000-0 -38252-4 0  9997
2 45084  53.0534 102.4361 0001265 108.8705 251.2421 15.06394708184736
1 45084U 20006AS  23155.16119820  .00009591  00000-0  66181-3 0  9992
2 45084  53.0536  98.5639 0001352 107.6619 252.4517 15.06403598184860
1 45084U 20006AS  23155.62562946  .00003690  00000-0  26655-3 0  9990
2 45084  53.0536  96.4821 0001517  99.1867 260.9294 15.06395037184935
1 45084U 20006AS  23156.55448731  .00004158  00000-0  29786-3 0  9996
2 45084  53.0540  92.3098 0001326 106.2265 253.8870 15.06401578185076
1 45084U 20006AS  23157.08525397  .00007827  00000-0  54350-3 0  9990
2 45084  53.0539  89.9270 0001302 104.2588 255.8545 15.06418729185154
1 45084U 20006AS  23157.81507552  .00003754  00000-0  27075-3 0  9993
2 45084  53.0543  86.6509 0001304 100.3206 259.7930 15.06404076185267
1 45084U 20006AS  23158.08046636 -.00000042  00000-0  16085-4 0  9992
2 45084  53.0544  85.4588 0001148  94.6015 265.5105 15.06393950185303
1 45084U 20006AS  23158.81027409  .00003066  00000-0  22459-3 0  9999
2 45084  53.0555  82.1802 0001084 108.9488 251.1619 15.06408829185415
1 45084U 20006AS  23159.07565842  .00010563  00000-0  72651-3 0  9995
2 45084  53.0545  80.9919 0001030  89.5609 270.5498 15.06421408185451
1 45084U 20006AS  23160.07087110  .00003527  00000-0  25556-3 0  9998
2 45084  53.0546  76.5239 0001171  96.6403 263.4720 15.06394582185603
1 45084U 20006AS  23161.46414761  .00008640  00000-0  59798-3 0  9994
2 45084  53.0535  70.2688 0001248 103.2972 256.8156 15.06412669185810
1 45084U 20006AS  23161.86223653  .00008585  00000-0  59484-3 0  9996
2 45084  53.0539  68.4832 0000984 103.2566 256.8532 15.06379657185872
1 45084U 20006AS  23162.52571223  .00022778  00000-0  15433-2 0  9994
2 45084  53.0540  65.5048 0001027  99.3347 260.7758 15.06395117185976
1 45084U 20006AS  23162.79109852  .00024229  00000-0  16395-2 0  9999
2 45084  53.0542  64.3134 0001023  99.6333 260.4771 15.06408935186016
1 45084U 20006AS  23163.45456597  .00014767  00000-0  10080-2 0  9995
2 45084  53.0547  61.3337 0001066  96.9253 263.1857 15.06407602186117
1 45084U 20006AS  23164.11804552  .00019742  00000-0  13411-2 0  9996
2 45084  53.0552  58.3571 0001352  82.9986 277.1156 15.06384768186210
1 45084U 20006AS  23165.11323996  .00017104  00000-0  11635-2 0  9991
2 45084  53.0563  53.8890 0001323  91.2806 268.8335 15.06426730186366
1 45084U 20006AS  23165.71036790  .00000725  00000-0  67546-4 0  9995
2 45084  53.0554  51.2081 0000836  90.1032 270.0053 15.06396187186451
1 45084U 20006AS  23165.97575702  .00004265  00000-0  30507-3 0  9993
2 45084  53.0556  50.0169 0000563  96.1939 263.9114 15.06394855186499
1 45084U 20006AS  23167.36903207  .00013378  00000-0  91467-3 0  9990
2 45084  53.0546  43.7632 0001241  86.5929 273.5202 15.06425699186708
1 45084U 20006AS  23168.36424462  .00007884  00000-0  54772-3 0  9995
2 45084  53.0543  39.2956 0001081  97.8216 262.2895 15.06391020186859
1 45084U 20006AS  23168.89501859  .00013869  00000-0  94798-3 0  9991
2 45084  53.0541  36.9126 0001018  95.9428 264.1677 15.06406425186938
1 45084U 20006AS  23169.35944645  .00005554  00000-0  39145-3 0  9994
2 45084  53.0513  34.8280 0000898  89.1382 270.9710 15.06401914187004
1 45084U 20006AS  23169.89022857 -.00000108  00000-0  11630-4 0  9996
2 45084  53.0550  32.4450 0001261  89.8788 270.2345 15.06389356187080
1 45084U 20006AS  23170.02292196  .00002435  00000-0  18234-3 0  9998
2 45084  53.0547  31.8494 0001420  84.2418 275.8733 15.06394036187109
1 45084U 20006AS  23170.88542118  .00016431  00000-0  11186-2 0  9993
2 45084  53.0550  27.9773 0001287  82.7542 277.3593 15.06426216187232
1 45084U 20006AS  23171.01811145  .00018368  00000-0  12476-2 0  9992
2 45084  53.0557  27.3815 0001331  83.0568 277.0572 15.06435232187256
1 45084U 20006AS  23171.88062462  .00008554  00000-0  59229-3 0  9991
2 45084  53.0550  23.5094 0001164  95.9293 264.1829 15.06408152187384
1 45084U 20006AS  23171.94697342  .00019683  00000-0  13366-2 0  9995
2 45084  53.0550  23.2120 0001174 102.9642 257.1478 15.06400392187390
1 45084U 20006AS  23172.87581633  .00017810  00000-0  12104-2 0  9992
2 45084  53.0548  19.0424 0001138 104.5393 255.5722 15.06433621187539
1 45084U 20006AS  23187.73754095  .00006868  00000-0  47948-3 0  9993
2 45084  53.0549 312.3264 0001095  68.5556 291.5550 15.06400639190225
1 45084U 20006AS  23188.73273164  .00022691  00000-0  15357-2 0  9997
2 45084  53.0550 307.8588 0001081  76.2886 283.8223 15.06438868190374
1 45084U 20006AS  23189.06446730  .00006988  00000-0  48733-3 0  9991
2 45084  53.0550 306.3710 0001222  78.2368 281.8758 15.06417086190425
1 45084U 20006AS  23189.72794689  .00009843  00000-0  67920-3 0  9995
2 45084  53.0553 303.3926 0001038  86.4841 273.6267 15.06374920190520
1 45084U 20006AS  23190.98854108  .00001455  00000-0  11657-3 0  9995
2 45084  53.0548 297.7325 0000784 133.5411 226.5643 15.06388177190712
1 45084U 20006AS  23191.98374082  .00009616  00000-0  66330-3 0  9999
2 45084  53.0545 293.2651 0000977  95.3591 264.7509 15.06414657190864
1 45084U 20006AS  23192.31546976  .00016520  00000-0  11245-2 0  9996
2 45084  53.0541 291.7756 0000915  96.5526 263.5567 15.06428014190911
1 45084U 20006AS  23192.97892848 -.00011387  00000-0 -74678-3 0  9998
2 45084  53.0545 288.7973 0000565 119.5864 240.5182 15.06402030191014
1 45084U 20006AS  23194.63759539  .00019915  00000-0  13509-2 0  9990
2 45084  53.0539 281.3513 0001167  80.8228 279.2893 15.06432929191264
1 45084U 20006AS  23195.50011069  .00005985  00000-0  42031-3 0  9991
2 45084  53.0542 277.4793 0001167  93.6962 266.4161 15.06400010191397
1 45084U 20006AS  23196.69434575  .00017111  00000-0  11639-2 0  9996
2 45084  53.0542 272.1171 0001228 109.1315 250.9807 15.06430238191572
1 45084U 20006AS  23197.22513231 -.00008194  00000-0 -53213-3 0  9991
2 45084  53.0539 269.7360 0001176 106.7653 253.3465 15.06381747191656
1 45084U 20006AS  23198.48573743  .00016520  00000-0  11253-2 0  9991
2 45084  53.0541 264.0771 0001035 109.9626 250.1475 15.06401145191844
1 45084U 20006AS  23198.88381884  .00010415  00000-0  71698-3 0  9995
2 45084  53.0534 262.2900 0001010 108.5971 251.5128 15.06402273191901
1 45084U 20006AS  23199.48094376  .00004429  00000-0  31609-3 0  9995
2 45084  53.0536 259.6100 0001071 109.0649 251.0456 15.06396301191992
1 45084U 20006AS  23200.14440598  .00007945  00000-0  55149-3 0  9993
2 45084  53.0532 256.6315 0001080 103.2088 256.9022 15.06412723192098
1 45084U 20006AS  23201.53769311 -.00000913  00000-0 -42456-4 0  9992
2 45084  53.0532 250.3750 0001018  98.8371 261.2733 15.06394002192308
1 45084U 20006AS  23202.59924142  .00006154  00000-0  43159-3 0  9995
2 45084  53.0538 245.6093 0001000  97.2070 262.9032 15.06405438192464
1 45084U 20006AS  23205.05407778 -.00001337  00000-0 -70895-4 0  9998
2 45084  53.0523 234.5925 0001193  60.5218 299.5890 15.06392150192384
1 45084U 20006AS  23206.44736678  .00003431  00000-0  24917-3 0  9994
2 45084  53.0528 228.3350 0001138  79.0447 281.0670 15.06395321192598
1 45084U 20006AS  23207.44256924  .00006345  00000-0  44439-3 0  9994
2 45084  53.0528 223.8666 0001132  81.7435 278.3683 15.06405916192741
1 45084U 20006AS  23208.43776296  .00005993  00000-0  42067-3 0  9996
2 45084  53.0528 219.3988 0001139  81.1758 278.9360 15.06416241193345
1 45084U 20006AS  23208.50410876  .00005979  00000-0  41972-3 0  9991
2 45084  53.0529 219.1012 0001156  80.6308 279.4811 15.06417291192900
1 45084U 20006AS  23209.43296909 -.00000891  00000-0 -40938-4 0  9995
2 45084  53.0530 214.9320 0001130  81.2621 278.8496 15.06397879193490
1 45084U 20006AS  23209.49931693 -.00001805  00000-0 -10233-3 0  9997
2 45084  53.0536 214.6344 0001346  76.8744 283.2395 15.06395384193053
1 45084U 20006AS  23210.49451723  .00000985  00000-0  84992-4 0  9990
2 45084  53.0531 210.1666 0001140  82.1394 277.9725 15.06403492193652
1 45084U 20006AS  23211.02529887  .00001634  00000-0  12856-3 0  9998
2 45084  53.0534 207.7831 0001196  93.3112 266.8014 15.06392453193735
1 45084U 20006AS  23212.02049735  .00002369  00000-0  17785-3 0  9990
2 45084  53.0533 203.3156 0001210  88.5502 271.5625 15.06403623193881
1 45084U 20006AS  23212.68396638  .00001376  00000-0  11127-3 0  9990
2 45084  53.0534 200.3373 0001217  92.0921 268.0207 15.06400807193981
1 45084U 20006AS  23213.34743739  .00000967  00000-0  83811-4 0  9997
2 45084  53.0532 197.3595 0001222  92.6398 267.4731 15.06397884194087
1 45084U 20006AS  23214.34262963  .00003122  00000-0  22831-3 0  9993
2 45084  53.0531 192.8913 0001206  94.4335 265.6792 15.06412561194237
1 45084U 20006AS  23214.67437538 -.00001298  00000-0 -68259-4 0  9990
2 45084  53.0533 191.4021 0001298  89.9606 270.1532 15.06390481194289
1 45084U 20006AS  23215.33784222  .00001604  00000-0  12657-3 0  9998
2 45084  53.0539 188.4228 0001170 100.6695 259.4425 15.06398596194385
1 45084U 20006AS  23216.33304089  .00011717  00000-0  80383-3 0  9995
2 45084  53.0544 183.9560 0001281  90.3475 269.7661 15.06417203194534
1 45084U 20006AS  23217.12921071  .00005313  00000-0  37532-3 0  9992
2 45084  53.0540 180.3820 0001341  97.0736 263.0405 15.06397523194659
1 45084U 20006AS  23218.12440390  .00021236  00000-0  14389-2 0  9999
2 45084  53.0538 175.9146 0001329 103.6861 256.4276 15.06434156194809
1 45084U 20006AS  23218.58883223  .00003310  00000-0  24091-3 0  9990
2 45084  53.0540 173.8296 0001680  84.6725 275.4456 15.06415675194875
1 45084U 20006AS  23219.11961601 -.00006661  00000-0 -42898-3 0  9996
2 45084  53.0535 171.4475 0001329  90.8979 269.2163 15.06377148194959
1 45084U 20006AS  23220.11483236  .00021498  00000-0  14577-2 0  9996
2 45084  53.0530 166.9800 0001288  87.6456 272.4680 15.06401106195103
1 45084U 20006AS  23220.57926078  .00014091  00000-0  96287-3 0  9992
2 45084  53.0528 164.8952 0001237  88.2685 271.8446 15.06404295195172
1 45084U 20006AS  23220.97734543  .00006130  00000-0  43009-3 0  9999
2 45084  53.0535 163.1099 0001502  88.6213 271.4948 15.06396342195233
1 45084U 20006AS  23223.10044138 -.00000093  00000-0  12664-4 0  9998
2 45084  53.0532 153.5778 0001432  94.5685 265.5468 15.06396193195558
1 45084U 20006AS  23224.09562604  .00003846  00000-0  27685-3 0  9996
2 45084  53.0574 149.1122 0001491 108.6062 251.5089 15.06415048195701
1 45084U 20006AS  23224.75911221 -.00000660  00000-0 -25451-4 0  9995
2 45084  53.0545 146.1317 0001030  97.7164 262.3942 15.06388918195806
1 45084U 20006AS  23225.22353756 -.00000856  00000-0 -38613-4 0  9992
2 45084  53.0543 144.0469 0001197  97.6835 262.4290 15.06394071195878
1 45084U 20006AS  23226.08603738  .00017395  00000-0  11830-2 0  9999
2 45084  53.0543 140.1752 0001042 114.5207 245.5891 15.06424539196009
1 45084U 20006AS  23227.01490676  .00019382  00000-0  13170-2 0  9995
2 45084  53.0542 136.0061 0000870  85.0558 275.0530 15.06386510196143
1 45084U 20006AS  23227.14760220  .00016632  00000-0  11333-2 0  9998
2 45084  53.0541 135.4102 0000939  90.1737 269.9360 15.06384292196163
1 45084U 20006AS  23228.14279843  .00020211  00000-0  13709-2 0  9992
2 45084  53.0544 130.9417 0000922  92.9219 267.1875 15.06425807196318
1 45084U 20006AS  23229.00531345  .00013793  00000-0  94277-3 0  9993
2 45084  53.0545 127.0705 0001224  93.8403 266.2726 15.06411795196447
1 45084U 20006AS  23230.06684709  .00021527  00000-0  14579-2 0  9994
2 45084  53.0542 122.3048 0001186  95.7402 264.3722 15.06445201196601
1 45084U 20006AS  23230.79667108 -.00006351  00000-0 -40804-3 0  9999
2 45084  53.0534 119.0288 0000994  12.0545 348.0467 15.06386086196710
1 45084U 20006AS  23231.79188289  .00016332  00000-0  11128-2 0  9992
2 45084  53.0531 114.5600 0001022  81.1055 279.0050 15.06400031196865
1 45084U 20006AS  23232.05726806  .00020328  00000-0  13791-2 0  9993
2 45084  53.0532 113.3692 0001131  77.1638 282.9477 15.06414712196909
1 45084U 20006AS  23233.11882263  .00010556  00000-0  72645-3 0  9997
2 45084  53.0530 108.6029 0001111  86.7654 273.3462 15.06402322197060
1 45084U 20006AS  23234.04766451  .00018334  00000-0  12453-2 0  9992
2 45084  53.0529 104.4335 0001099  83.4515 276.6599 15.06437283197204
1 45084U 20006AS  23234.71113984 -.00000736  00000-0 -30496-4 0  9991
2 45084  53.0535 101.4550 0001337  93.4557 266.6585 15.06399139197301
1 45084U 20006AS  23235.97173348  .00011537  00000-0  79193-3 0  9995
2 45084  53.0542  95.7963 0001502  93.0589 267.0572 15.06410200197042
1 45084U 20006AS  23235.97173348  .00011537  00000-0  79193-3 0  9995
2 45084  53.0542  95.7963 0001502  93.0589 267.0572 15.06410200197491
1 45084U 20006AS  23237.03329223  .00006546  00000-0  45799-3 0  9998
2 45084  53.0543  91.0312 0001652  78.3790 281.7384 15.06395757197207
1 45084U 20006AS  23237.03329223  .00006546  00000-0  45799-3 0  9998
2 45084  53.0543  91.0312 0001652  78.3790 281.7384 15.06395757197656
1 45084U 20006AS  23237.89579499  .00012415  00000-0  85053-3 0  9993
2 45084  53.0542  87.1578 0001430  81.5589 278.5562 15.06416911197334
1 45084U 20006AS  23237.96214108  .00012310  00000-0  84345-3 0  9991
2 45084  53.0543  86.8598 0001466  80.8743 279.2412 15.06418353197790
1 45084U 20006AS  23238.55926543  .00004363  00000-0  31159-3 0  9994
2 45084  53.0542  84.1813 0001517  88.0945 272.0218 15.06404311197436
1 45084U 20006AS  23238.75830329  .00005723  00000-0  40275-3 0  9992
2 45084  53.0554  83.2818 0002153 134.0360 226.0806 15.06405652197918
1 45084U 20006AS  23238.89100167  .00005905  00000-0  41499-3 0  9998
2 45084  53.0545  82.6901 0001356  88.9367 271.1777 15.06400175197487
1 45084U 20006AS  23238.95734971  .00005572  00000-0  39271-3 0  9996
2 45084  53.0544  82.3926 0001440  84.0175 276.0978 15.06397948197499
1 45084U 20006AS  23238.95734971  .00005572  00000-0  39271-3 0  9996
2 45084  53.0544  82.3926 0001440  84.0175 276.0978 15.06397948197949
1 45084U 20006AS  23239.81985181  .00014282  00000-0  97524-3 0  9996
2 45084  53.0542  78.5206 0001260  97.4020 262.7112 15.06420110197627
1 45084U 20006AS  23239.81985181  .00014282  00000-0  97524-3 0  9996
2 45084  53.0542  78.5206 0001260  97.4020 262.7112 15.06420110198077
1 45084U 20006AS  23240.28428112  .00007049  00000-0  49151-3 0  9991
2 45084  53.0539  76.4429 0001993  44.2660 315.8488 15.06412527198147
1 45084U 20006AS  23240.68236620 -.00001339  00000-0 -71058-4 0  9996
2 45084  53.0543  74.6489 0001414  86.4869 273.6282 15.06393250198206
1 45084U 20006AS  23240.81506010  .00001835  00000-0  14211-3 0  9990
2 45084  53.0543  74.0533 0001482  83.6851 276.4307 15.06392532197777
1 45084U 20006AS  23241.67757115  .00015005  00000-0  10238-2 0  9997
2 45084  53.0546  70.1813 0001474  80.0754 280.0401 15.06409533198353
1 45084U 20006AS  23241.81026324  .00015733  00000-0  10723-2 0  9991
2 45084  53.0546  69.5856 0001475  79.8704 280.2452 15.06414833197923
1 45084U 20006AS  23242.67277425  .00005978  00000-0  41984-3 0  9990
2 45084  53.0547  65.7134 0001324  73.2850 286.8284 15.06402808198503
1 45084U 20006AS  23242.80546485  .00002762  00000-0  20423-3 0  9993
2 45084  53.0547  65.1193 0001482  98.4928 261.6229 15.06403267198074
1 45084U 20006AS  23242.93815588  .00008362  00000-0  57942-3 0  9998
2 45084  53.0547  64.5237 0001635 130.4938 229.6194 15.06409207198541
1 45084U 20006AS  23243.46893235  .00016746  00000-0  11399-2 0  9992
2 45084  53.0545  62.1417 0001658  80.0617 280.0559 15.06418638198175
1 45084U 20006AS  23243.46893235  .00016746  00000-0  11399-2 0  9992
2 45084  53.0545  62.1417 0001658  80.0617 280.0559 15.06418638198625
1 45084U 20006AS  23244.46412612  .00007554  00000-0  52523-3 0  9991
2 45084  53.0542  57.6733 0001485  79.0471 281.0685 15.06419114198324
1 45084U 20006AS  23244.46412612  .00007554  00000-0  52523-3 0  9991
2 45084  53.0542  57.6733 0001485  79.0471 281.0685 15.06419114198773
1 45084U 20006AS  23244.86221824  .00000690  00000-0  65257-4 0  9991
2 45084  53.0542  55.8862 0001572  77.3471 282.7694 15.06383712198833
1 45084U 20006AS  23245.45933964  .00017011  00000-0  11580-2 0  9995
2 45084  53.0530  53.2037 0001230  73.9027 286.2097 15.06405546198472
1 45084U 20006AS  23245.45933964  .00017011  00000-0  11580-2 0  9995
2 45084  53.0530  53.2037 0001230  73.9027 286.2097 15.06405546198922
1 45084U 20006AS  23245.85741501  .00031009  00000-0  20894-2 0  9994
2 45084  53.0549  51.4166 0001365  72.8520 287.2619 15.06437881198535
1 45084U 20006AS  23245.85741501  .00031009  00000-0  20894-2 0  9994
2 45084  53.0549  51.4166 0001365  72.8520 287.2619 15.06437881198984
1 45084U 20006AS  23246.45454282  .00008175  00000-0  56695-3 0  9995
2 45084  53.0550  48.7360 0002047  82.5374 277.5847 15.06406781198625
1 45084U 20006AS  23246.45454282  .00008175  00000-0  56695-3 0  9995
2 45084  53.0550  48.7360 0002047  82.5374 277.5847 15.06406781199075
1 45084U 20006AS  23246.71993120  .00008071  00000-0  56007-3 0  9995
2 45084  53.0551  47.5444 0001992  84.4246 275.6971 15.06403761199110
1 45084U 20006AS  23247.44975304  .00009106  00000-0  62949-3 0  9992
2 45084  53.0553  44.2687 0001612  87.1287 272.9886 15.06395486198779
1 45084U 20006AS  23247.44975304  .00009106  00000-0  62949-3 0  9992
2 45084  53.0553  44.2687 0001612  87.1287 272.9886 15.06395486199220
1 45084U 20006AS  23248.44495767  .00002872  00000-0  21168-3 0  9994
2 45084  53.0570  39.8010 0001686 104.3010 255.8166 15.06396038198927
1 45084U 20006AS  23248.44495767  .00002872  00000-0  21168-3 0  9994
2 45084  53.0570  39.8010 0001686 104.3010 255.8166 15.06396038199377
1 45084U 20006AS  23249.44015669  .00006248  00000-0  43783-3 0  9992
2 45084  53.0563  35.3330 0001331  92.2844 267.8297 15.06410071199071
1 45084U 20006AS  23249.44015669  .00006248  00000-0  43783-3 0  9992
2 45084  53.0563  35.3330 0001331  92.2844 267.8297 15.06410071199521
1 45084U 20006AS  23250.43535678 -.00006135  00000-0 -39345-3 0  9996
2 45084  53.0558  30.8659 0001291  76.9906 283.1227 15.06389989199226
1 45084U 20006AS  23250.43535678 -.00006135  00000-0 -39345-3 0  9996
2 45084  53.0558  30.8659 0001291  76.9906 283.1227 15.06389989199675
1 45084U 20006AS  23250.76709377 -.00000607  00000-0 -21888-4 0  9993
2 45084  53.0556  29.3766 0001455  72.9538 287.1611 15.06392576199277
1 45084U 20006AS  23251.09883290  .00017816  00000-0  12121-2 0  9993
2 45084  53.0557  27.8879 0001500  72.8821 287.2332 15.06395391199775
1 45084U 20006AS  23251.56325725  .00017236  00000-0  11728-2 0  9997
2 45084  53.0561  25.8040 0001412  71.7757 288.3386 15.06412689199395
1 45084U 20006AS  23251.76229415  .00021221  00000-0  14383-2 0  9997
2 45084  53.0555  24.9096 0001267  67.6457 292.4667 15.06425326199422
1 45084U 20006AS  23252.35942184  .00014730  00000-0  10057-2 0  9999
2 45084  53.0555  22.2292 0001275  73.5918 286.5211 15.06400149199962
1 45084U 20006AS  23252.55846424  .00019571  00000-0  13292-2 0  9993
2 45084  53.0556  21.3351 0001263  69.4667 290.6458 15.06398585199544
1 45084U 20006AS  23252.89019823  .00019794  00000-0  13438-2 0  9994
2 45084  53.0557  19.8463 0001293  74.2247 285.8885 15.06404935200047
1 45084U 20006AS  23253.55365607  .00021630  00000-0  14652-2 0  9993
2 45084  53.0560  16.8682 0001340  74.3560 285.7577 15.06434511199691
1 45084U 20006AS  23254.61521049  .00022181  00000-0  15040-2 0  9999
2 45084  53.0563  12.1037 0001232  91.3893 268.7237 15.06382503199850
1 45084U 20006AS  23254.74790539  .00018839  00000-0  12806-2 0  9997
2 45084  53.0564  11.5075 0001182  87.5458 272.5666 15.06390125200327
1 45084U 20006AS  23255.54406056  .00016678  00000-0  11352-2 0  9998
2 45084  53.0557   7.9328 0001127  88.5039 271.6079 15.06421735199994
1 45084U 20006AS  23255.67675075  .00019247  00000-0  13064-2 0  9998
2 45084  53.0562   7.3370 0001197  88.9051 271.2075 15.06431316200010
1 45084U 20006AS  23256.00848514  .00003653  00000-0  26391-3 0  9998
2 45084  53.0564   5.8482 0001227 102.2362 257.8765 15.06412883200517
1 45084U 20006AS  23256.53926348  .00006000  00000-0  42129-3 0  9994
2 45084  53.0560   3.4654 0001252  73.5739 286.5388 15.06404894200146
1 45084U 20006AS  23256.73830354  .00035359  00000-0  23800-2 0  9990
2 45084  53.0559   2.5719 0001226 103.6088 256.5038 15.06412656200176
1 45084U 20006AS  23256.73830354  .00035359  00000-0  23800-2 0  9990
2 45084  53.0559   2.5719 0001226 103.6088 256.5038 15.06412656200626
1 45084U 20006AS  23257.00369802  .00019336  00000-0  13135-2 0  9993
2 45084  53.0560   1.3804 0002028  86.6713 273.4507 15.06397083200665
1 45084U 20006AS  23257.33543584  .00012651  00000-0  86698-3 0  9998
2 45084  53.0563 359.8944 0001919  89.4867 270.6341 15.06386949200713
1 45084U 20006AS  23257.53448160  .00002577  00000-0  19196-3 0  9999
2 45084  53.0561 358.9989 0001419 103.5405 256.5742 15.06378463200294
1 45084U 20006AS  23257.66717909  .00025057  00000-0  16961-2 0  9997
2 45084  53.0555 358.4033 0001289  89.0990 271.0146 15.06377995200316
1 45084U 20006AS  23257.66717909  .00025057  00000-0  16961-2 0  9997
2 45084  53.0555 358.4033 0001289  89.0990 271.0146 15.06377995200765
1 45084U 20006AS  23258.26431203  .00023614  00000-0  15995-2 0  9997
2 45084  53.0560 355.7222 0001336  93.5539 266.5602 15.06385798200859
1 45084U 20006AS  23258.52970179  .00013485  00000-0  92282-3 0  9996
2 45084  53.0553 354.5320 0001501  85.8014 274.3146 15.06386277200441
1 45084U 20006AS  23258.52970179  .00013485  00000-0  92282-3 0  9996
2 45084  53.0553 354.5320 0001501  85.8014 274.3146 15.06386277200890
1 45084U 20006AS  23258.99412753  .00017699  00000-0  12038-2 0  9997
2 45084  53.0556 352.4465 0001483  88.2742 271.8417 15.06408572200968
1 45084U 20006AS  23259.52489160  .00019209  00000-0  13037-2 0  9992
2 45084  53.0558 350.0652 0001587  76.3749 283.7417 15.06435272200590
1 45084U 20006AS  23259.98931430  .00007866  00000-0  54602-3 0  9994
2 45084  53.0559 347.9788 0001504  91.3464 268.7697 15.06426269201114
1 45084U 20006AS  23260.38740030  .00022425  00000-0  15197-2 0  9997
2 45084  53.0557 346.1926 0001472 100.4817 259.6338 15.06397568201171
1 45084U 20006AS  23260.52009505  .00038096  00000-0  25626-2 0  9997
2 45084  53.0556 345.5970 0001410 100.4701 259.6447 15.06400292200748
1 45084U 20006AS  23260.52009505  .00038096  00000-0  25626-2 0  9997
2 45084  53.0556 345.5970 0001410 100.4701 259.6447 15.06400292201198
1 45084U 20006AS  23261.44893718  .00030419  00000-0  20497-2 0  9998
2 45084  53.0556 341.4270 0001483 100.6633 259.4523 15.06445633200888
1 45084U 20006AS  23261.44893718  .00030419  00000-0  20497-2 0  9998
2 45084  53.0556 341.4270 0001483 100.6633 259.4523 15.06445633201339
1 45084U 20006AS  23261.91335908  .00026305  00000-0  17762-2 0  9992
2 45084  53.0558 339.3409 0001755  62.4723 297.6444 15.06443497201408
1 45084U 20006AS  23262.44413816  .00025807  00000-0  17455-2 0  9991
2 45084  53.0554 336.9592 0001376  70.4548 289.6589 15.06391241201481
1 45084U 20006AS  23263.50570351  .00006459  00000-0  45227-3 0  9998
2 45084  53.0551 332.1937 0001611  68.1190 291.9970 15.06384418201194
1 45084U 20006AS  23263.50570351  .00006459  00000-0  45227-3 0  9998
2 45084  53.0551 332.1937 0001611  68.1190 291.9970 15.06384418201644
1 45084U 20006AS  23264.43457544  .00008820  00000-0  61061-3 0  9997
2 45084  53.0544 328.0235 0001356  85.8200 274.2944 15.06380559201787
1 45084U 20006AS  23264.50092362  .00009553  00000-0  65965-3 0  9999
2 45084  53.0545 327.7259 0001466  79.0078 281.1076 15.06381819201345
1 45084U 20006AS  23264.89900506  .00014691  00000-0  10032-2 0  9992
2 45084  53.0542 325.9385 0001350  86.9152 273.1992 15.06396947201407
1 45084U 20006AS  23265.42977398  .00019848  00000-0  13468-2 0  9990
2 45084  53.0540 323.5559 0001421  83.0290 277.0861 15.06423177201484
1 45084U 20006AS  23265.42977398  .00019848  00000-0  13468-2 0  9990
2 45084  53.0540 323.5559 0001421  83.0290 277.0861 15.06423177201934
1 45084U 20006AS  23265.89419848  .00000275  00000-0  37321-4 0  9992
2 45084  53.0546 321.4711 0001295  91.3137 268.8001 15.06408019201558
1 45084U 20006AS  23265.89419848  .00000275  00000-0  37321-4 0  9992
2 45084  53.0546 321.4711 0001295  91.3137 268.8001 15.06408019202009
1 45084U 20006AS  23266.42497371  .00006442  00000-0  45085-3 0  9996
2 45084  53.0542 319.0877 0001499 102.8687 257.2470 15.06408363201637
1 45084U 20006AS  23267.15478042  .00019686  00000-0  13357-2 0  9991
2 45084  53.0547 315.8109 0001547 107.6940 252.4218 15.06431102202199
1 45084U 20006AS  23267.42015925  .00021507  00000-0  14565-2 0  9995
2 45084  53.0555 314.6198 0001611 109.4143 250.7020 15.06446297201787
1 45084U 20006AS  23268.08362934  .00013710  00000-0  93722-3 0  9993
2 45084  53.0545 311.6405 0001628 100.5330 259.5842 15.06411496202336
1 45084U 20006AS  23268.41536316  .00013073  00000-0  89456-3 0  9998
2 45084  53.0548 310.1523 0001506  75.5733 284.5423 15.06413501201934
1 45084U 20006AS  23268.41536316  .00013073  00000-0  89456-3 0  9998
2 45084  53.0548 310.1523 0001506  75.5733 284.5423 15.06413501202384
1 45084U 20006AS  23269.41057299  .00006688  00000-0  46780-3 0  9994
2 45084  53.0541 305.6848 0001473  92.8903 267.2254 15.06373364202089
1 45084U 20006AS  23269.41057299  .00006688  00000-0  46780-3 0  9994
2 45084  53.0541 305.6848 0001473  92.8903 267.2254 15.06373364202539
1 45084U 20006AS  23270.33944004  .00009971  00000-0  68753-3 0  9998
2 45084  53.0535 301.5156 0001534  94.0707 266.0457 15.06387480202225
1 45084U 20006AS  23271.40098888  .00009458  00000-0  65284-3 0  9993
2 45084  53.0527 296.7512 0001535  92.8197 267.2968 15.06407818202382
1 45084U 20006AS  23271.40098888  .00009458  00000-0  65284-3 0  9993
2 45084  53.0527 296.7512 0001535  92.8197 267.2968 15.06407818202832
1 45084U 20006AS  23272.06446109  .00004077  00000-0  29247-3 0  9990
2 45084  53.0531 293.7727 0001690  90.3889 269.7294 15.06398853202933
1 45084U 20006AS  23272.32985042  .00002204  00000-0  16683-3 0  9993
2 45084  53.0533 292.5800 0001780  90.9135 269.2058 15.06395942202528
1 45084U 20006AS  23273.25869377  .00015430  00000-0  10517-2 0  9992
2 45084  53.0527 288.4070 0001700 105.8606 254.2571 15.06428880202662
1 45084U 20006AS  23273.32503960  .00016097  00000-0  10961-2 0  9996
2 45084  53.0533 288.1104 0001635  96.4256 263.6919 15.06432167203122
1 45084U 20006AS  23274.18755144  .00001389  00000-0  11214-3 0  9995
2 45084  53.0531 284.2380 0001554  89.8855 270.2312 15.06400772203256
1 45084U 20006AS  23274.32024529  .00005313  00000-0  37529-3 0  9995
2 45084  53.0534 283.6438 0001651  85.4011 274.7166 15.06399968202822
1 45084U 20006AS  23274.71833048  .00018851  00000-0  12810-2 0  9998
2 45084  53.0532 281.8563 0001636  82.6768 277.4406 15.06400893202883
1 45084U 20006AS  23275.31544390  .00022261  00000-0  15074-2 0  9999
2 45084  53.0532 279.1759 0001693  84.8103 275.3079 15.06430506203428
1 45084U 20006AS  23275.71352618  .00009564  00000-0  65984-3 0  9990
2 45084  53.0532 277.3874 0001986  83.3223 276.7992 15.06413315203033
1 45084U 20006AS  23275.71352618  .00009564  00000-0  65984-3 0  9990
2 45084  53.0532 277.3874 0001986  83.3223 276.7992 15.06413315203482
1 45084U 20006AS  23276.17795619 -.00000308  00000-0 -17938-5 0  9990
2 45084  53.0529 275.3034 0001495  94.7941 265.3219 15.06393943203550
1 45084U 20006AS  23276.31065394  .00020035  00000-0  13607-2 0  9999
2 45084  53.0530 274.7083 0001449  98.0903 262.0251 15.06383472203122
1 45084U 20006AS  23277.04046647  .00018454  00000-0  12540-2 0  9997
2 45084  53.0545 271.4352 0001677 106.4249 253.6924 15.06416238203682
1 45084U 20006AS  23277.30584784  .00023861  00000-0  16139-2 0  9991
2 45084  53.0537 270.2393 0001512  98.2427 261.8733 15.06433571203272
1 45084U 20006AS  23277.70393419  .00012633  00000-0  86526-3 0  9991
2 45084  53.0540 268.4521 0001990  79.4035 280.7178 15.06407719203339
1 45084U 20006AS  23277.70393419  .00012633  00000-0  86526-3 0  9991
2 45084  53.0540 268.4521 0001990  79.4035 280.7178 15.06407719203788
1 45084U 20006AS  23278.23471771  .00026532  00000-0  17942-2 0  9996
2 45084  53.0532 266.0697 0001546  85.3246 274.7919 15.06382687203416
1 45084U 20006AS  23278.23471771  .00026532  00000-0  17942-2 0  9996
2 45084  53.0532 266.0697 0001546  85.3246 274.7919 15.06382687203865
1 45084U 20006AS  23278.69914758  .00031482  00000-0  21226-2 0  9993
2 45084  53.0532 263.9848 0001576  86.0494 274.0675 15.06406338203485
1 45084U 20006AS  23279.36260128  .00030390  00000-0  20476-2 0  9996
2 45084  53.0535 261.0058 0001594  88.1457 271.9715 15.06448909203584
1 45084U 20006AS  23279.36260128  .00030390  00000-0  20476-2 0  9996
2 45084  53.0535 261.0058 0001594  88.1457 271.9715 15.06448909204035
1 45084U 20006AS  23280.09242751  .00008986  00000-0  62170-3 0  9994
2 45084  53.0534 257.7289 0001219  73.8489 286.2634 15.06381887204144
1 45084U 20006AS  23280.35781863  .00027951  00000-0  18887-2 0  9993
2 45084  53.0534 256.5387 0001746 113.8538 246.2634 15.06384310203739
1 45084U 20006AS  23280.62320579  .00021750  00000-0  14746-2 0  9997
2 45084  53.0546 255.3474 0001464 110.2290 249.8856 15.06399194203774
1 45084U 20006AS  23280.62320579  .00021750  00000-0  14746-2 0  9997
2 45084  53.0546 255.3474 0001464 110.2290 249.8856 15.06399194204225
1 45084U 20006AS  23281.35300670  .00033637  00000-0  22631-2 0  9997
2 45084  53.0531 252.0721 0001655 110.9314 249.1852 15.06452519203885
1 45084U 20006AS  23281.35300670  .00033637  00000-0  22631-2 0  9997
2 45084  53.0531 252.0721 0001655 110.9314 249.1852 15.06452519204336
1 45084U 20006AS  23281.61840417  .00013390  00000-0  91567-3 0  9993
2 45084  53.0539 250.8787 0003304  81.6949 278.4414 15.06415749203920
1 45084U 20006AS  23281.61840417  .00013390  00000-0  91567-3 0  9993
2 45084  53.0539 250.8787 0003304  81.6949 278.4414 15.06415749204370
1 45084U 20006AS  23282.08283355  .00018630  00000-0  12667-2 0  9992
2 45084  53.0529 248.7958 0001342  94.2000 265.9142 15.06386998204443
1 45084U 20006AS  23282.28187598  .00030498  00000-0  20580-2 0  9995
2 45084  53.0526 247.9024 0001314  91.3511 268.7628 15.06390418204025
1 45084U 20006AS  23282.94534785  .00032801  00000-0  22098-2 0  9998
2 45084  53.0527 244.9238 0001453  99.4755 260.6398 15.06415630204123
1 45084U 20006AS  23283.07804091  .00024019  00000-0  16253-2 0  9991
2 45084  53.0526 244.3280 0001578  95.0069 265.1100 15.06413534204594
1 45084U 20006AS  23283.27707812  .00028271  00000-0  19079-2 0  9999
2 45084  53.0525 243.4348 0001427  95.7797 264.3355 15.06426147204177
1 45084U 20006AS  23283.87421883  .00014745  00000-0  10073-2 0  9992
2 45084  53.0531 240.7551 0002193  90.4360 269.6880 15.06378101204266
1 45084U 20006AS  23284.13961346  .00014355  00000-0  98160-3 0  9996
2 45084  53.0536 239.5604 0001923 100.9987 259.1218 15.06364005204759
1 45084U 20006AS  23284.27230804  .00015370  00000-0  10489-2 0  9994
2 45084  53.0528 238.9675 0001476  82.7775 277.3382 15.06384522204778
1 45084U 20006AS  23284.60404202  .00027273  00000-0  18424-2 0  9998
2 45084  53.0532 237.4787 0001458  80.2217 279.8937 15.06407347204375
1 45084U 20006AS  23284.60404202  .00027273  00000-0  18424-2 0  9998
2 45084  53.0532 237.4787 0001458  80.2217 279.8937 15.06407347204825
1 45084U 20006AS  23285.13479145  .00069296  00000-0  46129-2 0  9999
2 45084  53.0529 235.0935 0001375  88.2392 271.8754 15.06501792204907
1 45084U 20006AS  23285.59921023  .00046695  00000-0  31317-2 0  9997
2 45084  53.0542 233.0093 0001730 104.1561 255.9620 15.06415774204523
1 45084U 20006AS  23285.59921023  .00046695  00000-0  31317-2 0  9997
2 45084  53.0542 233.0093 0001730 104.1561 255.9620 15.06415774204972
1 45084U 20006AS  23286.12999577  .00022948  00000-0  15551-2 0  9993
2 45084  53.0539 230.6253 0001580 120.0498 240.0648 15.06384070204607
1 45084U 20006AS  23286.12999577  .00022948  00000-0  15551-2 0  9993
2 45084  53.0539 230.6253 0001580 120.0498 240.0648 15.06384070205057
1 45084U 20006AS  23286.85980949  .00053273  00000-0  35641-2 0  9993
2 45084  53.0541 227.3496 0001604 125.0835 235.0305 15.06444640205165
1 45084U 20006AS  23287.52326850 -.00004856  00000-0 -30716-3 0  9997
2 45084  53.0548 224.3713 0001893  84.9202 275.2003 15.06414881204818
1 45084U 20006AS  23287.85501677 -.00030797  00000-0 -20610-2 0  9999
2 45084  53.0546 222.8828 0001177 103.3740 256.7380 15.06338789204863
1 45084U 20006AS  23287.85501677 -.00030797  00000-0 -20610-2 0  9999
2 45084  53.0546 222.8828 0001177 103.3740 256.7380 15.06338789205314
1 45084U 20006AS  23288.05406733  .00005836  00000-0  41102-3 0  9993
2 45084  53.0546 221.9896 0002024 121.3026 238.8161 15.06337043205341
1 45084U 20006AS  23288.51850331  .00024145  00000-0  16340-2 0  9990
2 45084  53.0546 219.9050 0001140 118.1135 241.9970 15.06407176204968
1 45084U 20006AS  23288.51850331  .00024145  00000-0  16340-2 0  9990
2 45084  53.0546 219.9050 0001140 118.1135 241.9970 15.06407176205419
1 45084U 20006AS  23289.51369821  .00019019  00000-0  12913-2 0  9996
2 45084  53.0543 215.4372 0002041  72.6093 287.5119 15.06427850205111
1 45084U 20006AS  23289.51369821  .00019019  00000-0  12913-2 0  9996
2 45084  53.0543 215.4372 0002041  72.6093 287.5119 15.06427850205560
1 45084U 20006AS  23290.50891849  .00034109  00000-0  22973-2 0  9991
2 45084  53.0534 210.9698 0002548  81.6772 278.4506 15.06405826205262
1 45084U 20006AS  23290.50891849  .00034109  00000-0  22973-2 0  9991
2 45084  53.0534 210.9698 0002548  81.6772 278.4506 15.06405826205712
1 45084U 20006AS  23291.17236798  .00032045  00000-0  21576-2 0  9996
2 45084  53.0535 207.9911 0001437  83.2744 276.8409 15.06448965205366
1 45084U 20006AS  23291.50410181  .00000983  00000-0  84830-4 0  9993
2 45084  53.0538 206.5000 0001756 103.5313 256.5872 15.06421047205861
1 45084U 20006AS  23291.90218813  .00017994  00000-0  12238-2 0  9996
2 45084  53.0527 204.7143 0001582 103.9145 256.2020 15.06399906205478
1 45084U 20006AS  23292.16757660  .00037795  00000-0  25422-2 0  9993
2 45084  53.0534 203.5227 0001437 111.4494 248.6649 15.06407033205514
1 45084U 20006AS  23292.16757660  .00037795  00000-0  25422-2 0  9993
2 45084  53.0534 203.5227 0001437 111.4494 248.6649 15.06407033205963
1 45084U 20006AS  23292.89737149  .00042752  00000-0  28662-2 0  9991
2 45084  53.0535 200.2468 0001456 111.8943 248.2200 15.06470524205626
1 45084U 20006AS  23293.16274457  .00037424  00000-0  25120-2 0  9996
2 45084  53.0533 199.0564 0001442 104.7557 255.3591 15.06488819205665
1 45084U 20006AS  23293.75988475  .00003252  00000-0  23725-3 0  9995
2 45084  53.0533 196.3757 0001998  76.8296 283.2916 15.06384317206204
1 45084U 20006AS  23293.89258384 -.00006833  00000-0 -44095-3 0  9992
2 45084  53.0533 195.7800 0001295  64.5957 295.5166 15.06345491205778
1 45084U 20006AS  23294.02528449  .00013554  00000-0  92848-3 0  9995
2 45084  53.0536 195.1841 0001416  76.0508 284.0638 15.06343828206247
1 45084U 20006AS  23294.15798414  .00035983  00000-0  24256-2 0  9997
2 45084  53.0535 194.5886 0001393  80.1080 280.0066 15.06349445205817
1 45084U 20006AS  23294.15798414  .00035983  00000-0  24256-2 0  9997
2 45084  53.0535 194.5886 0001393  80.1080 280.0066 15.06349445206267
1 45084U 20006AS  23294.95415705  .00027287  00000-0  18437-2 0  9996
2 45084  53.0535 191.0146 0001433  76.1056 284.0093 15.06399705205932
1 45084U 20006AS  23295.41857781  .00019998  00000-0  13567-2 0  9991
2 45084  53.0532 188.9299 0001416  82.4229 277.6921 15.06425688206003
1 45084U 20006AS  23295.41857781  .00019998  00000-0  13567-2 0  9991
2 45084  53.0532 188.9299 0001416  82.4229 277.6921 15.06425688206452
1 45084U 20006AS  23295.94934440  .00021353  00000-0  14470-2 0  9999
2 45084  53.0531 186.5471 0000974  91.9648 268.1452 15.06427050206083
1 45084U 20006AS  23296.01569286 -.00014031  00000-0 -92500-3 0  9998
2 45084  53.0531 186.2494 0001341  73.8806 286.2331 15.06396430206544
1 45084U 20006AS  23296.41377928  .00021832  00000-0  14803-2 0  9996
2 45084  53.0531 184.4625 0001408  65.1578 294.9557 15.06392747206604
1 45084U 20006AS  23296.94455332  .00023685  00000-0  16031-2 0  9993
2 45084  53.0530 182.0802 0001401  67.9087 292.2051 15.06412572206230
1 45084U 20006AS  23297.40898166  .00013851  00000-0  94681-3 0  9993
2 45084  53.0538 179.9957 0001553  72.7603 287.3556 15.06404693206308
1 45084U 20006AS  23297.40898166  .00013851  00000-0  94681-3 0  9993
2 45084  53.0538 179.9957 0001553  72.7603 287.3556 15.06404693206757
1 45084U 20006AS  23298.93494927  .00014143  00000-0  96572-3 0  9995
2 45084  53.0542 173.1441 0001510  83.9224 276.1937 15.06427814206986
1 45084U 20006AS  23299.06763950  .00015075  00000-0  10278-2 0  9998
2 45084  53.0538 172.5483 0001518  83.7256 276.3905 15.06433779206558
1 45084U 20006AS  23299.86380204  .00008135  00000-0  56415-3 0  9996
2 45084  53.0533 168.9744 0001275  92.0308 268.0827 15.06413723206674
1 45084U 20006AS  23299.93014900  .00007532  00000-0  52383-3 0  9991
2 45084  53.0533 168.6767 0001261  94.1487 265.9646 15.06411304207132
1 45084U 20006AS  23300.32822915  .00015533  00000-0  10589-2 0  9991
2 45084  53.0534 166.8894 0001265  91.3398 268.7736 15.06415893206742
1 45084U 20006AS  23300.92533913  .00017181  00000-0  11684-2 0  9992
2 45084  53.0531 164.2092 0001239  95.3512 264.7618 15.06435919206830
1 45084U 20006AS  23300.99168377  .00017856  00000-0  12133-2 0  9996
2 45084  53.0530 163.9110 0001261  95.7470 264.3663 15.06439663207295
1 45084U 20006AS  23301.32342032  .00001403  00000-0  11302-3 0  9995
2 45084  53.0530 162.4207 0001701  83.3515 276.7668 15.06414262207344
1 45084U 20006AS  23301.58881486  .00004637  00000-0  32992-3 0  9994
2 45084  53.0524 161.2311 0003381  77.3987 282.7380 15.06410166206933
1 45084U 20006AS  23301.85420546 -.00002890  00000-0 -17527-3 0  9998
2 45084  53.0524 160.0391 0001342  83.0435 277.0706 15.06382550207424
1 45084U 20006AS  23301.92055712  .00017375  00000-0  11835-2 0  9992
2 45084  53.0521 159.7419 0001315  77.1511 282.9625 15.06367113206989
1 45084U 20006AS  23302.58403513  .00021868  00000-0  14828-2 0  9998
2 45084  53.0518 156.7630 0001351  78.4311 281.6829 15.06390644207088
1 45084U 20006AS  23302.91576966  .00020943  00000-0  14206-2 0  9991
2 45084  53.0520 155.2741 0001388  76.1360 283.9784 15.06402773207135
1 45084U 20006AS  23302.98211627  .00020760  00000-0  14083-2 0  9998
2 45084  53.0519 154.9762 0001376  75.5238 284.5904 15.06404979207597
1 45084U 20006AS  23303.84463420  .00010534  00000-0  72512-3 0  9994
2 45084  53.0522 151.1033 0001297  80.1621 279.9514 15.06396111207279
1 45084U 20006AS  23303.84463420  .00010534  00000-0  72512-3 0  9994
2 45084  53.0522 151.1033 0001297  80.1621 279.9514 15.06396111207729
1 45084U 20006AS  23304.30906507  .00011847  00000-0  81293-3 0  9998
2 45084  53.0522 149.0184 0001276  82.1245 277.9888 15.06397186207346
1 45084U 20006AS  23304.30906507  .00011847  00000-0  81293-3 0  9998
2 45084  53.0522 149.0184 0001276  82.1245 277.9888 15.06397186207795
1 45084U 20006AS  23304.83984020  .00008488  00000-0  58800-3 0  9997
2 45084  53.0527 146.6349 0001315  87.7182 272.3957 15.06401455207422
1 45084U 20006AS  23304.97253368  .00008302  00000-0  57551-3 0  9993
2 45084  53.0527 146.0392 0001333  88.3378 271.7763 15.06402751207448
1 45084U 20006AS  23304.97253368  .00008302  00000-0  57551-3 0  9993
2 45084  53.0527 146.0392 0001333  88.3378 271.7763 15.06402751207897
1 45084U 20006AS  23305.83503339  .00009660  00000-0  66613-3 0  9992
2 45084  53.0527 142.1675 0001307  85.2936 274.8203 15.06420933207575
1 45084U 20006AS  23306.49848708  .00010070  00000-0  69329-3 0  9991
2 45084  53.0528 139.1890 0001285  84.4599 275.6537 15.06435925207679
1 45084U 20006AS  23306.49848708  .00010070  00000-0  69329-3 0  9991
2 45084  53.0528 139.1890 0001285  84.4599 275.6537 15.06435925208120
1 45084U 20006AS  23306.83021086  .00010207  00000-0  70227-3 0  9992
2 45084  53.0528 137.6998 0001284  83.7039 276.4097 15.06445033207728
1 45084U 20006AS  23307.16194591 -.00018320  00000-0 -12141-2 0  9997
2 45084  53.0527 136.2107 0001576  78.1194 281.9971 15.06401731208223
1 45084U 20006AS  23307.56002671 -.00012321  00000-0 -80978-3 0  9997
2 45084  53.0528 134.4232 0001328  97.6186 262.4954 15.06394878207839
1 45084U 20006AS  23307.89176488 -.00004147  00000-0 -25974-3 0  9993
2 45084  53.0531 132.9342 0001284 100.3297 259.7837 15.06387827207884
1 45084U 20006AS  23307.95811255 -.00001962  00000-0 -11288-3 0  9993
2 45084  53.0530 132.6363 0001282 100.9050 259.2083 15.06387623208348
1 45084U 20006AS  23308.48889419  .00009125  00000-0  63088-3 0  9991
2 45084  53.0530 130.2538 0001260 102.9352 257.1778 15.06387936207972
1 45084U 20006AS  23308.82062933  .00011468  00000-0  78756-3 0  9994
2 45084  53.0530 128.7646 0001243 103.4728 256.6399 15.06396702208029
1 45084U 20006AS  23308.82062933  .00011468  00000-0  78756-3 0  9994
2 45084  53.0530 128.7646 0001243 103.4728 256.6399 15.06396702208478
1 45084U 20006AS  23309.21871313  .00007085  00000-0  49412-3 0  9995
2 45084  53.0529 126.9775 0001219  99.4085 260.7042 15.06394599208082
1 45084U 20006AS  23309.21871313  .00007085  00000-0  49412-3 0  9995
2 45084  53.0529 126.9775 0001219  99.4085 260.7042 15.06394599208532
1 45084U 20006AS  23309.81583859  .00004142  00000-0  29686-3 0  9998
2 45084  53.0531 124.2967 0001240  98.4324 261.6806 15.06393789208176
1 45084U 20006AS  23309.81583859  .00004142  00000-0  29686-3 0  9998
2 45084  53.0531 124.2967 0001240  98.4324 261.6806 15.06393789208626
1 45084U 20006AS  23310.21391606  .00007479  00000-0  52036-3 0  9992
2 45084  53.0531 122.5097 0001232  97.7326 262.3803 15.06407774208238
1 45084U 20006AS  23310.21391606  .00007479  00000-0  52036-3 0  9992
2 45084  53.0531 122.5097 0001232  97.7326 262.3803 15.06407774208687
1 45084U 20006AS  23310.74468595  .00010698  00000-0  73565-3 0  9999
2 45084  53.0521 120.1269 0001234  95.8225 264.2905 15.06418563208312
1 45084U 20006AS  23311.47450496  .00001980  00000-0  15180-3 0  9994
2 45084  53.0520 116.8502 0002054  89.4927 270.6297 15.06404026208877
1 45084U 20006AS  23311.60719925 -.00005764  00000-0 -36848-3 0  9994
2 45084  53.0522 116.2543 0001436  93.1092 267.0061 15.06387327208442
1 45084U 20006AS  23311.73989434 -.00002907  00000-0 -17641-3 0  9998
2 45084  53.0521 115.6591 0001424  88.8332 271.2820 15.06386816208916
1 45084U 20006AS  23312.60241087  .00006100  00000-0  42813-3 0  9996
2 45084  53.0523 111.7873 0001370  88.4607 271.6538 15.06392581208599
1 45084U 20006AS  23312.73510521  .00007543  00000-0  52482-3 0  9997
2 45084  53.0526 111.1914 0001385  89.6497 270.4651 15.06394232208619
1 45084U 20006AS  23313.13318807  .00005189  00000-0  36703-3 0  9997
2 45084  53.0536 109.4048 0001410  88.8519 271.2632 15.06394795209122
1 45084U 20006AS  23313.59761682  .00003748  00000-0  27042-3 0  9995
2 45084  53.0534 107.3197 0001406  89.2586 270.8564 15.06396014208748
1 45084U 20006AS  23313.73031030  .00003705  00000-0  26754-3 0  9990
2 45084  53.0535 106.7240 0001406  89.2986 270.8164 15.06397296208766
1 45084U 20006AS  23314.59281519  .00003953  00000-0  28408-3 0  9997
2 45084  53.0529 102.8513 0001356  88.6288 271.4856 15.06406245208895
1 45084U 20006AS  23314.72550788  .00004010  00000-0  28789-3 0  9996
2 45084  53.0530 102.2557 0001352  88.1096 272.0048 15.06407470208911
1 45084U 20006AS  23314.72550788  .00004010  00000-0  28789-3 0  9996
2 45084  53.0530 102.2557 0001352  88.1096 272.0048 15.06407470209361
1 45084U 20006AS  23315.38897759  .00001488  00000-0  11878-3 0  9998
2 45084  53.0529  99.2770 0001322  87.3895 272.7245 15.06400947209465
1 45084U 20006AS  23315.58801928  .00000536  00000-0  54853-4 0  9997
2 45084  53.0531  98.3832 0001330  86.2028 273.9113 15.06398187209045
1 45084U 20006AS  23315.78706059  .00000723  00000-0  67435-4 0  9996
2 45084  53.0537  97.4896 0001313  85.1456 274.9683 15.06398843209070
1 45084U 20006AS  23316.58321920  .00001115  00000-0  93719-4 0  9995
2 45084  53.0544  93.9158 0001219  89.2933 270.8196 15.06404688209192
1 45084U 20006AS  23316.64956551  .00001073  00000-0  90927-4 0  9997
2 45084  53.0544  93.6180 0001217  89.4695 270.6433 15.06404869209204
1 45084U 20006AS  23316.64956551  .00001073  00000-0  90927-4 0  9997
2 45084  53.0544  93.6180 0001217  89.4695 270.6433 15.06404869209653
1 45084U 20006AS  23317.51207405  .00001706  00000-0  13337-3 0  9993
2 45084  53.0544  89.7460 0001206  87.5674 272.5453 15.06401240209332
1 45084U 20006AS  23317.64476705  .00001721  00000-0  13439-3 0  9998
2 45084  53.0544  89.1502 0001205  88.0312 272.0815 15.06401945209358
1 45084U 20006AS  23317.64476705  .00001721  00000-0  13439-3 0  9998
2 45084  53.0544  89.1502 0001205  88.0312 272.0815 15.06401945209808
1 45084U 20006AS  23318.50726496  .00002129  00000-0  16169-3 0  9995
2 45084  53.0543  85.2784 0001219  85.9907 274.1222 15.06411964209488
1 45084U 20006AS  23318.50726496  .00002129  00000-0  16169-3 0  9995
2 45084  53.0543  85.2784 0001219  85.9907 274.1222 15.06411964209938
1 45084U 20006AS  23319.50248085 -.00000604  00000-0 -21644-4 0  9992
2 45084  53.0551  80.8100 0001309  98.7371 261.3766 15.06394290210088
1 45084U 20006AS  23319.63517530 -.00000431  00000-0 -10051-4 0  9998
2 45084  53.0559  80.2161 0001176  89.1590 270.9534 15.06393986209657
1 45084U 20006AS  23320.03325102 -.00001398  00000-0 -74978-4 0  9997
2 45084  53.0553  78.4296 0001285  92.4532 267.6604 15.06395487209719
1 45084U 20006AS  23321.49288858  .00001876  00000-0  14482-3 0  9996
2 45084  53.0556  71.8773 0001319  96.2920 263.8219 15.06391937210381
1 45084U 20006AS  23321.55923718  .00002092  00000-0  15935-3 0  9999
2 45084  53.0567  71.5797 0001271  98.1823 261.9310 15.06390731209948
1 45084U 20006AS  23321.69195253 -.00001070  00000-0 -53019-4 0  9992
2 45084  53.0561  70.9837 0001338  85.0437 275.0705 15.06367606209961
1 45084U 20006AS  23321.69195253 -.00001070  00000-0 -53019-4 0  9992
2 45084  53.0561  70.9837 0001338  85.0437 275.0705 15.06367606210413
1 45084U 20006AS  23322.55447091 -.00000946  00000-0 -44682-4 0  9995
2 45084  53.0554  67.1115 0001260  85.3228 274.7905 15.06372919210092
1 45084U 20006AS  23322.55447091 -.00000946  00000-0 -44682-4 0  9995
2 45084  53.0554  67.1115 0001260  85.3228 274.7905 15.06372919210542
1 45084U 20006AS  23323.01889551  .00001174  00000-0  97728-4 0  9999
2 45084  53.0556  65.0251 0001459  86.1994 273.9162 15.06379603210612
1 45084U 20006AS  23323.48331514  .00002408  00000-0  18050-3 0  9992
2 45084  53.0566  62.9417 0000883  74.9110 285.1977 15.06395287210680
1 45084U 20006AS  23323.54966176  .00004711  00000-0  33503-3 0  9996
2 45084  53.0559  62.6425 0001472  79.0167 281.0987 15.06392651210241
1 45084U 20006AS  23324.41216754  .00009411  00000-0  64953-3 0  9998
2 45084  53.0554  58.7722 0001299  69.0287 291.0841 15.06418896210825
1 45084U 20006AS  23324.54485807  .00012073  00000-0  82734-3 0  9994
2 45084  53.0551  58.1761 0001345  70.4305 289.6829 15.06429863210395
1 45084U 20006AS  23324.54485807  .00012073  00000-0  82734-3 0  9994
2 45084  53.0551  58.1761 0001345  70.4305 289.6829 15.06429863210845
1 45084U 20006AS  23325.47370776  .00002356  00000-0  17690-3 0  9997
2 45084  53.0553  54.0055 0001291  86.9030 273.2107 15.06416288210985
1 45084U 20006AS  23325.54005684 -.00000159  00000-0  82399-5 0  9998
2 45084  53.0558  53.7073 0001495  63.7085 296.4058 15.06409266210547
1 45084U 20006AS  23325.54005684 -.00000159  00000-0  82399-5 0  9998
2 45084  53.0558  53.7073 0001495  63.7085 296.4058 15.06409266210996
1 45084U 20006AS  23326.46889947  .00013483  00000-0  92155-3 0  9994
2 45084  53.0553  49.5386 0001365  73.0980 287.0158 15.06430682210684
1 45084U 20006AS  23326.46889947  .00013483  00000-0  92155-3 0  9994
2 45084  53.0553  49.5386 0001365  73.0980 287.0158 15.06430682211135
1 45084U 20006AS  23327.46409817  .00000680  00000-0  64561-4 0  9995
2 45084  53.0556  45.0692 0003355 156.8581 203.2560 15.06404479211285
1 45084U 20006AS  23327.59680155  .00001804  00000-0  14003-3 0  9999
2 45084  53.0558  44.4761 0001311  92.4414 267.6725 15.06391010210852
1 45084U 20006AS  23327.59680155  .00001804  00000-0  14003-3 0  9999
2 45084  53.0558  44.4761 0001311  92.4414 267.6725 15.06391010211303
1 45084U 20006AS  23327.99488930  .00007024  00000-0  49021-3 0  9998
2 45084  53.0559  42.6901 0001533 100.0400 260.0762 15.06382816211365
1 45084U 20006AS  23328.52566676  .00000005  00000-0  19231-4 0  9995
2 45084  53.0558  40.3068 0001621  97.1244 262.9929 15.06391205210999
1 45084U 20006AS  23329.45453449  .00002575  00000-0  19175-3 0  9991
2 45084  53.0562  36.1378 0001517  91.5477 268.5685 15.06387574211133
1 45084U 20006AS  23329.98529626  .00008830  00000-0  61066-3 0  9996
2 45084  53.0563  33.7531 0001329 110.4559 249.6572 15.06416074211662
1 45084U 20006AS  23330.38337089  .00019220  00000-0  13042-2 0  9997
2 45084  53.0559  31.9672 0001365  89.6731 270.4414 15.06441671211277
1 45084U 20006AS  23330.38337089  .00019220  00000-0  13042-2 0  9997
2 45084  53.0559  31.9672 0001365  89.6731 270.4414 15.06441671211727
1 45084U 20006AS  23331.17953749 -.00024785  00000-0 -16522-2 0  9992
2 45084  53.0558  28.3928 0001418  69.2967 290.8174 15.06368678211841
1 45084U 20006AS  23331.44493734  .00016085  00000-0  10980-2 0  9999
2 45084  53.0562  27.2023 0001564  68.6937 291.4219 15.06340949211435
1 45084U 20006AS  23331.97572508  .00021027  00000-0  14275-2 0  9997
2 45084  53.0561  24.8193 0001510  72.9797 287.1357 15.06369386211967
1 45084U 20006AS  23332.37381162  .00019585  00000-0  13306-2 0  9996
2 45084  53.0561  23.0329 0001565  69.2831 290.8326 15.06384355211574
1 45084U 20006AS  23333.10362590  .00017348  00000-0  11803-2 0  9997
2 45084  53.0567  19.7597 0001629  73.2094 286.9073 15.06412246212135
1 45084U 20006AS  23333.36901650  .00016000  00000-0  10907-2 0  9999
2 45084  53.0561  18.5654 0001857  56.9812 303.1355 15.06397195211723
1 45084U 20006AS  23333.36901650  .00016000  00000-0  10907-2 0  9999
2 45084  53.0561  18.5654 0001857  56.9812 303.1355 15.06397195212173
1 45084U 20006AS  23333.96613048  .00022421  00000-0  15183-2 0  9991
2 45084  53.0562  15.8887 0001764  72.1774 287.9407 15.06424867212260
1 45084U 20006AS  23335.09402781 -.00010463  00000-0 -68488-3 0  9999
2 45084  53.0540  10.8186 0001534  80.1314 279.9848 15.06381909212435
1 45084U 20006AS  23335.35941780  .00012588  00000-0  86252-3 0  9992
2 45084  53.0551   9.6282 0001471  81.8494 278.2662 15.06397208212027
1 45084U 20006AS  23335.35941780  .00012588  00000-0  86252-3 0  9992
2 45084  53.0551   9.6282 0001471  81.8494 278.2662 15.06397208212476
1 45084U 20006AS  23336.35460734  .00044126  00000-0  29573-2 0  9993
2 45084  53.0550   5.1602 0001583  91.3056 268.8115 15.06468219212172
1 45084U 20006AS  23336.35460734  .00044126  00000-0  29573-2 0  9993
2 45084  53.0550   5.1602 0001583  91.3056 268.8115 15.06468219212622
1 45084U 20006AS  23336.95172380  .00003421  00000-0  24833-3 0  9994
2 45084  53.0549   2.4765 0002040 126.3384 233.7794 15.06418444212711
1 45084U 20006AS  23337.48250818 -.00001939  00000-0 -11137-3 0  9993
2 45084  53.0552   0.0962 0001744 108.9711 251.1467 15.06383265212340
1 45084U 20006AS  23337.48250818 -.00001939  00000-0 -11137-3 0  9993
2 45084  53.0552   0.0962 0001744 108.9711 251.1467 15.06383265212799
1 45084U 20006AS  23338.47772077  .00009719  00000-0  67057-3 0  9993
2 45084  53.0556 355.6289 0001642  98.9259 261.1916 15.06395079212499
1 45084U 20006AS  23338.47772077  .00009719  00000-0  67057-3 0  9993
2 45084  53.0556 355.6289 0001642  98.9259 261.1916 15.06395079212949
1 45084U 20006AS  23339.27388383  .00005568  00000-0  39240-3 0  9996
2 45084  53.0553 352.0550 0001667  99.3424 260.7754 15.06400076212617
1 45084U 20006AS  23339.27388383  .00005568  00000-0  39240-3 0  9996
2 45084  53.0553 352.0550 0001667  99.3424 260.7754 15.06400076213067
1 45084U 20006AS  23340.46811498  .00006890  00000-0  48077-3 0  9994
2 45084  53.0552 346.6941 0001670  98.6053 261.5126 15.06419437212795
1 45084U 20006AS  23340.46811498  .00006890  00000-0  48077-3 0  9994
2 45084  53.0552 346.6941 0001670  98.6053 261.5126 15.06419437213246
1 45084U 20006AS  23341.33063022 -.00002072  00000-0 -12025-3 0  9997
2 45084  53.0549 342.8224 0001451  96.3993 263.7161 15.06393735212928
1 45084U 20006AS  23341.33063022 -.00002072  00000-0 -12025-3 0  9997
2 45084  53.0549 342.8224 0001451  96.3993 263.7161 15.06393735213378
1 45084U 20006AS  23342.25949255  .00002860  00000-0  21086-3 0  9990
2 45084  53.0554 338.6529 0001583  83.8198 276.2971 15.06395302213065
1 45084U 20006AS  23342.98930895  .00005917  00000-0  41579-3 0  9995
2 45084  53.0550 335.3789 0001524  84.1128 276.0035 15.06401988213624
1 45084U 20006AS  23343.25469601  .00005516  00000-0  38888-3 0  9992
2 45084  53.0550 334.1852 0001569  82.4031 277.7136 15.06403309213219
1 45084U 20006AS  23343.91815863  .00005845  00000-0  41081-3 0  9994
2 45084  53.0547 331.2063 0001564  81.0935 279.0231 15.06412464213314
1 45084U 20006AS  23344.05085036  .00005902  00000-0  41464-3 0  9990
2 45084  53.0549 330.6106 0001560  85.7940 274.3227 15.06414509213337
1 45084U 20006AS  23344.05085036  .00005902  00000-0  41464-3 0  9990
2 45084  53.0549 330.6106 0001560  85.7940 274.3227 15.06414509213786
1 45084U 20006AS  23345.17874335 -.00000849  00000-0 -38125-4 0  9990
2 45084  53.0554 325.5451 0001582  98.0542 262.0627 15.06402212213503
1 45084U 20006AS  23345.17874335 -.00000849  00000-0 -38125-4 0  9990
2 45084  53.0554 325.5451 0001582  98.0542 262.0627 15.06402212213952
1 45084U 20006AS  23346.17394138  .00000309  00000-0  39675-4 0  9999
2 45084  53.0552 321.0756 0001710 106.7781 253.3395 15.06404793213652
1 45084U 20006AS  23347.16915453  .00000577  00000-0  57656-4 0  9994
2 45084  53.0563 316.6126 0001588 102.1880 257.9287 15.06395294214250
1 45084U 20006AS  23347.23550283  .00000224  00000-0  33965-4 0  9994
2 45084  53.0558 316.3138 0001483  88.8510 271.2649 15.06393647213810
1 45084U 20006AS  23348.16435041  .00001896  00000-0  14616-3 0  9998
2 45084  53.0555 312.1454 0001469  89.2113 270.9044 15.06402982214404
1 45084U 20006AS  23348.23069632  .00002949  00000-0  21679-3 0  9992
2 45084  53.0557 311.8463 0001537  98.0556 262.0607 15.06402522213964
1 45084U 20006AS  23349.15956124  .00001154  00000-0  96377-4 0  9990
2 45084  53.0557 307.6734 0001534  91.3264 268.7901 15.06394432214104
1 45084U 20006AS  23349.15956124  .00001154  00000-0  96377-4 0  9990
2 45084  53.0557 307.6734 0001534  91.3264 268.7901 15.06394432214553
1 45084U 20006AS  23350.15475325  .00003544  00000-0  25664-3 0  9996
2 45084  53.0566 303.2007 0001633  93.9228 266.1948 15.06412642214250
1 45084U 20006AS  23350.15475325  .00003544  00000-0  25664-3 0  9996
2 45084  53.0566 303.2007 0001633  93.9228 266.1948 15.06412642214700
1 45084U 20006AS  23351.14996636 -.00000713  00000-0 -28961-4 0  9990
2 45084  53.0555 298.7379 0001629  92.4678 267.6497 15.06392712214403
1 45084U 20006AS  23351.14996636 -.00000713  00000-0 -28961-4 0  9990
2 45084  53.0555 298.7379 0001629  92.4678 267.6497 15.06392712214852
1 45084U 20006AS  23352.14516070  .00008486  00000-0  58763-3 0  9996
2 45084  53.0549 294.2742 0001590  95.4606 264.6565 15.06417557214556
1 45084U 20006AS  23352.14516070  .00008486  00000-0  58763-3 0  9996
2 45084  53.0549 294.2742 0001590  95.4606 264.6565 15.06417557215007
1 45084U 20006AS  23353.14037546 -.00002711  00000-0 -16327-3 0  9990
2 45084  53.0544 289.8055 0001719 132.5198 227.5937 15.06382779214705
1 45084U 20006AS  23353.14037546 -.00002711  00000-0 -16327-3 0  9990
2 45084  53.0544 289.8055 0001719 132.5198 227.5937 15.06382779215155
1 45084U 20006AS  23354.13558747  .00014557  00000-0  99405-3 0  9998
2 45084  53.0544 285.3401 0001443  81.7681 278.3471 15.06404320214857
1 45084U 20006AS  23354.13558747  .00014557  00000-0  99405-3 0  9998
2 45084  53.0544 285.3401 0001443  81.7681 278.3471 15.06404320215308
1 45084U 20006AS  23355.06444419  .00004975  00000-0  35261-3 0  9994
2 45084  53.0553 281.1654 0001598  81.7140 278.4030 15.06406344214997
1 45084U 20006AS  23355.06444419  .00004975  00000-0  35261-3 0  9994
2 45084  53.0553 281.1654 0001598  81.7140 278.4030 15.06406344215448
1 45084U 20006AS  23355.92693794  .00015417  00000-0  10506-2 0  9998
2 45084  53.0544 277.2945 0001414  78.3551 281.7597 15.06436776215124
1 45084U 20006AS  23356.05962649  .00018660  00000-0  12667-2 0  9994
2 45084  53.0548 276.6982 0001524  89.2713 270.8451 15.06446696215147
1 45084U 20006AS  23356.05962649  .00018660  00000-0  12667-2 0  9994
2 45084  53.0548 276.6982 0001524  89.2713 270.8451 15.06446696215596
1 45084U 20006AS  23356.92213648  .00006430  00000-0  45003-3 0  9991
2 45084  53.0552 272.8228 0001448 106.3971 253.7177 15.06412359215273
1 45084U 20006AS  23357.05483090 -.00001527  00000-0 -83621-4 0  9999
2 45084  53.0551 272.2290 0001471 103.8814 256.2338 15.06393329215743
1 45084U 20006AS  23357.25387725  .00015958  00000-0  10883-2 0  9998
2 45084  53.0551 271.3376 0001751 121.4146 238.7014 15.06381293215320
1 45084U 20006AS  23357.91734749  .00019636  00000-0  13332-2 0  9992
2 45084  53.0551 268.3586 0001595 112.4512 247.6646 15.06407060215424
1 45084U 20006AS  23357.98369388  .00020749  00000-0  14073-2 0  9992
2 45084  53.0555 268.0624 0001593 110.0175 250.0986 15.06411258215435
1 45084U 20006AS  23357.98369388  .00020749  00000-0  14073-2 0  9992
2 45084  53.0555 268.0624 0001593 110.0175 250.0986 15.06411258215884
1 45084U 20006AS  23358.77986062  .00018717  00000-0  12719-2 0  9991
2 45084  53.0552 264.4907 0001361 108.4950 251.6187 15.06404828216000
1 45084U 20006AS  23358.91255704  .00014431  00000-0  98602-3 0  9994
2 45084  53.0554 263.8962 0001338  90.5221 269.5921 15.06389384215576
1 45084U 20006AS  23358.97890185  .00008383  00000-0  58099-3 0  9993
2 45084  53.0555 263.5945 0001679 116.5747 243.5414 15.06400580215587
1 45084U 20006AS  23358.97890185  .00008383  00000-0  58099-3 0  9993
2 45084  53.0555 263.5945 0001679 116.5747 243.5414 15.06400580216038
1 45084U 20006AS  23359.90776027  .00006707  00000-0  46866-3 0  9992
2 45084  53.0539 259.4267 0001262  83.4130 276.7002 15.06402883215721
1 45084U 20006AS  23360.10679761  .00009191  00000-0  63492-3 0  9997
2 45084  53.0540 258.5327 0001441  97.7872 262.3280 15.06411657215751
1 45084U 20006AS  23360.10679761  .00009191  00000-0  63492-3 0  9997
2 45084  53.0540 258.5327 0001441  97.7872 262.3280 15.06411657216202
1 45084U 20006AS  23360.70392361  .00004064  00000-0  29156-3 0  9994
2 45084  53.0532 255.8543 0001628  89.7846 270.3329 15.06402249216291
1 45084U 20006AS  23360.90296264  .00002132  00000-0  16204-3 0  9995
2 45084  53.0534 254.9540 0002432 139.9391 220.1778 15.06394503215874
1 45084U 20006AS  23360.90296264  .00002132  00000-0  16204-3 0  9995
2 45084  53.0534 254.9540 0002432 139.9391 220.1778 15.06394503216325
1 45084U 20006AS  23361.89816865  .00005104  00000-0  36132-3 0  9993
2 45084  53.0532 250.4884 0001979 137.4963 222.6179 15.06401337216021
1 45084U 20006AS  23362.09721085  .00005633  00000-0  39668-3 0  9999
2 45084  53.0532 249.5967 0001481 101.4534 258.6622 15.06404215216058
1 45084U 20006AS  23362.09721085  .00005633  00000-0  39668-3 0  9999
2 45084  53.0532 249.5967 0001481 101.4534 258.6622 15.06404215216508
1 45084U 20006AS  23362.82700132  .00014291  00000-0  97519-3 0  9999
2 45084  53.0531 246.3215 0001498  90.6957 269.4204 15.06445182216610
1 45084U 20006AS  23362.89334655  .00013305  00000-0  90932-3 0  9996
2 45084  53.0533 246.0238 0001235  72.8974 287.2150 15.06444553216174
1 45084U 20006AS  23362.95970844 -.00003069  00000-0 -18720-3 0  9992
2 45084  53.0529 245.7253 0001370  92.3731 267.7415 15.06400101216189
1 45084U 20006AS  23362.95970844 -.00003069  00000-0 -18720-3 0  9992
2 45084  53.0529 245.7253 0001370  92.3731 267.7415 15.06400101216639
1 45084U 20006AS  23363.88856059 -.00006695  00000-0 -43106-3 0  9990
2 45084  53.0528 241.5557 0001369  91.2840 268.8305 15.06395142216320
1 45084U 20006AS  23363.95490754 -.00005692  00000-0 -36359-3 0  9992
2 45084  53.0527 241.2578 0001390  92.2154 267.8994 15.06395130216333
1 45084U 20006AS  23364.81742631  .00000341  00000-0  41779-4 0  9999
2 45084  53.0529 237.3852 0001367  91.2557 268.8588 15.06386521216914
1 45084U 20006AS  23364.88377389  .00001070  00000-0  90752-4 0  9995
2 45084  53.0527 237.0878 0001388  93.1414 266.9734 15.06386274216471
