1 45083U 20006AR  22365.59131457  .00004696  00000-0  33394-3 0  9991
2 45083  53.0550 112.4552 0001663  57.2554 302.8595 15.06401832161004
1 45083U 20006AR  22365.72401252  .00003952  00000-0  28406-3 0  9991
2 45083  53.0546 111.8604 0001649  54.2570 305.8572 15.06396688161021
1 45083U 20006AR  23001.58654343 -.00001709  00000-0 -95920-4 0  9990
2 45083  53.0546 107.9873 0001719  55.5101 304.6050 15.06384952161150
1 45083U 20006AR  23001.71923704 -.00001734  00000-0 -97594-4 0  9992
2 45083  53.0552 107.3920 0001766  55.6165 304.4991 15.06387219161170
1 45083U 20006AR  23002.31634863 -.00000780  00000-0 -33432-4 0  9995
2 45083  53.0548 104.7112 0001742  54.0686 306.0464 15.06401009161261
1 45083U 20006AR  23002.71442986 -.00000695  00000-0 -27763-4 0  9997
2 45083  53.0551 102.9248 0001803  55.8057 304.3103 15.06399865161328
1 45083U 20006AR  23003.24520421  .00000924  00000-0  80959-4 0  9996
2 45083  53.0548 100.5422 0001879  52.9294 307.1867 15.06399379161403
1 45083U 20006AR  23004.50579833  .00001347  00000-0  10935-3 0  9993
2 45083  53.0551  94.8836 0002006  54.4948 305.6227 15.06399206161599
1 45083U 20006AR  23005.50098006  .00004089  00000-0  29308-3 0  9992
2 45083  53.0546  90.4146 0001966  56.7437 303.3740 15.06424162161743
1 45083U 20006AR  23006.56254556 -.00009391  00000-0 -61276-3 0  9996
2 45083  53.0549  85.6499 0001835  44.2590 315.8545 15.06375287161902
1 45083U 20006AR  23007.22601143 -.00001355  00000-0 -72107-4 0  9996
2 45083  53.0549  82.6703 0001634  38.2443 321.8661 15.06392267162009
1 45083U 20006AR  23007.88948187  .00003849  00000-0  27714-3 0  9991
2 45083  53.0547  79.6944 0001857  46.6219 313.4924 15.06398744162107
1 45083U 20006AR  23008.55295972  .00006528  00000-0  45678-3 0  9999
2 45083  53.0540  76.7146 0001850  42.4888 317.6244 15.06398379162207
1 45083U 20006AR  23008.88469269  .00005799  00000-0  40784-3 0  9999
2 45083  53.0542  75.2256 0002055  41.5275 318.5870 15.06403639162259
1 45083U 20006AR  23009.48180950  .00006178  00000-0  43315-3 0  9998
2 45083  53.0532  72.5446 0001934  39.9733 320.1398 15.06409917162343
1 45083U 20006AR  23009.87988898  .00003926  00000-0  28224-3 0  9998
2 45083  53.0535  70.7573 0002133  40.6944 319.4204 15.06409430162406
1 45083U 20006AR  23010.54336286 -.00001048  00000-0 -51491-4 0  9990
2 45083  53.0541  67.7790 0002000  36.8011 323.3114 15.06395320162849
1 45083U 20006AR  23011.40585068  .00002972  00000-0  21820-3 0  9997
2 45083  53.0550  63.9070 0001988  39.0332 321.0800 15.06421401162637
1 45083U 20006AR  23011.87029004  .00000861  00000-0  76712-4 0  9997
2 45083  53.0545  61.8231 0002205  40.6627 319.4527 15.06404631162706
1 45083U 20006AR  23012.40108255 -.00003244  00000-0 -19910-3 0  9999
2 45083  53.0542  59.4399 0001897  44.4967 315.6174 15.06376137162789
1 45083U 20006AR  23013.39628997  .00013908  00000-0  95090-3 0  9997
2 45083  53.0538  54.9710 0001835  51.7711 308.3443 15.06393991162933
1 45083U 20006AR  23013.79437219  .00009194  00000-0  63532-3 0  9994
2 45083  53.0534  53.1833 0001927  52.9986 307.1180 15.06398228162994
1 45083U 20006AR  23015.38669762  .00003132  00000-0  22907-3 0  9998
2 45083  53.0556  46.0401 0001772  72.1026 288.0156 15.06402488163239
1 45083U 20006AR  23015.78477714  .00001995  00000-0  15282-3 0  9999
2 45083  53.0542  44.2500 0001831  68.4314 291.6870 15.06402249163292
1 45083U 20006AR  23016.44823928  .00008338  00000-0  57767-3 0  9997
2 45083  53.0544  41.2706 0001714  71.2354 288.8821 15.06420065163396
1 45083U 20006AR  23016.84632745 -.00002946  00000-0 -17896-3 0  9996
2 45083  53.0526  39.4826 0001785  87.1688 272.9506 15.06392217163450
1 45083U 20006AR  23017.31076422  .00000129  00000-0  27568-4 0  9990
2 45083  53.0542  37.3992 0001643  91.6518 268.4659 15.06379255163528
1 45083U 20006AR  23017.77519915  .00017901  00000-0  12179-2 0  9995
2 45083  53.0541  35.3137 0001702  93.6245 266.4939 15.06390540163597
1 45083U 20006AR  23018.30597129  .00033759  00000-0  22729-2 0  9999
2 45083  53.0542  32.9315 0001803  92.7860 267.3336 15.06424451163673
1 45083U 20006AR  23019.43385291  .00024557  00000-0  16602-2 0  9998
2 45083  53.0542  27.8677 0001633  93.1100 267.0075 15.06434707163841
1 45083U 20006AR  23020.29636916  .00019593  00000-0  13307-2 0  9990
2 45083  53.0546  23.9960 0001662  81.9299 278.1879 15.06396524163976
1 45083U 20006AR  23025.20604517  .00007230  00000-0  50364-3 0  9998
2 45083  53.0549   1.9543 0001618  91.4895 268.6279 15.06409573164711
1 45083U 20006AR  23026.13490112  .00002029  00000-0  15507-3 0  9996
2 45083  53.0551 357.7845 0001654  93.2276 266.8902 15.06401791164856
1 45083U 20006AR  23027.32914336  .00000197  00000-0  32139-4 0  9992
2 45083  53.0552 352.4238 0001596  98.2985 261.8185 15.06400859165035
1 45083U 20006AR  23028.25800347  .00000985  00000-0  84994-4 0  9992
2 45083  53.0559 348.2543 0001444 103.1114 257.0036 15.06398153165176
1 45083U 20006AR  23028.85512441  .00001458  00000-0  11676-3 0  9995
2 45083  53.0551 345.5734 0001396  96.4240 263.6908 15.06399522165262
1 45083U 20006AR  23029.25320137  .00002953  00000-0  21700-3 0  9999
2 45083  53.0551 343.7861 0001424  96.5868 263.5283 15.06407388165324
1 45083U 20006AR  23030.24840977  .00000121  00000-0  27005-4 0  9999
2 45083  53.0552 339.3176 0001537  90.4535 269.6630 15.06399260165472
1 45083U 20006AR  23031.24360689  .00001226  00000-0  10118-3 0  9990
2 45083  53.0558 334.8503 0001490  95.5863 264.5296 15.06407446165625
1 45083U 20006AR  23031.84073286  .00001180  00000-0  98125-4 0  9994
2 45083  53.0547 332.1687 0001503  96.9229 263.1931 15.06399672165715
