1 45080U 20006AN  23001.45567304 -.00002251  00000-0 -13225-3 0  9993
2 45080  53.0569  88.5859 0001587  56.1333 303.9807 15.06399848161418
1 45080U 20006AN  23001.92010316 -.00002701  00000-0 -16250-3 0  9992
2 45080  53.0571  86.5024 0001784  48.3612 311.7529 15.06397756161486
1 45080U 20006AN  23002.51722735 -.00001396  00000-0 -74873-4 0  9998
2 45080  53.0570  83.8224 0001792  42.4639 317.6488 15.06392114161572
1 45080U 20006AN  23002.91530303 -.00000660  00000-0 -25395-4 0  9998
2 45080  53.0569  82.0351 0001870  45.9041 314.2102 15.06400061161638
1 45080U 20006AN  23003.18069768  .00003064  00000-0  22463-3 0  9991
2 45080  53.0571  80.8440 0001828  45.1926 314.9212 15.06381497161677
1 45080U 20006AN  23004.44129129  .00002053  00000-0  15671-3 0  9999
2 45080  53.0571  75.1851 0002010  48.6281 311.4881 15.06394897161869
1 45080U 20006AN  23004.90570348  .00003687  00000-0  26623-3 0  9996
2 45080  53.0561  73.0997 0001954  41.8615 318.2523 15.06413434161933
1 45080U 20006AN  23005.56916855  .00002812  00000-0  20756-3 0  9996
2 45080  53.0555  70.1209 0001977  42.5839 317.5303 15.06412735162034
1 45080U 20006AN  23006.43169874 -.00002655  00000-0 -15946-3 0  9996
2 45080  53.0568  66.2482 0001900  41.1969 318.9163 15.06390431162163
1 45080U 20006AN  23007.16150590 -.00001752  00000-0 -98742-4 0  9995
2 45080  53.0554  62.9737 0002387  49.8302 310.2896 15.06393872162272
1 45080U 20006AN  23007.42689037  .00000267  00000-0  36868-4 0  9996
2 45080  53.0554  61.7825 0002226  43.9361 316.1805 15.06400267162316
1 45080U 20006AN  23008.48845423  .00003614  00000-0  26147-3 0  9993
2 45080  53.0560  57.0175 0002366  41.6529 318.4640 15.06390765162475
1 45080U 20006AN  23008.82018560  .00004181  00000-0  29945-3 0  9994
2 45080  53.0555  55.5286 0002431  44.9085 315.2100 15.06399517162527
1 45080U 20006AN  23009.41730587  .00004572  00000-0  32560-3 0  9991
2 45080  53.0550  52.8481 0002393  49.0375 311.0821 15.06406180162613
1 45080U 20006AN  23010.47885788  .00000845  00000-0  75647-4 0  9996
2 45080  53.0548  48.0822 0002338  41.4406 318.6760 15.06399126162779
1 45080U 20006AN  23010.81059421 -.00001237  00000-0 -64150-4 0  9996
2 45080  53.0550  46.5926 0002368  41.3240 318.7928 15.06394815162821
1 45080U 20006AN  23011.40770737  .00004446  00000-0  31713-3 0  9993
2 45080  53.0550  43.9121 0002228  39.7793 320.3359 15.06410831162912
1 45080U 20006AN  23011.87213498  .00004363  00000-0  31157-3 0  9990
2 45080  53.0555  41.8270 0002291  39.7636 320.3521 15.06410031162985
1 45080U 20006AN  23012.80098072  .00002914  00000-0  21437-3 0  9993
2 45080  53.0550  37.6571 0002466  43.8629 316.2556 15.06415541163129
1 45080U 20006AN  23013.33177000 -.00009374  00000-0 -61179-3 0  9997
2 45080  53.0556  35.2746 0002019  48.6354 311.4809 15.06365442163206
1 45080U 20006AN  23015.32219473  .00029744  00000-0  20064-2 0  9997
2 45080  53.0549  26.3406 0002019  66.9860 293.1342 15.06416433163505
1 45080U 20006AN  23016.38373964  .00009129  00000-0  63064-3 0  9993
2 45080  53.0529  21.5773 0001773  74.5687 285.5498 15.06417252163669
1 45080U 20006AN  23017.24625672  .00002641  00000-0  19613-3 0  9998
2 45080  53.0534  17.7020 0001942  73.1057 287.0145 15.06395334163797
1 45080U 20006AN  23017.71068577  .00004937  00000-0  35012-3 0  9996
2 45080  53.0528  15.6192 0001899  83.2270 276.8935 15.06399656163869
1 45080U 20006AN  23018.37415334  .00010397  00000-0  71567-3 0  9998
2 45080  53.0521  12.6367 0001912  96.6172 263.5035 15.06408872163964
1 45080U 20006AN  23018.70588765  .00008341  00000-0  57810-3 0  9995
2 45080  53.0513  11.1479 0001860  95.6048 264.5153 15.06407124164014
1 45080U 20006AN  23019.23665648  .00007580  00000-0  52701-3 0  9998
2 45080  53.0552   8.7638 0001723 101.8080 258.3102 15.06415418164098
1 45080U 20006AN  23020.36456320  .00002047  00000-0  15633-3 0  9995
2 45080  53.0533   3.7019 0001865  73.6761 286.4433 15.06391846164260
1 45080U 20006AN  23025.27423077  .00008512  00000-0  58936-3 0  9999
2 45080  53.0532 341.6600 0001714 110.2668 249.8505 15.06415932165005
1 45080U 20006AN  23025.60597060  .00001262  00000-0  10364-3 0  9998
2 45080  53.0537 340.1711 0002043  99.3343 260.7877 15.06398159165050
1 45080U 20006AN  23026.13674476  .00001877  00000-0  14490-3 0  9990
2 45080  53.0537 337.7896 0001514 102.4602 257.6556 15.06400425165130
1 45080U 20006AN  23027.26463959  .00002058  00000-0  15701-3 0  9995
2 45080  53.0533 332.7234 0001627 102.7115 257.4056 15.06403121165302
1 45080U 20006AN  23028.12715230  .00002729  00000-0  20201-3 0  9999
2 45080  53.0528 328.8551 0001370  97.4293 262.6851 15.06399465165436
1 45080U 20006AN  23028.85696740 -.00000116  00000-0  11113-4 0  9995
2 45080  53.0530 325.5779 0001384  97.0286 263.0861 15.06399037165541
1 45080U 20006AN  23029.85216745  .00002826  00000-0  20849-3 0  9993
2 45080  53.0526 321.1100 0001341  94.5237 265.5905 15.06404152165694
1 45080U 20006AN  23030.18389772  .00005346  00000-0  37740-3 0  9990
2 45080  53.0526 319.6207 0001351  95.2271 264.8872 15.06412293165747
1 45080U 20006AN  23031.17910172  .00003348  00000-0  24349-3 0  9995
2 45080  53.0528 315.1529 0001400  89.6362 270.4788 15.06407470165896
1 45080U 20006AN  23031.84257203  .00002396  00000-0  17968-3 0  9999
2 45080  53.0529 312.1753 0001350  94.1598 265.9545 15.06402090165993
1 45080U 20006AN  23032.10795686  .00005830  00000-0  40983-3 0  9990
2 45080  53.0526 310.9827 0001445  96.3184 263.7969 15.06409219166030
1 45080U 20006AN  23033.16951278  .00002575  00000-0  19170-3 0  9995
2 45080  53.0528 306.2175 0001377  85.7631 274.3515 15.06400624166192
1 45080U 20006AN  23034.16471167  .00008065  00000-0  55948-3 0  9993
2 45080  53.0526 301.7495 0001405  87.3224 272.7925 15.06414337166343
1 45080U 20006AN  23035.88973349  .00002086  00000-0  15892-3 0  9993
2 45080  53.0513 294.0044 0001277  98.5450 261.5684 15.06400164166605
1 45080U 20006AN  23036.15511933  .00003941  00000-0  28326-3 0  9998
2 45080  53.0519 292.8141 0001293  99.9984 260.1151 15.06404823166644
1 45080U 20006AN  23036.95128587  .00001728  00000-0  13489-3 0  9990
2 45080  53.0513 289.2394 0001363  98.0450 262.0693 15.06397728166764
1 45080U 20006AN  23037.08397861  .00001891  00000-0  14580-3 0  9992
2 45080  53.0519 288.6434 0001324  97.3483 262.7656 15.06400069166784
1 45080U 20006AN  23037.94648803  .00004206  00000-0  30105-3 0  9996
2 45080  53.0513 284.7718 0001323  94.9995 265.1145 15.06405164166916
1 45080U 20006AN  23038.07918015  .00005389  00000-0  38027-3 0  9990
2 45080  53.0509 284.1757 0001306  94.3877 265.7261 15.06409050166937
1 45080U 20006AN  23038.87534329  .00003771  00000-0  27188-3 0  9999
2 45080  53.0506 280.6026 0001205  91.5261 268.5866 15.06404776167054
1 45080U 20006AN  23039.14072554  .00009503  00000-0  65565-3 0  9997
2 45080  53.0509 279.4106 0001191  97.8958 262.2167 15.06418374167096
1 45080U 20006AN  23039.93689298  .00004374  00000-0  31234-3 0  9990
2 45080  53.0520 275.8370 0001134  99.0557 261.0561 15.06399345167213
1 45080U 20006AN  23040.06958678  .00015433  00000-0  10525-2 0  9994
2 45080  53.0520 275.2398 0001077 101.0440 259.0670 15.06406673167231
1 45080U 20006AN  23040.93209585  .00035542  00000-0  23910-2 0  9991
2 45080  53.0507 271.3682 0000848 113.0857 247.0222 15.06430958167366
1 45080U 20006AN  23041.06478525  .00035081  00000-0  23597-2 0  9997
2 45080  53.0509 270.7713 0000849 106.9627 253.1455 15.06441738167389
1 45080U 20006AN  23041.92729699  .00007400  00000-0  51503-3 0  9996
2 45080  53.0510 266.8955 0002116  74.3947 285.7275 15.06411836167519
1 45080U 20006AN  23042.19268757  .00002889  00000-0  21277-3 0  9990
2 45080  53.0515 265.7080 0000766  57.3513 302.7549 15.06391319167551
1 45080U 20006AN  23043.32059124  .00006834  00000-0  47728-3 0  9995
2 45080  53.0511 260.6434 0000850  83.4628 276.6457 15.06393696167721
1 45080U 20006AN  23044.58118048  .00003893  00000-0  28006-3 0  9995
2 45080  53.0516 254.9852 0000916  89.4627 270.6467 15.06404352167912
1 45080U 20006AN  23045.57638394  .00001257  00000-0  10327-3 0  9995
2 45080  53.0506 250.5172 0001023  87.5606 272.5500 15.06399389168063
1 45080U 20006AN  23045.84177023  .00002194  00000-0  16612-3 0  9996
2 45080  53.0504 249.3263 0000934  84.4923 275.6172 15.06402422168103
1 45080U 20006AN  23046.57158571  .00002305  00000-0  17360-3 0  9999
2 45080  53.0497 246.0492 0001080  87.8545 272.2567 15.06401521168214
1 45080U 20006AN  23046.90331528  .00003612  00000-0  26121-3 0  9998
2 45080  53.0502 244.5597 0001001  87.0880 273.0223 15.06409800168268
1 45080U 20006AN  23047.56679056 -.00000956  00000-0 -45283-4 0  9993
2 45080  53.0528 241.5840 0001022 101.2937 258.8167 15.06393255168364
1 45080U 20006AN  23047.89852480 -.00000684  00000-0 -27055-4 0  9998
2 45080  53.0528 240.0935 0000967  94.2140 265.8960 15.06394722168412
1 45080U 20006AN  23048.56199520 -.00000617  00000-0 -22550-4 0  9993
2 45080  53.0508 237.1133 0001020  94.4818 265.6287 15.06393887168514
1 45080U 20006AN  23048.82738264  .00000671  00000-0  63931-4 0  9992
2 45080  53.0509 235.9220 0001011  94.5674 265.5430 15.06395902168552
1 45080U 20006AN  23049.55719985  .00003548  00000-0  25700-3 0  9999
2 45080  53.0508 232.6451 0000906  91.7622 268.3471 15.06397461168665
1 45080U 20006AN  23050.48605362  .00002235  00000-0  16891-3 0  9999
2 45080  53.0497 228.4747 0001155  92.5068 267.6053 15.06401369168800
1 45080U 20006AN  23051.48125883  .00000411  00000-0  46466-4 0  9991
2 45080  53.0518 224.0077 0000996 100.7699 259.3402 15.06396111168956
1 45080U 20006AN  23052.47646721  .00008693  00000-0  60204-3 0  9995
2 45080  53.0524 219.5406 0000725  92.2547 267.8525 15.06379978169105
1 45080U 20006AN  23052.87452990  .00004967  00000-0  35196-3 0  9994
2 45080  53.0513 217.7527 0000991  88.8287 271.2816 15.06417455169165
1 45080U 20006AN  23053.47167372 -.00002783  00000-0 -16815-3 0  9991
2 45080  53.0518 215.0716 0001062  95.6162 264.4948 15.06377845169257
1 45080U 20006AN  23053.86975131 -.00001674  00000-0 -93574-4 0  9990
2 45080  53.0519 213.2845 0001120  95.5291 264.5826 15.06387213169311
1 45080U 20006AN  23054.46687815  .00018694  00000-0  12706-2 0  9990
2 45080  53.0521 210.6037 0001070  97.2274 262.8836 15.06398641169401
1 45080U 20006AN  23054.86495639  .00020379  00000-0  13825-2 0  9991
2 45080  53.0520 208.8171 0001049  93.6709 266.4400 15.06414976169460
1 45080U 20006AN  23055.46208355  .00003804  00000-0  27416-3 0  9991
2 45080  53.0522 206.1359 0001305  83.6969 276.4169 15.06395847169551
1 45080U 20006AN  23055.72747299  .00000993  00000-0  85599-4 0  9998
2 45080  53.0542 204.9464 0001305  86.9284 273.1855 15.06389450169595
1 45080U 20006AN  23056.39093800  .00015497  00000-0  10566-2 0  9999
2 45080  53.0521 201.9664 0000963  77.9315 282.1782 15.06412056169694
1 45080U 20006AN  23056.65632120  .00018174  00000-0  12350-2 0  9990
2 45080  53.0532 200.7759 0001142  73.7034 286.4080 15.06425495169734
1 45080U 20006AN  23057.12074505  .00005965  00000-0  41882-3 0  9997
2 45080  53.0515 198.6908 0001440  68.2412 291.8730 15.06417949169801
1 45080U 20006AN  23057.85055865  .00005789  00000-0  40707-3 0  9994
2 45080  53.0520 195.4133 0001286  88.4839 271.6297 15.06414182169919
1 45080U 20006AN  23058.38133465  .00003253  00000-0  23718-3 0  9993
2 45080  53.0509 193.0317 0001210  79.7144 280.3981 15.06404044169994
1 45080U 20006AN  23058.64671758  .00012845  00000-0  87915-3 0  9990
2 45080  53.0510 191.8400 0001367  88.3949 271.7197 15.06422395170036
1 45080U 20006AN  23059.57556954  .00009196  00000-0  63521-3 0  9995
2 45080  53.0526 187.6675 0001666 120.7974 239.3179 15.06413292170172
1 45080U 20006AN  23059.64191600  .00009425  00000-0  65052-3 0  9992
2 45080  53.0524 187.3701 0001482 116.8649 243.2491 15.06413951170182
1 45080U 20006AN  23060.57078549  .00001854  00000-0  14340-3 0  9994
2 45080  53.0527 183.2024 0001221 111.9450 248.1668 15.06373279170329
1 45080U 20006AN  23061.69868339  .00024547  00000-0  16601-2 0  9997
2 45080  53.0523 178.1392 0000872  89.6293 270.4796 15.06422315170497
1 45080U 20006AN  23062.29580288  .00025257  00000-0  17073-2 0  9991
2 45080  53.0525 175.4585 0000722  83.9497 276.1574 15.06423700170586
1 45080U 20006AN  23062.49483860  .00025414  00000-0  17176-2 0  9990
2 45080  53.0526 174.5650 0001112 129.3517 230.7571 15.06427543170618
1 45080U 20006AN  23063.49004218  .00009437  00000-0  65149-3 0  9998
2 45080  53.0536 170.0977 0001628  83.8339 276.2835 15.06404380170768
1 45080U 20006AN  23063.68908273  .00024508  00000-0  16581-2 0  9994
2 45080  53.0526 169.2029 0001707  85.4236 274.6948 15.06409251170799
1 45080U 20006AN  23064.28621097  .00011778  00000-0  80837-3 0  9998
2 45080  53.0516 166.5256 0002021  83.0835 277.0384 15.06395021170889
1 45080U 20006AN  23065.48045513  .00008866  00000-0  61327-3 0  9991
2 45080  53.0530 161.1628 0001571  94.1039 266.0130 15.06405597171065
1 45080U 20006AN  23066.94008276  .00002485  00000-0  18561-3 0  9991
2 45080  53.0554 154.6114 0001627 106.6297 253.4871 15.06405163171280
1 45080U 20006AN  23067.40451536 -.00001548  00000-0 -85073-4 0  9998
2 45080  53.0551 152.5262 0001601 105.1236 254.9930 15.06393040171357
1 45080U 20006AN  23068.53240108  .00004346  00000-0  31035-3 0  9999
2 45080  53.0524 147.4606 0001263  96.3522 263.7610 15.06415767171528
1 45080U 20006AN  23069.46126658  .00001897  00000-0  14622-3 0  9996
2 45080  53.0518 143.2910 0000962 106.9341 253.1753 15.06394544171660
1 45080U 20006AN  23070.39010287  .00003121  00000-0  22824-3 0  9995
2 45080  53.0544 139.1169 0001479 107.8168 252.2983 15.06414899171807
1 45080U 20006AN  23070.65550820 -.00006232  00000-0 -40007-3 0  9997
2 45080  53.0527 137.9283 0001288  72.2420 287.8709 15.06382110171849
1 45080U 20006AN  23071.18630269 -.00006187  00000-0 -39722-3 0  9993
2 45080  53.0508 135.5483 0001336  77.0089 283.1049 15.06360725171925
1 45080U 20006AN  23072.57957563  .00006139  00000-0  43077-3 0  9999
2 45080  53.0538 129.2900 0001283  83.1248 276.9887 15.06391893172132
1 45080U 20006AN  23073.57480612  .00004107  00000-0  29460-3 0  9999
2 45080  53.0535 124.8224 0001569  91.8176 268.2993 15.06384631172282
1 45080U 20006AN  23073.84018571  .00004741  00000-0  33698-3 0  9992
2 45080  53.0535 123.6318 0001387  89.9327 270.1821 15.06397897172322
1 45080U 20006AN  23074.50362456  .00007100  00000-0  49457-3 0  9992
2 45080  53.0529 120.6522 0001690  92.2745 267.8438 15.06439502172425
1 45080U 20006AN  23074.83537353  .00002939  00000-0  21608-3 0  9991
2 45080  53.0520 119.1617 0001612  88.2037 271.9137 15.06406210172474
1 45080U 20006AN  23075.49885059 -.00010422  00000-0 -68219-3 0  9990
2 45080  53.0517 116.1852 0001296  92.9546 267.1591 15.06377349172575
1 45080U 20006AN  23075.83059468  .00009742  00000-0  67258-3 0  9998
2 45080  53.0516 114.6961 0001176  96.4376 263.6747 15.06369337172623
1 45080U 20006AN  23076.49407371  .00016815  00000-0  11454-2 0  9996
2 45080  53.0517 111.7180 0001228  91.3989 268.7140 15.06387769172720
1 45080U 20006AN  23076.82580882  .00015677  00000-0  10691-2 0  9999
2 45080  53.0516 110.2281 0001221  93.0930 267.0199 15.06397123172779
1 45080U 20006AN  23077.55561936  .00016278  00000-0  11086-2 0  9996
2 45080  53.0517 106.9518 0001362  89.9490 270.1655 15.06419793172888
1 45080U 20006AN  23078.35176025  .00016621  00000-0  11306-2 0  9993
2 45080  53.0517 103.3777 0001367  87.9917 272.1229 15.06449104173006
1 45080U 20006AN  23078.74983603  .00005033  00000-0  35621-3 0  9996
2 45080  53.0514 101.5899 0001114  79.2934 280.8180 15.06434641173069
1 45080U 20006AN  23079.34696112  .00000384  00000-0  44672-4 0  9990
2 45080  53.0519  98.9092 0001380 101.4422 258.6722 15.06402741173154
1 45080U 20006AN  23079.74504521  .00013712  00000-0  93756-3 0  9991
2 45080  53.0518  97.1223 0001414 106.4444 253.6701 15.06402851173218
1 45080U 20006AN  23080.34216025  .00017347  00000-0  11798-2 0  9991
2 45080  53.0518  94.4413 0001421 106.9672 253.1473 15.06423957173306
1 45080U 20006AN  23081.73545295  .00001041  00000-0  88747-4 0  9993
2 45080  53.0523  88.1859 0001239 100.3043 259.8085 15.06396274173519
1 45080U 20006AN  23082.26622277  .00005275  00000-0  37265-3 0  9999
2 45080  53.0527  85.8029 0001241 100.1821 259.9308 15.06409574173596
1 45080U 20006AN  23083.46047399  .00019231  00000-0  13059-2 0  9999
2 45080  53.0528  80.4405 0001370  83.0930 277.0214 15.06414741173778
1 45080U 20006AN  23083.72585765  .00022279  00000-0  15087-2 0  9991
2 45080  53.0518  79.2515 0001358  75.6989 284.4151 15.06427640173811
1 45080U 20006AN  23084.45564693  .00023667  00000-0  15994-2 0  9998
2 45080  53.0535  75.9741 0001489  82.0449 278.0709 15.06469500173923
1 45080U 20006AN  23085.64990473  .00017854  00000-0  12157-2 0  9998
2 45080  53.0537  70.6137 0001374  95.5769 264.5377 15.06362480174104
1 45080U 20006AN  23086.31338020  .00024284  00000-0  16437-2 0  9997
2 45080  53.0541  67.6361 0001438  98.5391 261.5761 15.06396488174209
1 45080U 20006AN  23086.64511922  .00019388  00000-0  13175-2 0  9992
2 45080  53.0541  66.1465 0001340 101.0659 259.0481 15.06383191174250
1 45080U 20006AN  23087.37494205  .00006415  00000-0  44936-3 0  9994
2 45080  53.0534  62.8703 0001169 104.5267 255.5852 15.06385553174361
1 45080U 20006AN  23087.64032726  .00012112  00000-0  83055-3 0  9996
2 45080  53.0537  61.6786 0001243 100.8585 259.2544 15.06403907174405
1 45080U 20006AN  23088.43647202  .00025057  00000-0  16928-2 0  9991
2 45080  53.0523  58.1042 0001123 104.2721 255.8393 15.06450224174524
1 45080U 20006AN  23089.16630289  .00027388  00000-0  18509-2 0  9995
2 45080  53.0531  54.8282 0001300  72.3185 287.7946 15.06390192174635
1 45080U 20006AN  23091.28940633  .00023280  00000-0  15785-2 0  9998
2 45080  53.0546  45.2956 0001002 123.3266 236.7819 15.06355369174954
1 45080U 20006AN  23092.28461891  .00036997  00000-0  24884-2 0  9992
2 45080  53.0542  40.8291 0001418 128.9615 231.1500 15.06418758175109
1 45080U 20006AN  23093.21348724  .00007235  00000-0  50421-3 0  9995
2 45080  53.0542  36.6578 0001301 125.5971 234.5139 15.06393858175242
1 45080U 20006AN  23093.81060541  .00022746  00000-0  15401-2 0  9991
2 45080  53.0542  33.9786 0001204 120.4366 239.6742 15.06422276175330
1 45080U 20006AN  23094.20867373  .00031378  00000-0  21129-2 0  9998
2 45080  53.0542  32.1926 0001209 119.3977 240.7132 15.06455546175395
1 45080U 20006AN  23094.80580064  .00014079  00000-0  96189-3 0  9991
2 45080  53.0545  29.5119 0001782 107.3321 252.7863 15.06410978175482
1 45080U 20006AN  23095.20387869  .00029417  00000-0  19846-2 0  9990
2 45080  53.0543  27.7232 0001542 131.8103 228.3018 15.06417916175547
1 45080U 20006AN  23096.19904401  .00027120  00000-0  18290-2 0  9997
2 45080  53.0547  23.2566 0001108 117.7119 242.3982 15.06472058175690
1 45080U 20006AN  23096.79618139  .00008025  00000-0  55705-3 0  9999
2 45080  53.0548  20.5755 0001910 106.0854 254.0345 15.06396984175785
1 45080U 20006AN  23097.19427322  .00028436  00000-0  19216-2 0  9990
2 45080  53.0547  18.7896 0001122  69.8192 290.2917 15.06373336175845
1 45080U 20006AN  23098.18947068  .00029882  00000-0  20146-2 0  9994
2 45080  53.0552  14.3220 0001216  69.1913 290.9206 15.06435230175998
1 45080U 20006AN  23099.18468679  .00011972  00000-0  82126-3 0  9999
2 45080  53.0548   9.8548 0001288  88.0458 272.0678 15.06398371176144
1 45080U 20006AN  23099.78180405  .00023174  00000-0  15685-2 0  9995
2 45080  53.0545   7.1745 0001250  99.3220 260.7910 15.06424226176234
1 45080U 20006AN  23100.11352904  .00025553  00000-0  17261-2 0  9995
2 45080  53.0540   5.6856 0001139  97.4910 262.6209 15.06444747176283
1 45080U 20006AN  23101.17509528  .00023783  00000-0  16110-2 0  9993
2 45080  53.0536   0.9200 0001251  74.6526 285.4601 15.06380285176447
1 45080U 20006AN  23101.90490677  .00020454  00000-0  13874-2 0  9994
2 45080  53.0532 357.6432 0001147  78.3540 281.7578 15.06417447176558
1 45080U 20006AN  23101.97125261  .00023613  00000-0  15978-2 0  9992
2 45080  53.0537 357.3454 0001198  74.9023 285.2099 15.06423426176560
1 45080U 20006AN  23103.09916087  .00027865  00000-0  18821-2 0  9994
2 45080  53.0537 352.2835 0000477  64.3922 295.7116 15.06401711176735
1 45080U 20006AN  23104.02800917  .00023676  00000-0  16016-2 0  9992
2 45080  53.0551 348.1136 0001121 102.2500 257.8615 15.06432584176870
1 45080U 20006AN  23105.15590412  .00011640  00000-0  79870-3 0  9999
2 45080  53.0551 343.0479 0001067  89.2162 270.8949 15.06415803177041
1 45080U 20006AN  23105.88569772  .00024761  00000-0  16727-2 0  9993
2 45080  53.0539 339.7709 0000980  84.1516 275.9585 15.06459225177155
1 45080U 20006AN  23106.08472749  .00027476  00000-0  18524-2 0  9996
2 45080  53.0539 338.8790 0000982  86.0758 274.0343 15.06477747177180
1 45080U 20006AN  23106.88092032  .00013047  00000-0  89431-3 0  9992
2 45080  53.0540 335.3047 0001157  50.6998 309.4094 15.06351526177303
1 45080U 20006AN  23107.01361555  .00024061  00000-0  16305-2 0  9994
2 45080  53.0537 334.7092 0001152 142.3020 217.8049 15.06358863177327
1 45080U 20006AN  23107.87613672  .00028268  00000-0  19090-2 0  9995
2 45080  53.0534 330.8374 0001061 131.7266 228.3814 15.06400903177451
1 45080U 20006AN  23108.00882952  .00027747  00000-0  18739-2 0  9990
2 45080  53.0538 330.2421 0000991 127.3322 232.7757 15.06408792177478
1 45080U 20006AN  23108.87134603  .00020913  00000-0  14182-2 0  9994
2 45080  53.0544 326.3681 0001094 115.7640 244.3462 15.06412813177604
1 45080U 20006AN  23109.60114464  .00029878  00000-0  20132-2 0  9990
2 45080  53.0551 323.0925 0000865 109.6223 250.4860 15.06455938177718
1 45080U 20006AN  23109.73383177  .00036672  00000-0  24633-2 0  9993
2 45080  53.0547 322.4977 0000709 100.6394 259.4675 15.06471381177735
1 45080U 20006AN  23109.99920453  .00035362  00000-0  23753-2 0  9992
2 45080  53.0547 321.3054 0000784 105.6016 254.5059 15.06488680177774
1 45080U 20006AN  23110.86173215  .00029099  00000-0  19651-2 0  9998
2 45080  53.0540 317.4338 0000394  72.7929 287.3103 15.06385881177900
1 45080U 20006AN  23111.25982036  .00025950  00000-0  17556-2 0  9995
2 45080  53.0535 315.6469 0001181  88.4988 271.6137 15.06379080177966
1 45080U 20006AN  23111.92329071  .00015402  00000-0  10506-2 0  9992
2 45080  53.0540 312.6677 0001123  86.3896 273.7222 15.06400351178067
1 45080U 20006AN  23112.58676766  .00004668  00000-0  33214-3 0  9995
2 45080  53.0529 309.6874 0001422  82.0916 278.0234 15.06389212178161
1 45080U 20006AN  23112.98485022  .00005868  00000-0  41257-3 0  9991
2 45080  53.0528 307.9003 0001450  81.7249 278.3904 15.06394592178222
1 45080U 20006AN  23114.57716376  .00047536  00000-0  31874-2 0  9998
2 45080  53.0526 300.7534 0001916 356.5853   3.5123 15.06415124178463
1 45080U 20006AN  23115.50602293  .00015706  00000-0  10708-2 0  9991
2 45080  53.0535 296.5837 0001197  75.4748 284.6374 15.06405112178604
1 45080U 20006AN  23116.56756855  .00009343  00000-0  64525-3 0  9999
2 45080  53.0536 291.8180 0001213  84.3841 275.7286 15.06402219178761
1 45080U 20006AN  23116.83295503  .00017729  00000-0  12059-2 0  9998
2 45080  53.0536 290.6270 0001209  79.4238 280.6887 15.06407190178808
1 45080U 20006AN  23117.56277310  .00008360  00000-0  57947-3 0  9992
2 45080  53.0535 287.3504 0001179  93.0394 267.0730 15.06400460178912
1 45080U 20006AN  23118.55798575 -.00003258  00000-0 -20003-3 0  9999
2 45080  53.0533 282.8829 0001135  79.0870 281.0246 15.06377401179068
1 45080U 20006AN  23119.55319384  .00021199  00000-0  14374-2 0  9992
2 45080  53.0525 278.4155 0001116  71.6377 288.4733 15.06410349179219
1 45080U 20006AN  23120.61474530  .00014711  00000-0  10046-2 0  9990
2 45080  53.0523 273.6499 0001030  81.9523 278.1582 15.06394009179376
1 45080U 20006AN  23121.54359452  .00021929  00000-0  14854-2 0  9998
2 45080  53.0525 269.4797 0001017  79.0758 281.0346 15.06426864179517
1 45080U 20006AN  23121.87532026  .00024403  00000-0  16496-2 0  9998
2 45080  53.0525 267.9904 0001047  75.4449 284.6656 15.06443192179561
1 45080U 20006AN  23122.53879641  .00012989  00000-0  88936-3 0  9994
2 45080  53.0530 265.0116 0001263  85.9403 274.1730 15.06395247179662
1 45080U 20006AN  23122.80418501  .00023977  00000-0  16232-2 0  9996
2 45080  53.0531 263.8205 0001283  83.5994 276.5141 15.06398185179700
1 45080U 20006AN  23123.53399076  .00022325  00000-0  15116-2 0  9998
2 45080  53.0534 260.5438 0001289  83.8636 276.2500 15.06431852179814
1 45080U 20006AN  23123.66668063  .00023505  00000-0  15899-2 0  9996
2 45080  53.0534 259.9482 0001273  81.2357 278.8776 15.06439606179830
1 45080U 20006AN  23124.52919646  .00014546  00000-0  99379-3 0  9999
2 45080  53.0537 256.0762 0001152 100.8210 259.2908 15.06384619179961
1 45080U 20006AN  23124.59554412  .00019032  00000-0  12937-2 0  9991
2 45080  53.0536 255.7784 0001162  99.4928 260.6193 15.06384483179972
1 45080U 20006AN  23125.65708607  .00023994  00000-0  16228-2 0  9995
2 45080  53.0535 251.0131 0001094  99.2639 260.8474 15.06432580180133
1 45080U 20006AN  23126.65230606  .00034721  00000-0  23399-2 0  9992
2 45080  53.0531 246.5454 0001080  66.3301 293.7801 15.06376323180289
1 45080U 20006AN  23127.05039110  .00036600  00000-0  24635-2 0  9996
2 45080  53.0531 244.7583 0001110  66.2414 293.8692 15.06397038180342
1 45080U 20006AN  23127.58116030  .00028877  00000-0  19482-2 0  9992
2 45080  53.0529 242.3754 0001117  64.9266 295.1839 15.06426187180425
1 45080U 20006AN  23128.57636975  .00026236  00000-0  17743-2 0  9992
2 45080  53.0528 237.9078 0001140  80.8357 279.2761 15.06386839180579
1 45080U 20006AN  23129.57155843  .00031410  00000-0  21154-2 0  9994
2 45080  53.0530 233.4403 0001206  76.8227 283.2896 15.06449362180721
1 45080U 20006AN  23130.50042614  .00026362  00000-0  17830-2 0  9996
2 45080  53.0528 229.2710 0001081 105.1264 254.9845 15.06379957180866
1 45080U 20006AN  23131.42927903  .00027215  00000-0  18375-2 0  9994
2 45080  53.0525 225.1013 0001041  97.1847 262.9260 15.06428347181002
1 45080U 20006AN  23131.56196989  .00026081  00000-0  17617-2 0  9999
2 45080  53.0525 224.5057 0001016  93.5846 266.5259 15.06434165181029
1 45080U 20006AN  23131.96004966  .00016864  00000-0  11478-2 0  9993
2 45080  53.0528 222.7173 0001159  58.9886 301.1216 15.06417264181084
1 45080U 20006AN  23133.55239326  .00024124  00000-0  16321-2 0  9990
2 45080  53.0521 215.5714 0001060  61.7320 298.3776 15.06417259181323
1 45080U 20006AN  23134.48125600  .00017416  00000-0  11855-2 0  9995
2 45080  53.0525 211.4013 0001164  67.3078 292.8033 15.06391100181467
1 45080U 20006AN  23135.47644924  .00014382  00000-0  98175-3 0  9990
2 45080  53.0532 206.9325 0001171  68.3850 291.7264 15.06425421181612
1 45080U 20006AN  23136.40530641  .00009189  00000-0  63481-3 0  9995
2 45080  53.0533 202.7633 0001194  74.7599 285.3522 15.06411387181752
1 45080U 20006AN  23136.86973142  .00013070  00000-0  89432-3 0  9990
2 45080  53.0534 200.6760 0001351  59.2574 300.8548 15.06416960181828
1 45080U 20006AN  23137.86492078  .00002502  00000-0  18671-3 0  9990
2 45080  53.0532 196.2119 0001165  95.0801 265.0320 15.06415697181970
1 45080U 20006AN  23138.59474323  .00000151  00000-0  29042-4 0  9997
2 45080  53.0524 192.9339 0000957  90.3293 269.7806 15.06386394182083
1 45080U 20006AN  23139.85533992  .00006108  00000-0  42863-3 0  9998
2 45080  53.0517 187.2751 0000947  85.8785 274.2312 15.06397242182272
1 45080U 20006AN  23140.85053835  .00010987  00000-0  75502-3 0  9999
2 45080  53.0518 182.8077 0001041  83.1660 276.9447 15.06416746182420
1 45080U 20006AN  23141.51399362  .00011724  00000-0  80392-3 0  9994
2 45080  53.0516 179.8287 0001058  83.3927 276.7182 15.06432966182520
1 45080U 20006AN  23142.50920542 -.00002583  00000-0 -15467-3 0  9990
2 45080  53.0524 175.3605 0000948  94.4518 265.6580 15.06384485182677
1 45080U 20006AN  23143.76980420  .00001224  00000-0  10108-3 0  9996
2 45080  53.0529 169.7019 0000975 103.4468 256.6629 15.06390197182865
1 45080U 20006AN  23144.36693268  .00001753  00000-0  13656-3 0  9992
2 45080  53.0527 167.0220 0001031  97.1191 262.9915 15.06386535182953
1 45080U 20006AN  23146.29099242  .00002942  00000-0  21629-3 0  9998
2 45080  53.0525 158.3835 0000934  83.9160 276.1935 15.06400984183243
1 45080U 20006AN  23147.75061628  .00001684  00000-0  13186-3 0  9998
2 45080  53.0524 151.8296 0000925  89.1374 270.9721 15.06404898183463
1 45080U 20006AN  23148.28139369  .00000379  00000-0  44322-4 0  9992
2 45080  53.0535 149.4476 0001003  92.6350 267.4754 15.06401722183548
1 45080U 20006AN  23148.41408755  .00000152  00000-0  29119-4 0  9991
2 45080  53.0536 148.8521 0001000  91.9715 268.1388 15.06400911183569
1 45080U 20006AN  23149.40928228  .00000957  00000-0  83122-4 0  9990
2 45080  53.0537 144.3853 0000968  88.9820 271.1279 15.06405737183715
1 45080U 20006AN  23149.67467514 -.00000337  00000-0 -37098-5 0  9991
2 45080  53.0532 143.1932 0000954  87.2350 272.8749 15.06399020183751
1 45080U 20006AN  23150.27180121  .00000330  00000-0  41044-4 0  9991
2 45080  53.0533 140.5128 0000923  86.3717 273.7377 15.06392554183845
1 45080U 20006AN  23151.33334455  .00000760  00000-0  69919-4 0  9998
2 45080  53.0534 135.7469 0000955  83.8645 276.2453 15.06402829184006
1 45080U 20006AN  23151.66508607  .00001400  00000-0  11290-3 0  9996
2 45080  53.0542 134.2579 0001060  92.6011 267.5099 15.06391028184056
1 45080U 20006AN  23152.26220781  .00001059  00000-0  89980-4 0  9999
2 45080  53.0542 131.5777 0001068  89.9352 270.1759 15.06394144184146
1 45080U 20006AN  23153.32374414  .00002198  00000-0  16638-3 0  9994
2 45080  53.0540 126.8124 0001110  88.3982 271.7134 15.06409160184304
1 45080U 20006AN  23153.65549308  .00000130  00000-0  27613-4 0  9996
2 45080  53.0541 125.3233 0001258  78.5127 281.6003 15.06393935184357
1 45080U 20006AN  23154.18627317 -.00000995  00000-0 -47926-4 0  9992
2 45080  53.0529 122.9408 0001167  81.9783 278.1339 15.06386923184436
1 45080U 20006AN  23154.91608765  .00000232  00000-0  34433-4 0  9990
2 45080  53.0535 119.6647 0001151  80.1765 279.9353 15.06395094184541
1 45080U 20006AN  23155.18147430  .00001323  00000-0  10768-3 0  9993
2 45080  53.0535 118.4733 0001142  80.4112 279.7006 15.06398389184580
1 45080U 20006AN  23155.91129673  .00003303  00000-0  24060-3 0  9993
2 45080  53.0537 115.1963 0001163  76.6483 283.4635 15.06391311184692
1 45080U 20006AN  23156.57476487  .00005278  00000-0  37291-3 0  9997
2 45080  53.0533 112.2175 0002605  77.5358 282.5922 15.06406252184795
1 45080U 20006AN  23156.90648682  .00006202  00000-0  43467-3 0  9992
2 45080  53.0539 110.7284 0001178  77.8131 282.2990 15.06417696184843
1 45080U 20006AN  23157.17186860  .00010284  00000-0  70770-3 0  9999
2 45080  53.0539 109.5373 0001185  81.4970 278.6154 15.06429196184881
1 45080U 20006AN  23157.83534297 -.00001795  00000-0 -10165-3 0  9994
2 45080  53.0544 106.5609 0001642  82.3461 277.7714 15.06403117184987
1 45080U 20006AN  23158.23342748  .00000559  00000-0  56459-4 0  9999
2 45080  53.0539 104.7724 0001503  94.3865 265.7296 15.06386293185041
1 45080U 20006AN  23159.22863213  .00018799  00000-0  12770-2 0  9995
2 45080  53.0539 100.3046 0001519  98.3107 261.8054 15.06415665185191
1 45080U 20006AN  23160.55557894  .00013997  00000-0  95661-3 0  9994
2 45080  53.0537  94.3461 0001392 104.2041 255.9103 15.06402927185393
1 45080U 20006AN  23161.08634822  .00015848  00000-0  10798-2 0  9994
2 45080  53.0542  91.9641 0001394  89.3797 270.7351 15.06421435185479
1 45080U 20006AN  23162.47964044  .00017162  00000-0  11682-2 0  9994
2 45080  53.0540  85.7106 0001535  81.5699 278.5463 15.06400967185686
1 45080U 20006AN  23162.87771835  .00016745  00000-0  11399-2 0  9993
2 45080  53.0540  83.9240 0001448  80.9489 279.1664 15.06415618185744
1 45080U 20006AN  23163.14310154  .00015073  00000-0  10280-2 0  9998
2 45080  53.0542  82.7320 0001518  80.8279 279.2882 15.06422283185789
1 45080U 20006AN  23164.20466706  .00007614  00000-0  52959-3 0  9993
2 45080  53.0546  77.9660 0002465  83.1368 276.9901 15.06391749185949
1 45080U 20006AN  23165.13350956  .00014897  00000-0  10163-2 0  9996
2 45080  53.0538  73.7974 0001180 133.0709 227.0378 15.06419898186086
1 45080U 20006AN  23165.86333685  .00004421  00000-0  31555-3 0  9997
2 45080  53.0540  70.5207 0001233  84.0196 276.0934 15.06394429186193
1 45080U 20006AN  23166.99123342  .00016624  00000-0  11318-2 0  9991
2 45080  53.0548  65.4577 0001108  80.2829 279.8285 15.06416537186360
1 45080U 20006AN  23168.51721555  .00010648  00000-0  73283-3 0  9991
2 45080  53.0550  58.6076 0001349  95.6424 264.4719 15.06390982186591
1 45080U 20006AN  23168.78260157  .00017813  00000-0  12115-2 0  9993
2 45080  53.0551  57.4166 0001326  99.2496 260.8643 15.06406238186636
1 45080U 20006AN  23169.37972091  .00009843  00000-0  67861-3 0  9999
2 45080  53.0550  54.7344 0001640  88.7903 271.3274 15.06407521186721
1 45080U 20006AN  23169.77780088  .00002937  00000-0  21603-3 0  9997
2 45080  53.0543  52.9550 0000896 151.4309 208.6729 15.06390329186783
1 45080U 20006AN  23170.44127073  .00017482  00000-0  11892-2 0  9991
2 45080  53.0547  49.9706 0001195  93.0664 267.0462 15.06412487186888
1 45080U 20006AN  23170.77299933  .00021180  00000-0  14354-2 0  9998
2 45080  53.0545  48.4814 0001151  93.1682 266.9438 15.06429153186938
1 45080U 20006AN  23171.43646610  .00008320  00000-0  57666-3 0  9995
2 45080  53.0530  45.5047 0001542  71.5803 288.5353 15.06406657187039
1 45080U 20006AN  23171.83455311  .00014599  00000-0  99739-3 0  9997
2 45080  53.0541  43.7163 0001121  73.6349 286.4763 15.06383581187099
1 45080U 20006AN  23172.03359592  .00023477  00000-0  15903-2 0  9999
2 45080  53.0541  42.8229 0001169  68.3465 291.7648 15.06386420187124
1 45080U 20006AN  23172.82975405  .00020734  00000-0  14060-2 0  9999
2 45080  53.0542  39.2489 0001188  66.7537 293.3577 15.06420181187241
1 45080U 20006AN  23188.68666025  .00020862  00000-0  14142-2 0  9998
2 45080  53.0554 328.0647 0001144  84.3079 275.8040 15.06429088189638
1 45080U 20006AN  23189.08473851  .00009934  00000-0  68443-3 0  9997
2 45080  53.0550 326.2796 0000755  90.5615 269.5460 15.06421823189692
1 45080U 20006AN  23189.41647882 -.00005012  00000-0 -31791-3 0  9992
2 45080  53.0550 324.7885 0001062  98.5069 261.6041 15.06390710189741
1 45080U 20006AN  23190.54438754  .00015420  00000-0  10518-2 0  9999
2 45080  53.0542 319.7253 0001079 103.2122 256.8987 15.06400099189913
1 45080U 20006AN  23191.07516503  .00008114  00000-0  56299-3 0  9996
2 45080  53.0552 317.3459 0001315  87.8405 272.2735 15.06397731189999
1 45080U 20006AN  23191.73863523  .00004154  00000-0  29764-3 0  9993
2 45080  53.0547 314.3640 0001104  93.3083 266.8033 15.06396633190095
1 45080U 20006AN  23192.33574708  .00007052  00000-0  49164-3 0  9990
2 45080  53.0551 311.6831 0001132  92.5635 267.5484 15.06416867190187
1 45080U 20006AN  23192.60112900  .00014604  00000-0  99644-3 0  9991
2 45080  53.0550 310.4919 0001082  88.9905 271.1208 15.06432278190227
1 45080U 20006AN  23193.33094357  .00004636  00000-0  32974-3 0  9994
2 45080  53.0548 307.2155 0001113  95.1578 264.9538 15.06416383190338
1 45080U 20006AN  23194.52518084  .00017915  00000-0  12176-2 0  9999
2 45080  53.0554 301.8550 0001277  89.5199 270.5937 15.06428038190517
1 45080U 20006AN  23195.52038568  .00004098  00000-0  29387-3 0  9995
2 45080  53.0558 297.3884 0001313 109.2495 250.8636 15.06398318190660
1 45080U 20006AN  23196.44923823  .00021830  00000-0  14788-2 0  9995
2 45080  53.0550 293.2185 0001210 107.9482 252.1639 15.06428109190804
1 45080U 20006AN  23196.98001286  .00005690  00000-0  40043-3 0  9994
2 45080  53.0566 290.8422 0001845  68.6698 291.4488 15.06412035190881
1 45080U 20006AN  23197.37810221  .00003221  00000-0  23521-3 0  9995
2 45080  53.0540 289.0488 0000988  79.2050 280.9051 15.06364276190941
1 45080U 20006AN  23198.50601641  .00023558  00000-0  15952-2 0  9998
2 45080  53.0539 283.9856 0001124  70.5419 289.5691 15.06398576191112
1 45080U 20006AN  23199.43487817  .00023399  00000-0  15842-2 0  9999
2 45080  53.0540 279.8160 0001148  74.5584 285.5532 15.06408678191259
1 45080U 20006AN  23200.43007513  .00008714  00000-0  60294-3 0  9999
2 45080  53.0537 275.3485 0001166  75.0212 285.0906 15.06413384191407
1 45080U 20006AN  23201.55797191 -.00001270  00000-0 -66362-4 0  9996
2 45080  53.0538 270.2806 0001160 100.8537 259.2582 15.06395865191574
1 45080U 20006AN  23202.35412728  .00004720  00000-0  33542-3 0  9999
2 45080  53.0534 266.7087 0001035  88.8522 271.2586 15.06412261191692
1 45080U 20006AN  23204.14549187  .00006666  00000-0  46585-3 0  9990
2 45080  53.0527 258.6680 0000950 100.1994 259.9102 15.06407912191963
1 45080U 20006AN  23206.40128048  .00005114  00000-0  36186-3 0  9993
2 45080  53.0530 248.5407 0001153  88.9025 271.2096 15.06410533192307
1 45080U 20006AN  23207.52917997  .00002095  00000-0  15950-3 0  9997
2 45080  53.0528 243.4786 0000986  95.4020 264.7081 15.06399226192473
1 45080U 20006AN  23207.79456622  .00003870  00000-0  27850-3 0  9993
2 45080  53.0530 242.2868 0001192  86.9961 273.1164 15.06405412192519
1 45080U 20006AN  23207.79456622  .00003870  00000-0  27850-3 0  9993
2 45080  53.0530 242.2868 0001192  86.9961 273.1164 15.06405412192519
1 45080U 20006AN  23208.52437739  .00008187  00000-0  56770-3 0  9992
2 45080  53.0531 239.0103 0001154  90.5303 269.5818 15.06413336192626
1 45080U 20006AN  23208.78976813  .00001239  00000-0  10206-3 0  9996
2 45080  53.0524 237.8182 0001022  95.5864 264.5241 15.06395887192661
1 45080U 20006AN  23209.05515716 -.00001512  00000-0 -82638-4 0  9993
2 45080  53.0528 236.6284 0001197  94.7892 265.3234 15.06394571192705
1 45080U 20006AN  23209.45324229 -.00002248  00000-0 -13210-3 0  9990
2 45080  53.0529 234.8412 0001108  94.3030 265.8086 15.06387591192761
1 45080U 20006AN  23209.58593748 -.00001404  00000-0 -75415-4 0  9997
2 45080  53.0531 234.2452 0001195  93.5766 266.5360 15.06387006192781
1 45080U 20006AN  23210.78018768  .00003259  00000-0  23758-3 0  9995
2 45080  53.0530 228.8841 0001151  93.6295 266.4825 15.06395246192961
1 45080U 20006AN  23212.04077379  .00006470  00000-0  45270-3 0  9990
2 45080  53.0525 223.2245 0001123  94.5452 265.5666 15.06411009193157
1 45080U 20006AN  23212.96962762  .00000176  00000-0  30705-4 0  9995
2 45080  53.0526 219.0544 0001098 101.3690 258.7423 15.06401476193292
1 45080U 20006AN  23214.03117854  .00000183  00000-0  31151-4 0  9993
2 45080  53.0545 214.2888 0001044  93.4828 266.6280 15.06402643193450
1 45080U 20006AN  23215.35811824  .00001721  00000-0  13442-3 0  9998
2 45080  53.0528 208.3318 0001119  85.8440 274.2676 15.06397141193653
1 45080U 20006AN  23216.28696667  .00002804  00000-0  20702-3 0  9997
2 45080  53.0531 204.1626 0001132  88.9619 271.1500 15.06408677193794
1 45080U 20006AN  23216.68505662 -.00001243  00000-0 -64556-4 0  9999
2 45080  53.0532 202.3754 0001295  86.7940 273.3197 15.06390678193854
1 45080U 20006AN  23217.21583020  .00000512  00000-0  53289-4 0  9990
2 45080  53.0532 199.9923 0001272  86.6753 273.4382 15.06396814193933
1 45080U 20006AN  23218.21101961  .00003912  00000-0  28125-3 0  9998
2 45080  53.0536 195.5232 0001258  91.1148 268.9985 15.06415978194083
1 45080U 20006AN  23219.20623235 -.00001149  00000-0 -58283-4 0  9992
2 45080  53.0548 191.0537 0001271  96.7626 263.3507 15.06387802194232
1 45080U 20006AN  23220.20143969  .00015568  00000-0  10615-2 0  9998
2 45080  53.0536 186.5893 0001270 102.3154 257.7977 15.06408085194383
1 45080U 20006AN  23220.59952343  .00004649  00000-0  33083-3 0  9997
2 45080  53.0537 184.8021 0001609  91.4813 268.6360 15.06398290194444
1 45080U 20006AN  23220.99760769  .00002852  00000-0  21033-3 0  9996
2 45080  53.0530 183.0165 0001781  88.5495 271.5698 15.06394397194509
1 45080U 20006AN  23222.25819418  .00010220  00000-0  70375-3 0  9994
2 45080  53.0545 177.3592 0001672 106.2205 253.8968 15.06413975194698
1 45080U 20006AN  23222.58993201  .00001187  00000-0  98633-4 0  9993
2 45080  53.0537 175.8675 0003366  84.1083 276.0289 15.06395877194743
1 45080U 20006AN  23224.11590699  .00018812  00000-0  12777-2 0  9994
2 45080  53.0524 169.0177 0001201  87.8384 272.2742 15.06422454194970
1 45080U 20006AN  23224.84572358  .00007590  00000-0  52775-3 0  9990
2 45080  53.0527 165.7413 0002154  90.6497 269.4738 15.06411251195083
1 45080U 20006AN  23225.11111136  .00004161  00000-0  29804-3 0  9992
2 45080  53.0531 164.5498 0001224 100.5813 259.5314 15.06399969195124
1 45080U 20006AN  23226.10630727  .00016149  00000-0  10998-2 0  9996
2 45080  53.0545 160.0831 0001380 109.0712 251.0427 15.06425635195274
1 45080U 20006AN  23227.10151650  .00001741  00000-0  13575-3 0  9997
2 45080  53.0548 155.6144 0001185  93.6478 266.4646 15.06390015195427
1 45080U 20006AN  23228.09671975  .00014743  00000-0  10062-2 0  9996
2 45080  53.0548 151.1471 0001190  91.5981 268.5144 15.06414613195576
1 45080U 20006AN  23228.76019455  .00003810  00000-0  27457-3 0  9999
2 45080  53.0543 148.1693 0001444  87.3470 272.7684 15.06397250195675
1 45080U 20006AN  23230.08711952  .00022112  00000-0  14971-2 0  9990
2 45080  53.0537 142.2113 0001206 105.0131 255.0991 15.06440301195871
1 45080U 20006AN  23230.15346742  .00020158  00000-0  13669-2 0  9990
2 45080  53.0537 141.9156 0001404  84.3672 275.7477 15.06438491195889
1 45080U 20006AN  23231.08236006  .00042339  00000-0  28444-2 0  9996
2 45080  53.0538 137.7456 0001448  84.1505 275.9649 15.06398522196027
1 45080U 20006AN  23232.01119324  .00038425  00000-0  25801-2 0  9998
2 45080  53.0535 133.5744 0001226  75.5618 284.5507 15.06463133196166
1 45080U 20006AN  23232.74100828  .00031392  00000-0  21156-2 0  9992
2 45080  53.0538 130.2979 0001745 109.9366 250.1811 15.06423675196277
1 45080U 20006AN  23233.13909018  .00006267  00000-0  43918-3 0  9998
2 45080  53.0542 128.5113 0001360 102.7923 257.3218 15.06404298196332
1 45080U 20006AN  23234.06793418  .00015105  00000-0  10299-2 0  9992
2 45080  53.0535 124.3412 0001274 107.0014 253.1115 15.06431417196471
1 45080U 20006AN  23235.06314902  .00000953  00000-0  82880-4 0  9992
2 45080  53.0533 119.8731 0001237 120.3027 239.8084 15.06385534196624
1 45080U 20006AN  23236.05835645  .00012335  00000-0  84540-3 0  9995
2 45080  53.0528 115.4044 0001222 111.2871 248.8249 15.06404971196773
1 45080U 20006AN  23237.05356845  .00013633  00000-0  93226-3 0  9999
2 45080  53.0538 110.9395 0001407  98.3240 261.7908 15.06404368196926
1 45080U 20006AN  23237.05356845  .00013633  00000-0  93226-3 0  9999
2 45080  53.0538 110.9395 0001407  98.3240 261.7908 15.06404368196926
1 45080U 20006AN  23237.84972256  .00018525  00000-0  12583-2 0  9997
2 45080  53.0541 107.3635 0001241  79.1603 280.9526 15.06428586197044
1 45080U 20006AN  23238.04875822  .00018256  00000-0  12401-2 0  9991
2 45080  53.0544 106.4712 0001351  92.2716 267.8428 15.06435937197072
1 45080U 20006AN  23238.77857758  .00002032  00000-0  15526-3 0  9996
2 45080  53.0544 103.1946 0001268 105.7139 254.3990 15.06402776197183
1 45080U 20006AN  23238.84492442  .00002742  00000-0  20288-3 0  9998
2 45080  53.0545 102.8966 0001239 108.9552 251.1571 15.06402232197192
1 45080U 20006AN  23239.11031396  .00000954  00000-0  82946-4 0  9999
2 45080  53.0540 101.7059 0001163 108.3597 251.7519 15.06397946197235
1 45080U 20006AN  23239.11031396  .00000954  00000-0  82946-4 0  9999
2 45080  53.0540 101.7059 0001163 108.3597 251.7519 15.06397946197235
1 45080U 20006AN  23239.84012663  .00011348  00000-0  77924-3 0  9993
2 45080  53.0542  98.4296 0001170 106.3096 253.8021 15.06413463197348
1 45080U 20006AN  23239.84012663  .00011348  00000-0  77924-3 0  9993
2 45080  53.0542  98.4296 0001170 106.3096 253.8021 15.06413463197348
1 45080U 20006AN  23240.30455705 -.00001983  00000-0 -11429-3 0  9998
2 45080  53.0551  96.3442 0001676  91.5958 268.5223 15.06397063197413
1 45080U 20006AN  23240.83533388 -.00000545  00000-0 -17674-4 0  9992
2 45080  53.0542  93.9627 0001292  93.3208 266.7929 15.06389998197492
1 45080U 20006AN  23241.69784654  .00013939  00000-0  95268-3 0  9994
2 45080  53.0536  90.0902 0001272  92.3395 267.7739 15.06405194197625
1 45080U 20006AN  23241.83053905  .00014586  00000-0  99581-3 0  9999
2 45080  53.0536  89.4945 0001258  92.6986 267.4147 15.06410011197643
1 45080U 20006AN  23242.29496942  .00003855  00000-0  27754-3 0  9992
2 45080  53.0536  87.4112 0001460  82.8756 277.2399 15.06399504197717
1 45080U 20006AN  23242.82574657  .00000949  00000-0  82617-4 0  9992
2 45080  53.0539  85.0276 0001113  83.4177 276.6938 15.06392083197799
1 45080U 20006AN  23243.02479028  .00001430  00000-0  11488-3 0  9994
2 45080  53.0532  84.1326 0001116  91.4577 268.6540 15.06384598197820
1 45080U 20006AN  23243.68826715  .00013110  00000-0  89762-3 0  9993
2 45080  53.0534  81.1542 0001002  84.0830 276.0273 15.06390217197925
1 45080U 20006AN  23243.95365547  .00014651  00000-0  10005-2 0  9998
2 45080  53.0534  79.9627 0001144  85.7675 274.3444 15.06398001197960
1 45080U 20006AN  23244.55077790  .00010826  00000-0  74448-3 0  9997
2 45080  53.0525  77.2834 0001413  74.2719 285.8426 15.06405357198053
1 45080U 20006AN  23244.55077790  .00010826  00000-0  74448-3 0  9997
2 45080  53.0525  77.2834 0001413  74.2719 285.8426 15.06405357198053
1 45080U 20006AN  23245.54596543  .00013011  00000-0  88997-3 0  9992
2 45080  53.0518  72.8127 0001238  59.7817 300.3295 15.06432260198200
1 45080U 20006AN  23245.67865481  .00013469  00000-0  92044-3 0  9991
2 45080  53.0535  72.2174 0001133  74.1008 286.0106 15.06437314198220
1 45080U 20006AN  23245.81134346  .00023878  00000-0  16141-2 0  9994
2 45080  53.0544  71.6221 0001123  81.6987 278.4129 15.06454414198246
1 45080U 20006AN  23246.20941740 -.00002989  00000-0 -18177-3 0  9996
2 45080  53.0555  69.8363 0000579  99.3322 260.7732 15.06424014198301
1 45080U 20006AN  23246.47481021 -.00005417  00000-0 -34486-3 0  9996
2 45080  53.0539  68.6421 0002883  83.1185 277.0132 15.06414112198340
1 45080U 20006AN  23246.80654753 -.00005294  00000-0 -33681-3 0  9996
2 45080  53.0541  67.1543 0001810  88.2407 271.8789 15.06395194198397
1 45080U 20006AN  23247.47002266  .00011141  00000-0  76578-3 0  9994
2 45080  53.0546  64.1763 0001518  90.8632 269.2531 15.06394256198492
1 45080U 20006AN  23247.93444865  .00013213  00000-0  90409-3 0  9991
2 45080  53.0545  62.0914 0001463  91.3151 268.8006 15.06408303198566
1 45080U 20006AN  23248.46522684  .00004386  00000-0  31319-3 0  9992
2 45080  53.0527  59.7082 0001812  86.8953 273.2243 15.06398101198648
1 45080U 20006AN  23248.46522684  .00004386  00000-0  31319-3 0  9992
2 45080  53.0527  59.7082 0001812  86.8953 273.2243 15.06398101198648
1 45080U 20006AN  23249.46042532  .00009821  00000-0  67705-3 0  9999
2 45080  53.0548  55.2412 0001616  83.2340 276.8833 15.06414561198791
1 45080U 20006AN  23249.72580721  .00014295  00000-0  97591-3 0  9992
2 45080  53.0549  54.0504 0001576  81.7434 278.3733 15.06427305198834
1 45080U 20006AN  23249.72580721  .00014295  00000-0  97591-3 0  9992
2 45080  53.0549  54.0504 0001576  81.7434 278.3733 15.06427305198834
1 45080U 20006AN  23250.45562247  .00000832  00000-0  74748-4 0  9999
2 45080  53.0532  50.7731 0001719  96.9221 263.1964 15.06404371198940
1 45080U 20006AN  23250.52196976  .00000908  00000-0  79880-4 0  9995
2 45080  53.0533  50.4754 0001746  96.4560 263.6628 15.06402901198954
1 45080U 20006AN  23250.85370655  .00006661  00000-0  46569-3 0  9998
2 45080  53.0553  48.9873 0001380 102.6802 257.4341 15.06398782199004
1 45080U 20006AN  23251.58352023  .00017082  00000-0  11624-2 0  9990
2 45080  53.0554  45.7109 0001279  95.6476 264.4658 15.06415762199116
1 45080U 20006AN  23251.71621191  .00018412  00000-0  12510-2 0  9993
2 45080  53.0563  45.1157 0001304  92.4826 267.6313 15.06422421199131
1 45080U 20006AN  23251.71621191  .00018412  00000-0  12510-2 0  9993
2 45080  53.0563  45.1157 0001304  92.4826 267.6313 15.06422421199131
1 45080U 20006AN  23252.44603047 -.00000142  00000-0  93827-5 0  9999
2 45080  53.0565  41.8394 0001332  81.8794 278.2346 15.06395934199240
1 45080U 20006AN  23252.57872553  .00001974  00000-0  15137-3 0  9992
2 45080  53.0563  41.2433 0001463  86.7304 273.3852 15.06395442199266
1 45080U 20006AN  23253.57392861  .00016861  00000-0  11476-2 0  9994
2 45080  53.0562  36.7758 0001493  81.5146 278.6013 15.06415954199419
1 45080U 20006AN  23253.70661981  .00018407  00000-0  12506-2 0  9994
2 45080  53.0563  36.1803 0001492  81.7947 278.3211 15.06423047199436
1 45080U 20006AN  23254.10470123  .00006979  00000-0  48681-3 0  9990
2 45080  53.0559  34.3931 0001556  88.8002 271.3165 15.06411144199496
1 45080U 20006AN  23254.56913372  .00003238  00000-0  23622-3 0  9991
2 45080  53.0557  32.3083 0001430  92.6806 267.4346 15.06396182199565
1 45080U 20006AN  23254.70183047  .00024560  00000-0  16624-2 0  9999
2 45080  53.0557  31.7131 0001350  93.2224 266.8919 15.06389924199581
1 45080U 20006AN  23255.56433230  .00027299  00000-0  18429-2 0  9993
2 45080  53.0553  27.8405 0001400  88.9625 271.1524 15.06432140199714
1 45080U 20006AN  23255.76336676  .00038184  00000-0  25649-2 0  9998
2 45080  53.0557  26.9470 0001391  86.1134 274.0014 15.06452016199747
1 45080U 20006AN  23255.76336676  .00038184  00000-0  25649-2 0  9998
2 45080  53.0557  26.9470 0001391  86.1134 274.0014 15.06452016199747
1 45080U 20006AN  23256.36049381  .00028245  00000-0  19066-2 0  9992
2 45080  53.0558  24.2658 0001721  76.9349 283.1832 15.06417497199832
1 45080U 20006AN  23256.55953369  .00021264  00000-0  14419-2 0  9994
2 45080  53.0558  23.3711 0001371  88.6295 271.4851 15.06406518199869
1 45080U 20006AN  23256.62588013  .00023204  00000-0  15713-2 0  9996
2 45080  53.0561  23.0740 0001221 100.4499 259.6628 15.06405440199879
1 45080U 20006AN  23256.62588013  .00023204  00000-0  15713-2 0  9996
2 45080  53.0561  23.0740 0001221 100.4499 259.6628 15.06405440199879
1 45080U 20006AN  23257.35570971  .00023177  00000-0  15700-2 0  9996
2 45080  53.0560  19.7998 0001582  85.6560 274.4609 15.06393212199987
1 45080U 20006AN  23257.55475316  .00018985  00000-0  12905-2 0  9990
2 45080  53.0572  18.9068 0001363  98.6275 261.4868 15.06386325200010
1 45080U 20006AN  23257.62110216  .00009118  00000-0  63061-3 0  9991
2 45080  53.0570  18.6081 0001386  78.2516 281.8628 15.06376282200029
1 45080U 20006AN  23257.62110216  .00009118  00000-0  63061-3 0  9991
2 45080  53.0570  18.6081 0001386  78.2516 281.8628 15.06376282200029
1 45080U 20006AN  23258.54996688  .00007214  00000-0  50287-3 0  9999
2 45080  53.0578  14.4396 0001493  85.2421 274.8738 15.06389498200164
1 45080U 20006AN  23259.01438983  .00013118  00000-0  89764-3 0  9993
2 45080  53.0577  12.3552 0001438  84.5554 275.5599 15.06412153200238
1 45080U 20006AN  23259.34611588  .00020601  00000-0  13965-2 0  9997
2 45080  53.0566  10.8648 0001380  76.3218 283.7925 15.06437161200282
1 45080U 20006AN  23259.54514974  .00018833  00000-0  12783-2 0  9991
2 45080  53.0569   9.9714 0001368  77.2072 282.9070 15.06445039200311
1 45080U 20006AN  23260.00957290 -.00001150  00000-0 -58314-4 0  9994
2 45080  53.0568   7.8862 0001364  84.7978 275.3167 15.06421373200380
1 45080U 20006AN  23260.27496673  .00012184  00000-0  83535-3 0  9995
2 45080  53.0566   6.6958 0002176  87.1724 272.9514 15.06403446200424
1 45080U 20006AN  23260.54035705  .00030673  00000-0  20695-2 0  9990
2 45080  53.0564   5.5048 0001387  92.6850 267.4298 15.06393829200469
1 45080U 20006AN  23261.00478631  .00035941  00000-0  24189-2 0  9996
2 45080  53.0560   3.4195 0001294  93.7849 266.3288 15.06409011200538
1 45080U 20006AN  23261.53555081  .00033792  00000-0  22741-2 0  9993
2 45080  53.0554   1.0369 0001277  90.8434 269.2702 15.06441094200616
1 45080U 20006AN  23261.80092988  .00029593  00000-0  19944-2 0  9990
2 45080  53.0548 359.8468 0001253  88.3079 271.8053 15.06453291200658
1 45080U 20006AN  23261.99998000  .00017639  00000-0  11995-2 0  9996
2 45080  53.0558 358.9523 0001758  66.8449 293.2725 15.06418469200688
1 45080U 20006AN  23262.46441002  .00025650  00000-0  17347-2 0  9993
2 45080  53.0544 356.8673 0001342  66.6792 293.4338 15.06398281200753
1 45080U 20006AN  23262.66345015  .00041399  00000-0  27811-2 0  9997
2 45080  53.0547 355.9735 0001396  65.8916 294.2218 15.06411005200782
1 45080U 20006AN  23263.52598214  .00012918  00000-0  88538-3 0  9993
2 45080  53.0549 352.0998 0001294  78.0032 282.1102 15.06364840200912
1 45080U 20006AN  23263.52598214  .00012918  00000-0  88538-3 0  9993
2 45080  53.0549 352.0998 0001294  78.0032 282.1102 15.06364840200912
1 45080U 20006AN  23263.72502464  .00009436  00000-0  65194-3 0  9991
2 45080  53.0553 351.2062 0001335  86.3488 273.7653 15.06376213200940
1 45080U 20006AN  23264.45485431  .00010237  00000-0  70551-3 0  9990
2 45080  53.0558 347.9322 0001460  79.5007 280.6147 15.06379192201053
1 45080U 20006AN  23264.45485431  .00010237  00000-0  70551-3 0  9990
2 45080  53.0558 347.9322 0001460  79.5007 280.6147 15.06379192201053
1 45080U 20006AN  23264.91928065  .00016667  00000-0  11350-2 0  9990
2 45080  53.0555 345.8470 0001388  79.0686 281.0459 15.06404994201126
1 45080U 20006AN  23264.91928065  .00016667  00000-0  11350-2 0  9990
2 45080  53.0555 345.8470 0001388  79.0686 281.0459 15.06404994201126
1 45080U 20006AN  23265.45004403  .00022369  00000-0  15143-2 0  9991
2 45080  53.0553 343.4637 0001394  77.2416 282.8729 15.06437806201207
1 45080U 20006AN  23265.45004403  .00022369  00000-0  15143-2 0  9991
2 45080  53.0553 343.4637 0001394  77.2416 282.8729 15.06437806201207
1 45080U 20006AN  23265.91446651  .00011094  00000-0  76188-3 0  9997
2 45080  53.0557 341.3787 0001456  86.2356 273.8800 15.06431023201278
1 45080U 20006AN  23265.91446651  .00011094  00000-0  76188-3 0  9997
2 45080  53.0557 341.3787 0001456  86.2356 273.8800 15.06431023201278
1 45080U 20006AN  23266.51159278  .00028263  00000-0  19089-2 0  9992
2 45080  53.0550 338.6993 0001331  93.2334 266.8807 15.06395756201366
1 45080U 20006AN  23266.51159278  .00028263  00000-0  19089-2 0  9992
2 45080  53.0550 338.6993 0001331  93.2334 266.8807 15.06395756201366
1 45080U 20006AN  23267.17505797  .00017637  00000-0  11994-2 0  9996
2 45080  53.0558 335.7200 0001472  90.3391 269.7767 15.06416542201465
1 45080U 20006AN  23267.50678571  .00019991  00000-0  13560-2 0  9990
2 45080  53.0551 334.2319 0001399  91.7492 268.3657 15.06431544201516
1 45080U 20006AN  23267.57313084  .00022212  00000-0  15039-2 0  9995
2 45080  53.0548 333.9345 0001404  89.4624 270.6525 15.06435645201522
1 45080U 20006AN  23268.43565072  .00037182  00000-0  25010-2 0  9999
2 45080  53.0546 330.0624 0001966  75.6024 284.5183 15.06413369201659
1 45080U 20006AN  23268.43565072  .00037182  00000-0  25010-2 0  9999
2 45080  53.0546 330.0624 0001966  75.6024 284.5183 15.06413369201659
1 45080U 20006AN  23269.43083419  .00024999  00000-0  16888-2 0  9995
2 45080  53.0545 325.5938 0001637  67.7473 292.3689 15.06453372201803
1 45080U 20006AN  23269.43083419  .00024999  00000-0  16888-2 0  9995
2 45080  53.0545 325.5938 0001637  67.7473 292.3689 15.06453372201803
1 45080U 20006AN  23270.42604233  .00020670  00000-0  14035-2 0  9993
2 45080  53.0553 321.1261 0001453  89.2312 270.8843 15.06372297201955
1 45080U 20006AN  23270.42604258  .00020043  00000-0  13617-2 0  9999
2 45080  53.0551 321.1261 0001398  85.0349 275.0800 15.06370636201950
1 45080U 20006AN  23271.15586947  .00010243  00000-0  70590-3 0  9999
2 45080  53.0543 317.8506 0001470  87.2473 272.8685 15.06382511202062
1 45080U 20006AN  23271.35491082  .00012191  00000-0  83612-3 0  9999
2 45080  53.0546 316.9579 0001503  87.8529 272.2632 15.06389240202095
1 45080U 20006AN  23272.35012655  .00001637  00000-0  12886-3 0  9993
2 45080  53.0538 312.4895 0001494  89.1146 271.0014 15.06379712202248
1 45080U 20006AN  23272.48282078  .00002679  00000-0  19878-3 0  9990
2 45080  53.0540 311.8941 0001493  89.1660 270.9500 15.06383293202265
1 45080U 20006AN  23273.47801482  .00013204  00000-0  90319-3 0  9991
2 45080  53.0537 307.4261 0001541  96.9839 263.1326 15.06419731202419
1 45080U 20006AN  23274.40687272  .00022832  00000-0  15462-2 0  9996
2 45080  53.0528 303.2558 0001490  86.7225 273.3935 15.06412677202557
1 45080U 20006AN  23274.40687272  .00022832  00000-0  15462-2 0  9996
2 45080  53.0528 303.2558 0001490  86.7225 273.3935 15.06412677202557
1 45080U 20006AN  23275.07033101  .00018101  00000-0  12299-2 0  9995
2 45080  53.0531 300.2771 0001571  88.3732 271.7437 15.06432397202657
1 45080U 20006AN  23275.80013979 -.00010691  00000-0 -69987-3 0  9992
2 45080  53.0542 296.9983 0001841  95.2217 264.8982 15.06400843202761
1 45080U 20006AN  23275.80013979 -.00010691  00000-0 -69987-3 0  9992
2 45080  53.0542 296.9983 0001841  95.2217 264.8982 15.06400843202761
1 45080U 20006AN  23276.52996425  .00023489  00000-0  15912-2 0  9993
2 45080  53.0534 293.7238 0001191  92.1570 267.9556 15.06384331202872
1 45080U 20006AN  23277.06073823  .00024354  00000-0  16477-2 0  9990
2 45080  53.0537 291.3405 0001222  95.5799 264.5329 15.06411635202958
1 45080U 20006AN  23277.52515717  .00025486  00000-0  17220-2 0  9998
2 45080  53.0536 289.2556 0001212  94.4562 265.6566 15.06436732203024
1 45080U 20006AN  23278.05594274  .00010749  00000-0  73958-3 0  9999
2 45080  53.0545 286.8724 0001441  98.5719 261.5433 15.06389615203101
1 45080U 20006AN  23278.52037686  .00021804  00000-0  14786-2 0  9997
2 45080  53.0538 284.7882 0001295  91.1231 268.9906 15.06389461203172
1 45080U 20006AN  23279.38287502  .00021916  00000-0  14842-2 0  9993
2 45080  53.0539 280.9170 0001326  82.3129 277.8010 15.06434913203307
1 45080U 20006AN  23279.44921995  .00024483  00000-0  16550-2 0  9991
2 45080  53.0539 280.6192 0001332  78.3845 281.7294 15.06440727203314
1 45080U 20006AN  23279.71461194 -.00001749  00000-0 -98582-4 0  9990
2 45080  53.0536 279.4269 0001067  92.8174 267.2937 15.06403618203358
1 45080U 20006AN  23279.71461194 -.00001749  00000-0 -98582-4 0  9990
2 45080  53.0536 279.4269 0001067  92.8174 267.2937 15.06403618203358
1 45080U 20006AN  23280.37809255  .00019207  00000-0  13055-2 0  9994
2 45080  53.0533 276.4494 0001398  92.3274 267.7875 15.06380765203459
1 45080U 20006AN  23280.37809255  .00019207  00000-0  13055-2 0  9994
2 45080  53.0533 276.4494 0001398  92.3274 267.7875 15.06380765203459
1 45080U 20006AN  23280.70982761  .00024264  00000-0  16423-2 0  9996
2 45080  53.0533 274.9606 0001430  99.2263 260.8887 15.06398357203507
1 45080U 20006AN  23280.97520735  .00040725  00000-0  27340-2 0  9994
2 45080  53.0528 273.7682 0001721  95.3897 264.7289 15.06442584203540
1 45080U 20006AN  23281.37328599  .00000498  00000-0  52283-4 0  9992
2 45080  53.0529 271.9817 0001235  89.4264 270.6867 15.06410409203609
1 45080U 20006AN  23281.37328599  .00000498  00000-0  52283-4 0  9992
2 45080  53.0529 271.9817 0001235  89.4264 270.6867 15.06410409203609
1 45080U 20006AN  23281.70502438 -.00000772  00000-0 -32936-4 0  9995
2 45080  53.0534 270.4910 0001321  86.6129 273.5011 15.06387893203656
1 45080U 20006AN  23281.70502438 -.00000772  00000-0 -32936-4 0  9995
2 45080  53.0534 270.4910 0001321  86.6129 273.5011 15.06387893203656
1 45080U 20006AN  23282.43484681  .00016655  00000-0  11345-2 0  9999
2 45080  53.0537 267.2139 0001466  96.3921 263.7234 15.06395990203761
1 45080U 20006AN  23282.43484681  .00016655  00000-0  11345-2 0  9999
2 45080  53.0537 267.2139 0001466  96.3921 263.7234 15.06395990203761
1 45080U 20006AN  23283.09830199  .00027106  00000-0  18294-2 0  9994
2 45080  53.0532 264.2362 0001414  94.2628 265.8522 15.06445294203862
1 45080U 20006AN  23283.43002137  .00029093  00000-0  19602-2 0  9996
2 45080  53.0534 262.7472 0001459  96.3596 263.7559 15.06471276203917
1 45080U 20006AN  23284.09351253  .00003226  00000-0  23559-3 0  9992
2 45080  53.0532 259.7691 0001596 121.2574 238.8571 15.06364811204015
1 45080U 20006AN  23284.35890817  .00030668  00000-0  20704-2 0  9993
2 45080  53.0533 258.5782 0001547 121.3522 238.7618 15.06370956204056
1 45080U 20006AN  23284.62429852  .00032204  00000-0  21717-2 0  9993
2 45080  53.0533 257.3868 0001568 122.6690 237.4450 15.06388674204091
1 45080U 20006AN  23285.35410388  .00034292  00000-0  23073-2 0  9994
2 45080  53.0532 254.1103 0001602 126.4689 233.6448 15.06441305204205
1 45080U 20006AN  23285.61949735  .00001487  00000-0  11869-3 0  9997
2 45080  53.0544 252.9190 0002150  98.6637 261.4596 15.06405904204244
1 45080U 20006AN  23285.88488720 -.00008565  00000-0 -55711-3 0  9998
2 45080  53.0535 251.7279 0001369 120.5732 239.5392 15.06379604204282
1 45080U 20006AN  23286.15028108  .00015895  00000-0  10842-2 0  9996
2 45080  53.0535 250.5365 0001398 112.5975 247.5161 15.06378476204321
1 45080U 20006AN  23286.28297757  .00027095  00000-0  18318-2 0  9999
2 45080  53.0533 249.9406 0001431 111.1322 248.9820 15.06381812204343
1 45080U 20006AN  23286.61471240  .00034041  00000-0  22928-2 0  9998
2 45080  53.0535 248.4512 0001456 113.5665 246.5477 15.06406322204391
1 45080U 20006AN  23286.88009495  .00045862  00000-0  30748-2 0  9998
2 45080  53.0535 247.2596 0001478 116.6662 243.4478 15.06436289204432
1 45080U 20006AN  23287.21181795  .00041692  00000-0  27968-2 0  9997
2 45080  53.0536 245.7704 0001427 117.7937 242.3197 15.06460403204484
1 45080U 20006AN  23287.21181795  .00041692  00000-0  27968-2 0  9997
2 45080  53.0536 245.7704 0001427 117.7937 242.3197 15.06460403204484
1 45080U 20006AN  23287.60990592  .00007277  00000-0  50673-3 0  9994
2 45080  53.0545 243.9831 0002014  81.3866 278.7351 15.06412295204543
1 45080U 20006AN  23287.87530213 -.00002629  00000-0 -15775-3 0  9995
2 45080  53.0540 242.7916 0002590  88.1352 271.9934 15.06374686204580
1 45080U 20006AN  23288.14069907  .00023073  00000-0  15645-2 0  9992
2 45080  53.0540 241.5997 0001843  90.0140 270.1060 15.06359243204621
1 45080U 20006AN  23288.27339563  .00042945  00000-0  28865-2 0  9991
2 45080  53.0545 241.0015 0001999  98.4211 261.7004 15.06373051204644
1 45080U 20006AN  23288.27339563  .00042945  00000-0  28865-2 0  9991
2 45080  53.0545 241.0015 0001999  98.4211 261.7004 15.06373051204644
1 45080U 20006AN  23289.26857959  .00035754  00000-0  24034-2 0  9999
2 45080  53.0551 236.5378 0001510  99.8143 260.3017 15.06456760204794
1 45080U 20006AN  23290.52918494  .00040363  00000-0  27129-2 0  9992
2 45080  53.0556 230.8788 0001352  83.9413 276.1730 15.06403738204984
1 45080U 20006AN  23291.12629958  .00064859  00000-0  43289-2 0  9994
2 45080  53.0552 228.1956 0001591  74.1296 285.9868 15.06437797205076
1 45080U 20006AN  23291.85611570  .00009136  00000-0  63157-3 0  9999
2 45080  53.0546 224.9218 0001521 102.7715 257.3444 15.06391773205189
1 45080U 20006AN  23292.18784959  .00040187  00000-0  27005-2 0  9990
2 45080  53.0546 223.4332 0001405 103.1736 256.9410 15.06413039205233
1 45080U 20006AN  23292.25419642  .00038538  00000-0  25910-2 0  9992
2 45080  53.0548 223.1359 0001476 105.6028 254.5124 15.06414542205247
1 45080U 20006AN  23293.18301976  .00037353  00000-0  25075-2 0  9991
2 45080  53.0534 218.9658 0001519 112.8504 247.2646 15.06485394205389
1 45080U 20006AN  23293.18301976  .00037353  00000-0  25075-2 0  9991
2 45080  53.0534 218.9658 0001519 112.8504 247.2646 15.06485394205389
1 45080U 20006AN  23294.04555673  .00027526  00000-0  18612-2 0  9992
2 45080  53.0530 215.0942 0001577 142.3385 217.7714 15.06368541205515
1 45080U 20006AN  23294.24460861  .00033315  00000-0  22473-2 0  9991
2 45080  53.0533 214.2004 0001732  92.8648 267.2539 15.06360345205544
1 45080U 20006AN  23294.24460861  .00033315  00000-0  22473-2 0  9991
2 45080  53.0533 214.2004 0001732  92.8648 267.2539 15.06360345205544
1 45080U 20006AN  23294.77538950  .00032143  00000-0  21673-2 0  9993
2 45080  53.0535 211.8173 0001539  88.7211 271.3954 15.06394257205626
1 45080U 20006AN  23295.50518835  .00025455  00000-0  17194-2 0  9996
2 45080  53.0540 208.5409 0001542  90.0042 270.1124 15.06447925205738
1 45080U 20006AN  23295.90326697  .00010065  00000-0  69331-3 0  9995
2 45080  53.0541 206.7537 0001755 100.7910 259.3276 15.06417893205794
1 45080U 20006AN  23296.03596521 -.00015961  00000-0 -10553-2 0  9998
2 45080  53.0540 206.1580 0001859  91.9039 268.2163 15.06389922205811
1 45080U 20006AN  23296.89848716  .00023515  00000-0  15924-2 0  9997
2 45080  53.0546 202.2858 0002005  94.7437 265.3781 15.06396754205948
1 45080U 20006AN  23297.16387291  .00023468  00000-0  15887-2 0  9999
2 45080  53.0545 201.0959 0002012  95.7248 264.3970 15.06410636205984
1 45080U 20006AN  23297.42926160  .00013536  00000-0  92577-3 0  9999
2 45080  53.0543 199.9015 0001928  89.5609 270.5601 15.06405016206029
1 45080U 20006AN  23297.42926160  .00013536  00000-0  92577-3 0  9999
2 45080  53.0543 199.9015 0001928  89.5609 270.5601 15.06405016206029
1 45080U 20006AN  23298.88887479  .00017028  00000-0  11579-2 0  9991
2 45080  53.0548 193.3483 0002143  85.2472 274.8761 15.06443617206249
1 45080U 20006AN  23299.08790398  .00035230  00000-0  23670-2 0  9997
2 45080  53.0546 192.4585 0001958  91.2024 268.9189 15.06482027206272
1 45080U 20006AN  23299.08790398  .00035230  00000-0  23670-2 0  9997
2 45080  53.0546 192.4585 0001958  91.2024 268.9189 15.06482027206272
1 45080U 20006AN  23299.95040915  .00020686  00000-0  14031-2 0  9996
2 45080  53.0539 188.5823 0001889 149.3474 210.7626 15.06410969206404
1 45080U 20006AN  23300.08310812  .00038791  00000-0  26092-2 0  9995
2 45080  53.0542 187.9884 0001331  95.0535 265.0606 15.06393944206421
1 45080U 20006AN  23300.21580222  .00051299  00000-0  34371-2 0  9991
2 45080  53.0540 187.3922 0001402 101.1438 258.9709 15.06407932206446
1 45080U 20006AN  23300.21580222  .00051299  00000-0  34371-2 0  9991
2 45080  53.0540 187.3922 0001402 101.1438 258.9709 15.06407932206446
1 45080U 20006AN  23300.94560628  .00020441  00000-0  13859-2 0  9992
2 45080  53.0543 184.1181 0001307  92.6916 267.4223 15.06435103206559
1 45080U 20006AN  23300.94560628  .00020441  00000-0  13859-2 0  9992
2 45080  53.0543 184.1181 0001307  92.6916 267.4223 15.06435103206559
1 45080U 20006AN  23301.41003454  .00000674  00000-0  64139-4 0  9999
2 45080  53.0540 182.0312 0001200  77.6196 282.4928 15.06405906206629
1 45080U 20006AN  23301.41003454  .00000674  00000-0  64139-4 0  9999
2 45080  53.0540 182.0312 0001200  77.6196 282.4928 15.06405906206629
1 45080U 20006AN  23301.80812928 -.00005759  00000-0 -36826-3 0  9998
2 45080  53.0541 180.2461 0001561  78.1301 281.9863 15.06375373206681
1 45080U 20006AN  23301.94083068  .00025261  00000-0  17106-2 0  9995
2 45080  53.0540 179.6512 0001548  72.5905 287.5253 15.06358448206704
1 45080U 20006AN  23302.07352806  .00029256  00000-0  19768-2 0  9993
2 45080  53.0537 179.0556 0001559  69.9599 290.1557 15.06362600206727
1 45080U 20006AN  23302.86969526  .00028462  00000-0  19214-2 0  9997
2 45080  53.0541 175.4813 0001574  72.6253 287.4908 15.06410041206848
1 45080U 20006AN  23302.93604164  .00027795  00000-0  18769-2 0  9991
2 45080  53.0541 175.1841 0001591  70.7584 289.3577 15.06412981206850
1 45080U 20006AN  23303.86490907  .00017315  00000-0  11789-2 0  9994
2 45080  53.0528 171.0140 0001316  84.8704 275.2435 15.06386759206992
1 45080U 20006AN  23303.93125701  .00017100  00000-0  11645-2 0  9992
2 45080  53.0530 170.7158 0001437  86.0102 274.1052 15.06385854207001
1 45080U 20006AN  23304.32933941  .00013422  00000-0  91833-3 0  9990
2 45080  53.0528 168.9288 0001421  86.8275 273.2877 15.06396111207062
1 45080U 20006AN  23304.86011413  .00010303  00000-0  70948-3 0  9999
2 45080  53.0533 166.5460 0001428  86.6900 273.4252 15.06402747207145
1 45080U 20006AN  23304.92646093  .00009264  00000-0  63993-3 0  9990
2 45080  53.0530 166.2479 0001406  85.9686 274.1464 15.06402480207156
1 45080U 20006AN  23305.32454110  .00004829  00000-0  34284-3 0  9995
2 45080  53.0525 164.4607 0001361  87.0106 273.1039 15.06402483207210
1 45080U 20006AN  23305.58992868  .00004126  00000-0  29570-3 0  9992
2 45080  53.0526 163.2696 0001406  87.3275 272.7875 15.06402171207257
1 45080U 20006AN  23305.92166150  .00004092  00000-0  29341-3 0  9995
2 45080  53.0526 161.7804 0001414  87.2396 272.8755 15.06404905207304
1 45080U 20006AN  23306.31973998  .00005094  00000-0  36051-3 0  9994
2 45080  53.0525 159.9935 0001408  87.7665 272.3485 15.06409192207368
1 45080U 20006AN  23306.85051018  .00004683  00000-0  33296-3 0  9994
2 45080  53.0528 157.6106 0001423  88.0975 272.0177 15.06412970207443
1 45080U 20006AN  23306.91685616  .00004889  00000-0  34678-3 0  9991
2 45080  53.0529 157.3128 0001429  87.9519 272.1633 15.06414034207455
1 45080U 20006AN  23307.18224634  .00000084  00000-0  24523-4 0  9992
2 45080  53.0529 156.1213 0001538  85.2519 274.8645 15.06401630207493
1 45080U 20006AN  23307.58032504  .00001292  00000-0  10559-3 0  9994
2 45080  53.0529 154.3344 0001433  90.7391 269.3762 15.06404990207559
1 45080U 20006AN  23307.84571053  .00001433  00000-0  11509-3 0  9993
2 45080  53.0531 153.1427 0001449  92.1387 267.9768 15.06406008207595
1 45080U 20006AN  23308.31013581  .00003401  00000-0  24707-3 0  9994
2 45080  53.0531 151.0578 0001443  92.1921 267.9233 15.06409795207668
1 45080U 20006AN  23308.31013581  .00003401  00000-0  24707-3 0  9994
2 45080  53.0531 151.0578 0001443  92.1921 267.9233 15.06409795207668
1 45080U 20006AN  23308.84090652  .00006209  00000-0  43518-3 0  9996
2 45080  53.0534 148.6749 0001449  92.8504 267.2651 15.06416046207746
1 45080U 20006AN  23308.97359978  .00007875  00000-0  54674-3 0  9994
2 45080  53.0533 148.0792 0001446  92.7314 267.3841 15.06415750207767
1 45080U 20006AN  23309.83611101  .00000882  00000-0  78074-4 0  9991
2 45080  53.0536 144.2076 0001482  89.8076 270.3083 15.06401246207896
1 45080U 20006AN  23309.83611101  .00000882  00000-0  78074-4 0  9991
2 45080  53.0536 144.2076 0001482  89.8076 270.3083 15.06401246207896
1 45080U 20006AN  23310.83130035  .00004743  00000-0  33691-3 0  9990
2 45080  53.0535 139.7399 0001445  89.8534 270.2620 15.06418701208048
1 45080U 20006AN  23310.83130035  .00004743  00000-0  33691-3 0  9990
2 45080  53.0535 139.7399 0001445  89.8534 270.2620 15.06418701208048
1 45080U 20006AN  23311.49475854  .00005528  00000-0  38945-3 0  9993
2 45080  53.0530 136.7614 0001440  88.4330 271.6823 15.06425565208141
1 45080U 20006AN  23311.82650361 -.00011410  00000-0 -74868-3 0  9991
2 45080  53.0532 135.2725 0001419  84.0254 276.0896 15.06381700208199
1 45080U 20006AN  23312.48997880 -.00007589  00000-0 -49139-3 0  9999
2 45080  53.0527 132.2934 0001318  88.8442 271.2698 15.06377564208292
1 45080U 20006AN  23312.82171380  .00001470  00000-0  11758-3 0  9993
2 45080  53.0533 130.8046 0001171  98.9901 261.1220 15.06391225208341
1 45080U 20006AN  23312.82171380  .00001470  00000-0  11758-3 0  9993
2 45080  53.0533 130.8046 0001171  98.9901 261.1220 15.06391225208341
1 45080U 20006AN  23313.48519227 -.00005612  00000-0 -35826-3 0  9998
2 45080  53.0527 127.8258 0001197  89.4457 270.6669 15.06389411208441
1 45080U 20006AN  23313.48519227 -.00005612  00000-0 -35826-3 0  9998
2 45080  53.0527 127.8258 0001197  89.4457 270.6669 15.06389411208441
1 45080U 20006AN  23313.75059237  .00005653  00000-0  39834-3 0  9994
2 45080  53.0533 126.6353 0001277  89.4628 270.6507 15.06378962208484
1 45080U 20006AN  23313.75059237  .00005653  00000-0  39834-3 0  9994
2 45080  53.0533 126.6353 0001277  89.4628 270.6507 15.06378962208484
1 45080U 20006AN  23314.61310813  .00007151  00000-0  49856-3 0  9990
2 45080  53.0525 122.7624 0001400  86.5143 273.6006 15.06391775208610
1 45080U 20006AN  23314.74580179  .00007415  00000-0  51623-3 0  9996
2 45080  53.0528 122.1668 0001399  85.3571 274.7578 15.06394874208635
1 45080U 20006AN  23315.47561605  .00006613  00000-0  46238-3 0  9995
2 45080  53.0529 118.8901 0001416  87.2115 272.9036 15.06403546208741
1 45080U 20006AN  23315.60830899  .00006503  00000-0  45498-3 0  9999
2 45080  53.0530 118.2944 0001413  87.0069 273.1081 15.06405204208765
1 45080U 20006AN  23315.74100169  .00006688  00000-0  46739-3 0  9997
2 45080  53.0531 117.6988 0001399  86.6888 273.4261 15.06407416208786
1 45080U 20006AN  23316.47081021  .00005393  00000-0  38053-3 0  9995
2 45080  53.0532 114.4223 0001394  86.2467 273.8681 15.06414093208899
1 45080U 20006AN  23316.73619366  .00006180  00000-0  43317-3 0  9997
2 45080  53.0533 113.2309 0001378  85.7196 274.3951 15.06419135208930
1 45080U 20006AN  23316.73619366  .00006180  00000-0  43317-3 0  9997
2 45080  53.0533 113.2309 0001378  85.7196 274.3951 15.06419135208930
1 45080U 20006AN  23317.39965951  .00000875  00000-0  77591-4 0  9991
2 45080  53.0528 110.2541 0001324  87.5737 272.5403 15.06409162209034
1 45080U 20006AN  23317.39965951  .00000875  00000-0  77591-4 0  9991
2 45080  53.0528 110.2541 0001324  87.5737 272.5403 15.06409162209034
1 45080U 20006AN  23317.73139528 -.00001267  00000-0 -66205-4 0  9990
2 45080  53.0532 108.7639 0001326  86.0066 274.1075 15.06401672209086
1 45080U 20006AN  23317.73139528 -.00001267  00000-0 -66205-4 0  9990
2 45080  53.0532 108.7639 0001326  86.0066 274.1075 15.06401672209086
1 45080U 20006AN  23318.12947305  .00000743  00000-0  68732-4 0  9997
2 45080  53.0535 106.9766 0001363  86.2722 273.8423 15.06407872209140
1 45080U 20006AN  23318.79293631  .00001405  00000-0  11314-3 0  9995
2 45080  53.0531 103.9969 0001503  94.0323 266.0838 15.06410837209248
1 45080U 20006AN  23318.79293631  .00001405  00000-0  11314-3 0  9995
2 45080  53.0531 103.9969 0001503  94.0323 266.0838 15.06410837209248
1 45080U 20006AN  23319.39006314 -.00001175  00000-0 -60031-4 0  9999
2 45080  53.0543 101.3175 0001403  86.2900 273.8250 15.06397727209331
1 45080U 20006AN  23319.39006314 -.00001175  00000-0 -60031-4 0  9999
2 45080  53.0543 101.3175 0001403  86.2900 273.8250 15.06397727209331
1 45080U 20006AN  23319.78815007  .00000251  00000-0  35781-4 0  9995
2 45080  53.0517  99.5283 0001359  91.0171 269.0973 15.06394274209393
1 45080U 20006AN  23321.11508133  .00001582  00000-0  12508-3 0  9993
2 45080  53.0553  93.5719 0001358  97.7247 262.3897 15.06397263209591
1 45080U 20006AN  23321.51316392  .00001172  00000-0  97573-4 0  9992
2 45080  53.0558  91.7834 0001473 110.0928 250.0220 15.06396813209658
1 45080U 20006AN  23321.64585964  .00000892  00000-0  78780-4 0  9996
2 45080  53.0571  91.1911 0001340  89.0046 271.1097 15.06395672209672
1 45080U 20006AN  23322.50836209  .00000472  00000-0  50606-4 0  9994
2 45080  53.0554  87.3183 0001415  89.0239 271.0912 15.06402770209806
1 45080U 20006AN  23322.50836209  .00000472  00000-0  50606-4 0  9994
2 45080  53.0554  87.3183 0001415  89.0239 271.0912 15.06402770209806
1 45080U 20006AN  23322.64105690  .00001892  00000-0  14586-3 0  9995
2 45080  53.0565  86.7240 0001255  85.9766 274.1366 15.06400146209821
1 45080U 20006AN  23323.50357628  .00000478  00000-0  50963-4 0  9990
2 45080  53.0560  82.8518 0001278  84.2848 275.8286 15.06392198209959
1 45080U 20006AN  23323.63627066  .00000427  00000-0  47539-4 0  9999
2 45080  53.0560  82.2546 0001306  82.3297 277.7840 15.06391891209971
1 45080U 20006AN  23324.56511949 -.00000939  00000-0 -44154-4 0  9994
2 45080  53.0559  78.0839 0001226  73.0909 287.0214 15.06409357210119
1 45080U 20006AN  23324.63147380  .00007440  00000-0  51815-3 0  9999
2 45080  53.0560  77.7865 0001469  87.1117 273.0040 15.06375166210125
1 45080U 20006AN  23324.63147380  .00007440  00000-0  51815-3 0  9999
2 45080  53.0560  77.7865 0001469  87.1117 273.0040 15.06375166210125
1 45080U 20006AN  23325.29494143  .00001260  00000-0  10347-3 0  9993
2 45080  53.0559  74.8097 0001319  90.9590 269.1550 15.06393624210221
1 45080U 20006AN  23325.49398129  .00001476  00000-0  11795-3 0  9999
2 45080  53.0559  73.9162 0001336  90.8096 269.3046 15.06395682210254
1 45080U 20006AN  23325.62667379  .00001686  00000-0  13208-3 0  9994
2 45080  53.0558  73.3207 0001339  90.6086 269.5056 15.06397553210271
1 45080U 20006AN  23326.48916176  .00003214  00000-0  23444-3 0  9993
2 45080  53.0559  69.4495 0001340  90.3599 269.7544 15.06420740210409
1 45080U 20006AN  23326.55551137  .00005661  00000-0  39840-3 0  9998
2 45080  53.0549  69.1517 0001385  89.0395 271.0753 15.06424053210418
1 45080U 20006AN  23327.48437376  .00000578  00000-0  57673-4 0  9996
2 45080  53.0548  64.9815 0001399 123.9531 236.1591 15.06402640210551
1 45080U 20006AN  23327.55072062 -.00001360  00000-0 -72403-4 0  9991
2 45080  53.0549  64.6841 0001491 128.6646 231.4477 15.06400341210568
1 45080U 20006AN  23327.68341485 -.00001529  00000-0 -83767-4 0  9995
2 45080  53.0548  64.0880 0001381 124.3419 235.7701 15.06398996210584
1 45080U 20006AN  23328.47958421 -.00003725  00000-0 -23133-3 0  9997
2 45080  53.0545  60.5130 0001203  98.3374 261.7751 15.06395514210704
1 45080U 20006AN  23328.47958421 -.00003725  00000-0 -23133-3 0  9997
2 45080  53.0545  60.5130 0001203  98.3374 261.7751 15.06395514210704
1 45080U 20006AN  23328.67862104 -.00004704  00000-0 -29705-3 0  9990
2 45080  53.0549  59.6184 0001376 104.1169 255.9973 15.06403288210737
1 45080U 20006AN  23328.67862104 -.00004704  00000-0 -29705-3 0  9990
2 45080  53.0549  59.6184 0001376 104.1169 255.9973 15.06403288210737
1 45080U 20006AN  23329.54114296  .00003408  00000-0  24762-3 0  9995
2 45080  53.0552  55.7454 0001342  96.1735 263.9407 15.06392763210860
1 45080U 20006AN  23330.53634967 -.00004865  00000-0 -30818-3 0  9997
2 45080  53.0552  51.2785 0001090 102.9692 257.1419 15.06372828211012
1 45080U 20006AN  23330.60269778 -.00004936  00000-0 -31293-3 0  9996
2 45080  53.0553  50.9807 0001070  99.4709 260.6401 15.06372187211020
1 45080U 20006AN  23330.60269778 -.00004936  00000-0 -31293-3 0  9996
2 45080  53.0553  50.9807 0001070  99.4709 260.6401 15.06372187211020
1 45080U 20006AN  23331.53157954 -.00001856  00000-0 -10578-3 0  9992
2 45080  53.0561  46.8092 0001381  73.4821 286.6319 15.06377170211169
1 45080U 20006AN  23332.46041626  .00005999  00000-0  42136-3 0  9998
2 45080  53.0563  42.6405 0000966 110.5136 249.5957 15.06390564211307
1 45080U 20006AN  23332.59311113  .00005703  00000-0  40153-3 0  9993
2 45080  53.0563  42.0448 0000963  96.8115 263.2983 15.06392395211326
1 45080U 20006AN  23333.45562935  .00003422  00000-0  24853-3 0  9994
2 45080  53.0564  38.1732 0000911 121.8813 238.2265 15.06393459211457
1 45080U 20006AN  23333.45562935  .00003422  00000-0  24853-3 0  9994
2 45080  53.0564  38.1732 0000911 121.8813 238.2265 15.06393459211457
1 45080U 20006AN  23334.45081197  .00002064  00000-0  15730-3 0  9996
2 45080  53.0568  33.7049 0001913  33.9738 326.1373 15.06425601211604
1 45080U 20006AN  23335.44602356 -.00000778  00000-0 -33360-4 0  9994
2 45080  53.0582  29.2389 0000817 129.9080 230.1981 15.06403902211750
1 45080U 20006AN  23335.44602356 -.00000778  00000-0 -33360-4 0  9994
2 45080  53.0582  29.2389 0000817 129.9080 230.1981 15.06403902211750
1 45080U 20006AN  23335.97679166 -.00001376  00000-0 -73438-4 0  9990
2 45080  53.0566  26.8605 0001359  46.3014 313.8087 15.06416142211832
1 45080U 20006AN  23336.44119858  .00005228  00000-0  36925-3 0  9997
2 45080  53.0561  24.7762 0001025  85.5719 274.5387 15.06438795211907
1 45080U 20006AN  23336.44119858  .00005228  00000-0  36925-3 0  9997
2 45080  53.0561  24.7762 0001025  85.5719 274.5387 15.06438795211907
1 45080U 20006AN  23337.10468957 -.00003437  00000-0 -21201-3 0  9991
2 45080  53.0563  21.8039 0001387 102.0144 258.1001 15.06388791212005
1 45080U 20006AN  23337.50278545  .00015192  00000-0  10381-2 0  9992
2 45080  53.0551  20.0087 0001180 110.1950 249.9166 15.06345108212063
1 45080U 20006AN  23337.50278545  .00015192  00000-0  10381-2 0  9992
2 45080  53.0551  20.0087 0001180 110.1950 249.9166 15.06345108212063
1 45080U 20006AN  23338.09991706  .00022346  00000-0  15150-2 0  9996
2 45080  53.0547  17.3268 0001041  98.9764 261.1342 15.06382987212158
1 45080U 20006AN  23338.49799860  .00023945  00000-0  16208-2 0  9998
2 45080  53.0549  15.5408 0001120  97.2553 262.8564 15.06403854212210
1 45080U 20006AN  23339.09512021  .00016767  00000-0  11416-2 0  9997
2 45080  53.0548  12.8596 0001340 109.3829 250.7305 15.06407573212303
1 45080U 20006AN  23339.36050687  .00010762  00000-0  74008-3 0  9998
2 45080  53.0548  11.6682 0001176  99.0900 261.0222 15.06408579212342
1 45080U 20006AN  23339.36050687  .00010762  00000-0  74008-3 0  9998
2 45080  53.0548  11.6682 0001176  99.0900 261.0222 15.06408579212342
1 45080U 20006AN  23340.48838656  .00009867  00000-0  67985-3 0  9993
2 45080  53.0555   6.6046 0001292 105.3339 254.7793 15.06429464212511
1 45080U 20006AN  23340.48838656  .00009867  00000-0  67985-3 0  9993
2 45080  53.0555   6.6046 0001292 105.3339 254.7793 15.06429464212511
1 45080U 20006AN  23341.48359140 -.00001301  00000-0 -68471-4 0  9999
2 45080  53.0563   2.1371 0001323  91.3578 268.7562 15.06403067212662
1 45080U 20006AN  23341.48359140 -.00001301  00000-0 -68471-4 0  9999
2 45080  53.0563   2.1371 0001323  91.3578 268.7562 15.06403067212662
1 45080U 20006AN  23342.27974933  .00000090  00000-0  24943-4 0  9998
2 45080  53.0560 358.5638 0001342  86.5547 273.5596 15.06407656212788
1 45080U 20006AN  23343.07591657  .00001118  00000-0  93932-4 0  9991
2 45080  53.0564 354.9897 0001449  90.2442 269.8713 15.06396417212908
1 45080U 20006AN  23343.34130419  .00000655  00000-0  62867-4 0  9994
2 45080  53.0556 353.7983 0001434  89.4074 270.7080 15.06395928212945
1 45080U 20006AN  23344.40284784  .00001530  00000-0  12159-3 0  9998
2 45080  53.0554 349.0321 0001448  88.8712 271.2443 15.06405152213103
1 45080U 20006AN  23344.40284784  .00001530  00000-0  12159-3 0  9998
2 45080  53.0554 349.0321 0001448  88.8712 271.2443 15.06405152213103
1 45080U 20006AN  23345.19901815 -.00000420  00000-0 -92856-5 0  9999
2 45080  53.0549 345.4552 0001432  92.7143 267.4010 15.06391716213228
1 45080U 20006AN  23345.33171461  .00000545  00000-0  55501-4 0  9992
2 45080  53.0556 344.8606 0001380  90.7459 269.3688 15.06393657213249
1 45080U 20006AN  23346.26056817  .00002146  00000-0  16297-3 0  9999
2 45080  53.0550 340.6955 0001410  86.3883 273.7267 15.06395432213380
1 45080U 20006AN  23346.26056817  .00002146  00000-0  16297-3 0  9999
2 45080  53.0550 340.6955 0001410  86.3883 273.7267 15.06395432213380
1 45080U 20006AN  23347.25577252  .00001665  00000-0  13065-3 0  9995
2 45080  53.0555 336.2236 0001457  83.3973 276.7181 15.06397708213539
1 45080U 20006AN  23348.18461866  .00003409  00000-0  24760-3 0  9993
2 45080  53.0551 332.0563 0001545  98.5195 261.5969 15.06411494213674
1 45080U 20006AN  23348.25096417  .00003977  00000-0  28564-3 0  9993
2 45080  53.0552 331.7585 0001564  99.4673 260.6492 15.06414003213688
1 45080U 20006AN  23349.17982529 -.00000431  00000-0 -10027-4 0  9993
2 45080  53.0551 327.5882 0001452  96.9668 263.1486 15.06399290213829
1 45080U 20006AN  23349.17982529 -.00000431  00000-0 -10027-4 0  9993
2 45080  53.0551 327.5882 0001452  96.9668 263.1486 15.06399290213829
1 45080U 20006AN  23350.17501533 -.00002131  00000-0 -12411-3 0  9994
2 45080  53.0549 323.1169 0001751 118.0766 242.0400 15.06415802213979
1 45080U 20006AN  23350.24136659  .00002932  00000-0  21557-3 0  9993
2 45080  53.0547 322.8199 0001501 100.0733 260.0426 15.06410452213989
1 45080U 20006AN  23351.17023472 -.00001410  00000-0 -75771-4 0  9994
2 45080  53.0550 318.6497 0001455 112.6421 247.4722 15.06388437214120
1 45080U 20006AN  23351.23658517 -.00001404  00000-0 -75418-4 0  9996
2 45080  53.0547 318.3533 0001296  88.8108 271.3030 15.06386688214138
1 45080U 20006AN  23352.16544467  .00004591  00000-0  32693-3 0  9992
2 45080  53.0544 314.1873 0001561  83.1840 276.9327 15.06399150214275
1 45080U 20006AN  23352.16544467  .00004591  00000-0  32693-3 0  9992
2 45080  53.0544 314.1873 0001561  83.1840 276.9327 15.06399150214275
1 45080U 20006AN  23353.16065731  .00003087  00000-0  22613-3 0  9995
2 45080  53.0547 309.7162 0001457 107.9161 252.1987 15.06390077214428
1 45080U 20006AN  23353.16065731  .00003087  00000-0  22613-3 0  9995
2 45080  53.0547 309.7162 0001457 107.9161 252.1987 15.06390077214428
1 45080U 20006AN  23354.15585265  .00010782  00000-0  74127-3 0  9991
2 45080  53.0547 305.2492 0001504 106.6209 253.4945 15.06417292214570
1 45080U 20006AN  23354.15585265  .00010782  00000-0  74127-3 0  9991
2 45080  53.0547 305.2492 0001504 106.6209 253.4945 15.06417292214570
1 45080U 20006AN  23355.08470608  .00007544  00000-0  52465-3 0  9991
2 45080  53.0550 301.0763 0001525 111.1152 249.0000 15.06413377214719
1 45080U 20006AN  23355.08470608  .00007544  00000-0  52465-3 0  9991
2 45080  53.0550 301.0763 0001525 111.1152 249.0000 15.06413377214719
1 45080U 20006AN  23356.14623554  .00016955  00000-0  11530-2 0  9992
2 45080  53.0541 296.3108 0001347  96.9084 263.2058 15.06445833214874
1 45080U 20006AN  23356.14623554  .00016955  00000-0  11530-2 0  9992
2 45080  53.0541 296.3108 0001347  96.9084 263.2058 15.06445833214874
1 45080U 20006AN  23357.14144869 -.00004170  00000-0 -26134-3 0  9995
2 45080  53.0544 291.8459 0001458  81.3207 278.7947 15.06381114215021
1 45080U 20006AN  23357.34049719  .00019568  00000-0  13300-2 0  9990
2 45080  53.0541 290.9516 0001522  77.3810 282.7349 15.06369126215052
1 45080U 20006AN  23358.13666132  .00017610  00000-0  11980-2 0  9990
2 45080  53.0537 287.3796 0001361  98.4188 261.6955 15.06404632215174
1 45080U 20006AN  23358.13666132  .00017610  00000-0  11980-2 0  9990
2 45080  53.0537 287.3796 0001361  98.4188 261.6955 15.06404632215174
1 45080U 20006AN  23359.06552777  .00011002  00000-0  75639-3 0  9993
2 45080  53.0544 283.2065 0001449  91.1104 269.0051 15.06397338215310
1 45080U 20006AN  23359.06552777  .00011002  00000-0  75639-3 0  9993
2 45080  53.0544 283.2065 0001449  91.1104 269.0051 15.06397338215310
1 45080U 20006AN  23359.92803434  .00015546  00000-0  10598-2 0  9996
2 45080  53.0542 279.3390 0001166  82.1276 277.9846 15.06416368215440
1 45080U 20006AN  23360.19341507  .00016776  00000-0  11416-2 0  9991
2 45080  53.0549 278.1449 0001371 106.0703 254.0437 15.06428432215489
1 45080U 20006AN  23360.19341507  .00016776  00000-0  11416-2 0  9991
2 45080  53.0549 278.1449 0001371 106.0703 254.0437 15.06428432215489
1 45080U 20006AN  23360.79054459  .00001427  00000-0  11468-3 0  9999
2 45080  53.0552 275.4668 0001343  72.4340 287.6796 15.06398993215576
1 45080U 20006AN  23360.92323639 -.00001001  00000-0 -48311-4 0  9991
2 45080  53.0561 274.8569 0001656 128.0389 232.0749 15.06394844215592
1 45080U 20006AN  23361.05593475 -.00002044  00000-0 -11838-3 0  9994
2 45080  53.0545 274.2752 0001256  98.0374 262.0757 15.06390243215612
1 45080U 20006AN  23361.05593475 -.00002044  00000-0 -11838-3 0  9994
2 45080  53.0545 274.2752 0001256  98.0374 262.0757 15.06390243215612
1 45080U 20006AN  23361.91844753  .00007275  00000-0  50682-3 0  9996
2 45080  53.0548 270.4024 0001238  83.8095 276.3035 15.06398872215744
1 45080U 20006AN  23362.11748654  .00010526  00000-0  72433-3 0  9993
2 45080  53.0549 269.5087 0001331  79.4344 280.6795 15.06407169215779
1 45080U 20006AN  23362.11748654  .00010526  00000-0  72433-3 0  9993
2 45080  53.0549 269.5087 0001331  79.4344 280.6795 15.06407169215779
1 45080U 20006AN  23363.11269381  .00006069  00000-0  42599-3 0  9996
2 45080  53.0539 265.0411 0001453  77.3429 282.7722 15.06400220215927
1 45080U 20006AN  23363.11269381  .00006069  00000-0  42599-3 0  9996
2 45080  53.0539 265.0411 0001453  77.3429 282.7722 15.06400220215927
1 45080U 20006AN  23363.90885164  .00008804  00000-0  60903-3 0  9994
2 45080  53.0527 261.4660 0001329  85.5908 274.5232 15.06411249216047
1 45080U 20006AN  23364.10788992  .00009427  00000-0  65060-3 0  9999
2 45080  53.0532 260.5732 0001402  83.8658 276.2490 15.06416241216073
1 45080U 20006AN  23364.70501483  .00003317  00000-0  24142-3 0  9991
2 45080  53.0529 257.8931 0001667  87.4260 272.6920 15.06404115216166
1 45080U 20006AN  23364.90405441  .00002858  00000-0  21070-3 0  9996
2 45080  53.0526 256.9951 0001781 107.5126 252.6058 15.06400813216191
