1 45089U 20006AX  23001.57917490 -.00001983  00000-0 -11426-3 0  9992
2 45089  53.0564  68.1183 0001620  63.8001 296.3154 15.06389873161711
1 45089U 20006AX  23001.91090975 -.00001455  00000-0 -78788-4 0  9999
2 45089  53.0553  66.6288 0001628  66.1100 294.0060 15.06392425161776
1 45089U 20006AX  23002.57437696  .00001753  00000-0  13659-3 0  9991
2 45089  53.0552  63.6504 0001616  64.3070 295.8085 15.06397979161872
1 45089U 20006AX  23003.56958610  .00003161  00000-0  23107-3 0  9999
2 45089  53.0553  59.1832 0001656  63.9839 296.1321 15.06395263162028
1 45089U 20006AX  23004.43208827  .00005926  00000-0  41625-3 0  9990
2 45089  53.0551  55.3114 0001645  63.3601 296.7557 15.06412102162159
1 45089U 20006AX  23004.83017163  .00000320  00000-0  40390-4 0  9997
2 45089  53.0550  53.5248 0001574  62.0152 298.0996 15.06399163162214
1 45089U 20006AX  23005.55997866  .00004608  00000-0  32789-3 0  9999
2 45089  53.0553  50.2487 0001581  58.5337 301.5806 15.06413874162327
1 45089U 20006AX  23006.55519507  .00003346  00000-0  24357-3 0  9992
2 45089  53.0560  45.7802 0001438  69.9605 290.1539 15.06377867162473
1 45089U 20006AX  23007.21865171  .00000443  00000-0  48666-4 0  9992
2 45089  53.0561  42.8015 0001539  62.5556 297.5590 15.06402576162579
1 45089U 20006AX  23007.81577793 -.00000847  00000-0 -37985-4 0  9990
2 45089  53.0554  40.1218 0001523  61.4343 298.6799 15.06395706162661
1 45089U 20006AX  23008.54558691  .00002169  00000-0  16445-3 0  9991
2 45089  53.0556  36.8452 0001561  61.9278 298.1869 15.06398722162775
1 45089U 20006AX  23009.54079386 -.00000106  00000-0  11764-4 0  9991
2 45089  53.0561  32.3774 0001621  62.0853 298.0300 15.06399277162929
1 45089U 20006AX  23010.33695758  .00000337  00000-0  41547-4 0  9994
2 45089  53.0558  28.8038 0001618  58.9693 301.1454 15.06398689163046
1 45089U 20006AX  23010.73504535 -.00000576  00000-0 -19789-4 0  9990
2 45089  53.0555  27.0168 0001610  55.8573 304.2569 15.06392194163106
1 45089U 20006AX  23011.26581853  .00000199  00000-0  32235-4 0  9997
2 45089  53.0554  24.6336 0001640  58.4283 301.6866 15.06395752163187
1 45089U 20006AX  23011.73023869  .00001854  00000-0  14334-3 0  9995
2 45089  53.0555  22.5487 0001640  60.5159 299.5993 15.06402833163251
1 45089U 20006AX  23012.72546107 -.00000889  00000-0 -40792-4 0  9997
2 45089  53.0559  18.0817 0001535  61.1597 298.9545 15.06380460163402
1 45089U 20006AX  23013.32257699 -.00000026  00000-0  17188-4 0  9994
2 45089  53.0561  15.4005 0001532  66.5801 293.5348 15.06393690163499
1 45089U 20006AX  23015.37933259  .00003028  00000-0  22210-3 0  9999
2 45089  53.0539   6.1676 0001592  71.0341 289.0821 15.06400851163800
1 45089U 20006AX  23016.44087339  .00006839  00000-0  47736-3 0  9990
2 45089  53.0540   1.4013 0001515  82.6720 277.4441 15.06419031163965
1 45089U 20006AX  23017.36974348 -.00001151  00000-0 -58415-4 0  9998
2 45089  53.0533 357.2322 0001484  94.8631 265.2527 15.06390750164106
1 45089U 20006AX  23017.90052126  .00001695  00000-0  13268-3 0  9996
2 45089  53.0538 354.8493 0001427  98.2032 261.9119 15.06391887164183
1 45089U 20006AX  23018.36495059  .00013838  00000-0  94589-3 0  9990
2 45089  53.0537 352.7643 0001413 102.0313 258.0834 15.06406617164254
1 45089U 20006AX  23019.29378611  .00017451  00000-0  11861-2 0  9993
2 45089  53.0528 348.5938 0001351 102.0612 258.0528 15.06444705164392
1 45089U 20006AX  23020.28901024  .00018648  00000-0  12682-2 0  9995
2 45089  53.0530 344.1264 0001742 107.8095 252.3084 15.06379361164547
1 45089U 20006AX  23025.53041251  .00001930  00000-0  14843-3 0  9993
2 45089  53.0537 320.5966 0001243  77.4759 282.6369 15.06403179165331
1 45089U 20006AX  23026.12753752 -.00000042  00000-0  16081-4 0  9996
2 45089  53.0538 317.9173 0001196  82.1234 277.9891 15.06398269165420
1 45089U 20006AX  23027.18908359  .00003984  00000-0  28617-3 0  9992
2 45089  53.0526 313.1496 0000981  83.1633 276.9468 15.06406373165579
1 45089U 20006AX  23028.18429225  .00001580  00000-0  12493-3 0  9998
2 45089  53.0532 308.6815 0001097  82.9377 277.1737 15.06397703165726
1 45089U 20006AX  23028.91410463 -.00000155  00000-0  84706-5 0  9999
2 45089  53.0526 305.4056 0001067  81.3198 278.7911 15.06404902165846
1 45089U 20006AX  23029.77661745  .00001161  00000-0  96838-4 0  9990
2 45089  53.0531 301.5331 0001282  88.7691 271.3444 15.06395725165979
1 45089U 20006AX  23030.17469802  .00000896  00000-0  79020-4 0  9994
2 45089  53.0530 299.7462 0001282  88.0685 272.0451 15.06397037166039
1 45089U 20006AX  23030.90451295 -.00000282  00000-0 -42702-7 0  9993
2 45089  53.0531 296.4699 0001274  88.3544 271.7591 15.06397561166149
1 45089U 20006AX  23031.16990046  .00000804  00000-0  72832-4 0  9996
2 45089  53.0533 295.2785 0001135  92.2790 267.8329 15.06400913166182
1 45089U 20006AX  23031.76702452  .00000845  00000-0  75629-4 0  9996
2 45089  53.0533 292.5980 0001162  94.4415 265.6706 15.06397345166276
1 45089U 20006AX  23032.16510223  .00001185  00000-0  98439-4 0  9996
2 45089  53.0530 290.8108 0001179  93.1189 266.9935 15.06401150166333
1 45089U 20006AX  23032.96127282  .00000164  00000-0  29905-4 0  9991
2 45089  53.0524 287.2359 0001261  85.7344 274.3789 15.06393101166455
1 45089U 20006AX  23034.08918057 -.00000432  00000-0 -10102-4 0  9993
2 45089  53.0511 282.1721 0001343  95.9340 264.1802 15.06388248166626
1 45089U 20006AX  23034.68627744 -.00009779  00000-0 -63773-3 0  9993
2 45089  53.0521 279.4929 0001644  80.5587 279.5588 15.06441688166712
1 45089U 20006AX  23035.94687768  .00006070  00000-0  42577-3 0  9993
2 45089  53.0515 273.8337 0001329  85.5772 274.5369 15.06421306166905
1 45089U 20006AX  23036.61033761  .00003326  00000-0  24192-3 0  9990
2 45089  53.0511 270.8549 0001602  87.0570 273.0603 15.06423007167007
1 45089U 20006AX  23036.94206036  .00008597  00000-0  59474-3 0  9999
2 45089  53.0510 269.3680 0001410  91.5821 268.5329 15.06438072167058
1 45089U 20006AX  23037.07475015  .00015610  00000-0  10632-2 0  9995
2 45089  53.0509 268.7707 0001257  81.4769 278.6362 15.06447177167074
1 45089U 20006AX  23037.87091934 -.00004533  00000-0 -28565-3 0  9996
2 45089  53.0510 265.1954 0001148  98.7359 261.3760 15.06395360167196
1 45089U 20006AX  23038.00361715 -.00003571  00000-0 -22095-3 0  9992
2 45089  53.0510 264.5996 0001152  96.2951 263.8169 15.06399408167211
1 45089U 20006AX  23038.86613164 -.00003848  00000-0 -23965-3 0  9998
2 45089  53.0513 260.7272 0001055  91.6758 268.4351 15.06394222167342
1 45089U 20006AX  23039.52960898  .00002501  00000-0  18676-3 0  9997
2 45089  53.0514 257.7498 0001157  90.8622 269.2500 15.06386951167449
1 45089U 20006AX  23039.86134241  .00004203  00000-0  30091-3 0  9995
2 45089  53.0509 256.2597 0001140  91.7552 268.3567 15.06394877167495
1 45089U 20006AX  23040.06038277  .00006345  00000-0  44448-3 0  9991
2 45089  53.0507 255.3662 0001133  90.0918 270.0200 15.06400404167528
1 45089U 20006AX  23040.85654889  .00002985  00000-0  21924-3 0  9991
2 45089  53.0514 251.7911 0001003  91.3324 268.7779 15.06397190167649
1 45089U 20006AX  23040.98924278  .00003471  00000-0  25183-3 0  9999
2 45089  53.0512 251.1956 0001080  81.7735 278.3376 15.06398760167660
1 45089U 20006AX  23041.85175046  .00002631  00000-0  19542-3 0  9996
2 45089  53.0511 247.3229 0001087  81.6024 278.5089 15.06401811167795
1 45089U 20006AX  23042.24983202  .00001443  00000-0  11572-3 0  9996
2 45089  53.0513 245.5357 0001129  75.5258 284.5856 15.06399931167852
1 45089U 20006AX  23042.84696875  .00001486  00000-0  11871-3 0  9998
2 45089  53.0515 242.8547 0001217  78.1685 281.9440 15.06375363167949
1 45089U 20006AX  23043.57677790  .00000313  00000-0  39917-4 0  9994
2 45089  53.0515 239.5789 0001224  81.9464 278.1664 15.06395956168054
1 45089U 20006AX  23044.50563215  .00002697  00000-0  19988-3 0  9996
2 45089  53.0524 235.4091 0001234  88.1457 271.9673 15.06394558168190
1 45089U 20006AX  23045.50083419  .00001491  00000-0  11895-3 0  9990
2 45089  53.0514 230.9408 0001266  85.5984 274.5149 15.06400331168343
1 45089U 20006AX  23045.76622054  .00001103  00000-0  92949-4 0  9992
2 45089  53.0514 229.7494 0001261  85.5584 274.5549 15.06401263168388
1 45089U 20006AX  23046.49603381  .00000355  00000-0  42756-4 0  9994
2 45089  53.0512 226.4729 0001359  86.3591 273.7553 15.06402121168498
1 45089U 20006AX  23046.89410911  .00001221  00000-0  10086-3 0  9996
2 45089  53.0507 224.6840 0001555  93.2168 266.8999 15.06407143168554
1 45089U 20006AX  23047.49123522  .00000991  00000-0  85451-4 0  9994
2 45089  53.0499 222.0022 0001326  96.8474 263.2666 15.06396609168649
1 45089U 20006AX  23047.62393068  .00000328  00000-0  40951-4 0  9993
2 45089  53.0510 221.4093 0001468  84.1450 275.9707 15.06396531168667
1 45089U 20006AX  23048.48644170  .00000186  00000-0  31380-4 0  9999
2 45089  53.0520 217.5357 0001435  93.2701 266.8452 15.06393514168799
1 45089U 20006AX  23048.75181255 -.00011338  00000-0 -74245-3 0  9998
2 45089  53.0509 216.3448 0001799 110.7949 249.3232 15.06448990168832
1 45089U 20006AX  23049.54799767 -.00000172  00000-0  73543-5 0  9994
2 45089  53.0515 212.7724 0001299  99.6970 260.4166 15.06387293168951
1 45089U 20006AX  23050.60954191  .00001129  00000-0  94658-4 0  9998
2 45089  53.0519 208.0062 0001215  96.9049 263.2078 15.06397183169114
1 45089U 20006AX  23050.74223363  .00001421  00000-0  11430-3 0  9994
2 45089  53.0520 207.4105 0001211  96.3702 263.7425 15.06399651169138
1 45089U 20006AX  23052.53359413 -.00005188  00000-0 -32939-3 0  9992
2 45089  53.0524 199.3680 0001476  76.7907 283.3246 15.06424387169405
1 45089U 20006AX  23052.66629188  .00000173  00000-0  30509-4 0  9994
2 45089  53.0519 198.7733 0001133  84.0628 276.0490 15.06402862169429
1 45089U 20006AX  23053.52881405 -.00001139  00000-0 -57585-4 0  9990
2 45089  53.0521 194.8994 0001230  86.9333 273.1796 15.06389597169550
1 45089U 20006AX  23053.79420516 -.00001377  00000-0 -73624-4 0  9997
2 45089  53.0520 193.7088 0001266  81.0282 279.0850 15.06387222169592
1 45089U 20006AX  23054.52401303 -.00001653  00000-0 -92083-4 0  9999
2 45089  53.0524 190.4324 0001211  75.9208 284.1916 15.06406307169702
1 45089U 20006AX  23054.59035855 -.00001473  00000-0 -80029-4 0  9998
2 45089  53.0524 190.1345 0001193  79.1000 281.0123 15.06407352169715
1 45089U 20006AX  23055.51922974  .00004577  00000-0  32621-3 0  9998
2 45089  53.0522 185.9644 0001467  83.0886 277.0269 15.06367815169857
1 45089U 20006AX  23055.58557469  .00001004  00000-0  86330-4 0  9997
2 45089  53.0523 185.6674 0001374  79.9849 280.1294 15.06386207169868
1 45089U 20006AX  23056.51441663  .00001688  00000-0  13214-3 0  9997
2 45089  53.0526 181.4971 0001340  84.9765 275.1377 15.06407525170002
1 45089U 20006AX  23056.64710781  .00001949  00000-0  14967-3 0  9997
2 45089  53.0527 180.9016 0001337  83.9477 276.1664 15.06409771170029
1 45089U 20006AX  23057.44328387  .00000511  00000-0  53196-4 0  9995
2 45089  53.0529 177.3274 0001327  86.8180 273.2961 15.06390886170146
1 45089U 20006AX  23057.70866806  .00000534  00000-0  54744-4 0  9992
2 45089  53.0528 176.1359 0001321  86.4449 273.6691 15.06396087170181
1 45089U 20006AX  23058.43846851  .00000709  00000-0  66495-4 0  9991
2 45089  53.0528 172.8599 0001424  85.6728 274.4423 15.06414231170291
1 45089U 20006AX  23058.57115529  .00001722  00000-0  13439-3 0  9992
2 45089  53.0527 172.2639 0001356  81.1856 278.9286 15.06421423170316
1 45089U 20006AX  23059.56636384  .00000531  00000-0  54560-4 0  9997
2 45089  53.0538 167.7918 0001557 122.4059 237.7080 15.06401345170466
1 45089U 20006AX  23060.56158905 -.00003035  00000-0 -18504-3 0  9998
2 45089  53.0526 163.3267 0001439 124.5633 235.5492 15.06384221170615
1 45089U 20006AX  23061.55678007  .00001857  00000-0  14355-3 0  9996
2 45089  53.0529 158.8583 0001502 131.9299 228.1818 15.06400335170760
1 45089U 20006AX  23062.48564078  .00007427  00000-0  51684-3 0  9996
2 45089  53.0518 154.6904 0001199 113.1088 247.0028 15.06409926170903
1 45089U 20006AX  23062.68467836  .00012115  00000-0  83038-3 0  9990
2 45089  53.0520 153.7979 0001138  94.5898 265.5221 15.06419807170934
1 45089U 20006AX  23063.54718494  .00003397  00000-0  24677-3 0  9991
2 45089  53.0521 149.9262 0001332  90.5578 269.5564 15.06410453171061
1 45089U 20006AX  23063.74622303  .00010047  00000-0  69214-3 0  9992
2 45089  53.0525 149.0318 0001652 106.8480 253.2690 15.06415877171094
1 45089U 20006AX  23064.21065778  .00001722  00000-0  13451-3 0  9994
2 45089  53.0518 146.9474 0001186 103.8022 256.3099 15.06391949171164
1 45089U 20006AX  23064.40969743  .00008148  00000-0  56525-3 0  9998
2 45089  53.0518 146.0539 0001132 108.3099 251.8014 15.06401822171194
1 45089U 20006AX  23065.67028619  .00012935  00000-0  88528-3 0  9993
2 45089  53.0516 140.3940 0001473 102.5775 257.5378 15.06416352171381
1 45089U 20006AX  23066.66548698  .00021567  00000-0  14612-2 0  9990
2 45089  53.0514 135.9255 0001841 103.3870 256.7324 15.06429338171539
1 45089U 20006AX  23067.85972674  .00005385  00000-0  38005-3 0  9990
2 45089  53.0529 130.5640 0001616  92.6264 267.4910 15.06406992171712
1 45089U 20006AX  23068.85493835  .00012271  00000-0  84141-3 0  9992
2 45089  53.0526 126.0989 0001513 109.5973 250.5180 15.06393518171863
1 45089U 20006AX  23069.85014035  .00004575  00000-0  32585-3 0  9997
2 45089  53.0511 121.6289 0001104 102.0708 258.0405 15.06397402172018
1 45089U 20006AX  23070.44726761  .00002515  00000-0  18772-3 0  9994
2 45089  53.0515 118.9486 0001328  92.5203 267.5938 15.06390379172103
1 45089U 20006AX  23070.64630908  .00005411  00000-0  38193-3 0  9990
2 45089  53.0516 118.0544 0001361  90.5856 269.5289 15.06393238172130
1 45089U 20006AX  23071.11074010  .00006502  00000-0  45508-3 0  9999
2 45089  53.0513 115.9691 0001145  97.2383 262.8736 15.06391378172209
1 45089U 20006AX  23071.44247317  .00010023  00000-0  69074-3 0  9994
2 45089  53.0513 114.4805 0001376  90.9349 269.1797 15.06403688172258
1 45089U 20006AX  23071.97323930  .00014615  00000-0  99731-3 0  9992
2 45089  53.0511 112.0972 0001295  90.1253 269.9885 15.06424973172336
1 45089U 20006AX  23073.36652376  .00000561  00000-0  56602-4 0  9992
2 45089  53.0522 105.8426 0001390  75.8261 284.2882 15.06365088172548
1 45089U 20006AX  23074.49443026  .00019134  00000-0  12997-2 0  9990
2 45089  53.0529 100.7794 0001378  76.6857 283.4286 15.06406757172710
1 45089U 20006AX  23074.75981715  .00002604  00000-0  19369-3 0  9996
2 45089  53.0536  99.5904 0000508 111.3928 248.7115 15.06391743172753
1 45089U 20006AX  23075.48963927  .00009133  00000-0  63125-3 0  9995
2 45089  53.0538  96.3112 0001326  83.1535 276.9605 15.06397858172862
1 45089U 20006AX  23075.75502662  .00013157  00000-0  90046-3 0  9993
2 45089  53.0532  95.1204 0001294  82.5934 277.5202 15.06403281172908
1 45089U 20006AX  23076.41848685  .00013563  00000-0  92708-3 0  9993
2 45089  53.0529  92.1415 0001322  83.5234 276.5906 15.06423503173002
1 45089U 20006AX  23076.75022284 -.00003465  00000-0 -21387-3 0  9996
2 45089  53.0523  90.6524 0001312  90.1492 269.9647 15.06399062173054
1 45089U 20006AX  23077.74542714  .00011123  00000-0  76437-3 0  9995
2 45089  53.0524  86.1843 0001366  94.9496 265.1649 15.06403530173207
1 45089U 20006AX  23078.40889000  .00014090  00000-0  96243-3 0  9994
2 45089  53.0523  83.2052 0001357  96.4879 263.6264 15.06419819173302
1 45089U 20006AX  23078.74062754  .00006668  00000-0  46601-3 0  9995
2 45089  53.0518  81.7159 0001365  85.8744 274.2401 15.06407309173356
1 45089U 20006AX  23079.40410544  .00000476  00000-0  50882-4 0  9991
2 45089  53.0531  78.7376 0001540  88.7864 271.3301 15.06388552173454
1 45089U 20006AX  23080.39930892  .00013735  00000-0  93893-3 0  9994
2 45089  53.0531  74.2696 0001430  82.6718 277.4434 15.06410724173607
1 45089U 20006AX  23081.65990190  .00003942  00000-0  28339-3 0  9993
2 45089  53.0537  68.6108 0001361  93.1585 266.9559 15.06403105173796
1 45089U 20006AX  23082.38970678  .00011374  00000-0  78067-3 0  9994
2 45089  53.0531  65.3334 0001201  93.3051 266.8075 15.06426145173902
1 45089U 20006AX  23082.65510040  .00002123  00000-0  16140-3 0  9993
2 45089  53.0533  64.1419 0002037  79.2377 280.8842 15.06404899173930
1 45089U 20006AX  23083.38491331  .00046140  00000-0  30923-2 0  9996
2 45089  53.0532  60.8658 0001292  83.9522 276.1614 15.06447371174054
1 45089U 20006AX  23083.65030339  .00027223  00000-0  18387-2 0  9994
2 45089  53.0534  59.6750 0001182  78.1689 281.9433 15.06415352174094
1 45089U 20006AX  23084.64549776 -.00007806  00000-0 -50586-3 0  9999
2 45089  53.0536  55.2083 0001134  87.8392 272.2727 15.06391848174241
1 45089U 20006AX  23085.30897501  .00018557  00000-0  12621-2 0  9995
2 45089  53.0541  52.2290 0001255  95.8736 264.2396 15.06380077174345
1 45089U 20006AX  23086.30417848  .00016200  00000-0  11036-2 0  9990
2 45089  53.0544  47.7616 0001307  97.9463 262.1675 15.06411500174496
1 45089U 20006AX  23086.90130500  .00008145  00000-0  56501-3 0  9999
2 45089  53.0537  45.0814 0001261  91.9730 268.1404 15.06401760174582
1 45089U 20006AX  23087.29938743  .00009095  00000-0  62866-3 0  9993
2 45089  53.0545  43.2944 0001000  98.4286 261.6817 15.06399931174643
1 45089U 20006AX  23087.89650405  .00016746  00000-0  11398-2 0  9999
2 45089  53.0545  40.6140 0000950 100.4704 259.6392 15.06420259174737
1 45089U 20006AX  23088.29457525  .00019859  00000-0  13469-2 0  9991
2 45089  53.0543  38.8267 0000958 102.0128 258.0969 15.06439994174795
1 45089U 20006AX  23089.22343950  .00018681  00000-0  12698-2 0  9996
2 45089  53.0541  34.6576 0000725  68.9214 291.1853 15.06396245174935
1 45089U 20006AX  23091.21384734  .00006624  00000-0  46324-3 0  9991
2 45089  53.0539  25.7202 0001032 101.2427 258.8678 15.06393283175236
1 45089U 20006AX  23092.20904695  .00017652  00000-0  12003-2 0  9994
2 45089  53.0546  21.2528 0000850  98.9545 261.1540 15.06420987175389
1 45089U 20006AX  23092.80617414  .00001948  00000-0  14962-3 0  9998
2 45089  53.0551  18.5726 0000777 105.4398 254.6676 15.06396894175478
1 45089U 20006AX  23093.07156436  .00003836  00000-0  27629-3 0  9992
2 45089  53.0557  17.3819 0000442  85.4056 274.6983 15.06393252175514
1 45089U 20006AX  23093.80137813  .00015018  00000-0  10246-2 0  9992
2 45089  53.0561  14.1063 0000456  88.4120 271.6922 15.06412820175620
1 45089U 20006AX  23094.19944990  .00021081  00000-0  14285-2 0  9991
2 45089  53.0555  12.3189 0000458  90.5566 269.5476 15.06437047175686
1 45089U 20006AX  23094.92927676  .00000025  00000-0  20521-4 0  9991
2 45089  53.0553   9.0433 0000587  29.5250 330.5772 15.06390942175796
1 45089U 20006AX  23095.12832029  .00003683  00000-0  26605-3 0  9992
2 45089  53.0552   8.1498 0000468  46.2849 313.8179 15.06388397175824
1 45089U 20006AX  23096.18987191  .00016231  00000-0  11056-2 0  9996
2 45089  53.0547   3.3847 0000621  36.3538 323.7493 15.06414125175984
1 45089U 20006AX  23096.72065379  .00000809  00000-0  73217-4 0  9994
2 45089  53.0536   1.0004 0000868  52.1570 307.9497 15.06391207176059
1 45089U 20006AX  23097.11873516  .00010435  00000-0  71832-3 0  9994
2 45089  53.0545 359.2141 0000502  53.0056 307.0979 15.06402167176125
1 45089U 20006AX  23098.11392766  .00015053  00000-0  10265-2 0  9991
2 45089  53.0544 354.7467 0000548  47.7445 312.3591 15.06428320176271
1 45089U 20006AX  23099.10913883  .00004840  00000-0  34362-3 0  9997
2 45089  53.0549 350.2795 0000673  61.7333 298.3724 15.06395735176423
1 45089U 20006AX  23099.70626224  .00008707  00000-0  60268-3 0  9993
2 45089  53.0551 347.5989 0000688  57.2804 302.8252 15.06400148176511
1 45089U 20006AX  23100.10433891  .00010499  00000-0  72244-3 0  9994
2 45089  53.0546 345.8116 0000777  67.5806 292.5265 15.06412766176577
1 45089U 20006AX  23100.70146323  .00005808  00000-0  40840-3 0  9996
2 45089  53.0538 343.1305 0000837  66.1065 294.0012 15.06406237176661
1 45089U 20006AX  23101.09954308  .00007273  00000-0  50654-3 0  9991
2 45089  53.0540 341.3431 0000670  79.6817 280.4247 15.06406051176723
1 45089U 20006AX  23101.89569572  .00011501  00000-0  78922-3 0  9991
2 45089  53.0537 337.7688 0000637  80.4284 279.6776 15.06424199176846
1 45089U 20006AX  23102.09473201  .00010560  00000-0  72617-3 0  9996
2 45089  53.0537 336.8753 0000630  80.0743 280.0317 15.06428461176863
1 45089U 20006AX  23103.02359627 -.00000346  00000-0 -43739-5 0  9993
2 45089  53.0527 332.7042 0000739 116.8160 243.2905 15.06389863177013
1 45089U 20006AX  23104.01879774  .00011204  00000-0  76961-3 0  9997
2 45089  53.0542 328.2382 0000592  92.8803 267.2254 15.06411285177164
1 45089U 20006AX  23105.01400994  .00010619  00000-0  73069-3 0  9997
2 45089  53.0547 323.7718 0000890  83.0085 277.1005 15.06400039177313
1 45089U 20006AX  23105.87651343  .00015180  00000-0  10352-2 0  9990
2 45089  53.0545 319.8991 0000847  92.6355 267.4731 15.06420598177442
1 45089U 20006AX  23106.00920460  .00015432  00000-0  10519-2 0  9990
2 45089  53.0542 319.3033 0000844  92.6184 267.4902 15.06425351177462
1 45089U 20006AX  23106.87172031  .00001815  00000-0  14071-3 0  9996
2 45089  53.0541 315.4315 0000862 113.0306 247.0774 15.06397669177590
1 45089U 20006AX  23107.60153588  .00013776  00000-0  94166-3 0  9996
2 45089  53.0538 312.1552 0000851 114.5691 245.5387 15.06410188177702
1 45089U 20006AX  23107.86691927  .00015436  00000-0  10523-2 0  9997
2 45089  53.0536 310.9639 0000850 115.9421 244.1655 15.06420609177743
1 45089U 20006AX  23107.99961037  .00016172  00000-0  11013-2 0  9996
2 45089  53.0534 310.3680 0000792 114.2692 245.8379 15.06426128177763
1 45089U 20006AX  23108.72943258  .00004566  00000-0  32521-3 0  9995
2 45089  53.0528 307.0916 0000859 115.9004 244.2073 15.06399429177879
1 45089U 20006AX  23109.52559993  .00011632  00000-0  79844-3 0  9994
2 45089  53.0522 303.5172 0000535  83.0070 277.0979 15.06400611177995
1 45089U 20006AX  23109.79098589  .00012668  00000-0  86760-3 0  9997
2 45089  53.0523 302.3253 0000556  81.1383 278.9668 15.06407595178031
1 45089U 20006AX  23110.52080489  .00003027  00000-0  22204-3 0  9992
2 45089  53.0520 299.0496 0001490  75.9800 284.1355 15.06398716178140
1 45089U 20006AX  23110.78619305  .00005210  00000-0  36843-3 0  9995
2 45089  53.0525 297.8581 0001514  75.4490 284.6666 15.06399693178182
1 45089U 20006AX  23111.25062325  .00009750  00000-0  67257-3 0  9998
2 45089  53.0533 295.7721 0001110  83.3496 276.7620 15.06398900178250
1 45089U 20006AX  23111.91408531  .00013944  00000-0  95266-3 0  9995
2 45089  53.0535 292.7929 0001105  82.0900 278.0215 15.06419781178356
1 45089U 20006AX  23112.77659819  .00005401  00000-0  38117-3 0  9998
2 45089  53.0531 288.9210 0000997  85.1553 274.9550 15.06401576178482
1 45089U 20006AX  23113.50641308  .00009543  00000-0  65853-3 0  9992
2 45089  53.0533 285.6441 0000904  83.1651 276.9440 15.06406774178596
1 45089U 20006AX  23114.50160956  .00011854  00000-0  81286-3 0  9994
2 45089  53.0537 281.1779 0000970  95.7677 264.3422 15.06421808178748
1 45089U 20006AX  23115.56316175 -.00002943  00000-0 -17889-3 0  9996
2 45089  53.0535 276.4130 0000828  96.5543 263.5540 15.06383747178906
1 45089U 20006AX  23116.55838966  .00011683  00000-0  80256-3 0  9990
2 45089  53.0532 271.9438 0001015 112.9830 247.1266 15.06370976179055
1 45089U 20006AX  23116.82378015  .00017472  00000-0  11894-2 0  9997
2 45089  53.0530 270.7531 0001211 100.7904 259.3221 15.06385836179090
1 45089U 20006AX  23117.55359515  .00017486  00000-0  11895-2 0  9998
2 45089  53.0532 267.4775 0001241  95.4707 264.6423 15.06410792179205
1 45089U 20006AX  23118.48243736  .00014265  00000-0  97380-3 0  9994
2 45089  53.0516 263.3055 0001139  97.1038 263.0081 15.06430365179341
1 45089U 20006AX  23119.47762912 -.00002656  00000-0 -15940-3 0  9991
2 45089  53.0520 258.8397 0001619  95.9346 264.1828 15.06419423179494
1 45089U 20006AX  23120.60553206 -.00000998  00000-0 -48123-4 0  9999
2 45089  53.0530 253.7757 0001206 112.3841 247.7275 15.06387914179666
1 45089U 20006AX  23121.53438485  .00001522  00000-0  12103-3 0  9993
2 45089  53.0540 249.6054 0000900 105.4185 254.6904 15.06403144179801
1 45089U 20006AX  23121.73342489  .00003369  00000-0  24494-3 0  9990
2 45089  53.0532 248.7117 0000965 105.2252 254.8844 15.06405827179834
1 45089U 20006AX  23122.52959705 -.00000161  00000-0  81192-5 0  9991
2 45089  53.0532 245.1373 0002614 117.4760 242.6495 15.06390233179955
1 45089U 20006AX  23122.72863689  .00001960  00000-0  15047-3 0  9999
2 45089  53.0533 244.2439 0001022  85.0216 275.0889 15.06396252179984
1 45089U 20006AX  23123.52479218  .00004236  00000-0  30304-3 0  9991
2 45089  53.0533 240.6705 0001095  90.0481 270.0634 15.06408852180109
1 45089U 20006AX  23123.72383088  .00008184  00000-0  56742-3 0  9992
2 45089  53.0532 239.7761 0001073  88.2931 271.8180 15.06415160180132
1 45089U 20006AX  23124.58634962  .00000866  00000-0  77046-4 0  9997
2 45089  53.0543 235.9039 0001388 107.4553 252.6587 15.06392396180260
1 45089U 20006AX  23125.71423765  .00011588  00000-0  79511-3 0  9991
2 45089  53.0546 230.8411 0001190  91.1084 269.0041 15.06419250180435
1 45089U 20006AX  23126.64310072  .00007286  00000-0  50749-3 0  9992
2 45089  53.0541 226.6723 0001302  88.8189 271.2949 15.06400234180572
1 45089U 20006AX  23127.57194661  .00015621  00000-0  10645-2 0  9991
2 45089  53.0531 222.5031 0001207  89.7420 270.3707 15.06427683180715
1 45089U 20006AX  23128.56715688  .00002274  00000-0  17154-3 0  9992
2 45089  53.0520 218.0354 0001307  87.6782 272.4356 15.06390452180862
1 45089U 20006AX  23129.49601658  .00016747  00000-0  11402-2 0  9995
2 45089  53.0520 213.8662 0001408  86.5190 273.5960 15.06409746181007
1 45089U 20006AX  23130.49122071  .00004750  00000-0  33762-3 0  9999
2 45089  53.0535 209.3895 0001869 135.1876 224.9264 15.06396809181152
1 45089U 20006AX  23130.55757021  .00002227  00000-0  16841-3 0  9991
2 45089  53.0525 209.0960 0001520 123.8213 236.2921 15.06392950181164
1 45089U 20006AX  23131.42007440  .00007851  00000-0  54518-3 0  9992
2 45089  53.0526 205.2249 0001569 122.1358 237.9783 15.06411870181299
1 45089U 20006AX  23131.48642132  .00009743  00000-0  67185-3 0  9997
2 45089  53.0526 204.9271 0001531 120.2735 239.8405 15.06413042181304
1 45089U 20006AX  23132.34893592  .00001642  00000-0  12912-3 0  9999
2 45089  53.0529 201.0559 0001472 100.7224 259.3931 15.06398552181437
1 45089U 20006AX  23132.87971158  .00004479  00000-0  31937-3 0  9991
2 45089  53.0529 198.6738 0001371 100.4105 259.7039 15.06400606181516
1 45089U 20006AX  23133.47682973  .00006990  00000-0  48758-3 0  9991
2 45089  53.0527 195.9933 0001325 105.3742 254.7393 15.06408166181608
1 45089U 20006AX  23133.87491115  .00002568  00000-0  19119-3 0  9997
2 45089  53.0527 194.2070 0001250  95.2752 264.8380 15.06403102181666
1 45089U 20006AX  23134.47204317 -.00000616  00000-0 -22450-4 0  9997
2 45089  53.0527 191.5273 0001298  94.9121 265.2016 15.06386920181758
1 45089U 20006AX  23134.87012340  .00000216  00000-0  33400-4 0  9995
2 45089  53.0527 189.7403 0001296  93.4187 266.6951 15.06392305181810
1 45089U 20006AX  23135.40089556  .00000709  00000-0  66489-4 0  9998
2 45089  53.0533 187.3575 0001261  94.7022 265.4111 15.06400315181899
1 45089U 20006AX  23135.86532789 -.00000283  00000-0 -13377-6 0  9998
2 45089  53.0532 185.2726 0001217  93.6896 266.4232 15.06395147181960
1 45089U 20006AX  23136.39610688  .00001527  00000-0  12144-3 0  9990
2 45089  53.0533 182.8889 0001132  96.0261 264.0857 15.06388615182042
1 45089U 20006AX  23136.86053767  .00000636  00000-0  61594-4 0  9995
2 45089  53.0530 180.8034 0001114  96.3010 263.8105 15.06389145182114
1 45089U 20006AX  23137.39131477 -.00000378  00000-0 -65140-5 0  9996
2 45089  53.0531 178.4207 0001122  95.1775 264.9342 15.06390659182199
1 45089U 20006AX  23138.51920966  .00001107  00000-0  93176-4 0  9998
2 45089  53.0534 173.3578 0001128  90.2073 269.9046 15.06394912182361
1 45089U 20006AX  23139.77979678  .00001356  00000-0  10991-3 0  9990
2 45089  53.0537 167.6985 0001079  91.7373 268.3739 15.06400208182555
1 45089U 20006AX  23140.77499153  .00001466  00000-0  11724-3 0  9994
2 45089  53.0537 163.2309 0001120  89.8250 270.2867 15.06409165182708
1 45089U 20006AX  23141.43845046  .00001698  00000-0  13282-3 0  9992
2 45089  53.0536 160.2522 0001130  89.5282 270.5837 15.06416018182800
1 45089U 20006AX  23141.77019052  .00000768  00000-0  70445-4 0  9991
2 45089  53.0538 158.7639 0001155  88.6785 271.4336 15.06406343182857
1 45089U 20006AX  23142.30097128 -.00000192  00000-0  60049-5 0  9993
2 45089  53.0535 156.3808 0001241  89.7751 270.3380 15.06397933182937
1 45089U 20006AX  23142.76539670 -.00000253  00000-0  18750-5 0  9996
2 45089  53.0541 154.2942 0001182  95.1758 264.9366 15.06400442183004
1 45089U 20006AX  23143.29616709 -.00000292  00000-0 -70110-6 0  9997
2 45089  53.0540 151.9113 0001194  99.4531 260.6593 15.06403787183084
1 45089U 20006AX  23144.29137828  .00000620  00000-0  60550-4 0  9996
2 45089  53.0545 147.4449 0001098  92.3544 267.7571 15.06391491183239
1 45089U 20006AX  23146.21544117  .00000791  00000-0  71999-4 0  9991
2 45089  53.0548 138.8094 0001166  93.0796 267.0326 15.06392888183518
1 45089U 20006AX  23147.27698594  .00000982  00000-0  84808-4 0  9992
2 45089  53.0548 134.0428 0001158  85.9159 274.1962 15.06400969183684
1 45089U 20006AX  23148.27219787 -.00000142  00000-0  93809-5 0  9997
2 45089  53.0548 129.5749 0001194  82.9443 277.1682 15.06393143183836
1 45089U 20006AX  23148.93566227  .00000137  00000-0  28094-4 0  9990
2 45089  53.0549 126.5963 0001195  82.3723 277.7402 15.06399881183930
1 45089U 20006AX  23149.33374078  .00000390  00000-0  45046-4 0  9993
2 45089  53.0549 124.8094 0001214  81.8082 278.3045 15.06402020183996
1 45089U 20006AX  23149.66547803  .00000542  00000-0  55289-4 0  9996
2 45089  53.0549 123.3199 0001218  82.2648 277.8479 15.06396483184040
1 45089U 20006AX  23150.32894957  .00000752  00000-0  69387-4 0  9993
2 45089  53.0550 120.3416 0001241  82.7216 277.3914 15.06393617184149
1 45089U 20006AX  23151.19144777  .00001239  00000-0  10203-3 0  9990
2 45089  53.0558 116.4699 0001273  84.0362 276.0772 15.06407770184276
1 45089U 20006AX  23151.92127420 -.00000036  00000-0  16445-4 0  9997
2 45089  53.0558 113.1946 0001262  84.4861 275.6272 15.06393072184382
1 45089U 20006AX  23152.18666092  .00000093  00000-0  25111-4 0  9991
2 45089  53.0557 112.0031 0001267  84.5268 275.5866 15.06394444184417
1 45089U 20006AX  23152.91646693 -.00000123  00000-0  10628-4 0  9999
2 45089  53.0554 108.7257 0001254  79.5257 280.5874 15.06409178184533
1 45089U 20006AX  23153.24819596  .00001225  00000-0  10109-3 0  9996
2 45089  53.0560 107.2372 0001394  98.6899 261.4247 15.06408399184582
1 45089U 20006AX  23154.17707139 -.00000468  00000-0 -12540-4 0  9990
2 45089  53.0558 103.0666 0001261  88.4052 271.7082 15.06387886184724
1 45089U 20006AX  23154.84054079 -.00001325  00000-0 -70062-4 0  9998
2 45089  53.0560 100.0869 0001250  91.8070 268.3062 15.06393246184823
1 45089U 20006AX  23155.10592505 -.00000728  00000-0 -29958-4 0  9993
2 45089  53.0559  98.8968 0001278  89.9178 270.1957 15.06397029184863
1 45089U 20006AX  23155.63669583 -.00002171  00000-0 -12685-3 0  9994
2 45089  53.0557  96.5144 0001370  86.1818 273.9328 15.06406671184941
1 45089U 20006AX  23156.23382179  .00002483  00000-0  18557-3 0  9992
2 45089  53.0558  93.8340 0001319  86.6868 273.4272 15.06394771185034
1 45089U 20006AX  23156.83093542  .00002571  00000-0  19141-3 0  9999
2 45089  53.0559  91.1537 0001315  85.7447 274.3692 15.06407708185124
1 45089U 20006AX  23157.22901277  .00005435  00000-0  38328-3 0  9996
2 45089  53.0552  89.3670 0001355  86.4793 273.6351 15.06418890185184
1 45089U 20006AX  23157.82614535 -.00000204  00000-0  51546-5 0  9999
2 45089  53.0553  86.6866 0000897  75.4354 284.6734 15.06395901185277
1 45089U 20006AX  23158.22422383 -.00000902  00000-0 -41707-4 0  9995
2 45089  53.0555  84.9000 0001177  88.1020 272.0104 15.06398401185330
1 45089U 20006AX  23158.82134425  .00002008  00000-0  15364-3 0  9994
2 45089  53.0556  82.2197 0001126  89.3540 270.7578 15.06401637185429
1 45089U 20006AX  23159.08672882  .00003124  00000-0  22849-3 0  9993
2 45089  53.0554  81.0284 0001133  90.2819 269.8300 15.06408243185465
1 45089U 20006AX  23160.48001873  .00002099  00000-0  15973-3 0  9995
2 45089  53.0551  74.7742 0001030  86.6654 273.4452 15.06400216185676
1 45089U 20006AX  23161.47521906  .00001114  00000-0  93654-4 0  9999
2 45089  53.0549  70.3069 0001091  86.5762 273.5352 15.06400365185825
1 45089U 20006AX  23161.74061187  .00000912  00000-0  80130-4 0  9999
2 45089  53.0553  69.1149 0001259  93.7884 266.3248 15.06392965185860
1 45089U 20006AX  23162.47042752  .00001109  00000-0  93327-4 0  9998
2 45089  53.0562  65.8377 0001261  98.3095 261.8037 15.06397407185978
1 45089U 20006AX  23162.73580953  .00002071  00000-0  15787-3 0  9999
2 45089  53.0561  64.6464 0001138  98.7879 261.3239 15.06406611186011
1 45089U 20006AX  23163.00119392  .00003163  00000-0  23106-3 0  9992
2 45089  53.0562  63.4555 0001094  95.8552 264.2562 15.06412127186051
1 45089U 20006AX  23163.59832562  .00001760  00000-0  13702-3 0  9999
2 45089  53.0545  60.7762 0001368  86.8244 273.2901 15.06395528186146
1 45089U 20006AX  23163.99641574 -.00000756  00000-0 -31882-4 0  9990
2 45089  53.0551  58.9889 0001174  86.1497 273.9626 15.06381359186205
1 45089U 20006AX  23165.12430510  .00000494  00000-0  52019-4 0  9995
2 45089  53.0568  53.9249 0001126  90.0289 270.0829 15.06402817186372
1 45089U 20006AX  23165.72144112  .00001862  00000-0  14394-3 0  9994
2 45089  53.0561  51.2445 0001192  90.4603 269.6523 15.06381732186468
1 45089U 20006AX  23166.05317548  .00002883  00000-0  21240-3 0  9998
2 45089  53.0581  49.7563 0001139  91.9581 268.1538 15.06385642186515
1 45089U 20006AX  23167.38010348  .00001382  00000-0  11164-3 0  9990
2 45089  53.0564  43.7990 0001221  77.6827 282.4299 15.06403266186718
1 45089U 20006AX  23167.64549266  .00002665  00000-0  19775-3 0  9996
2 45089  53.0560  42.6069 0001328  82.0421 278.0718 15.06401640186752
1 45089U 20006AX  23168.37530096  .00003452  00000-0  25043-3 0  9998
2 45089  53.0567  39.3311 0001180  81.9920 278.1203 15.06411481186866
1 45089U 20006AX  23168.90606707  .00006905  00000-0  48167-3 0  9998
2 45089  53.0559  36.9485 0001094  81.7327 278.3786 15.06422849186942
1 45089U 20006AX  23169.76858022  .00000081  00000-0  24307-4 0  9992
2 45089  53.0561  33.0772 0001029  93.2882 266.8225 15.06402599187079
1 45089U 20006AX  23169.90127578 -.00000302  00000-0 -14072-5 0  9990
2 45089  53.0559  32.4809 0001405  85.5051 274.6099 15.06399140187095
1 45089U 20006AX  23170.89648244  .00003805  00000-0  27422-3 0  9998
2 45089  53.0563  28.0145 0001221  82.4214 277.6914 15.06398948187248
1 45089U 20006AX  23171.29456750  .00003345  00000-0  24340-3 0  9997
2 45089  53.0564  26.2266 0001275  77.8742 282.2390 15.06391284187309
1 45089U 20006AX  23171.82534698  .00001372  00000-0  11102-3 0  9994
2 45089  53.0560  23.8447 0001291  85.1384 274.9752 15.06389323187380
1 45089U 20006AX  23172.55515883  .00002754  00000-0  20372-3 0  9994
2 45089  53.0560  20.5682 0001300  84.3887 275.7250 15.06401902187497
1 45089U 20006AX  23172.82054343  .00003148  00000-0  23010-3 0  9993
2 45089  53.0559  19.3779 0001284  89.4880 270.6256 15.06406144187536
1 45089U 20006AX  23187.61590616  .00000875  00000-0  77634-4 0  9990
2 45089  53.0556 312.9605 0000976  92.3951 267.7150 15.06394521189753
1 45089U 20006AX  23188.08033038  .00003616  00000-0  26148-3 0  9991
2 45089  53.0555 310.8761 0001039  88.7298 271.3810 15.06405148189826
1 45089U 20006AX  23188.81013519  .00007957  00000-0  55214-3 0  9992
2 45089  53.0551 307.6000 0001056  85.9478 274.1632 15.06423141189938
1 45089U 20006AX  23189.80534826  .00001727  00000-0  13483-3 0  9992
2 45089  53.0551 303.1318 0001021  96.1794 263.9311 15.06397324190089
1 45089U 20006AX  23190.99959379 -.00000591  00000-0 -20810-4 0  9991
2 45089  53.0550 297.7709 0000756 106.3055 253.8017 15.06393668190266
1 45089U 20006AX  23192.26019071  .00004449  00000-0  31737-3 0  9992
2 45089  53.0542 292.1117 0001001  90.5177 269.5927 15.06399792190451
1 45089U 20006AX  23192.99000914  .00000935  00000-0  81634-4 0  9996
2 45089  53.0555 288.8319 0001163  98.7799 261.3322 15.06391567190563
1 45089U 20006AX  23193.65347603  .00004977  00000-0  35273-3 0  9996
2 45089  53.0543 285.8570 0001070  86.5428 273.5683 15.06401458190664
1 45089U 20006AX  23194.51597632  .00011800  00000-0  80923-3 0  9996
2 45089  53.0545 281.9851 0001071  81.7296 278.3815 15.06422279190794
1 45089U 20006AX  23195.51118226 -.00000746  00000-0 -31196-4 0  9993
2 45089  53.0547 277.5171 0000954  96.1023 264.0074 15.06396985190949
1 45089U 20006AX  23196.90446836  .00000499  00000-0  52404-4 0  9996
2 45089  53.0544 271.2627 0000957  96.4477 263.6621 15.06396340191154
1 45089U 20006AX  23197.63429343  .00000540  00000-0  55141-4 0  9999
2 45089  53.0555 267.9878 0001151 106.8845 253.2270 15.06387130191262
1 45089U 20006AX  23198.43045294  .00001458  00000-0  11678-3 0  9992
2 45089  53.0550 264.4135 0001053 102.5210 257.5897 15.06398830191389
1 45089U 20006AX  23199.42566427  .00006363  00000-0  44580-3 0  9996
2 45089  53.0542 259.9456 0001040 101.2253 258.8853 15.06388739191534
1 45089U 20006AX  23199.49200637  .00002742  00000-0  20290-3 0  9990
2 45089  53.0543 259.6479 0000961  98.4706 261.6392 15.06398240191547
1 45089U 20006AX  23200.42085263  .00003841  00000-0  27654-3 0  9994
2 45089  53.0544 255.4789 0001000  94.8606 265.2497 15.06413017191681
1 45089U 20006AX  23201.54875774 -.00001051  00000-0 -51695-4 0  9998
2 45089  53.0540 250.4155 0000962  83.6098 276.5000 15.06393671191853
1 45089U 20006AX  23205.46322506 -.00000177  00000-0  70333-5 0  9991
2 45089  53.0537 232.8414 0000981  76.3783 283.7315 15.06396120192450
1 45089U 20006AX  23206.45842945  .00000479  00000-0  51040-4 0  9992
2 45089  53.0534 228.3738 0000996  77.9190 282.1911 15.06398083192603
1 45089U 20006AX  23207.45363274  .00002160  00000-0  16387-3 0  9999
2 45089  53.0540 223.9062 0001103  75.8131 284.2981 15.06399935192757
1 45089U 20006AX  23208.31613698  .00003236  00000-0  23595-3 0  9997
2 45089  53.0535 220.0344 0001107  79.7027 280.4087 15.06408483192881
1 45089U 20006AX  23208.31613698  .00003236  00000-0  23595-3 0  9997
2 45089  53.0535 220.0344 0001107  79.7027 280.4087 15.06408483192870
1 45089U 20006AX  23209.04595706 -.00000032  00000-0  16719-4 0  9990
2 45089  53.0527 216.7574 0000728  51.3479 308.7575 15.06397883192982
1 45089U 20006AX  23209.44404418 -.00000360  00000-0 -52921-5 0  9994
2 45089  53.0541 214.9718 0001049  79.6325 280.4782 15.06393537193055
1 45089U 20006AX  23210.37289701 -.00000142  00000-0  93260-5 0  9992
2 45089  53.0541 210.8009 0001085  84.5202 275.5910 15.06399442193185
1 45089U 20006AX  23211.03637180  .00001355  00000-0  10983-3 0  9999
2 45089  53.0541 207.8225 0001031  86.0779 274.0328 15.06390278193284
1 45089U 20006AX  23212.03157023  .00001972  00000-0  15123-3 0  9999
2 45089  53.0542 203.3548 0001094  87.6559 272.4555 15.06401068193437
1 45089U 20006AX  23212.96043154  .00000875  00000-0  77628-4 0  9990
2 45089  53.0547 199.1864 0001190  86.7700 273.3425 15.06395920193570
1 45089U 20006AX  23213.69024138  .00001269  00000-0  10404-3 0  9998
2 45089  53.0547 195.9102 0001179  88.0563 272.0561 15.06402567193683
1 45089U 20006AX  23214.35370047  .00001695  00000-0  13262-3 0  9993
2 45089  53.0548 192.9297 0001204  95.8528 264.2598 15.06410251193785
1 45089U 20006AX  23215.08352748 -.00000476  00000-0 -13055-4 0  9991
2 45089  53.0551 189.6543 0001454 115.2731 244.8409 15.06392179193891
1 45089U 20006AX  23216.07872782  .00001327  00000-0  10793-3 0  9995
2 45089  53.0543 185.1866 0001210  91.5556 268.5572 15.06403154194040
1 45089U 20006AX  23217.14028619  .00001874  00000-0  14472-3 0  9991
2 45089  53.0542 180.4194 0001378 100.2757 259.8388 15.06393298194200
1 45089U 20006AX  23218.13547916  .00004899  00000-0  34742-3 0  9999
2 45089  53.0536 175.9531 0001242  85.4362 274.6769 15.06413296194358
1 45089U 20006AX  23218.86530303  .00000201  00000-0  32414-4 0  9999
2 45089  53.0528 172.6840 0001969  63.2034 296.9156 15.06397203194460
1 45089U 20006AX  23219.13069461 -.00002493  00000-0 -14861-3 0  9994
2 45089  53.0537 171.4868 0001382  78.7239 281.3905 15.06386366194507
1 45089U 20006AX  23220.12590657  .00011159  00000-0  76696-3 0  9992
2 45089  53.0535 167.0190 0001357  76.0866 284.0274 15.06395576194651
1 45089U 20006AX  23220.85572235  .00009042  00000-0  62506-3 0  9997
2 45089  53.0532 163.7421 0001370  76.8829 283.2313 15.06404074194761
1 45089U 20006AX  23221.98360385  .00009050  00000-0  62522-3 0  9990
2 45089  53.0535 158.6783 0001395  80.0722 280.0424 15.06425752194937
1 45089U 20006AX  23222.51437795 -.00003584  00000-0 -22179-3 0  9992
2 45089  53.0536 156.2957 0001711  74.4616 285.6562 15.06404613195013
1 45089U 20006AX  23223.11150521 -.00006977  00000-0 -45009-3 0  9994
2 45089  53.0565 153.6158 0001825  79.2501 280.8693 15.06386882195100
1 45089U 20006AX  23224.10671616  .00008321  00000-0  57694-3 0  9993
2 45089  53.0538 149.1485 0001253  88.1758 271.9374 15.06393856195253
1 45089U 20006AX  23225.03557550  .00004510  00000-0  32146-3 0  9997
2 45089  53.0542 144.9792 0001320  88.4629 271.6511 15.06397065195398
1 45089U 20006AX  23226.03076926  .00009558  00000-0  65937-3 0  9992
2 45089  53.0548 140.5119 0001351  89.7376 270.3768 15.06418965195546
1 45089U 20006AX  23227.02597116  .00002995  00000-0  21984-3 0  9993
2 45089  53.0547 136.0443 0001194  92.7097 267.4028 15.06407443195695
1 45089U 20006AX  23228.15385609  .00011267  00000-0  77352-3 0  9992
2 45089  53.0553 130.9818 0001233  98.3192 261.7937 15.06426629195865
1 45089U 20006AX  23228.75098238  .00001587  00000-0  12540-3 0  9999
2 45089  53.0550 128.3010 0001397  96.3268 263.7880 15.06404951195953
1 45089U 20006AX  23229.01637153 -.00000868  00000-0 -39405-4 0  9997
2 45089  53.0548 127.1094 0001380  92.4035 267.7112 15.06394470195990
1 45089U 20006AX  23230.07791724  .00010809  00000-0  74313-3 0  9990
2 45089  53.0544 122.3440 0001311  91.2833 268.8306 15.06415111196157
1 45089U 20006AX  23230.80773894  .00002578  00000-0  19191-3 0  9996
2 45089  53.0540 119.0677 0001356  88.3000 271.8144 15.06398746196260
1 45089U 20006AX  23231.07312962  .00001265  00000-0  10383-3 0  9997
2 45089  53.0536 117.8758 0001274  88.3295 271.7839 15.06388362196304
1 45089U 20006AX  23232.06833420  .00009321  00000-0  64373-3 0  9993
2 45089  53.0538 113.4080 0001286  85.1589 274.9546 15.06404530196452
1 45089U 20006AX  23233.12988602  .00004494  00000-0  32038-3 0  9993
2 45089  53.0541 108.6433 0001378  79.3279 280.7865 15.06402769196616
1 45089U 20006AX  23234.05872949  .00005920  00000-0  41575-3 0  9993
2 45089  53.0543 104.4732 0001403  81.9431 278.1718 15.06419479196751
1 45089U 20006AX  23235.05394174 -.00000705  00000-0 -28414-4 0  9999
2 45089  53.0545 100.0052 0001328  86.8511 273.2630 15.06396205196906
1 45089U 20006AX  23235.98279626  .00005469  00000-0  38572-3 0  9990
2 45089  53.0543  95.8364 0001303  92.0476 268.0662 15.06405280197051
1 45089U 20006AX  23236.97800699 -.00001363  00000-0 -72654-4 0  9991
2 45089  53.0537  91.3693 0001312  88.4056 271.7083 15.06388341197206
1 45089U 20006AX  23236.97800699 -.00001363  00000-0 -72654-4 0  9991
2 45089  53.0537  91.3693 0001312  88.4056 271.7083 15.06388341197194
1 45089U 20006AX  23237.77416823  .00002722  00000-0  20157-3 0  9990
2 45089  53.0541  87.7930 0001149  97.7325 262.3794 15.06400843197313
1 45089U 20006AX  23237.84051523  .00003800  00000-0  27384-3 0  9997
2 45089  53.0543  87.4959 0001303  88.9218 271.1920 15.06403400197331
1 45089U 20006AX  23238.03955452  .00004574  00000-0  32573-3 0  9998
2 45089  53.0540  86.6041 0001295  83.5450 276.5686 15.06405902197360
1 45089U 20006AX  23238.76937684  .00002671  00000-0  19813-3 0  9993
2 45089  53.0552  83.3270 0001222  85.1429 274.9699 15.06396728197467
1 45089U 20006AX  23238.83572176  .00002552  00000-0  19014-3 0  9993
2 45089  53.0563  83.0288 0001350 106.1485 253.9653 15.06398317197488
1 45089U 20006AX  23239.76457186  .00008150  00000-0  56515-3 0  9996
2 45089  53.0551  78.8585 0001224  71.5964 288.5158 15.06415741197625
1 45089U 20006AX  23239.76457186  .00008150  00000-0  56515-3 0  9996
2 45089  53.0551  78.8585 0001224  71.5964 288.5158 15.06415741197614
1 45089U 20006AX  23240.69343370  .00000182  00000-0  31137-4 0  9990
2 45089  53.0547  74.6893 0001281  93.7499 266.3637 15.06396563197758
1 45089U 20006AX  23240.82612824  .00000756  00000-0  69658-4 0  9994
2 45089  53.0550  74.0938 0001428  90.0692 270.0460 15.06396384197784
1 45089U 20006AX  23241.75498419  .00004059  00000-0  29120-3 0  9998
2 45089  53.0544  69.9236 0001414  89.0730 271.0421 15.06402889197929
1 45089U 20006AX  23241.75498419  .00004059  00000-0  29120-3 0  9998
2 45089  53.0544  69.9236 0001414  89.0730 271.0421 15.06402889197918
1 45089U 20006AX  23242.68384754  .00002975  00000-0  21859-3 0  9993
2 45089  53.0545  65.7539 0001479  93.8734 266.2424 15.06387567198057
1 45089U 20006AX  23242.81652558  .00011624  00000-0  79736-3 0  9996
2 45089  53.0549  65.1581 0001969 100.2660 259.8551 15.06429340198085
1 45089U 20006AX  23243.01557833  .00002220  00000-0  16791-3 0  9993
2 45089  53.0543  64.2639 0001455  90.3320 269.7836 15.06397240198107
1 45089U 20006AX  23243.87808367  .00003241  00000-0  23637-3 0  9999
2 45089  53.0542  60.3921 0001565  83.9412 276.1755 15.06405942198245
1 45089U 20006AX  23244.47521091  .00001400  00000-0  11288-3 0  9996
2 45089  53.0547  57.7112 0001525  89.9568 270.1595 15.06393716198337
1 45089U 20006AX  23244.47521091  .00001400  00000-0  11288-3 0  9996
2 45089  53.0547  57.7112 0001525  89.9568 270.1595 15.06393716198326
1 45089U 20006AX  23244.74059625  .00002179  00000-0  16516-3 0  9998
2 45089  53.0542  56.5198 0001671  88.6970 271.4210 15.06400111198378
1 45089U 20006AX  23245.20502207  .00003644  00000-0  26339-3 0  9991
2 45089  53.0545  54.4345 0001472  90.3184 269.7974 15.06405762198439
1 45089U 20006AX  23245.47040783  .00005337  00000-0  37683-3 0  9991
2 45089  53.0543  53.2428 0001497  90.2963 269.8197 15.06408798198482
1 45089U 20006AX  23245.86848362  .00017196  00000-0  11696-2 0  9994
2 45089  53.0548  51.4558 0001435  90.8055 269.3098 15.06429551198543
1 45089U 20006AX  23245.93482941  .00020058  00000-0  13604-2 0  9991
2 45089  53.0550  51.1577 0001444  90.8971 269.2183 15.06432844198555
1 45089U 20006AX  23245.93482941  .00020058  00000-0  13604-2 0  9991
2 45089  53.0550  51.1577 0001444  90.8971 269.2183 15.06432844198544
1 45089U 20006AX  23247.46081224  .00010745  00000-0  73902-3 0  9990
2 45089  53.0561  44.3082 0001225  99.0587 261.0541 15.06407068198786
1 45089U 20006AX  23247.46081224  .00010745  00000-0  73902-3 0  9990
2 45089  53.0561  44.3082 0001225  99.0587 261.0541 15.06407068198775
1 45089U 20006AX  23248.12428374  .00010280  00000-0  70835-3 0  9991
2 45089  53.0566  41.3266 0002236  94.7127 265.4117 15.06381153198870
1 45089U 20006AX  23248.45601469 -.00001385  00000-0 -74114-4 0  9998
2 45089  53.0560  39.8409 0001125  91.7380 268.3738 15.06394766198931
1 45089U 20006AX  23249.38487223  .00009326  00000-0  64408-3 0  9996
2 45089  53.0557  35.6712 0001115  97.0370 263.0746 15.06403067199066
1 45089U 20006AX  23249.91563275  .00024177  00000-0  16345-2 0  9994
2 45089  53.0549  33.2888 0001039  95.4840 264.6267 15.06444400199144
1 45089U 20006AX  23250.38006754 -.00002248  00000-0 -13206-3 0  9992
2 45089  53.0554  31.2036 0001956  76.0422 284.0784 15.06398744199220
1 45089U 20006AX  23250.38006754 -.00002248  00000-0 -13206-3 0  9992
2 45089  53.0554  31.2036 0001956  76.0422 284.0784 15.06398744199219
1 45089U 20006AX  23250.71180719 -.00005343  00000-0 -34028-3 0  9997
2 45089  53.0552  29.7153 0001395  73.1791 286.9350 15.06379500199278
1 45089U 20006AX  23250.71180719 -.00005343  00000-0 -34028-3 0  9997
2 45089  53.0552  29.7153 0001395  73.1791 286.9350 15.06379500199267
1 45089U 20006AX  23251.10989173  .00000652  00000-0  62684-4 0  9998
2 45089  53.0559  27.9282 0001355  74.0741 286.0398 15.06391629199324
1 45089U 20006AX  23251.57433233  .00015980  00000-0  10898-2 0  9998
2 45089  53.0544  25.8440 0001813  76.1340 283.9851 15.06381998199405
1 45089U 20006AX  23251.64065572 -.00009941  00000-0 -64919-3 0  9999
2 45089  53.0554  25.5462 0001021  76.3615 283.7488 15.06411543199410
1 45089U 20006AX  23251.64065572 -.00009941  00000-0 -64919-3 0  9999
2 45089  53.0554  25.5462 0001021  76.3615 283.7488 15.06411543199409
1 45089U 20006AX  23251.83971104  .00008148  00000-0  56530-3 0  9993
2 45089  53.0552  24.6526 0001188  64.2805 295.8306 15.06398243199436
1 45089U 20006AX  23252.37049171  .00004083  00000-0  29290-3 0  9990
2 45089  53.0554  22.2688 0001251  68.8410 291.2712 15.06390961199513
1 45089U 20006AX  23252.56953199  .00004586  00000-0  32663-3 0  9991
2 45089  53.0556  21.3751 0001262  67.7861 292.3262 15.06394962199557
1 45089U 20006AX  23253.36568740  .00006464  00000-0  45232-3 0  9997
2 45089  53.0560  17.7996 0001266  73.2712 286.8416 15.06411003199660
1 45089U 20006AX  23253.56472392  .00007860  00000-0  54570-3 0  9992
2 45089  53.0560  16.9063 0001266  71.8929 288.2197 15.06417746199707
1 45089U 20006AX  23254.29454138  .00002319  00000-0  17451-3 0  9992
2 45089  53.0557  13.6306 0001305  65.0314 295.0810 15.06405702199802
1 45089U 20006AX  23254.55992818  .00001162  00000-0  96872-4 0  9993
2 45089  53.0558  12.4387 0001190  71.9688 288.1430 15.06402994199857
1 45089U 20006AX  23255.28974240  .00005308  00000-0  37489-3 0  9997
2 45089  53.0561   9.1625 0001167  72.6643 287.4474 15.06405754199950
1 45089U 20006AX  23255.55512569  .00009411  00000-0  64958-3 0  9999
2 45089  53.0557   7.9716 0001144  74.8705 285.2411 15.06415731200002
1 45089U 20006AX  23255.68781705  .00010996  00000-0  75548-3 0  9990
2 45089  53.0558   7.3759 0001163  74.2760 285.8357 15.06421061200020
1 45089U 20006AX  23255.68781705  .00010996  00000-0  75548-3 0  9990
2 45089  53.0558   7.3759 0001163  74.2760 285.8357 15.06421061200019
1 45089U 20006AX  23256.01955359  .00006525  00000-0  45641-3 0  9990
2 45089  53.0558   5.8850 0001384  84.1090 276.0056 15.06408787200068
1 45089U 20006AX  23256.55033182 -.00000568  00000-0 -19254-4 0  9995
2 45089  53.0563   3.5041 0001389  84.3185 275.7962 15.06396255200151
1 45089U 20006AX  23256.61667758  .00000615  00000-0  60208-4 0  9990
2 45089  53.0560   3.2071 0001274  81.9852 278.1281 15.06399206200166
1 45089U 20006AX  23256.61667758  .00000615  00000-0  60208-4 0  9990
2 45089  53.0560   3.2071 0001274  81.9852 278.1281 15.06399206200155
1 45089U 20006AX  23257.01476260 -.00001804  00000-0 -10224-3 0  9996
2 45089  53.0559   1.4197 0001242  84.4529 275.6602 15.06391326200217
1 45089U 20006AX  23257.54554766 -.00003939  00000-0 -24580-3 0  9993
2 45089  53.0566 359.0360 0001480  90.2859 269.8299 15.06384156200304
1 45089U 20006AX  23257.61189439 -.00003531  00000-0 -21836-3 0  9991
2 45089  53.0563 358.7381 0001428  92.8812 267.2340 15.06384967200319
1 45089U 20006AX  23257.61189439 -.00003531  00000-0 -21836-3 0  9991
2 45089  53.0563 358.7381 0001428  92.8812 267.2340 15.06384967200308
1 45089U 20006AX  23258.54076028  .00001161  00000-0  96878-4 0  9997
2 45089  53.0563 354.5702 0001459  94.3788 265.7368 15.06386544200454
1 45089U 20006AX  23258.60710713  .00001350  00000-0  10951-3 0  9997
2 45089  53.0563 354.2722 0001476  88.8350 271.2808 15.06388188200452
1 45089U 20006AX  23259.40326530  .00006982  00000-0  48710-3 0  9996
2 45089  53.0557 350.6987 0001480  90.5758 269.5401 15.06403997200573
1 45089U 20006AX  23259.46961181  .00007411  00000-0  51583-3 0  9999
2 45089  53.0558 350.4009 0001500  90.1979 269.9182 15.06406058200594
1 45089U 20006AX  23259.66864791  .00008359  00000-0  57914-3 0  9996
2 45089  53.0555 349.5062 0001455  97.5127 262.6027 15.06414338200615
1 45089U 20006AX  23260.46481408  .00003798  00000-0  27365-3 0  9995
2 45089  53.0550 345.9333 0001439  98.8251 261.2901 15.06408147200735
1 45089U 20006AX  23260.53115956  .00004476  00000-0  31914-3 0  9994
2 45089  53.0551 345.6349 0001422  98.8328 261.2822 15.06409584200757
1 45089U 20006AX  23261.46000554  .00013809  00000-0  94345-3 0  9991
2 45089  53.0545 341.4655 0001402 100.3038 259.8109 15.06427448200894
1 45089U 20006AX  23261.59269575  .00015170  00000-0  10342-2 0  9992
2 45089  53.0545 340.8695 0001413 101.8896 258.2252 15.06433430200914
1 45089U 20006AX  23261.59269575  .00015170  00000-0  10342-2 0  9992
2 45089  53.0545 340.8695 0001413 101.8896 258.2252 15.06433430200903
1 45089U 20006AX  23261.92443119  .00005373  00000-0  37919-3 0  9991
2 45089  53.0549 339.3800 0001853  85.1193 275.0008 15.06416963200953
1 45089U 20006AX  23262.45520673 -.00000286  00000-0 -33091-6 0  9991
2 45089  53.0549 336.9990 0001491  93.0346 267.0814 15.06400116201031
1 45089U 20006AX  23262.58790209  .00019595  00000-0  13308-2 0  9995
2 45089  53.0538 336.4026 0001424  81.3490 278.7660 15.06397019201057
1 45089U 20006AX  23263.51674666  .00017698  00000-0  12030-2 0  9990
2 45089  53.0535 332.2325 0001414  82.0591 278.0559 15.06431534201207
1 45089U 20006AX  23264.44561534  .00001005  00000-0  86383-4 0  9991
2 45089  53.0541 328.0617 0001455  91.0842 269.0313 15.06386128201346
1 45089U 20006AX  23264.44561534  .00001005  00000-0  86383-4 0  9991
2 45089  53.0541 328.0617 0001455  91.0842 269.0313 15.06386128201335
1 45089U 20006AX  23265.50717583  .00002379  00000-0  17857-3 0  9990
2 45089  53.0547 323.2961 0001528  85.1886 274.9277 15.06392605201503
1 45089U 20006AX  23265.50717583  .00002379  00000-0  17857-3 0  9990
2 45089  53.0547 323.2961 0001528  85.1886 274.9277 15.06392605201491
1 45089U 20006AX  23266.36969527  .00004514  00000-0  32182-3 0  9993
2 45089  53.0546 319.4242 0001564 102.7673 257.3491 15.06388440201630
1 45089U 20006AX  23266.36969527  .00004514  00000-0  32182-3 0  9993
2 45089  53.0546 319.4242 0001564 102.7673 257.3491 15.06388440201629
1 45089U 20006AX  23267.43123639  .00007866  00000-0  54619-3 0  9990
2 45089  53.0539 314.6585 0001481  99.2169 260.8988 15.06414032201780
1 45089U 20006AX  23267.49758220  .00008432  00000-0  58401-3 0  9999
2 45089  53.0538 314.3605 0001477  99.2740 260.8416 15.06416268201801
1 45089U 20006AX  23268.42644781  .00000448  00000-0  48949-4 0  9995
2 45089  53.0535 310.1913 0001396  78.1235 281.9911 15.06395243201936
1 45089U 20006AX  23268.49279577 -.00000875  00000-0 -39840-4 0  9995
2 45089  53.0534 309.8937 0001395  84.3253 275.7895 15.06391993201956
1 45089U 20006AX  23269.42165124  .00009138  00000-0  63147-3 0  9996
2 45089  53.0527 305.7240 0001434  78.5870 281.5280 15.06406789202093
1 45089U 20006AX  23269.42165124  .00009138  00000-0  63147-3 0  9996
2 45089  53.0527 305.7240 0001434  78.5870 281.5280 15.06406789202082
1 45089U 20006AX  23270.08512037  .00005171  00000-0  36576-3 0  9998
2 45089  53.0529 302.7460 0001457  85.4388 274.6767 15.06405369202188
1 45089U 20006AX  23270.35050947  .00002095  00000-0  15951-3 0  9991
2 45089  53.0528 301.5541 0001529  87.4918 272.6246 15.06397065202223
1 45089U 20006AX  23270.48320258  .00002135  00000-0  16217-3 0  9991
2 45089  53.0528 300.9583 0001567  88.3024 271.8145 15.06398470202255
1 45089U 20006AX  23271.47839286  .00007475  00000-0  51998-3 0  9994
2 45089  53.0535 296.4896 0001552  94.4208 265.6958 15.06414773202400
1 45089U 20006AX  23271.47839286  .00007475  00000-0  51998-3 0  9994
2 45089  53.0535 296.4896 0001552  94.4208 265.6958 15.06414773202398
1 45089U 20006AX  23272.00917219 -.00001099  00000-0 -54884-4 0  9993
2 45089  53.0528 294.1070 0001102  93.4675 266.6440 15.06397491202470
1 45089U 20006AX  23272.47359956 -.00000058  00000-0  15004-4 0  9996
2 45089  53.0524 292.0216 0001283  92.2631 267.8504 15.06400045202557
1 45089U 20006AX  23273.20340861  .00001622  00000-0  12774-3 0  9990
2 45089  53.0530 288.7450 0001225  97.0768 263.0361 15.06409881202664
1 45089U 20006AX  23273.33610059  .00003989  00000-0  28646-3 0  9996
2 45089  53.0522 288.1503 0001424 102.5818 257.5330 15.06413799202675
1 45089U 20006AX  23273.73418489  .00002427  00000-0  18174-3 0  9994
2 45089  53.0509 286.3649 0001409  95.3122 264.8028 15.06403614202738
1 45089U 20006AX  23274.19861944 -.00000586  00000-0 -20429-4 0  9996
2 45089  53.0521 284.2779 0001465  91.2831 268.8326 15.06391791202802
1 45089U 20006AX  23274.33131176  .00001932  00000-0  14857-3 0  9990
2 45089  53.0522 283.6821 0001453  87.5073 272.6082 15.06392164202837
1 45089U 20006AX  23274.72939591  .00010596  00000-0  72924-3 0  9995
2 45089  53.0521 281.8948 0001485  88.4455 271.6704 15.06395140202898
1 45089U 20006AX  23274.99478292  .00014590  00000-0  99624-3 0  9994
2 45089  53.0520 280.7033 0001473  87.8566 272.2591 15.06403921202925
1 45089U 20006AX  23275.72459631  .00003584  00000-0  25939-3 0  9991
2 45089  53.0520 277.4218 0001747  92.0148 268.1041 15.06398817203046
1 45089U 20006AX  23275.72459631  .00003584  00000-0  25939-3 0  9991
2 45089  53.0520 277.4218 0001747  92.0148 268.1041 15.06398817203035
1 45089U 20006AX  23276.18902702 -.00001308  00000-0 -68914-4 0  9999
2 45089  53.0510 275.3387 0001678  96.1416 263.9764 15.06390783203101
1 45089U 20006AX  23276.38807037  .00000382  00000-0  44580-4 0  9998
2 45089  53.0530 274.4478 0001466  95.5802 264.5354 15.06390408203141
1 45089U 20006AX  23276.98518537  .00005528  00000-0  38967-3 0  9996
2 45089  53.0529 271.7692 0001356  95.0878 265.0266 15.06402331203229
1 45089U 20006AX  23277.38325968  .00007905  00000-0  54877-3 0  9994
2 45089  53.0526 269.9820 0001388  95.4853 264.6294 15.06415906203295
1 45089U 20006AX  23277.38325968  .00007905  00000-0  54877-3 0  9994
2 45089  53.0526 269.9820 0001388  95.4853 264.6294 15.06415906203284
1 45089U 20006AX  23277.71500571  .00001770  00000-0  13772-3 0  9999
2 45089  53.0526 268.4925 0001891  81.8269 278.2934 15.06395201203347
1 45089U 20006AX  23277.71500571  .00001770  00000-0  13772-3 0  9999
2 45089  53.0526 268.4925 0001891  81.8269 278.2934 15.06395201203336
1 45089U 20006AX  23278.37847576 -.00000213  00000-0  45732-5 0  9996
2 45089  53.0525 265.5123 0001470  91.7425 268.3732 15.06391943203447
1 45089U 20006AX  23278.37847576 -.00000213  00000-0  45732-5 0  9996
2 45089  53.0525 265.5123 0001470  91.7425 268.3732 15.06391943203436
1 45089U 20006AX  23279.10828881  .00011196  00000-0  76911-3 0  9998
2 45089  53.0525 262.2369 0001512  88.2972 271.8190 15.06408728203546
1 45089U 20006AX  23279.24098103  .00012141  00000-0  83223-3 0  9994
2 45089  53.0529 261.6415 0001520  88.1457 271.9707 15.06413201203571
1 45089U 20006AX  23279.63906475  .00004030  00000-0  28926-3 0  9994
2 45089  53.0527 259.8496 0001835  80.5116 279.6080 15.06401615203636
1 45089U 20006AX  23279.63906475  .00004030  00000-0  28926-3 0  9994
2 45089  53.0527 259.8496 0001835  80.5116 279.6080 15.06401615203625
1 45089U 20006AX  23279.97080283  .00000927  00000-0  81170-4 0  9993
2 45089  53.0549 258.3657 0001938 102.4018 257.7188 15.06394316203671
1 45089U 20006AX  23280.23619202 -.00002165  00000-0 -12653-3 0  9990
2 45089  53.0539 257.1767 0001702 111.2450 248.8721 15.06388296203726
1 45089U 20006AX  23280.63427296  .00000282  00000-0  37858-4 0  9995
2 45089  53.0551 255.3907 0001684 113.4102 246.7064 15.06395032203782
1 45089U 20006AX  23281.09869272  .00005607  00000-0  39488-3 0  9996
2 45089  53.0541 253.3035 0001599 113.1061 247.0096 15.06413399203840
1 45089U 20006AX  23281.23138500  .00006277  00000-0  43975-3 0  9995
2 45089  53.0539 252.7069 0001624 113.3560 246.7600 15.06415623203874
1 45089U 20006AX  23281.62946761  .00006166  00000-0  43238-3 0  9993
2 45089  53.0522 250.9177 0001138  98.2456 261.8662 15.06408833203928
1 45089U 20006AX  23281.89486237  .00000984  00000-0  84989-4 0  9990
2 45089  53.0523 249.7269 0001758  91.9517 268.1673 15.06395210203974
1 45089U 20006AX  23282.09390151 -.00001279  00000-0 -66973-4 0  9995
2 45089  53.0520 248.8329 0001354  95.3401 264.7742 15.06391118203994
1 45089U 20006AX  23282.29294632  .00022074  00000-0  14968-2 0  9993
2 45089  53.0519 247.9395 0001362  90.6349 269.4795 15.06384848204031
1 45089U 20006AX  23282.62468140  .00020957  00000-0  14217-2 0  9992
2 45089  53.0518 246.4501 0001360  92.4687 267.6457 15.06398733204084
1 45089U 20006AX  23283.08910451  .00024009  00000-0  16242-2 0  9992
2 45089  53.0517 244.3651 0001378  93.4312 266.6835 15.06422573204147
1 45089U 20006AX  23283.42083203  .00019997  00000-0  13563-2 0  9999
2 45089  53.0513 242.8751 0001396  93.2463 266.8686 15.06433664204208
1 45089U 20006AX  23283.61988356 -.00011362  00000-0 -74546-3 0  9992
2 45089  53.0520 241.9825 0001566  71.2674 288.8485 15.06381741204228
1 45089U 20006AX  23283.88527386 -.00006703  00000-0 -43174-3 0  9999
2 45089  53.0520 240.7903 0001441  79.7882 280.3270 15.06380812204270
1 45089U 20006AX  23284.15066803  .00017252  00000-0  11751-2 0  9996
2 45089  53.0522 239.5992 0001444  77.3019 282.8131 15.06373464204318
1 45089U 20006AX  23284.15066803  .00017252  00000-0  11751-2 0  9996
2 45089  53.0522 239.5992 0001444  77.3019 282.8131 15.06373464204307
1 45089U 20006AX  23285.27856558  .00023289  00000-0  15763-2 0  9998
2 45089  53.0526 234.5364 0001480  73.8330 286.2822 15.06421790204486
1 45089U 20006AX  23285.27856558  .00023289  00000-0  15763-2 0  9998
2 45089  53.0526 234.5364 0001480  73.8330 286.2822 15.06421790204475
1 45089U 20006AX  23286.14107864  .00017799  00000-0  12107-2 0  9992
2 45089  53.0532 230.6640 0001404  86.0912 274.0237 15.06401934204602
1 45089U 20006AX  23286.53915575  .00017819  00000-0  12115-2 0  9993
2 45089  53.0533 228.8763 0001408  88.2792 271.8358 15.06418351204679
1 45089U 20006AX  23286.87088262  .00023320  00000-0  15777-2 0  9995
2 45089  53.0538 227.3863 0001363  85.5576 274.5568 15.06437248204724
1 45089U 20006AX  23287.20260537  .00023411  00000-0  15830-2 0  9991
2 45089  53.0534 225.8979 0001355  88.3837 271.7307 15.06455063204762
1 45089U 20006AX  23287.26894968  .00022383  00000-0  15144-2 0  9993
2 45089  53.0536 225.5998 0001354  86.6399 273.4745 15.06457670204788
1 45089U 20006AX  23288.13148125  .00013665  00000-0  93553-3 0  9991
2 45089  53.0529 221.7286 0001356  69.5977 290.5157 15.06359168204906
1 45089U 20006AX  23288.52957183  .00021042  00000-0  14285-2 0  9998
2 45089  53.0528 219.9415 0001349  67.9198 292.1934 15.06369090204970
1 45089U 20006AX  23289.19304602  .00023101  00000-0  15647-2 0  9995
2 45089  53.0527 216.9637 0001376  68.5622 291.5513 15.06398561205074
1 45089U 20006AX  23289.19304602  .00023101  00000-0  15647-2 0  9995
2 45089  53.0527 216.9637 0001376  68.5622 291.5513 15.06398561205063
1 45089U 20006AX  23290.51997358  .00016715  00000-0  11376-2 0  9997
2 45089  53.0534 211.0023 0001156  98.5084 261.6036 15.06425462205279
1 45089U 20006AX  23290.51997358  .00016715  00000-0  11376-2 0  9997
2 45089  53.0534 211.0023 0001156  98.5084 261.6036 15.06425462205268
1 45089U 20006AX  23291.18342205  .00016858  00000-0  11463-2 0  9991
2 45089  53.0532 208.0260 0001457  70.1470 289.9676 15.06453123205374
1 45089U 20006AX  23291.18342205  .00016858  00000-0  11463-2 0  9991
2 45089  53.0532 208.0260 0001457  70.1470 289.9676 15.06453123205363
1 45089U 20006AX  23292.17863212  .00000488  00000-0  51662-4 0  9996
2 45089  53.0550 203.5570 0001282  77.7114 282.4019 15.06392987205517
1 45089U 20006AX  23292.24497746 -.00001887  00000-0 -10779-3 0  9998
2 45089  53.0526 203.2619 0001263  81.1803 278.9329 15.06401159205532
1 45089U 20006AX  23293.04113189  .00017143  00000-0  11661-2 0  9993
2 45089  53.0524 199.6880 0001197  86.9619 273.1507 15.06427891205651
1 45089U 20006AX  23293.04113189  .00017143  00000-0  11661-2 0  9993
2 45089  53.0524 199.6880 0001197  86.9619 273.1507 15.06427891205640
1 45089U 20006AX  23293.70460965 -.00001521  00000-0 -83230-4 0  9991
2 45089  53.0526 196.7091 0001418  78.2034 281.9114 15.06392866205740
1 45089U 20006AX  23293.90365458 -.00010899  00000-0 -71449-3 0  9990
2 45089  53.0521 195.8160 0001603  87.2526 272.8646 15.06369996205785
1 45089U 20006AX  23294.03635567  .00018871  00000-0  12840-2 0  9991
2 45089  53.0520 195.2209 0001619  85.9938 274.1235 15.06353737205797
1 45089U 20006AX  23294.43444414  .00017504  00000-0  11919-2 0  9992
2 45089  53.0524 193.4332 0001635  90.0941 270.0235 15.06375117205866
1 45089U 20006AX  23294.89887851  .00015972  00000-0  10892-2 0  9994
2 45089  53.0523 191.3484 0001684  90.2721 269.8461 15.06384289205937
1 45089U 20006AX  23295.09791932  .00014744  00000-0  10068-2 0  9992
2 45089  53.0523 190.4553 0001730  88.1596 271.9591 15.06394354205956
1 45089U 20006AX  23295.42965182  .00012138  00000-0  83226-3 0  9991
2 45089  53.0521 188.9659 0001692  91.1463 268.9719 15.06404988206018
1 45089U 20006AX  23295.96042541  .00009364  00000-0  64651-3 0  9993
2 45089  53.0530 186.5829 0001848  90.7324 269.3876 15.06409496206091
1 45089U 20006AX  23296.02677217  .00008060  00000-0  55926-3 0  9992
2 45089  53.0528 186.2850 0001796  91.1153 269.0042 15.06408075206090
1 45089U 20006AX  23296.42485280  .00005164  00000-0  36526-3 0  9990
2 45089  53.0528 184.4981 0001798  90.9214 269.1981 15.06405021206150
1 45089U 20006AX  23296.95562348  .00006952  00000-0  48500-3 0  9990
2 45089  53.0526 182.1153 0001804  91.1840 268.9356 15.06413386206246
1 45089U 20006AX  23297.42005111  .00002485  00000-0  18565-3 0  9998
2 45089  53.0517 180.0300 0001793  91.6365 268.4830 15.06404921206316
1 45089U 20006AX  23297.42005111  .00002485  00000-0  18565-3 0  9998
2 45089  53.0517 180.0300 0001793  91.6365 268.4830 15.06404921206305
1 45089U 20006AX  23297.95082896 -.00000056  00000-0  15153-4 0  9995
2 45089  53.0527 177.6491 0001872  88.9941 271.1262 15.06398811206384
1 45089U 20006AX  23298.94601935  .00001596  00000-0  12600-3 0  9998
2 45089  53.0537 173.1810 0001995  91.0763 269.0455 15.06415481206545
1 45089U 20006AX  23298.94601935  .00001596  00000-0  12600-3 0  9998
2 45089  53.0537 173.1810 0001995  91.0763 269.0455 15.06415481206534
1 45089U 20006AX  23299.87487938  .00000988  00000-0  85201-4 0  9998
2 45089  53.0532 169.0094 0001915  88.9596 271.1612 15.06400339206689
1 45089U 20006AX  23299.94122568  .00001827  00000-0  14152-3 0  9990
2 45089  53.0532 168.7122 0001899  87.8874 272.2333 15.06403095206689
1 45089U 20006AX  23300.33930224  .00001981  00000-0  15181-3 0  9996
2 45089  53.0535 166.9248 0001875  86.9509 273.1694 15.06409171206759
1 45089U 20006AX  23300.87006744  .00002387  00000-0  17899-3 0  9995
2 45089  53.0524 164.5415 0001784  90.2837 269.8357 15.06419179206823
1 45089U 20006AX  23300.93641512  .00003255  00000-0  23718-3 0  9992
2 45089  53.0520 164.2434 0001782  87.0110 273.1082 15.06417764206846
1 45089U 20006AX  23301.33449813  .00000803  00000-0  72837-4 0  9990
2 45089  53.0520 162.4553 0002173  83.5035 276.6201 15.06406012206890
1 45089U 20006AX  23301.59988828  .00001645  00000-0  12932-3 0  9996
2 45089  53.0513 161.2652 0002661  82.4889 277.6402 15.06406834206948
1 45089U 20006AX  23301.86527954 -.00003017  00000-0 -18374-3 0  9998
2 45089  53.0504 160.0732 0002095  81.7259 278.3968 15.06391561206976
1 45089U 20006AX  23301.93162984 -.00001199  00000-0 -61612-4 0  9997
2 45089  53.0528 159.7772 0002146  66.9281 293.1934 15.06393312206994
1 45089U 20006AX  23302.32970870 -.00000691  00000-0 -27481-4 0  9994
2 45089  53.0511 157.9896 0001938  86.4416 273.6794 15.06396437207054
1 45089U 20006AX  23302.86048157  .00000282  00000-0  37816-4 0  9994
2 45089  53.0523 155.6054 0001812  84.1907 275.9288 15.06400573207127
1 45089U 20006AX  23303.85569176  .00002357  00000-0  17711-3 0  9999
2 45089  53.0518 151.1385 0001719  86.3999 273.7187 15.06393140207282
1 45089U 20006AX  23303.85569176  .00002357  00000-0  17711-3 0  9999
2 45089  53.0518 151.1385 0001719  86.3999 273.7187 15.06393140207271
1 45089U 20006AX  23304.85089193  .00001938  00000-0  14899-3 0  9994
2 45089  53.0519 146.6710 0001724  87.2245 272.8941 15.06400464207437
1 45089U 20006AX  23304.98358461  .00002299  00000-0  17316-3 0  9993
2 45089  53.0518 146.0756 0001758  88.3941 271.7250 15.06402075207444
1 45089U 20006AX  23305.24897388  .00001124  00000-0  94326-4 0  9992
2 45089  53.0518 144.8839 0001752  88.0965 272.0224 15.06398097207497
1 45089U 20006AX  23305.84609762  .00001475  00000-0  11791-3 0  9998
2 45089  53.0531 142.2031 0001708  88.9401 271.1784 15.06395575207582
1 45089U 20006AX  23305.84609762  .00001475  00000-0  11791-3 0  9998
2 45089  53.0531 142.2031 0001708  88.9401 271.1784 15.06395575207571
1 45089U 20006AX  23306.50956164  .00001442  00000-0  11568-3 0  9999
2 45089  53.0534 139.2243 0001684  88.1048 272.0134 15.06402086207684
1 45089U 20006AX  23306.84129107  .00001593  00000-0  12582-3 0  9999
2 45089  53.0533 137.7351 0001659  88.5391 271.5788 15.06407261207727
1 45089U 20006AX  23306.90763737  .00001621  00000-0  12767-3 0  9996
2 45089  53.0533 137.4373 0001661  88.5149 271.6030 15.06407621207745
1 45089U 20006AX  23307.17303755 -.00000590  00000-0 -20692-4 0  9999
2 45089  53.0532 136.2460 0001726  81.9955 278.1230 15.06391873207770
1 45089U 20006AX  23307.57112059  .00000301  00000-0  39087-4 0  9994
2 45089  53.0530 134.4588 0001646  87.0345 273.0833 15.06389716207844
1 45089U 20006AX  23307.90284883 -.00000292  00000-0 -72758-6 0  9991
2 45089  53.0525 132.9695 0001669  86.1646 273.9534 15.06394181207893
1 45089U 20006AX  23307.96919546  .00000044  00000-0  21852-4 0  9998
2 45089  53.0525 132.6717 0001663  86.3198 273.7981 15.06395264207890
1 45089U 20006AX  23308.49997089  .00000884  00000-0  78255-4 0  9996
2 45089  53.0523 130.2889 0001651  87.3673 272.7504 15.06395461207987
1 45089U 20006AX  23308.83170470  .00003588  00000-0  25964-3 0  9993
2 45089  53.0523 128.7999 0001646  86.1572 273.9605 15.06401654208034
1 45089U 20006AX  23309.49517566  .00005546  00000-0  39089-3 0  9996
2 45089  53.0522 125.8214 0001671  85.9603 274.1577 15.06401584208135
1 45089U 20006AX  23309.49517566  .00005546  00000-0  39089-3 0  9996
2 45089  53.0522 125.8214 0001671  85.9603 274.1577 15.06401584208124
1 45089U 20006AX  23309.76056048  .00005969  00000-0  41920-3 0  9995
2 45089  53.0522 124.6300 0001654  86.9148 273.2031 15.06406495208179
1 45089U 20006AX  23310.49035996  .00014365  00000-0  98027-3 0  9996
2 45089  53.0517 121.3531 0001713  87.4796 272.6389 15.06437736208287
1 45089U 20006AX  23310.49035996  .00014365  00000-0  98027-3 0  9996
2 45089  53.0517 121.3531 0001713  87.4796 272.6389 15.06437736208276
1 45089U 20006AX  23310.75575591 -.00013685  00000-0 -90183-3 0  9996
2 45089  53.0518 120.1614 0001413  88.7932 271.3219 15.06388597208323
1 45089U 20006AX  23310.75575591 -.00013685  00000-0 -90183-3 0  9996
2 45089  53.0518 120.1614 0001413  88.7932 271.3219 15.06388597208312
1 45089U 20006AX  23311.55193146  .00002135  00000-0  16228-3 0  9991
2 45089  53.0519 116.5869 0001354  89.0355 271.0789 15.06376000208440
1 45089U 20006AX  23311.95001932  .00010681  00000-0  73526-3 0  9995
2 45089  53.0521 114.8001 0001246  88.0345 272.0787 15.06380150208495
1 45089U 20006AX  23312.61349106  .00010658  00000-0  73337-3 0  9991
2 45089  53.0524 111.8220 0001235  88.0707 272.0424 15.06395759208600
1 45089U 20006AX  23312.74618447  .00011173  00000-0  76778-3 0  9997
2 45089  53.0524 111.2262 0001227  87.5121 272.6008 15.06399483208629
1 45089U 20006AX  23313.14426565  .00007164  00000-0  49931-3 0  9996
2 45089  53.0522 109.4392 0001213  88.1557 271.9571 15.06400738208673
1 45089U 20006AX  23313.60869372  .00004324  00000-0  30901-3 0  9996
2 45089  53.0521 107.3542 0001234  88.5189 271.5941 15.06400386208759
1 45089U 20006AX  23313.74138707  .00004079  00000-0  29257-3 0  9991
2 45089  53.0521 106.7585 0001233  88.3653 271.7477 15.06401177208779
1 45089U 20006AX  23313.74138707  .00004079  00000-0  29257-3 0  9991
2 45089  53.0521 106.7585 0001233  88.3653 271.7477 15.06401177208768
1 45089U 20006AX  23314.60388555  .00008306  00000-0  57556-3 0  9995
2 45089  53.0518 102.8860 0001199  88.6849 271.4278 15.06420057208908
1 45089U 20006AX  23314.73657655  .00009731  00000-0  67079-3 0  9993
2 45089  53.0518 102.2903 0001224  87.3888 272.7242 15.06424938208927
1 45089U 20006AX  23314.73657655  .00009731  00000-0  67079-3 0  9993
2 45089  53.0518 102.2903 0001224  87.3888 272.7242 15.06424938208916
1 45089U 20006AX  23315.59908515  .00001006  00000-0  86404-4 0  9993
2 45089  53.0531  98.4141 0001268 111.4271 248.6853 15.06401933209050
1 45089U 20006AX  23315.79812921 -.00000684  00000-0 -27007-4 0  9997
2 45089  53.0529  97.5231 0001146  92.1569 267.9551 15.06399287209087
1 45089U 20006AX  23315.79812921 -.00000684  00000-0 -27007-4 0  9997
2 45089  53.0529  97.5231 0001146  92.1569 267.9551 15.06399287209076
1 45089U 20006AX  23316.52794566  .00001735  00000-0  13532-3 0  9996
2 45089  53.0530  94.2480 0001209  77.7550 282.3574 15.06400134209190
1 45089U 20006AX  23316.79333013  .00000479  00000-0  51019-4 0  9998
2 45089  53.0538  93.0562 0001183  82.5310 277.5814 15.06405822209232
1 45089U 20006AX  23317.39045865  .00006883  00000-0  48064-3 0  9990
2 45089  53.0548  90.3749 0001135  83.3429 276.7690 15.06391852209316
1 45089U 20006AX  23317.52315095  .00006308  00000-0  44206-3 0  9996
2 45089  53.0544  89.7797 0001192  81.4821 278.6303 15.06395726209344
1 45089U 20006AX  23317.65584360  .00006036  00000-0  42380-3 0  9992
2 45089  53.0548  89.1844 0001142  79.6458 280.4660 15.06398408209364
1 45089U 20006AX  23318.05391864  .00003428  00000-0  24886-3 0  9995
2 45089  53.0551  87.3974 0001224  81.0944 279.0183 15.06407246209411
1 45089U 20006AX  23318.51834175  .00003578  00000-0  25889-3 0  9993
2 45089  53.0542  85.3129 0001212  79.8808 280.2318 15.06411622209497
1 45089U 20006AX  23318.65103312  .00004305  00000-0  30759-3 0  9991
2 45089  53.0546  84.7179 0001208  79.1712 280.9413 15.06415660209513
1 45089U 20006AX  23319.51354690 -.00001541  00000-0 -84611-4 0  9992
2 45089  53.0549  80.8445 0001239  66.3129 293.7990 15.06397815209640
1 45089U 20006AX  23319.51354690 -.00001541  00000-0 -84611-4 0  9992
2 45089  53.0549  80.8445 0001239  66.3129 293.7990 15.06397815209639
1 45089U 20006AX  23319.77893739 -.00001218  00000-0 -62867-4 0  9992
2 45089  53.0549  79.6537 0001212  68.4556 291.6562 15.06395497209686
1 45089U 20006AX  23320.04432392 -.00000980  00000-0 -46882-4 0  9992
2 45089  53.0543  78.4625 0001155  80.0590 280.0530 15.06397006209729
1 45089U 20006AX  23320.70779164 -.00000042  00000-0  16091-4 0  9993
2 45089  53.0540  75.4845 0001158  80.3422 279.7697 15.06399477209821
1 45089U 20006AX  23320.70779164 -.00000042  00000-0  16091-4 0  9993
2 45089  53.0540  75.4845 0001158  80.3422 279.7697 15.06399477209810
1 45089U 20006AX  23321.50396176  .00001770  00000-0  13771-3 0  9999
2 45089  53.0540  71.9104 0001145  86.6186 273.4934 15.06391146209934
1 45089U 20006AX  23321.57030862  .00001800  00000-0  13970-3 0  9998
2 45089  53.0538  71.6127 0001133  89.0750 271.0368 15.06391408209952
1 45089U 20006AX  23322.56550748  .00001845  00000-0  14270-3 0  9991
2 45089  53.0549  67.1454 0001107  90.2077 269.9039 15.06401855210102
1 45089U 20006AX  23322.56550748  .00001845  00000-0  14270-3 0  9991
2 45089  53.0549  67.1454 0001107  90.2077 269.9039 15.06401855210090
1 45089U 20006AX  23323.49436975  .00000990  00000-0  85368-4 0  9996
2 45089  53.0569  62.9760 0001377 100.2489 259.8655 15.06395750210237
1 45089U 20006AX  23323.56071788  .00000807  00000-0  73070-4 0  9995
2 45089  53.0561  62.6784 0001239  93.3803 266.7328 15.06394101210256
1 45089U 20006AX  23324.55591227  .00001732  00000-0  13512-3 0  9992
2 45089  53.0565  58.2129 0001230  89.8476 270.2654 15.06404713210401
1 45089U 20006AX  23324.55591227  .00001732  00000-0  13512-3 0  9992
2 45089  53.0565  58.2129 0001230  89.8476 270.2654 15.06404713210399
1 45089U 20006AX  23325.08669499  .00000702  00000-0  66009-4 0  9994
2 45089  53.0565  55.8291 0001258 102.4312 257.6818 15.06394475210476
1 45089U 20006AX  23325.41843587  .00000053  00000-0  22467-4 0  9992
2 45089  53.0567  54.3419 0001322  89.8577 270.2564 15.06389257210524
1 45089U 20006AX  23325.55112948  .00000125  00000-0  27266-4 0  9999
2 45089  53.0569  53.7466 0001329  89.6909 270.4232 15.06390349210556
1 45089U 20006AX  23325.68382177  .00000292  00000-0  38533-4 0  9990
2 45089  53.0556  53.1468 0001259  89.3014 270.8119 15.06391836210576
1 45089U 20006AX  23326.47997124  .00001492  00000-0  11903-3 0  9996
2 45089  53.0561  49.5743 0001279  91.5377 268.5759 15.06408347210688
1 45089U 20006AX  23326.54631579  .00001900  00000-0  14635-3 0  9992
2 45089  53.0561  49.2764 0001278  89.8802 270.2334 15.06411181210702
1 45089U 20006AX  23327.40883690  .00001609  00000-0  12688-3 0  9993
2 45089  53.0557  45.4041 0001421  77.3827 282.7321 15.06395496210829
1 45089U 20006AX  23327.54153481  .00000369  00000-0  43676-4 0  9990
2 45089  53.0564  44.8103 0001671  65.8101 294.3062 15.06390120210856
1 45089U 20006AX  23327.54153481  .00000369  00000-0  43676-4 0  9990
2 45089  53.0564  44.8103 0001671  65.8101 294.3062 15.06390120210845
1 45089U 20006AX  23328.47038706 -.00000396  00000-0 -76962-5 0  9992
2 45089  53.0558  40.6390 0001367  74.3313 285.7827 15.06402788210995
1 45089U 20006AX  23328.47038706 -.00000396  00000-0 -76962-5 0  9992
2 45089  53.0558  40.6390 0001367  74.3313 285.7827 15.06402788210984
1 45089U 20006AX  23329.46560059  .00000846  00000-0  75714-4 0  9994
2 45089  53.0554  36.1718 0001528  68.1836 291.9315 15.06389387211143
1 45089U 20006AX  23329.99636321  .00002835  00000-0  20910-3 0  9995
2 45089  53.0559  33.7878 0001271  81.6328 278.4805 15.06405031211216
1 45089U 20006AX  23330.46078510  .00006755  00000-0  47170-3 0  9991
2 45089  53.0560  31.7041 0001498  96.0439 264.0721 15.06421019211292
1 45089U 20006AX  23330.46078510  .00006755  00000-0  47170-3 0  9991
2 45089  53.0560  31.7041 0001498  96.0439 264.0721 15.06421019211281
1 45089U 20006AX  23331.19061510 -.00002326  00000-0 -13733-3 0  9994
2 45089  53.0575  28.4284 0001684 114.6156 245.5009 15.06389409211390
1 45089U 20006AX  23331.45600477 -.00003367  00000-0 -20734-3 0  9999
2 45089  53.0562  27.2369 0001588 118.9694 241.1454 15.06378467211448
1 45089U 20006AX  23331.45600477 -.00003367  00000-0 -20734-3 0  9999
2 45089  53.0562  27.2369 0001588 118.9694 241.1454 15.06378467211437
1 45089U 20006AX  23332.45122137  .00011107  00000-0  76360-3 0  9997
2 45089  53.0559  22.7691 0001529 109.5311 250.5844 15.06389148211590
1 45089U 20006AX  23332.45122137  .00011107  00000-0  76360-3 0  9997
2 45089  53.0559  22.7691 0001529 109.5311 250.5844 15.06389148211589
1 45089U 20006AX  23333.51277285  .00008135  00000-0  56432-3 0  9995
2 45089  53.0552  18.0008 0001426 103.2151 256.8997 15.06402643211754
1 45089U 20006AX  23333.51277285  .00008135  00000-0  56432-3 0  9995
2 45089  53.0552  18.0008 0001426 103.2151 256.8997 15.06402643211743
1 45089U 20006AX  23334.50796278  .00011799  00000-0  80906-3 0  9996
2 45089  53.0552  13.5330 0001443  96.9006 263.2147 15.06428125211895
1 45089U 20006AX  23335.37044818 -.00018315  00000-0 -12137-2 0  9991
2 45089  53.0555   9.6605 0001334  90.8193 269.2949 15.06404463212030
1 45089U 20006AX  23335.37044818 -.00018315  00000-0 -12137-2 0  9991
2 45089  53.0555   9.6605 0001334  90.8193 269.2949 15.06404463212029
1 45089U 20006AX  23336.49835530  .00021096  00000-0  14305-2 0  9991
2 45089  53.0561   4.5986 0001488  77.0675 283.0480 15.06410386212209
1 45089U 20006AX  23336.49835530  .00021096  00000-0  14305-2 0  9991
2 45089  53.0561   4.5986 0001488  77.0675 283.0480 15.06410386212197
1 45089U 20006AX  23337.09548818 -.00000149  00000-0  89305-5 0  9990
2 45089  53.0572   1.9122 0001552 104.4880 255.6282 15.06377693212285
1 45089U 20006AX  23337.29453002  .00000246  00000-0  35453-4 0  9993
2 45089  53.0560   1.0138 0001998 129.7432 230.3733 15.06378450212325
1 45089U 20006AX  23338.28975125  .00000444  00000-0  48719-4 0  9997
2 45089  53.0555 356.5570 0001436 104.7223 255.3925 15.06378079212478
1 45089U 20006AX  23338.28975125  .00000444  00000-0  48719-4 0  9997
2 45089  53.0555 356.5570 0001436 104.7223 255.3925 15.06378079212467
1 45089U 20006AX  23339.48399904  .00009193  00000-0  63520-3 0  9991
2 45089  53.0551 351.1961 0001382  96.6040 263.5107 15.06404458212659
1 45089U 20006AX  23339.48399904  .00009193  00000-0  63520-3 0  9991
2 45089  53.0551 351.1961 0001382  96.6040 263.5107 15.06404458212648
1 45089U 20006AX  23340.41284463  .00008007  00000-0  55550-3 0  9996
2 45089  53.0548 347.0265 0001365  95.8063 264.3081 15.06420152212797
1 45089U 20006AX  23341.00996376  .00004661  00000-0  33154-3 0  9993
2 45089  53.0547 344.3428 0001507 125.9371 234.1758 15.06405173212873
1 45089U 20006AX  23341.27535255  .00000360  00000-0  43029-4 0  9992
2 45089  53.0548 343.1542 0001416  96.6632 263.4518 15.06405316212925
1 45089U 20006AX  23341.27535255  .00000360  00000-0  43029-4 0  9992
2 45089  53.0548 343.1542 0001416  96.6632 263.4518 15.06405316212914
1 45089U 20006AX  23342.40323812  .00001205  00000-0  99756-4 0  9999
2 45089  53.0548 338.0902 0001444 101.5737 258.5414 15.06412382213091
1 45089U 20006AX  23342.40323812  .00001205  00000-0  99756-4 0  9999
2 45089  53.0548 338.0902 0001444 101.5737 258.5414 15.06412382213080
1 45089U 20006AX  23343.13305733  .00000260  00000-0  36334-4 0  9995
2 45089  53.0564 334.8116 0001653 113.6457 246.4706 15.06401646213197
1 45089U 20006AX  23343.26575169 -.00000010  00000-0  18194-4 0  9999
2 45089  53.0559 334.2160 0001536 109.0700 251.0455 15.06400505213224
1 45089U 20006AX  23345.18980899  .00000849  00000-0  75887-4 0  9993
2 45089  53.0555 325.5799 0001390  98.3544 261.7602 15.06397028213503
1 45089U 20006AX  23345.25615761  .00000603  00000-0  59398-4 0  9991
2 45089  53.0552 325.2816 0001354  93.8993 266.2151 15.06395613213524
1 45089U 20006AX  23346.25135639  .00001633  00000-0  12848-3 0  9995
2 45089  53.0554 320.8171 0001413 100.7145 259.4003 15.06398719213670
1 45089U 20006AX  23346.25135639  .00001633  00000-0  12848-3 0  9995
2 45089  53.0554 320.8171 0001413 100.7145 259.4003 15.06398719213669
1 45089U 20006AX  23347.11387247  .00000978  00000-0  84540-4 0  9995
2 45089  53.0562 316.9447 0001528 109.9980 250.1174 15.06393058213797
1 45089U 20006AX  23347.18022472  .00003243  00000-0  23667-3 0  9998
2 45089  53.0560 316.6491 0001533  90.2155 269.9010 15.06378061213810
1 45089U 20006AX  23347.18022472  .00003243  00000-0  23667-3 0  9998
2 45089  53.0560 316.6491 0001533  90.2155 269.9010 15.06378061213809
1 45089U 20006AX  23348.17541876  .00000102  00000-0  25771-4 0  9992
2 45089  53.0566 312.1753 0001486  95.4441 264.6717 15.06402899213969
1 45089U 20006AX  23348.17541876  .00000102  00000-0  25771-4 0  9992
2 45089  53.0566 312.1753 0001486  95.4441 264.6717 15.06402899213958
1 45089U 20006AX  23349.10427720  .00001064  00000-0  90340-4 0  9999
2 45089  53.0560 308.0068 0001456 101.1311 258.9842 15.06397184214106
1 45089U 20006AX  23349.10427720  .00001064  00000-0  90340-4 0  9999
2 45089  53.0560 308.0068 0001456 101.1311 258.9842 15.06397184214094
1 45089U 20006AX  23350.09946826  .00002272  00000-0  17132-3 0  9991
2 45089  53.0554 303.5399 0001454 101.7015 258.4138 15.06409831214253
1 45089U 20006AX  23350.09946826  .00002272  00000-0  17132-3 0  9991
2 45089  53.0554 303.5399 0001454 101.7015 258.4138 15.06409831214242
1 45089U 20006AX  23351.09468234 -.00001232  00000-0 -63819-4 0  9995
2 45089  53.0553 299.0720 0001439  97.9347 262.1805 15.06394058214400
1 45089U 20006AX  23351.09468234 -.00001232  00000-0 -63819-4 0  9995
2 45089  53.0553 299.0720 0001439  97.9347 262.1805 15.06394058214398
1 45089U 20006AX  23352.15623347  .00001011  00000-0  86781-4 0  9997
2 45089  53.0553 294.3063 0001509  82.5981 277.5179 15.06400634214569
1 45089U 20006AX  23352.15623347  .00001011  00000-0  86781-4 0  9997
2 45089  53.0553 294.3063 0001509  82.5981 277.5179 15.06400634214558
1 45089U 20006AX  23353.15145229  .00001991  00000-0  15261-3 0  9997
2 45089  53.0546 289.8429 0001648  66.5786 293.5376 15.06384233214715
1 45089U 20006AX  23353.15145229  .00001991  00000-0  15261-3 0  9997
2 45089  53.0546 289.8429 0001648  66.5786 293.5376 15.06384233214704
1 45089U 20006AX  23354.08029491  .00002848  00000-0  20995-3 0  9994
2 45089  53.0547 285.6691 0001538  78.1932 281.9230 15.06410376214854
1 45089U 20006AX  23354.08029491  .00002848  00000-0  20995-3 0  9994
2 45089  53.0547 285.6691 0001538  78.1932 281.9230 15.06410376214843
1 45089U 20006AX  23354.94281316  .00000232  00000-0  34476-4 0  9990
2 45089  53.0544 281.7950 0001367 102.7753 257.3389 15.06394860214986
1 45089U 20006AX  23355.00915992  .00000102  00000-0  25735-4 0  9996
2 45089  53.0543 281.4966 0001430 112.2336 247.8805 15.06394439214993
1 45089U 20006AX  23355.00915992  .00000102  00000-0  25735-4 0  9996
2 45089  53.0543 281.4966 0001430 112.2336 247.8805 15.06394439214982
1 45089U 20006AX  23355.93801271  .00000156  00000-0  29342-4 0  9999
2 45089  53.0539 277.3271 0001580 117.0844 243.0306 15.06402853215135
1 45089U 20006AX  23356.07070517  .00001749  00000-0  13624-3 0  9990
2 45089  53.0536 276.7332 0001489 101.9591 258.1565 15.06407274215150
1 45089U 20006AX  23356.07070517  .00001749  00000-0  13624-3 0  9990
2 45089  53.0536 276.7332 0001489 101.9591 258.1565 15.06407274215149
1 45089U 20006AX  23356.93322079  .00001670  00000-0  13102-3 0  9992
2 45089  53.0539 272.8588 0001590 108.2181 251.8982 15.06396720215281
1 45089U 20006AX  23357.06591521  .00001271  00000-0  10421-3 0  9995
2 45089  53.0543 272.2622 0001495 103.5467 256.5689 15.06395575215292
1 45089U 20006AX  23357.19861019  .00000999  00000-0  85945-4 0  9991
2 45089  53.0544 271.6694 0001532  97.4922 262.6241 15.06395695215323
1 45089U 20006AX  23357.92841660  .00002531  00000-0  18868-3 0  9995
2 45089  53.0540 268.3962 0001401  82.8396 277.2752 15.06410986215430
1 45089U 20006AX  23358.12745363  .00005773  00000-0  40592-3 0  9991
2 45089  53.0541 267.5021 0001434  88.7103 271.4051 15.06418551215462
1 45089U 20006AX  23358.12745363  .00005773  00000-0  40592-3 0  9991
2 45089  53.0541 267.5021 0001434  88.7103 271.4051 15.06418551215451
1 45089U 20006AX  23358.72458059  .00000073  00000-0  23763-4 0  9990
2 45089  53.0539 264.8220 0001406  93.5486 266.5664 15.06400380215542
1 45089U 20006AX  23358.92362210 -.00000404  00000-0 -82070-5 0  9992
2 45089  53.0540 263.9288 0001271  80.2926 279.8206 15.06398607215581
1 45089U 20006AX  23359.12266230 -.00000207  00000-0  50166-5 0  9991
2 45089  53.0533 263.0348 0001177  93.5994 266.5129 15.06396729215612
1 45089U 20006AX  23359.91882646  .00005774  00000-0  40620-3 0  9998
2 45089  53.0529 259.4613 0001172  88.3969 271.7154 15.06400333215736
1 45089U 20006AX  23360.11786654  .00004284  00000-0  30627-3 0  9995
2 45089  53.0538 258.5688 0001308  84.3442 275.7696 15.06402681215767
1 45089U 20006AX  23360.11786654  .00004284  00000-0  30627-3 0  9995
2 45089  53.0538 258.5688 0001308  84.3442 275.7696 15.06402681215756
1 45089U 20006AX  23360.91405069 -.00003217  00000-0 -19733-3 0  9993
2 45089  53.0525 254.9933 0001475 104.5739 255.5414 15.06370425215882
1 45089U 20006AX  23361.11308996  .00008106  00000-0  56251-3 0  9993
2 45089  53.0536 254.1022 0001284  82.7230 277.3905 15.06396601215911
1 45089U 20006AX  23361.11308996  .00008106  00000-0  56251-3 0  9993
2 45089  53.0536 254.1022 0001284  82.7230 277.3905 15.06396601215900
1 45089U 20006AX  23361.90924644  .00011592  00000-0  79554-3 0  9998
2 45089  53.0537 250.5235 0001606 117.5220 242.5932 15.06413600216039
1 45089U 20006AX  23361.97559694  .00010166  00000-0  70016-3 0  9994
2 45089  53.0540 250.2297 0001390  77.4370 282.6774 15.06412419216045
1 45089U 20006AX  23362.83810109  .00001323  00000-0  10767-3 0  9993
2 45089  53.0538 246.3582 0001463  72.4044 287.7104 15.06407533216177
1 45089U 20006AX  23362.83810109  .00001323  00000-0  10767-3 0  9993
2 45089  53.0538 246.3582 0001463  72.4044 287.7104 15.06407533216166
1 45089U 20006AX  23363.10348723  .00000652  00000-0  62638-4 0  9991
2 45089  53.0532 245.1657 0001365  74.2769 285.8371 15.06405930216215
1 45089U 20006AX  23363.89964322  .00001838  00000-0  14223-3 0  9999
2 45089  53.0532 241.5907 0001350  80.5197 279.5945 15.06408671216337
1 45089U 20006AX  23364.03233544  .00001836  00000-0  14211-3 0  9996
2 45089  53.0532 240.9949 0001362  82.4542 277.6601 15.06409513216350
1 45089U 20006AX  23364.03233544  .00001836  00000-0  14211-3 0  9996
2 45089  53.0532 240.9949 0001362  82.4542 277.6601 15.06409513216349
1 45089U 20006AX  23364.82850214 -.00000445  00000-0 -10974-4 0  9992
2 45089  53.0540 237.4214 0001469  83.7903 276.3254 15.06396824216460
1 45089U 20006AX  23364.89484848 -.00000492  00000-0 -14121-4 0  9995
2 45089  53.0536 237.1236 0001473  83.5835 276.5321 15.06397020216481
