1 45087U 20006AV  23001.48331656 -.00006130  00000-0 -39325-3 0  9991
2 45087  53.0560  68.4610 0001596   5.7961 354.3046 15.06375841161709
1 45087U 20006AV  23001.88140286 -.00000350  00000-0 -45875-5 0  9999
2 45087  53.0557  66.6749 0001916  46.1972 313.9175 15.06384138161764
1 45087U 20006AV  23002.54487311  .00006841  00000-0  47770-3 0  9999
2 45087  53.0559  63.6964 0001931  47.1520 312.9631 15.06399148161863
1 45087U 20006AV  23002.87661129  .00008137  00000-0  56460-3 0  9992
2 45087  53.0560  62.2072 0002049  46.7206 313.3954 15.06397061161918
1 45087U 20006AV  23003.54007834  .00003602  00000-0  26061-3 0  9990
2 45087  53.0549  59.2303 0001967  37.7205 322.3921 15.06400380162010
1 45087U 20006AV  23004.53528072  .00008452  00000-0  58548-3 0  9995
2 45087  53.0559  54.7637 0002228  43.5058 316.6107 15.06409877162161
1 45087U 20006AV  23004.86701209  .00004735  00000-0  33651-3 0  9994
2 45087  53.0562  53.2744 0002131  44.7497 315.3664 15.06408548162215
1 45087U 20006AV  23005.53046437  .00014155  00000-0  96624-3 0  9990
2 45087  53.0556  50.2943 0002137  43.2551 316.8605 15.06438395162312
1 45087U 20006AV  23006.59203263 -.00004892  00000-0 -30987-3 0  9998
2 45087  53.0541  45.5285 0001907  50.0998 310.0159 15.06382952162471
1 45087U 20006AV  23007.12281834 -.00005278  00000-0 -33590-3 0  9990
2 45087  53.0539  43.1459 0001906  53.2971 306.8193 15.06374971162552
1 45087U 20006AV  23007.78629232  .00003054  00000-0  22394-3 0  9998
2 45087  53.0537  40.1681 0002195  51.9857 308.1330 15.06384956162656
1 45087U 20006AV  23008.51610669  .00013806  00000-0  94356-3 0  9997
2 45087  53.0534  36.8909 0001931  59.0491 301.0687 15.06414204162767
1 45087U 20006AV  23008.78150619  .00004112  00000-0  29486-3 0  9992
2 45087  53.0534  35.6992 0004493  75.9777 284.1711 15.06395893162802
1 45087U 20006AV  23009.44496339  .00006580  00000-0  46016-3 0  9997
2 45087  53.0526  32.7200 0002233  68.5838 291.5389 15.06405374162909
1 45087U 20006AV  23010.30747477  .00003869  00000-0  27850-3 0  9998
2 45087  53.0524  28.8485 0001802  70.1748 289.9436 15.06399109163035
1 45087U 20006AV  23010.77190316  .00005005  00000-0  35463-3 0  9996
2 45087  53.0524  26.7636 0001777  71.7002 288.4180 15.06400871163108
1 45087U 20006AV  23011.30267748  .00005210  00000-0  36836-3 0  9993
2 45087  53.0533  24.3806 0001910  79.1128 281.0075 15.06405594163188
1 45087U 20006AV  23012.43057105  .00004853  00000-0  34435-3 0  9997
2 45087  53.0535  19.3171 0001842  84.2078 275.9121 15.06409964163352
1 45087U 20006AV  23013.29308159  .00002970  00000-0  21819-3 0  9990
2 45087  53.0530  15.4455 0001778  89.3194 270.7999 15.06405232163486
1 45087U 20006AV  23013.95655283  .00000342  00000-0  41831-4 0  9994
2 45087  53.0526  12.4691 0001577  87.7568 272.3602 15.06399701163587
1 45087U 20006AV  23015.34983792  .00003243  00000-0  23650-3 0  9999
2 45087  53.0530   6.2120 0002175  99.2593 260.8641 15.06403790163793
1 45087U 20006AV  23016.34502969  .00013945  00000-0  95246-3 0  9993
2 45087  53.0536   1.7443 0001808 111.5129 248.6053 15.06429819163940
1 45087U 20006AV  23016.80946867 -.00004875  00000-0 -30865-3 0  9993
2 45087  53.0534 359.6596 0001917 108.4241 251.6956 15.06389169164011
1 45087U 20006AV  23017.34025137 -.00003842  00000-0 -23930-3 0  9999
2 45087  53.0530 357.2756 0001748 112.6617 247.4557 15.06376420164099
1 45087U 20006AV  23017.67198845  .00001732  00000-0  13520-3 0  9990
2 45087  53.0532 355.7856 0001839 112.9537 247.1646 15.06386781164143
1 45087U 20006AV  23018.33545671  .00020946  00000-0  14202-2 0  9992
2 45087  53.0530 352.8083 0001817  95.1798 264.9398 15.06418288164248
1 45087U 20006AV  23019.33064364  .00024591  00000-0  16621-2 0  9995
2 45087  53.0539 348.3408 0001508  95.0619 265.0543 15.06443177164391
1 45087U 20006AV  23020.19316563  .00024565  00000-0  16628-2 0  9990
2 45087  53.0538 344.4693 0001414  75.9739 284.1407 15.06388131164972
1 45087U 20006AV  23025.23552901  .00009336  00000-0  64453-3 0  9997
2 45087  53.0536 321.8322 0001415 111.1446 248.9694 15.06415222165280
1 45087U 20006AV  23025.83265390  .00001930  00000-0  14844-3 0  9997
2 45087  53.0532 319.1523 0001380 101.0334 259.0811 15.06400938165376
1 45087U 20006AV  23026.09803597  .00022988  00000-0  15559-2 0  9992
2 45087  53.0532 317.9620 0001070  95.1917 264.9194 15.06430046165413
1 45087U 20006AV  23027.22593232  .00001862  00000-0  14385-3 0  9995
2 45087  53.0536 312.8961 0001188 106.8235 253.2884 15.06401127165585
1 45087U 20006AV  23028.15479578 -.00000290  00000-0 -57192-6 0  9996
2 45087  53.0537 308.7244 0001227 115.2526 244.8590 15.06394717165727
1 45087U 20006AV  23028.88461592  .00008664  00000-0  59993-3 0  9992
2 45087  53.0542 305.4478 0001228 122.3908 237.7200 15.06393047165836
1 45087U 20006AV  23029.87981396  .00001924  00000-0  14803-3 0  9994
2 45087  53.0529 300.9836 0001200 101.6351 258.4773 15.06401134165989
1 45087U 20006AV  23030.54328116  .00001036  00000-0  88399-4 0  9991
2 45087  53.0527 298.0058 0001196  92.4939 267.6187 15.06401563166082
1 45087U 20006AV  23030.87501535 -.00000553  00000-0 -18233-4 0  9990
2 45087  53.0529 296.5164 0001180  92.6786 267.4338 15.06401198166136
1 45087U 20006AV  23031.53848259  .00000818  00000-0  73805-4 0  9999
2 45087  53.0528 293.5375 0001145 103.4713 256.6403 15.06400305166231
1 45087U 20006AV  23031.87021872  .00001343  00000-0  10902-3 0  9992
2 45087  53.0534 292.0481 0001211  95.0831 265.0296 15.06397307166287
1 45087U 20006AV  23032.13559967  .00001877  00000-0  14484-3 0  9994
2 45087  53.0533 290.8571 0001191  90.7552 269.3574 15.06405445166325
1 45087U 20006AV  23033.06446184  .00001175  00000-0  97747-4 0  9998
2 45087  53.0531 286.6865 0001218  91.5061 268.6067 15.06398666166466
1 45087U 20006AV  23034.05966322  .00001557  00000-0  12339-3 0  9996
2 45087  53.0536 282.2198 0001311  89.4902 270.6237 15.06401389166612
1 45087U 20006AV  23035.12121593  .00000688  00000-0  65059-4 0  9990
2 45087  53.0533 277.4526 0001111  86.3585 273.7530 15.06401432166777
1 45087U 20006AV  23035.91737173  .00000421  00000-0  47134-4 0  9993
2 45087  53.0518 273.8793 0000963  90.5115 269.5984 15.06411159166892
1 45087U 20006AV  23036.05008803  .00023167  00000-0  15704-2 0  9998
2 45087  53.0516 273.2843 0001274 102.0031 258.1100 15.06368714166917
1 45087U 20006AV  23036.91258339  .00001021  00000-0  87435-4 0  9991
2 45087  53.0520 269.4116 0001140  86.9723 273.1396 15.06397570167043
1 45087U 20006AV  23037.11162225  .00002134  00000-0  16209-3 0  9998
2 45087  53.0517 268.5179 0001193  86.8249 273.2876 15.06401056167070
1 45087U 20006AV  23037.90778206  .00003554  00000-0  25733-3 0  9996
2 45087  53.0519 264.9430 0001232  88.6760 271.4370 15.06407728167198
1 45087U 20006AV  23038.04047342  .00005763  00000-0  40533-3 0  9991
2 45087  53.0521 264.3471 0001256  90.1893 269.9240 15.06413840167214
1 45087U 20006AV  23038.90298476  .00006350  00000-0  44472-3 0  9991
2 45087  53.0515 260.4755 0001298  98.2831 261.8305 15.06409650167347
1 45087U 20006AV  23039.89819041  .00002870  00000-0  21151-3 0  9999
2 45087  53.0521 256.0084 0001381 109.7929 250.3209 15.06396048167497
1 45087U 20006AV  23040.03088307  .00006878  00000-0  48015-3 0  9990
2 45087  53.0514 255.4114 0001245 112.0436 248.0685 15.06401914167519
1 45087U 20006AV  23040.82705107  .00000084  00000-0  24523-4 0  9993
2 45087  53.0512 251.8371 0001167 110.2865 249.8250 15.06391859167637
1 45087U 20006AV  23040.95974438  .00001079  00000-0  91302-4 0  9996
2 45087  53.0510 251.2402 0001170  84.5674 275.5448 15.06393967167658
1 45087U 20006AV  23041.82226710  .00018315  00000-0  12459-2 0  9991
2 45087  53.0517 247.3663 0001169  84.9343 275.1780 15.06380827167785
1 45087U 20006AV  23042.35303073  .00001845  00000-0  14274-3 0  9996
2 45087  53.0513 244.9875 0001075  75.7964 284.3144 15.06399192167862
1 45087U 20006AV  23042.81745918  .00001081  00000-0  91468-4 0  9998
2 45087  53.0519 242.9020 0000960  77.1596 282.9500 15.06398200167934
1 45087U 20006AV  23043.54727532  .00001589  00000-0  12554-3 0  9992
2 45087  53.0508 239.6243 0001056  86.1713 273.9396 15.06395680168045
1 45087U 20006AV  23044.54247954  .00000427  00000-0  47548-4 0  9990
2 45087  53.0512 235.1565 0001065  91.5989 268.5122 15.06393500168645
1 45087U 20006AV  23045.47133603  .00000948  00000-0  82529-4 0  9994
2 45087  53.0516 230.9863 0001137  84.3627 275.7491 15.06395225168333
1 45087U 20006AV  23045.80306627  .00001893  00000-0  14595-3 0  9996
2 45087  53.0522 229.4984 0001085  82.6966 277.4146 15.06400139168388
1 45087U 20006AV  23046.53288623  .00001152  00000-0  96206-4 0  9990
2 45087  53.0519 226.2214 0001108  81.1703 278.9412 15.06394636168492
1 45087U 20006AV  23046.59923167  .00001368  00000-0  11071-3 0  9990
2 45087  53.0518 225.9233 0001124  81.4328 278.6789 15.06396431168503
1 45087U 20006AV  23047.59443088  .00001375  00000-0  11120-3 0  9993
2 45087  53.0520 221.4557 0001095  86.6953 273.4161 15.06401469168655
1 45087U 20006AV  23048.45694577  .00002691  00000-0  19952-3 0  9993
2 45087  53.0516 217.5828 0001141  94.4764 265.6355 15.06385359168787
1 45087U 20006AV  23048.58963809  .00000203  00000-0  32489-4 0  9992
2 45087  53.0521 216.9871 0001113  90.8569 269.2547 15.06393691168800
1 45087U 20006AV  23049.18675841 -.00003542  00000-0 -21890-3 0  9999
2 45087  53.0522 214.3058 0001099 102.3398 257.7714 15.06415956168898
1 45087U 20006AV  23050.58002326  .00003491  00000-0  25307-3 0  9995
2 45087  53.0525 208.0513 0001251  95.9472 264.1659 15.06412119169100
1 45087U 20006AV  23051.57524781  .00000208  00000-0  32878-4 0  9994
2 45087  53.0528 203.5841 0001100 102.6665 257.4447 15.06389144169257
1 45087U 20006AV  23052.43775673 -.00002554  00000-0 -15265-3 0  9996
2 45087  53.0522 199.7115 0001053  95.0978 265.0131 15.06390518169386
1 45087U 20006AV  23052.70314190  .00002979  00000-0  21880-3 0  9998
2 45087  53.0521 198.5209 0001009  98.6717 261.4386 15.06398288169426
1 45087U 20006AV  23053.56566737 -.00000224  00000-0  38731-5 0  9996
2 45087  53.0521 194.6485 0001084  85.0951 275.0162 15.06379531169559
1 45087U 20006AV  23053.76471346  .00020516  00000-0  13932-2 0  9997
2 45087  53.0520 193.7555 0001116  78.0701 282.0413 15.06372870169586
1 45087U 20006AV  23054.49452991  .00024744  00000-0  16737-2 0  9996
2 45087  53.0518 190.4787 0001113  77.7038 282.4076 15.06411415169690
1 45087U 20006AV  23054.75991297  .00023984  00000-0  16225-2 0  9999
2 45087  53.0519 189.2871 0001094  77.3909 282.7202 15.06424472169738
1 45087U 20006AV  23055.48973209  .00012621  00000-0  86476-3 0  9995
2 45087  53.0518 186.0111 0000988  92.1389 267.9713 15.06396423169845
1 45087U 20006AV  23055.62242606  .00017379  00000-0  11828-2 0  9994
2 45087  53.0519 185.4155 0000987  92.3979 267.7123 15.06398298169860
1 45087U 20006AV  23056.55126814  .00023236  00000-0  15720-2 0  9993
2 45087  53.0519 181.2450 0000962  91.1124 268.9975 15.06440130170003
1 45087U 20006AV  23056.61761148  .00021735  00000-0  14718-2 0  9993
2 45087  53.0521 180.9464 0000977 111.5597 248.5496 15.06444517170010
1 45087U 20006AV  23057.48011785  .00008421  00000-0  58324-3 0  9993
2 45087  53.0513 177.0754 0001308 122.7169 237.3946 15.06419349170143
1 45087U 20006AV  23057.61281503  .00020894  00000-0  14170-2 0  9993
2 45087  53.0520 176.4804 0001134  93.1598 266.9520 15.06411058170611
1 45087U 20006AV  23058.40896143  .00027941  00000-0  18847-2 0  9998
2 45087  53.0532 172.9032 0001312  89.6458 270.4681 15.06450183170284
1 45087U 20006AV  23058.60799220  .00045022  00000-0  30158-2 0  9997
2 45087  53.0525 172.0106 0001320  84.8742 275.2397 15.06478632170311
1 45087U 20006AV  23059.53685874  .00016818  00000-0  11463-2 0  9998
2 45087  53.0521 167.8416 0001387 114.2368 245.8766 15.06366332170459
1 45087U 20006AV  23059.60320844  .00029604  00000-0  19999-2 0  9998
2 45087  53.0521 167.5438 0001315 116.6673 243.4451 15.06364999170469
1 45087U 20006AV  23060.79748439  .00021262  00000-0  14430-2 0  9991
2 45087  53.0521 162.1819 0001343 108.7065 251.4070 15.06373790170646
1 45087U 20006AV  23061.52729355  .00033325  00000-0  22438-2 0  9999
2 45087  53.0514 158.9073 0001038 115.8330 244.2766 15.06429734170752
1 45087U 20006AV  23062.45613853  .00042768  00000-0  28687-2 0  9990
2 45087  53.0516 154.7373 0001139 117.4303 242.6802 15.06452000170891
1 45087U 20006AV  23062.72151634  .00032365  00000-0  21784-2 0  9997
2 45087  53.0531 153.5436 0000682 121.5133 238.5922 15.06457099170939
1 45087U 20006AV  23063.45134062  .00028808  00000-0  19448-2 0  9995
2 45087  53.0533 150.2675 0001297 101.5789 258.5345 15.06403752171049
1 45087U 20006AV  23063.58403388  .00029804  00000-0  20108-2 0  9991
2 45087  53.0542 149.6715 0001477 101.1381 258.9774 15.06409655171510
1 45087U 20006AV  23064.91099691  .00034423  00000-0  23187-2 0  9990
2 45087  53.0547 143.7182 0001239  84.8127 275.3004 15.06398065171262
1 45087U 20006AV  23065.64078760  .00042510  00000-0  28494-2 0  9997
2 45087  53.0530 140.4438 0001529 107.6021 252.5135 15.06480703171376
1 45087U 20006AV  23066.90138265  .00039076  00000-0  26302-2 0  9993
2 45087  53.0525 134.7821 0000679 121.9128 238.1927 15.06365206171564
1 45087U 20006AV  23067.89658807  .00024039  00000-0  16265-2 0  9991
2 45087  53.0507 130.3153 0000890  68.4236 291.6848 15.06416679171718
1 45087U 20006AV  23068.89178084  .00008873  00000-0  61351-3 0  9991
2 45087  53.0525 125.8458 0000755  93.9293 266.1783 15.06419408171865
1 45087U 20006AV  23069.42255851  .00001488  00000-0  11878-3 0  9993
2 45087  53.0522 123.4639 0001362  83.3175 276.7968 15.06405039171940
1 45087U 20006AV  23070.55046352  .00003390  00000-0  24643-3 0  9991
2 45087  53.0524 118.3974 0001392 101.6255 258.4891 15.06391863172114
1 45087U 20006AV  23070.61680892  .00002751  00000-0  20350-3 0  9992
2 45087  53.0523 118.0998 0001317  96.3060 263.8079 15.06396607172127
1 45087U 20006AV  23071.54567987 -.00001205  00000-0 -62020-4 0  9990
2 45087  53.0534 113.9314 0001209  99.7233 260.3892 15.06386014172265
1 45087U 20006AV  23072.47452583  .00011299  00000-0  77584-3 0  9990
2 45087  53.0521 109.7614 0001266  77.3858 282.7273 15.06418624172405
1 45087U 20006AV  23072.87261320 -.00000483  00000-0 -13517-4 0  9993
2 45087  53.0530 107.9786 0001257  67.1224 292.9898 15.06396241172461
1 45087U 20006AV  23073.40339191 -.00000156  00000-0  84510-5 0  9993
2 45087  53.0516 105.5904 0001364 113.4991 246.6141 15.06388949172548
1 45087U 20006AV  23073.80146937  .00003952  00000-0  28398-3 0  9997
2 45087  53.0522 103.8047 0001274  86.7056 273.4078 15.06405490172603
1 45087U 20006AV  23074.33223542  .00015887  00000-0  10822-2 0  9996
2 45087  53.0514 101.4209 0001361  90.8354 269.2791 15.06427717172681
1 45087U 20006AV  23074.79666294  .00005748  00000-0  40431-3 0  9996
2 45087  53.0512  99.3390 0001753  79.6608 280.4579 15.06415524172757
1 45087U 20006AV  23075.52648868  .00020055  00000-0  13622-2 0  9994
2 45087  53.0525  96.0611 0001031 102.6541 257.4564 15.06378697172862
1 45087U 20006AV  23076.52168882  .00012126  00000-0  83126-3 0  9995
2 45087  53.0529  91.5930 0001137 108.3456 251.7657 15.06414091173012
1 45087U 20006AV  23077.71593557  .00014941  00000-0  10195-2 0  9990
2 45087  53.0526  86.2312 0001098 110.4024 249.7083 15.06410947173190
1 45087U 20006AV  23078.37939219  .00016250  00000-0  11063-2 0  9992
2 45087  53.0525  83.2524 0001090 111.6144 248.4961 15.06433768173297
1 45087U 20006AV  23078.71112748  .00005637  00000-0  39680-3 0  9993
2 45087  53.0527  81.7625 0001331  89.8383 270.2758 15.06418473173342
1 45087U 20006AV  23079.50730078  .00006336  00000-0  44397-3 0  9991
2 45087  53.0527  78.1887 0001059  88.1854 271.9256 15.06389752173465
1 45087U 20006AV  23079.70634308  .00013367  00000-0  91469-3 0  9996
2 45087  53.0524  77.2949 0000984 100.7344 259.3756 15.06393655173497
1 45087U 20006AV  23080.30346102  .00018200  00000-0  12370-2 0  9990
2 45087  53.0526  74.6143 0001051  94.1381 265.9728 15.06418058173586
1 45087U 20006AV  23080.50249909  .00018804  00000-0  12771-2 0  9994
2 45087  53.0527  73.7202 0001153  88.7399 271.3722 15.06422573174060
1 45087U 20006AV  23081.69675568  .00025178  00000-0  17027-2 0  9990
2 45087  53.0530  68.3593 0001395  87.4983 272.6166 15.06409179173792
1 45087U 20006AV  23082.22752107  .00021568  00000-0  14611-2 0  9990
2 45087  53.0533  65.9766 0001439  88.4870 271.6284 15.06433951173879
1 45087U 20006AV  23083.42176256  .00030808  00000-0  20764-2 0  9991
2 45087  53.0538  60.6155 0001464  74.5527 285.5623 15.06431278174503
1 45087U 20006AV  23083.95251863  .00020697  00000-0  14021-2 0  9991
2 45087  53.0534  58.2332 0001420  78.9621 281.1528 15.06458320174136
1 45087U 20006AV  23084.41691961  .00024656  00000-0  16642-2 0  9990
2 45087  53.0543  56.1479 0001488  79.5644 280.5513 15.06492895174201
1 45087U 20006AV  23085.41217490  .00021690  00000-0  14733-2 0  9996
2 45087  53.0542  51.6814 0001410  99.7522 260.3626 15.06329969174355
1 45087U 20006AV  23086.40740417  .00024577  00000-0  16639-2 0  9990
2 45087  53.0541  47.2142 0001405 100.1936 259.9211 15.06381305174502
1 45087U 20006AV  23087.26991642  .00024316  00000-0  16452-2 0  9997
2 45087  53.0538  43.3420 0001421 100.4623 259.6526 15.06411245174635
1 45087U 20006AV  23088.26508207  .00031736  00000-0  21350-2 0  9996
2 45087  53.0547  38.8731 0001447 107.2683 252.8464 15.06484360174788
1 45087U 20006AV  23089.32663564  .00026654  00000-0  18008-2 0  9991
2 45087  53.0546  34.1086 0001599 120.9993 239.1153 15.06414255174940
1 45087U 20006AV  23091.18435928  .00028115  00000-0  19024-2 0  9992
2 45087  53.0549  25.7692 0001467 123.7197 236.3932 15.06330826175220
1 45087U 20006AV  23092.17958860  .00038042  00000-0  25594-2 0  9996
2 45087  53.0548  21.3022 0001622 131.2088 228.9041 15.06394612175371
1 45087U 20006AV  23093.17479375  .00022451  00000-0  15206-2 0  9992
2 45087  53.0549  16.8343 0001456 124.8969 235.2156 15.06417672175525
1 45087U 20006AV  23094.16995936  .00035415  00000-0  23789-2 0  9997
2 45087  53.0551  12.3664 0001400 126.0012 234.1107 15.06488055175670
1 45087U 20006AV  23094.89978621  .00012154  00000-0  83358-3 0  9993
2 45087  53.0554   9.0913 0002052 140.1284 219.9856 15.06392562175786
1 45087U 20006AV  23095.23152524 -.00002424  00000-0 -14393-3 0  9992
2 45087  53.0549   7.6013 0001623 141.8857 218.2247 15.06384402175838
1 45087U 20006AV  23095.82865213  .00018616  00000-0  12653-2 0  9997
2 45087  53.0544   4.9203 0001100 129.2543 230.8543 15.06402022175924
1 45087U 20006AV  23096.02768922  .00029917  00000-0  20173-2 0  9991
2 45087  53.0544   4.0284 0000935  94.7833 265.3263 15.06428023175951
1 45087U 20006AV  23096.75750955  .00015445  00000-0  10534-2 0  9999
2 45087  53.0538   0.7479 0000630  60.4530 299.6522 15.06402203176062
1 45087U 20006AV  23097.15559552  .00029006  00000-0  19586-2 0  9998
2 45087  53.0545 358.9641 0000980  71.2386 288.8710 15.06392332176123
1 45087U 20006AV  23098.15078124  .00018751  00000-0  12730-2 0  9999
2 45087  53.0550 354.4958 0000910  80.5335 279.5757 15.06438925176274
1 45087U 20006AV  23099.21234830  .00021037  00000-0  14273-2 0  9990
2 45087  53.0541 349.7315 0001269  90.2069 269.9065 15.06391842176437
1 45087U 20006AV  23099.94215794  .00021544  00000-0  14599-2 0  9992
2 45087  53.0540 346.4551 0001250  91.7099 268.4033 15.06422940176546
1 45087U 20006AV  23100.07484852  .00023045  00000-0  15596-2 0  9998
2 45087  53.0541 345.8599 0001334  84.9268 275.1873 15.06432261176563
1 45087U 20006AV  23100.67197421  .00017530  00000-0  11926-2 0  9992
2 45087  53.0540 343.1788 0001264  89.3130 270.8004 15.06406908176659
1 45087U 20006AV  23101.07005534  .00022559  00000-0  15282-2 0  9996
2 45087  53.0541 341.3909 0000944  73.3069 286.8023 15.06408384176718
1 45087U 20006AV  23101.93254636  .00019167  00000-0  13007-2 0  9994
2 45087  53.0551 337.5182 0001024 105.5161 254.5941 15.06442060176844
1 45087U 20006AV  23102.06523498  .00020872  00000-0  14140-2 0  9998
2 45087  53.0551 336.9220 0001086 104.9681 255.1429 15.06450913176864
1 45087U 20006AV  23103.06045643  .00024258  00000-0  16429-2 0  9994
2 45087  53.0545 332.4559 0001064  77.8972 282.2136 15.06375078177012
1 45087U 20006AV  23104.05565647  .00027692  00000-0  18693-2 0  9995
2 45087  53.0540 327.9885 0001029  78.6509 281.4595 15.06427904177166
1 45087U 20006AV  23105.58163859  .00024844  00000-0  16796-2 0  9991
2 45087  53.0539 321.1377 0001223  90.4836 269.6293 15.06428826177399
1 45087U 20006AV  23105.84701794  .00027750  00000-0  18722-2 0  9996
2 45087  53.0536 319.9469 0001234  85.8769 274.2361 15.06446764177432
1 45087U 20006AV  23106.57683629  .00017004  00000-0  11575-2 0  9993
2 45087  53.0534 316.6705 0001756  86.5895 273.5294 15.06406139177545
1 45087U 20006AV  23106.84223085  .00020655  00000-0  14024-2 0  9997
2 45087  53.0532 315.4794 0001372  61.8115 298.3012 15.06375361177582
1 45087U 20006AV  23107.04127514  .00031222  00000-0  21069-2 0  9999
2 45087  53.0531 314.5855 0001498  64.9610 295.1534 15.06378402177619
1 45087U 20006AV  23107.83743516  .00029865  00000-0  20141-2 0  9992
2 45087  53.0532 311.0114 0001538  65.1311 294.9838 15.06423605177739
1 45087U 20006AV  23108.03647103  .00030143  00000-0  20319-2 0  9998
2 45087  53.0529 310.1176 0001528  63.7308 296.3838 15.06436354177766
1 45087U 20006AV  23108.83264520  .00024131  00000-0  16338-2 0  9990
2 45087  53.0538 306.5436 0001173  76.1020 284.0099 15.06389621177889
1 45087U 20006AV  23109.56245715  .00021029  00000-0  14257-2 0  9997
2 45087  53.0534 303.2667 0001223  77.6213 282.4913 15.06418847177993
1 45087U 20006AV  23109.69514784  .00025484  00000-0  17222-2 0  9990
2 45087  53.0533 302.6712 0001242  77.1773 282.9355 15.06429695178015
1 45087U 20006AV  23110.55765992  .00000456  00000-0  49523-4 0  9999
2 45087  53.0527 298.7988 0000969  93.3518 266.7582 15.06379204178146
1 45087U 20006AV  23110.82305138  .00017706  00000-0  12052-2 0  9992
2 45087  53.0527 297.6078 0001167 102.0233 258.0887 15.06380212178184
1 45087U 20006AV  23111.88459976  .00024617  00000-0  16648-2 0  9993
2 45087  53.0528 292.8416 0000987  99.3897 260.7203 15.06421890178349
1 45087U 20006AV  23112.74711413  .00023852  00000-0  16143-2 0  9996
2 45087  53.0528 288.9693 0001300  77.0997 283.0137 15.06409660178475
1 45087U 20006AV  23112.94615362  .00020950  00000-0  14208-2 0  9990
2 45087  53.0522 288.0752 0000807  82.2211 277.8869 15.06410340178508
1 45087U 20006AV  23114.20672310  .00033830  00000-0  22766-2 0  9996
2 45087  53.0539 282.4183 0000630  87.3263 272.7798 15.06441870178696
1 45087U 20006AV  23115.53367091  .00012420  00000-0  85120-3 0  9996
2 45087  53.0533 276.4600 0001385 100.6360 259.4785 15.06400971178899
1 45087U 20006AV  23116.52887289  .00001803  00000-0  13990-3 0  9991
2 45087  53.0543 271.9947 0001347  83.8401 276.2742 15.06399272179049
1 45087U 20006AV  23116.79425946  .00010897  00000-0  74926-3 0  9997
2 45087  53.0540 270.8018 0001433  99.8743 260.2407 15.06403716179089
1 45087U 20006AV  23117.52407464  .00002210  00000-0  16718-3 0  9999
2 45087  53.0541 267.5257 0001308  90.8807 269.2332 15.06399723179191
1 45087U 20006AV  23118.51927774  .00000712  00000-0  66699-4 0  9999
2 45087  53.0545 263.0587 0001308  93.2194 266.8945 15.06398430179342
1 45087U 20006AV  23119.58082952  .00001004  00000-0  86286-4 0  9996
2 45087  53.0524 258.2930 0001675  82.6361 277.4818 15.06400247179507
1 45087U 20006AV  23120.57604137 -.00000588  00000-0 -20573-4 0  9997
2 45087  53.0548 253.8256 0001136  98.1070 262.0048 15.06386250179654
1 45087U 20006AV  23121.57123589  .00008062  00000-0  55925-3 0  9996
2 45087  53.0533 249.3564 0001153  85.0629 275.0492 15.06414390179805
1 45087U 20006AV  23121.70392852  .00015938  00000-0  10857-2 0  9996
2 45087  53.0537 248.7594 0001122  95.1564 264.9553 15.06424772179823
1 45087U 20006AV  23122.56644103 -.00001591  00000-0 -87944-4 0  9995
2 45087  53.0539 244.8876 0001376  92.2762 267.8385 15.06394905179957
1 45087U 20006AV  23122.63278803  .00002562  00000-0  19085-3 0  9990
2 45087  53.0536 244.5901 0001243  83.2287 276.8843 15.06397918179962
1 45087U 20006AV  23123.56163977  .00021646  00000-0  14665-2 0  9990
2 45087  53.0539 240.4212 0001324  80.5053 279.6085 15.06427798180552
1 45087U 20006AV  23123.69433037  .00022511  00000-0  15239-2 0  9991
2 45087  53.0538 239.8254 0001327  78.3668 281.7469 15.06434426180128
1 45087U 20006AV  23124.55684733  .00019738  00000-0  13404-2 0  9997
2 45087  53.0538 235.9520 0001028  85.7440 274.3666 15.06396835180251
1 45087U 20006AV  23124.62319584  .00016444  00000-0  11205-2 0  9992
2 45087  53.0539 235.6551 0001348  86.3006 273.8137 15.06392721180261
1 45087U 20006AV  23125.61838644  .00024751  00000-0  16732-2 0  9995
2 45087  53.0540 231.1863 0001236 106.9066 253.2058 15.06432703180417
1 45087U 20006AV  23126.54725454  .00016413  00000-0  11186-2 0  9996
2 45087  53.0547 227.0138 0001237 121.0676 239.0434 15.06385635180555
1 45087U 20006AV  23127.40975968  .00019179  00000-0  13022-2 0  9992
2 45087  53.0531 223.1431 0000929  73.7665 286.3426 15.06420783180683
1 45087U 20006AV  23128.53766349  .00025399  00000-0  17191-2 0  9990
2 45087  53.0530 218.0840 0001163  83.8659 276.2462 15.06373895181304
1 45087U 20006AV  23129.46651792  .00032001  00000-0  21559-2 0  9999
2 45087  53.0525 213.9147 0001261  84.8680 275.2452 15.06428060180993
1 45087U 20006AV  23130.52807756  .00028603  00000-0  19324-2 0  9991
2 45087  53.0522 209.1499 0001211 105.9832 254.1291 15.06380008181151
1 45087U 20006AV  23131.45692811  .00023626  00000-0  15986-2 0  9998
2 45087  53.0520 204.9790 0001148 100.6081 259.5037 15.06425918181295
1 45087U 20006AV  23131.92135967  .00012679  00000-0  86840-3 0  9998
2 45087  53.0526 202.8965 0001717  68.6168 291.5005 15.06405004181366
1 45087U 20006AV  23131.98770442  .00009262  00000-0  63966-3 0  9995
2 45087  53.0514 202.6004 0001709  78.0096 282.1084 15.06410237181379
1 45087U 20006AV  23133.51368407  .00019736  00000-0  13392-2 0  9994
2 45087  53.0530 195.7455 0001184  71.0216 289.0901 15.06426156182050
1 45087U 20006AV  23134.57523708  .00003955  00000-0  28423-3 0  9996
2 45087  53.0532 190.9804 0001213  80.9388 279.1738 15.06399081181760
1 45087U 20006AV  23134.84062669  .00003566  00000-0  25818-3 0  9993
2 45087  53.0532 189.7869 0001163  82.6859 277.4262 15.06392858181806
1 45087U 20006AV  23135.43774383  .00000118  00000-0  26817-4 0  9993
2 45087  53.0527 187.1071 0001192  87.1187 272.9938 15.06405477181894
1 45087U 20006AV  23135.83582965 -.00000806  00000-0 -35198-4 0  9998
2 45087  53.0524 185.3203 0001173  82.7865 277.3258 15.06396591181958
1 45087U 20006AV  23136.43295865  .00000684  00000-0  64790-4 0  9997
2 45087  53.0526 182.6399 0001274  82.9464 277.1670 15.06388870182043
1 45087U 20006AV  23136.83103792  .00001504  00000-0  11986-3 0  9998
2 45087  53.0526 180.8528 0001261  85.3652 274.7481 15.06394639182109
1 45087U 20006AV  23137.82623873  .00000272  00000-0  37129-4 0  9994
2 45087  53.0524 176.3846 0001275  82.9270 277.1864 15.06398480182250
1 45087U 20006AV  23138.42336604  .00001554  00000-0  12323-3 0  9996
2 45087  53.0530 173.7032 0001215  85.6975 274.4153 15.06393110182347
1 45087U 20006AV  23138.82144373  .00001407  00000-0  11336-3 0  9990
2 45087  53.0532 171.9162 0001212  85.6485 274.4643 15.06398937182409
1 45087U 20006AV  23139.81663977  .00001295  00000-0  10578-3 0  9998
2 45087  53.0542 167.4489 0001232  82.7004 277.4125 15.06403956182551
1 45087U 20006AV  23140.48010452  .00002528  00000-0  18848-3 0  9995
2 45087  53.0540 164.4705 0001226  83.3195 276.7933 15.06407366182657
1 45087U 20006AV  23141.27625477  .00003743  00000-0  26987-3 0  9995
2 45087  53.0534 160.8968 0001264  82.2240 277.8892 15.06420712182771
1 45087U 20006AV  23141.74068270  .00000544  00000-0  55414-4 0  9993
2 45087  53.0526 158.8122 0001196  86.3597 273.7528 15.06410776182843
1 45087U 20006AV  23142.27146467 -.00001782  00000-0 -10079-3 0  9991
2 45087  53.0538 156.4345 0001681 109.8023 250.3147 15.06397329182926
1 45087U 20006AV  23142.73589626 -.00003486  00000-0 -21528-3 0  9994
2 45087  53.0533 154.3471 0001495 102.4116 257.7040 15.06390760182995
1 45087U 20006AV  23143.73110188 -.00000232  00000-0  33346-5 0  9996
2 45087  53.0536 149.8785 0001296  91.6594 268.4544 15.06394732183142
1 45087U 20006AV  23144.32822463  .00001824  00000-0  14134-3 0  9997
2 45087  53.0536 147.1954 0001178  90.8778 269.2346 15.06391598183231
1 45087U 20006AV  23146.38497678  .00000007  00000-0  19330-4 0  9997
2 45087  53.0534 137.9605 0001221  94.3311 265.7817 15.06397658183541
1 45087U 20006AV  23147.64556288 -.00000128  00000-0  10264-4 0  9992
2 45087  53.0527 132.3012 0001203  91.9497 268.1629 15.06399105183730
1 45087U 20006AV  23148.24269129 -.00000425  00000-0 -96081-5 0  9997
2 45087  53.0543 129.6245 0001423 102.3217 257.7932 15.06393275183829
1 45087U 20006AV  23148.64077097 -.00000017  00000-0  17788-4 0  9994
2 45087  53.0542 127.8368 0001441 101.1524 258.9627 15.06395481183883
1 45087U 20006AV  23149.23788491  .00000880  00000-0  77935-4 0  9994
2 45087  53.0536 125.1555 0001374  99.3442 260.7703 15.06403966183971
1 45087U 20006AV  23149.63596974 -.00000227  00000-0  36462-5 0  9998
2 45087  53.0542 123.3685 0001255  91.1661 268.9472 15.06400086184034
1 45087U 20006AV  23150.29945193 -.00000350  00000-0 -46127-5 0  9990
2 45087  53.0536 120.3900 0001308 100.8323 259.2813 15.06385480184139
1 45087U 20006AV  23151.29464445  .00000389  00000-0  45019-4 0  9995
2 45087  53.0541 115.9225 0001370  85.7044 274.4101 15.06403898184284
1 45087U 20006AV  23151.62638283 -.00000354  00000-0 -48601-5 0  9990
2 45087  53.0541 114.4319 0001322  88.7627 271.3514 15.06398374184331
1 45087U 20006AV  23152.15716109  .00001355  00000-0  10984-3 0  9994
2 45087  53.0540 112.0457 0001426 108.5491 251.5653 15.06390404184860
1 45087U 20006AV  23153.15234438  .00002274  00000-0  17143-3 0  9990
2 45087  53.0538 107.5812 0001273  92.6752 267.4383 15.06416145184568
1 45087U 20006AV  23154.28026701 -.00001264  00000-0 -65996-4 0  9997
2 45087  53.0545 102.5198 0001149  82.6361 277.4759 15.06391519184739
1 45087U 20006AV  23155.14276831 -.00001495  00000-0 -81507-4 0  9996
2 45087  53.0548  98.6488 0001285  97.2433 262.8702 15.06405818184860
1 45087U 20006AV  23156.53606427  .00001936  00000-0  14886-3 0  9991
2 45087  53.0551  92.3951 0001269  88.6022 271.5112 15.06393567185073
1 45087U 20006AV  23156.80145153  .00004249  00000-0  30402-3 0  9997
2 45087  53.0551  91.2037 0001140  90.3198 269.7921 15.06391700185117
1 45087U 20006AV  23157.19952196  .00005461  00000-0  38508-3 0  9995
2 45087  53.0544  89.4161 0001306  86.9190 273.1949 15.06414816185622
1 45087U 20006AV  23157.79665631  .00001427  00000-0  11467-3 0  9999
2 45087  53.0548  86.7336 0001031  91.8332 268.2775 15.06392262185260
1 45087U 20006AV  23158.06204402  .00002120  00000-0  16117-3 0  9993
2 45087  53.0546  85.5436 0001456  86.8253 273.2902 15.06395909185307
1 45087U 20006AV  23159.05723489  .00009049  00000-0  62524-3 0  9994
2 45087  53.0550  81.0734 0001144 105.1010 255.0106 15.06419992185453
1 45087U 20006AV  23160.45052954  .00007043  00000-0  49127-3 0  9998
2 45087  53.0539  74.8191 0000956  90.8519 269.2580 15.06395327185662
1 45087U 20006AV  23160.71591640  .00012423  00000-0  85133-3 0  9992
2 45087  53.0548  73.6269 0000935  73.1963 286.9128 15.06402712185705
1 45087U 20006AV  23161.44572701  .00004658  00000-0  33134-3 0  9995
2 45087  53.0534  70.3526 0001055  82.4974 277.6135 15.06407453185813
1 45087U 20006AV  23161.71111726 -.00000578  00000-0 -19934-4 0  9993
2 45087  53.0538  69.1607 0001270  84.5707 275.5427 15.06397443185851
1 45087U 20006AV  23162.44093618  .00018855  00000-0  12811-2 0  9993
2 45087  53.0539  65.8844 0000902 107.7341 252.3746 15.06405535185962
1 45087U 20006AV  23162.70632229  .00021316  00000-0  14450-2 0  9996
2 45087  53.0537  64.6931 0000888 108.9825 251.1260 15.06414317186009
1 45087U 20006AV  23163.43613347  .00011779  00000-0  80805-3 0  9997
2 45087  53.0538  61.4170 0001074  86.0410 274.0702 15.06411580186110
1 45087U 20006AV  23164.09961148  .00019849  00000-0  13482-2 0  9997
2 45087  53.0539  58.4390 0001146  90.0532 270.0588 15.06385791186214
1 45087U 20006AV  23165.09480628  .00023117  00000-0  15644-2 0  9992
2 45087  53.0546  53.9717 0001113  89.1356 270.9761 15.06431023186360
1 45087U 20006AV  23165.95732765  .00018800  00000-0  12778-2 0  9997
2 45087  53.0551  50.1001 0001759  84.5511 275.5679 15.06395098186493
1 45087U 20006AV  23166.68714460  .00014350  00000-0  98018-3 0  9998
2 45087  53.0567  46.8256 0001020  70.3457 289.7642 15.06404604187051
1 45087U 20006AV  23167.35060825  .00008616  00000-0  59627-3 0  9993
2 45087  53.0546  43.8403 0001521  64.5708 295.5438 15.06421446186701
1 45087U 20006AV  23167.68234022  .00010227  00000-0  70412-3 0  9997
2 45087  53.0544  42.3555 0001526  82.8367 277.2796 15.06418184186754
1 45087U 20006AV  23168.34581633  .00017775  00000-0  12094-2 0  9990
2 45087  53.0545  39.3778 0001200  91.4778 268.6349 15.06392868186858
1 45087U 20006AV  23169.34102192  .00004561  00000-0  32488-3 0  9999
2 45087  53.0543  34.9085 0001444  84.6741 275.4413 15.06397487187000
1 45087U 20006AV  23169.73910541  .00001398  00000-0  11276-3 0  9994
2 45087  53.0543  33.1227 0001283  85.5180 274.5955 15.06392488187060
1 45087U 20006AV  23170.33622130  .00007882  00000-0  54725-3 0  9996
2 45087  53.0544  30.4427 0001073  92.8627 267.2484 15.06412082187156
1 45087U 20006AV  23170.86698546  .00014671  00000-0  10009-2 0  9998
2 45087  53.0545  28.0587 0000975  92.6871 267.4229 15.06432985187238
1 45087U 20006AV  23171.33141573 -.00010639  00000-0 -69645-3 0  9997
2 45087  53.0545  25.9730 0001744  83.3994 276.7193 15.06396513187309
1 45087U 20006AV  23171.86219125  .00002051  00000-0  15653-3 0  9991
2 45087  53.0547  23.5912 0001047  85.1043 275.0065 15.06397319187381
1 45087U 20006AV  23171.99488658  .00005778  00000-0  40650-3 0  9998
2 45087  53.0549  22.9953 0001057  83.0465 277.0645 15.06396125187400
1 45087U 20006AV  23172.85739162  .00018973  00000-0  12884-2 0  9991
2 45087  53.0547  19.1237 0001108  58.2945 301.8152 15.06423693187539
1 45087U 20006AV  23188.05084178  .00017340  00000-0  11798-2 0  9990
2 45087  53.0550 310.9194 0001068  78.0948 282.0161 15.06411185190273
1 45087U 20006AV  23189.04603261  .00002830  00000-0  20871-3 0  9991
2 45087  53.0545 306.4517 0000988  88.0932 272.0170 15.06413452190425
1 45087U 20006AV  23189.37777285  .00001306  00000-0  10654-3 0  9990
2 45087  53.0539 304.9625 0001868  83.0470 277.0731 15.06402612190470
1 45087U 20006AV  23189.64316652 -.00003742  00000-0 -23262-3 0  9994
2 45087  53.0540 303.7710 0001070  89.3659 270.7452 15.06379119190517
1 45087U 20006AV  23190.70473029  .00014754  00000-0  10074-2 0  9994
2 45087  53.0541 299.0054 0001018  90.6182 269.4923 15.06395169190672
1 45087U 20006AV  23191.43454496  .00009081  00000-0  62768-3 0  9997
2 45087  53.0539 295.7290 0001038  87.9476 272.1632 15.06405057190789
1 45087U 20006AV  23192.29703886  .00013381  00000-0  91466-3 0  9997
2 45087  53.0539 291.8568 0001064  87.8949 272.2162 15.06433418190913
1 45087U 20006AV  23192.96049127  .00005747  00000-0  40399-3 0  9998
2 45087  53.0545 288.8786 0001098  84.4715 275.6399 15.06437192191013
1 45087U 20006AV  23193.29222983 -.00011605  00000-0 -76147-3 0  9990
2 45087  53.0553 287.3898 0001359  95.3022 264.8122 15.06399489191067
1 45087U 20006AV  23194.61916938  .00017921  00000-0  12183-2 0  9991
2 45087  53.0541 281.4332 0001252  82.6991 277.4141 15.06420003191268
1 45087U 20006AV  23195.48168555  .00007502  00000-0  52203-3 0  9993
2 45087  53.0540 277.5608 0001262  93.2125 266.9008 15.06398010191398
1 45087U 20006AV  23197.20670691  .00004735  00000-0  33655-3 0  9999
2 45087  53.0535 269.8172 0001330  84.9144 275.1997 15.06399425191655
1 45087U 20006AV  23197.47209932 -.00000758  00000-0 -32007-4 0  9998
2 45087  53.0537 268.6259 0001204  69.3451 290.7666 15.06380347191691
1 45087U 20006AV  23198.46731423  .00011774  00000-0  80809-3 0  9993
2 45087  53.0533 264.1578 0001213  63.8117 296.2997 15.06394834191841
1 45087U 20006AV  23199.13078483  .00007297  00000-0  50827-3 0  9990
2 45087  53.0535 261.1802 0001285  67.7036 292.4089 15.06398356191946
1 45087U 20006AV  23200.12597617  .00008963  00000-0  61950-3 0  9997
2 45087  53.0534 256.7126 0001279  67.3152 292.7972 15.06421298192095
1 45087U 20006AV  23202.11638213  .00003724  00000-0  26878-3 0  9996
2 45087  53.0533 247.7759 0001261  75.7763 284.3366 15.06396245192398
1 45087U 20006AV  23205.10199252  .00001615  00000-0  12728-3 0  9999
2 45087  53.0531 234.3711 0001014  97.9175 262.1929 15.06398881192392
1 45087U 20006AV  23206.29624828  .00005978  00000-0  42011-3 0  9996
2 45087  53.0542 229.0120 0001540  93.5295 266.5870 15.06381090192575
1 45087U 20006AV  23207.02605867  .00002036  00000-0  15554-3 0  9994
2 45087  53.0528 225.7349 0001215  85.6328 274.4800 15.06393733192683
1 45087U 20006AV  23207.35779260  .00002497  00000-0  18645-3 0  9994
2 45087  53.0526 224.2454 0001218  86.1421 273.9708 15.06397090192732
1 45087U 20006AV  23208.08760343  .00002988  00000-0  21937-3 0  9990
2 45087  53.0527 220.9689 0001218  87.0040 273.1088 15.06405572192843
1 45087U 20006AV  23208.08760343  .00002988  00000-0  21937-3 0  9990
2 45087  53.0527 220.9689 0001218  87.0040 273.1088 15.06405572193293
1 45087U 20006AV  23209.01646217  .00000436  00000-0  48142-4 0  9991
2 45087  53.0520 216.7987 0001151  85.6761 274.4360 15.06398546193435
1 45087U 20006AV  23209.41454760 -.00001137  00000-0 -57490-4 0  9992
2 45087  53.0525 215.0116 0001194  88.1659 271.9467 15.06391708193047
1 45087U 20006AV  23209.41454760 -.00001137  00000-0 -57490-4 0  9992
2 45087  53.0525 215.0116 0001194  88.1659 271.9467 15.06391708193496
1 45087U 20006AV  23211.00687459  .00001819  00000-0  14101-3 0  9999
2 45087  53.0538 207.8639 0001262  80.5591 279.5540 15.06392779193738
1 45087U 20006AV  23212.00207060  .00002238  00000-0  16906-3 0  9997
2 45087  53.0539 203.3962 0001266  80.0052 280.1080 15.06405276193880
1 45087U 20006AV  23212.66553986  .00000849  00000-0  75885-4 0  9998
2 45087  53.0526 200.4186 0001337  78.3919 281.7220 15.06402191193980
1 45087U 20006AV  23214.32419947  .00001114  00000-0  93663-4 0  9991
2 45087  53.0542 192.9731 0001373  85.2229 274.8917 15.06413453194238
1 45087U 20006AV  23214.65594334 -.00000710  00000-0 -28784-4 0  9996
2 45087  53.0552 191.4832 0001499  78.7701 281.3456 15.06402025194285
1 45087U 20006AV  23215.12038212  .00000180  00000-0  30987-4 0  9994
2 45087  53.0544 189.3981 0001503  82.3048 277.8112 15.06387141194356
1 45087U 20006AV  23215.65114994  .00000830  00000-0  74636-4 0  9995
2 45087  53.0541 187.0146 0001373  84.2052 275.9094 15.06398482194439
1 45087U 20006AV  23216.11557007  .00000939  00000-0  81926-4 0  9993
2 45087  53.0546 184.9300 0001515  81.7558 278.3602 15.06408814194504
1 45087U 20006AV  23216.64634822 -.00000134  00000-0  99025-5 0  9990
2 45087  53.0547 182.5476 0001504  76.6086 283.5071 15.06403707194582
1 45087U 20006AV  23217.11079192  .00000694  00000-0  65500-4 0  9996
2 45087  53.0548 180.4629 0001518  78.8758 281.2402 15.06383009194658
1 45087U 20006AV  23217.30982841  .00000921  00000-0  80766-4 0  9995
2 45087  53.0547 179.5678 0001485  84.6054 275.5104 15.06390143194682
1 45087U 20006AV  23218.17231499  .00004112  00000-0  29461-3 0  9997
2 45087  53.0539 175.6974 0001416  88.6856 271.4296 15.06421180194815
1 45087U 20006AV  23218.57040553  .00002670  00000-0  19803-3 0  9996
2 45087  53.0532 173.9095 0002041  79.2839 280.8380 15.06406807194878
1 45087U 20006AV  23219.16753347 -.00006416  00000-0 -41242-3 0  9990
2 45087  53.0535 171.2297 0001354  80.0664 280.0478 15.06382597194967
1 45087U 20006AV  23220.22909469  .00023856  00000-0  16146-2 0  9996
2 45087  53.0528 166.4643 0001342  76.4557 283.6581 15.06409641195120
1 45087U 20006AV  23220.56083280  .00011136  00000-0  76533-3 0  9992
2 45087  53.0530 164.9748 0001633  84.3954 275.7221 15.06398629195175
1 45087U 20006AV  23221.29064768  .00010192  00000-0  70210-3 0  9990
2 45087  53.0526 161.6985 0000722  95.6001 264.5070 15.06401222195287
1 45087U 20006AV  23222.21951704  .00017701  00000-0  12042-2 0  9999
2 45087  53.0532 157.5293 0001705  73.7597 286.3579 15.06401554195429
1 45087U 20006AV  23223.08202071  .00009356  00000-0  64597-3 0  9991
2 45087  53.0515 153.6575 0001229  87.1210 272.9920 15.06409160195558
1 45087U 20006AV  23224.20990223  .00009685  00000-0  66767-3 0  9995
2 45087  53.0534 148.5936 0001230  95.2389 264.8740 15.06428087195720
1 45087U 20006AV  23224.80703061 -.00001150  00000-0 -58283-4 0  9999
2 45087  53.0520 145.9125 0001684  86.5689 273.5492 15.06397608195810
1 45087U 20006AV  23226.06761487  .00012371  00000-0  84749-3 0  9995
2 45087  53.0540 140.2553 0001209  89.9491 270.1637 15.06420382196008
1 45087U 20006AV  23226.99647444  .00004253  00000-0  30427-3 0  9997
2 45087  53.0528 136.0808 0001179 108.6725 251.4392 15.06391612196143
1 45087U 20006AV  23228.05801472  .00020616  00000-0  13976-2 0  9999
2 45087  53.0541 131.3206 0001144 102.5881 257.5236 15.06433234196305
1 45087U 20006AV  23228.72148767  .00005016  00000-0  35531-3 0  9993
2 45087  53.0538 128.3432 0001541  90.4379 269.6786 15.06406759196403
1 45087U 20006AV  23229.71669091  .00016905  00000-0  11505-2 0  9994
2 45087  53.0557 123.8740 0001440  90.8443 269.2711 15.06417215196559
1 45087U 20006AV  23230.11476096  .00019965  00000-0  13539-2 0  9999
2 45087  53.0545 122.0871 0001406  92.0118 268.1032 15.06441313196614
1 45087U 20006AV  23230.71189177  .00002653  00000-0  19691-3 0  9998
2 45087  53.0540 119.4067 0001403  82.3720 277.7428 15.06401468196706
1 45087U 20006AV  23231.04363501  .00020737  00000-0  14079-2 0  9997
2 45087  53.0537 117.9177 0001325  69.9947 290.1185 15.06375692196755
1 45087U 20006AV  23232.10518397  .00022028  00000-0  14923-2 0  9993
2 45087  53.0532 113.1520 0001274  71.1910 288.9217 15.06420225196910
1 45087U 20006AV  23233.10039418  .00010441  00000-0  71877-3 0  9994
2 45087  53.0527 108.6834 0001286  80.0137 280.0997 15.06401558197067
1 45087U 20006AV  23234.02923838  .00018952  00000-0  12866-2 0  9991
2 45087  53.0526 104.5134 0001167  86.0069 274.1053 15.06433654197207
1 45087U 20006AV  23235.02445352  .00011834  00000-0  81198-3 0  9999
2 45087  53.0527 100.0450 0001559  88.9225 271.1943 15.06400776197350
1 45087U 20006AV  23236.01965443  .00014810  00000-0  10106-2 0  9994
2 45087  53.0535  95.5771 0001476  88.5080 271.6078 15.06416487197053
1 45087U 20006AV  23237.01486055  .00008714  00000-0  60312-3 0  9993
2 45087  53.0579  91.1013 0001781 114.7917 245.3258 15.06403555197209
1 45087U 20006AV  23237.01486055  .00008714  00000-0  60312-3 0  9993
2 45087  53.0579  91.1013 0001781 114.7917 245.3258 15.06403555197658
1 45087U 20006AV  23237.81101272  .00012546  00000-0  85910-3 0  9995
2 45087  53.0550  87.5362 0001398  89.4610 270.6539 15.06424739197329
1 45087U 20006AV  23238.01004799  .00014672  00000-0  10009-2 0  9992
2 45087  53.0549  86.6417 0001422  96.1180 263.9971 15.06434263197804
1 45087U 20006AV  23238.60717504  .00000476  00000-0  50838-4 0  9995
2 45087  53.0539  83.9580 0001633 105.0386 255.0783 15.06399485197445
1 45087U 20006AV  23238.73987194 -.00002049  00000-0 -11875-3 0  9990
2 45087  53.0543  83.3651 0001331  80.9966 279.1173 15.06392830197912
1 45087U 20006AV  23238.80621944 -.00002759  00000-0 -16642-3 0  9991
2 45087  53.0544  83.0684 0001352  84.0060 276.1083 15.06388867197472
1 45087U 20006AV  23239.86777587  .00010888  00000-0  74867-3 0  9996
2 45087  53.0544  78.3044 0001366  80.9487 279.1656 15.06401340197631
1 45087U 20006AV  23240.00046797  .00011043  00000-0  75894-3 0  9991
2 45087  53.0542  77.7071 0001376  86.8359 273.2787 15.06405935198103
1 45087U 20006AV  23240.26585993  .00008682  00000-0  60113-3 0  9998
2 45087  53.0546  76.5155 0001467  97.7850 262.3305 15.06394958198146
1 45087U 20006AV  23240.86298478  .00005289  00000-0  37378-3 0  9990
2 45087  53.0537  73.8348 0001430  92.0754 268.0399 15.06393936197781
1 45087U 20006AV  23240.86298478  .00005289  00000-0  37378-3 0  9990
2 45087  53.0537  73.8348 0001430  92.0754 268.0399 15.06393936198232
1 45087U 20006AV  23241.79183573  .00008223  00000-0  57012-3 0  9990
2 45087  53.0534  69.6656 0001459  89.4958 270.6198 15.06412819197924
1 45087U 20006AV  23241.79183573  .00008223  00000-0  57012-3 0  9990
2 45087  53.0534  69.6656 0001459  89.4958 270.6198 15.06412819198374
1 45087U 20006AV  23242.65434866 -.00000072  00000-0  14041-4 0  9991
2 45087  53.0530  65.7927 0001386  91.1315 268.9832 15.06395688198508
1 45087U 20006AV  23242.78704322  .00001497  00000-0  11937-3 0  9993
2 45087  53.0535  65.1976 0001302  80.8088 279.3048 15.06397005198073
1 45087U 20006AV  23243.45048805  .00027145  00000-0  18311-2 0  9995
2 45087  53.0540  62.2242 0001750  66.6153 293.5020 15.06462927198170
1 45087U 20006AV  23243.45048805  .00027145  00000-0  18311-2 0  9995
2 45087  53.0540  62.2242 0001750  66.6153 293.5020 15.06462927198620
1 45087U 20006AV  23243.91493687 -.00003776  00000-0 -23477-3 0  9994
2 45087  53.0539  60.1405 0002075  52.3320 307.7857 15.06385935198691
1 45087U 20006AV  23244.51206109 -.00001324  00000-0 -69964-4 0  9991
2 45087  53.0490  57.4583 0002738  95.5384 264.5917 15.06386033198336
1 45087U 20006AV  23244.77743063 -.00022269  00000-0 -14796-2 0  9996
2 45087  53.0537  56.2615 0001462 100.2727 259.8427 15.06428696198828
1 45087U 20006AV  23245.50725419  .00012675  00000-0  86795-3 0  9990
2 45087  53.0568  52.9862 0001316  91.6986 268.4153 15.06413408198486
1 45087U 20006AV  23245.70629132  .00015112  00000-0  10306-2 0  9990
2 45087  53.0558  52.0924 0001352  91.9423 268.1721 15.06423231198960
1 45087U 20006AV  23245.83898138  .00026565  00000-0  17936-2 0  9998
2 45087  53.0556  51.4968 0001315  91.4466 268.6674 15.06441765198537
1 45087U 20006AV  23245.83898138  .00026565  00000-0  17936-2 0  9998
2 45087  53.0556  51.4968 0001315  91.4466 268.6674 15.06441765198986
1 45087U 20006AV  23246.43610845  .00007981  00000-0  55391-3 0  9991
2 45087  53.0554  48.8163 0002572  83.1706 276.9575 15.06413463199079
1 45087U 20006AV  23246.50245523  .00009224  00000-0  63708-3 0  9999
2 45087  53.0549  48.5176 0002725  82.1152 278.0146 15.06414847198633
1 45087U 20006AV  23247.43131924  .00015823  00000-0  10788-2 0  9992
2 45087  53.0553  44.3476 0001186  88.6450 271.4675 15.06399003198772
1 45087U 20006AV  23247.43131924  .00015823  00000-0  10788-2 0  9992
2 45087  53.0553  44.3476 0001186  88.6450 271.4675 15.06399003199223
1 45087U 20006AV  23247.56401396  .00005968  00000-0  41933-3 0  9995
2 45087  53.0546  43.7527 0001549  84.0311 276.0854 15.06389532199242
1 45087U 20006AV  23248.42652798  .00004055  00000-0  29104-3 0  9997
2 45087  53.0542  39.8814 0001430  85.1939 274.9213 15.06391097198929
1 45087U 20006AV  23248.42652798  .00004055  00000-0  29104-3 0  9997
2 45087  53.0542  39.8814 0001430  85.1939 274.9213 15.06391097199379
1 45087U 20006AV  23249.42172654  .00007440  00000-0  51771-3 0  9992
2 45087  53.0546  35.4138 0001463  81.2477 278.8678 15.06411027199075
1 45087U 20006AV  23249.42172654  .00007440  00000-0  51771-3 0  9992
2 45087  53.0546  35.4138 0001463  81.2477 278.8678 15.06411027199525
1 45087U 20006AV  23250.41692712 -.00001974  00000-0 -11368-3 0  9991
2 45087  53.0563  30.9450 0001178  99.7734 260.3388 15.06396424199228
1 45087U 20006AV  23250.41692712 -.00001974  00000-0 -11368-3 0  9991
2 45087  53.0563  30.9450 0001178  99.7734 260.3388 15.06396424199677
1 45087U 20006AV  23250.81500784  .00002038  00000-0  15569-3 0  9999
2 45087  53.0564  29.1581 0001343 105.2075 254.9062 15.06399191199287
1 45087U 20006AV  23251.54482007  .00012528  00000-0  85814-3 0  9992
2 45087  53.0557  25.8801 0001379 105.7395 254.3746 15.06414237199390
1 45087U 20006AV  23251.74385672  .00018257  00000-0  12404-2 0  9993
2 45087  53.0563  24.9891 0001247 100.0582 260.0547 15.06429401199422
1 45087U 20006AV  23251.74385672  .00018257  00000-0  12404-2 0  9993
2 45087  53.0563  24.9891 0001247 100.0582 260.0547 15.06429401199871
1 45087U 20006AV  23252.40732886  .00007621  00000-0  52980-3 0  9997
2 45087  53.0575  22.0107 0001762  91.5254 268.5936 15.06410137199977
1 45087U 20006AV  23252.60637795  .00016747  00000-0  11411-2 0  9994
2 45087  53.0561  21.1177 0001917  58.9921 301.1256 15.06380981199555
1 45087U 20006AV  23252.73906701  .00028016  00000-0  18928-2 0  9996
2 45087  53.0557  20.5221 0001399  80.6300 279.4847 15.06389519200024
1 45087U 20006AV  23253.53521991  .00024150  00000-0  16330-2 0  9999
2 45087  53.0557  16.9477 0001452  84.4099 275.7055 15.06436856199690
1 45087U 20006AV  23254.59677580  .00029014  00000-0  19598-2 0  9995
2 45087  53.0567  12.1799 0001339 106.5535 253.5601 15.06379321199853
1 45087U 20006AV  23254.72947162  .00019857  00000-0  13488-2 0  9992
2 45087  53.0566  11.5856 0001297  99.2990 260.8145 15.06384462200326
1 45087U 20006AV  23255.52562911  .00018770  00000-0  12749-2 0  9998
2 45087  53.0568   8.0127 0001323  97.4132 262.7007 15.06420832199998
1 45087U 20006AV  23255.59197440  .00019867  00000-0  13480-2 0  9997
2 45087  53.0563   7.7141 0001365  99.2612 260.8531 15.06424669200002
1 45087U 20006AV  23256.32179075  .00018354  00000-0  12470-2 0  9991
2 45087  53.0568   4.4381 0001742  85.1422 274.9765 15.06425179200562
1 45087U 20006AV  23256.52083348  .00026308  00000-0  17785-2 0  9992
2 45087  53.0569   3.5450 0001313  76.0104 284.1031 15.06398670200148
1 45087U 20006AV  23256.58718101  .00031552  00000-0  21277-2 0  9998
2 45087  53.0568   3.2474 0001322  66.0596 294.0532 15.06398745200154
1 45087U 20006AV  23256.58718101  .00031552  00000-0  21277-2 0  9998
2 45087  53.0568   3.2474 0001322  66.0596 294.0532 15.06398745200604
1 45087U 20006AV  23256.98526865  .00009125  00000-0  63096-3 0  9993
2 45087  53.0575   1.4546 0001608  67.0188 293.0971 15.06384402200664
1 45087U 20006AV  23257.44970749  .00013491  00000-0  92359-3 0  9994
2 45087  53.0573 359.3765 0001477  96.3235 263.7922 15.06371365200734
1 45087U 20006AV  23257.51605565  .00008382  00000-0  58143-3 0  9999
2 45087  53.0571 359.0785 0001636 100.9731 259.1442 15.06368908200297
1 45087U 20006AV  23257.98049236  .00007117  00000-0  49654-3 0  9999
2 45087  53.0572 356.9939 0001464  91.0665 269.0491 15.06372716200814
1 45087U 20006AV  23258.51127394  .00007792  00000-0  54165-3 0  9993
2 45087  53.0572 354.6115 0001508  91.6764 268.4397 15.06381646200449
1 45087U 20006AV  23258.97570112  .00013830  00000-0  94549-3 0  9993
2 45087  53.0573 352.5271 0001506  88.9724 271.1437 15.06402198200962
1 45087U 20006AV  23259.30742964  .00020038  00000-0  13594-2 0  9995
2 45087  53.0566 351.0375 0001435  88.0289 272.0864 15.06423678201018
1 45087U 20006AV  23259.57281095  .00017090  00000-0  11624-2 0  9993
2 45087  53.0566 349.8463 0001401  87.2689 272.8461 15.06431880200608
1 45087U 20006AV  23259.97089007  .00006097  00000-0  42758-3 0  9994
2 45087  53.0569 348.0598 0001554  87.8334 272.2833 15.06421127201110
1 45087U 20006AV  23260.43532077  .00028251  00000-0  19076-2 0  9999
2 45087  53.0555 345.9742 0001339  97.0664 263.0477 15.06405431201181
1 45087U 20006AV  23260.50166764  .00035738  00000-0  24055-2 0  9994
2 45087  53.0555 345.6764 0001281  95.8318 264.2817 15.06408150200743
1 45087U 20006AV  23261.43050655  .00032057  00000-0  21582-2 0  9991
2 45087  53.0554 341.5065 0001322  93.0050 267.1091 15.06452133201332
1 45087U 20006AV  23261.49685099  .00031878  00000-0  21461-2 0  9999
2 45087  53.0555 341.2087 0001298  92.4711 267.6426 15.06455472200899
1 45087U 20006AV  23262.42570674  .00020907  00000-0  14184-2 0  9990
2 45087  53.0555 337.0383 0001303  62.9692 297.1430 15.06397581201483
1 45087U 20006AV  23263.48725097 -.00010888  00000-0 -71375-3 0  9993
2 45087  53.0560 332.2729 0001474  86.2772 273.8385 15.06371133201190
1 45087U 20006AV  23263.48725097 -.00010888  00000-0 -71375-3 0  9993
2 45087  53.0560 332.2729 0001474  86.2772 273.8385 15.06371133201640
1 45087U 20006AV  23264.41613388 -.00001493  00000-0 -81428-4 0  9999
2 45087  53.0558 328.1038 0001355  82.1293 277.9849 15.06360166201335
1 45087U 20006AV  23264.88057223  .00010505  00000-0  72361-3 0  9997
2 45087  53.0555 326.0195 0001396  83.8071 276.3077 15.06372175201407
1 45087U 20006AV  23264.88057223  .00010505  00000-0  72361-3 0  9997
2 45087  53.0555 326.0195 0001396  83.8071 276.3077 15.06372175201856
1 45087U 20006AV  23265.41134836  .00017334  00000-0  11797-2 0  9995
2 45087  53.0553 323.6362 0001429  79.2083 280.9067 15.06400820201930
1 45087U 20006AV  23265.47769477  .00018075  00000-0  12291-2 0  9999
2 45087  53.0550 323.3385 0001414  80.1502 279.9647 15.06404172201497
1 45087U 20006AV  23265.87577540  .00009679  00000-0  66771-3 0  9994
2 45087  53.0548 321.5510 0001351  87.7651 272.3493 15.06403563201558
1 45087U 20006AV  23265.87577540  .00009679  00000-0  66771-3 0  9994
2 45087  53.0548 321.5510 0001351  87.7651 272.3493 15.06403563202009
1 45087U 20006AV  23266.47289751  .00007450  00000-0  51840-3 0  9991
2 45087  53.0549 318.8695 0001435  89.1566 270.9587 15.06406083201644
1 45087U 20006AV  23266.47289751  .00007450  00000-0  51840-3 0  9991
2 45087  53.0549 318.8695 0001435  89.1566 270.9587 15.06406083202094
1 45087U 20006AV  23267.13635543  .00021715  00000-0  14708-2 0  9990
2 45087  53.0549 315.8918 0001460  90.0334 270.0822 15.06435640202196
1 45087U 20006AV  23267.40173304  .00022941  00000-0  15518-2 0  9994
2 45087  53.0548 314.7009 0001451  88.5030 271.6125 15.06451955201783
1 45087U 20006AV  23268.39693607  .00040836  00000-0  27443-2 0  9999
2 45087  53.0552 310.2334 0001399 105.3951 254.7193 15.06402917201939
1 45087U 20006AV  23268.39693607  .00040836  00000-0  27443-2 0  9999
2 45087  53.0552 310.2334 0001399 105.3951 254.7193 15.06402917202389
1 45087U 20006AV  23269.32578164  .00020515  00000-0  13908-2 0  9996
2 45087  53.0546 306.0623 0001501 104.5446 255.5710 15.06435495202078
1 45087U 20006AV  23269.32578164  .00020515  00000-0  13908-2 0  9996
2 45087  53.0546 306.0623 0001501 104.5446 255.5710 15.06435495202528
1 45087U 20006AV  23270.38733971  .00022335  00000-0  15148-2 0  9993
2 45087  53.0546 301.2982 0001458  81.1472 278.9682 15.06369894202686
1 45087U 20006AV  23270.52003577  .00017247  00000-0  11747-2 0  9998
2 45087  53.0543 300.7024 0001414  80.1512 279.9636 15.06374809202255
1 45087U 20006AV  23271.38254774  .00014901  00000-0  10170-2 0  9993
2 45087  53.0539 296.8308 0001487  84.1479 275.9679 15.06404157202383
1 45087U 20006AV  23271.38254774  .00014901  00000-0  10170-2 0  9993
2 45087  53.0539 296.8308 0001487  84.1479 275.9679 15.06404157202833
1 45087U 20006AV  23272.04602343  .00011503  00000-0  79003-3 0  9992
2 45087  53.0537 293.8522 0001444  85.9723 274.1431 15.06391887202933
1 45087U 20006AV  23272.37776101  .00001692  00000-0  13252-3 0  9994
2 45087  53.0535 292.3627 0001522  88.2999 271.8164 15.06384936202539
1 45087U 20006AV  23272.37776101  .00001692  00000-0  13252-3 0  9994
2 45087  53.0535 292.3627 0001522  88.2999 271.8164 15.06384936202988
1 45087U 20006AV  23273.30661121  .00011390  00000-0  78201-3 0  9994
2 45087  53.0541 288.1906 0001440 101.1168 258.9982 15.06413627202670
1 45087U 20006AV  23273.43930239  .00014870  00000-0  10144-2 0  9994
2 45087  53.0539 287.5951 0001538  96.7239 263.3925 15.06423454203145
1 45087U 20006AV  23274.03643018  .00002479  00000-0  18527-3 0  9993
2 45087  53.0539 284.9147 0001768  94.1585 265.9606 15.06399447203232
1 45087U 20006AV  23274.30181943  .00008176  00000-0  56711-3 0  9994
2 45087  53.0543 283.7229 0001512  83.7983 276.3179 15.06400767202821
1 45087U 20006AV  23275.29701385  .00019257  00000-0  13070-2 0  9993
2 45087  53.0544 279.2563 0001683  82.9375 277.1805 15.06431899202979
1 45087U 20006AV  23275.29701385  .00019257  00000-0  13070-2 0  9993
2 45087  53.0544 279.2563 0001683  82.9375 277.1805 15.06431899203420
1 45087U 20006AV  23276.15952640  .00012828  00000-0  87870-3 0  9998
2 45087  53.0545 275.3844 0001520  97.3621 262.7540 15.06391215203551
1 45087U 20006AV  23276.29222155  .00018198  00000-0  12378-2 0  9990
2 45087  53.0545 274.7888 0001325  94.2298 265.8843 15.06388476203129
1 45087U 20006AV  23276.69030239  .00021113  00000-0  14318-2 0  9991
2 45087  53.0544 273.0016 0001434  96.9818 263.1334 15.06405880203182
1 45087U 20006AV  23277.02203201  .00019285  00000-0  13093-2 0  9996
2 45087  53.0543 271.5115 0001352  96.8622 263.2521 15.06420807203236
1 45087U 20006AV  23277.68548902  .00018607  00000-0  12635-2 0  9996
2 45087  53.0544 268.5329 0000824  59.9817 300.1253 15.06436283203338
1 45087U 20006AV  23277.68548902  .00018607  00000-0  12635-2 0  9996
2 45087  53.0544 268.5329 0000824  59.9817 300.1253 15.06436283203787
1 45087U 20006AV  23278.01723034 -.00010909  00000-0 -71493-3 0  9992
2 45087  53.0537 267.0441 0001422  83.3602 276.7548 15.06380452203833
1 45087U 20006AV  23278.28262838  .00028784  00000-0  19448-2 0  9990
2 45087  53.0537 265.8537 0001526  82.1637 277.9525 15.06373099203427
1 45087U 20006AV  23278.68071220  .00029742  00000-0  20073-2 0  9998
2 45087  53.0536 264.0664 0001535  83.7925 276.3239 15.06397528203489
1 45087U 20006AV  23278.68071220  .00029742  00000-0  20073-2 0  9998
2 45087  53.0536 264.0664 0001535  83.7925 276.3239 15.06397528203939
1 45087U 20006AV  23279.27782544  .00029029  00000-0  19579-2 0  9999
2 45087  53.0535 261.3860 0001542  84.3750 275.7415 15.06433890203579
1 45087U 20006AV  23280.40573725  .00019257  00000-0  13084-2 0  9992
2 45087  53.0533 256.3228 0001604  98.1468 261.9703 15.06393019204191
1 45087U 20006AV  23280.53843154  .00020193  00000-0  13707-2 0  9995
2 45087  53.0535 255.7273 0001665  97.1672 262.9506 15.06398353203769
1 45087U 20006AV  23281.13554392  .00026620  00000-0  17977-2 0  9999
2 45087  53.0532 253.0464 0001626 105.1837 254.9332 15.06432453204308
1 45087U 20006AV  23281.33457759  .00026282  00000-0  17745-2 0  9997
2 45087  53.0538 252.1523 0001668 107.8947 252.2224 15.06446104203888
1 45087U 20006AV  23282.13074736 -.00002543  00000-0 -15186-3 0  9990
2 45087  53.0556 248.5741 0002286 129.6141 230.5050 15.06393920204451
1 45087U 20006AV  23282.26344470 -.00002936  00000-0 -17833-3 0  9996
2 45087  53.0553 247.9837 0001538  93.0208 267.0957 15.06394189204026
1 45087U 20006AV  23282.92691741  .00004925  00000-0  34935-3 0  9995
2 45087  53.0558 245.0057 0001484  95.5985 264.5173 15.06394497204128
1 45087U 20006AV  23283.25864814  .00015058  00000-0  10272-2 0  9991
2 45087  53.0558 243.5183 0001628  98.1303 261.9871 15.06414900204177
1 45087U 20006AV  23283.25864814  .00015058  00000-0  10272-2 0  9991
2 45087  53.0558 243.5183 0001628  98.1303 261.9871 15.06414900204627
1 45087U 20006AV  23283.59039362  .00003906  00000-0  28107-3 0  9996
2 45087  53.0547 242.0250 0002910  71.6118 288.5187 15.06392067204678
1 45087U 20006AV  23283.92213337 -.00013850  00000-0 -91367-3 0  9998
2 45087  53.0557 240.5392 0001589  83.9101 276.2069 15.06360083204270
1 45087U 20006AV  23284.12117914 -.00006519  00000-0 -41954-3 0  9996
2 45087  53.0558 239.6463 0001782  87.9854 272.1339 15.06362842204756
1 45087U 20006AV  23284.25387564  .00001204  00000-0  99812-4 0  9991
2 45087  53.0551 239.0499 0001657  88.2058 271.9120 15.06365952204326
1 45087U 20006AV  23284.25387564  .00001204  00000-0  99812-4 0  9991
2 45087  53.0551 239.0499 0001657  88.2058 271.9120 15.06365952204775
1 45087U 20006AV  23285.18273268  .00037149  00000-0  24975-2 0  9992
2 45087  53.0538 234.8787 0001550  82.7292 277.3873 15.06432757204913
1 45087U 20006AV  23285.58079980  .00036953  00000-0  24825-2 0  9997
2 45087  53.0537 233.0915 0001539  86.7655 273.3510 15.06463109204526
1 45087U 20006AV  23286.11156058  .00024972  00000-0  16866-2 0  9993
2 45087  53.0549 230.7095 0002255  88.9580 271.1668 15.06461241205053
1 45087U 20006AV  23286.24425347 -.00006860  00000-0 -44180-3 0  9996
2 45087  53.0539 230.1127 0001726 100.0872 260.0312 15.06419257205079
1 45087U 20006AV  23286.57599504  .00012459  00000-0  85388-3 0  9993
2 45087  53.0541 228.6234 0001972 105.3883 254.7324 15.06398768204677
1 45087U 20006AV  23286.84138248  .00033760  00000-0  22741-2 0  9998
2 45087  53.0545 227.4312 0001787 119.7286 240.3881 15.06406654205163
1 45087U 20006AV  23287.23946071  .00033713  00000-0  22698-2 0  9992
2 45087  53.0548 225.6437 0001877 116.9632 243.1549 15.06425065204773
1 45087U 20006AV  23287.23946071  .00033713  00000-0  22698-2 0  9992
2 45087  53.0548 225.6437 0001877 116.9632 243.1549 15.06425065205224
1 45087U 20006AV  23288.10199961  .00042966  00000-0  28874-2 0  9999
2 45087  53.0547 221.7721 0001432 106.7482 253.3664 15.06379997204900
1 45087U 20006AV  23288.10199961  .00042966  00000-0  28874-2 0  9999
2 45087  53.0547 221.7721 0001432 106.7482 253.3664 15.06379997205350
1 45087U 20006AV  23288.83181039  .00035560  00000-0  23921-2 0  9996
2 45087  53.0557 218.4941 0001465 109.1783 250.9364 15.06431805205015
1 45087U 20006AV  23289.09719027  .00038254  00000-0  25694-2 0  9991
2 45087  53.0555 217.3048 0001381  94.7223 265.3924 15.06453654205506
1 45087U 20006AV  23289.49526362  .00022981  00000-0  15548-2 0  9990
2 45087  53.0558 215.5179 0000722  59.8604 300.2456 15.06443819205115
1 45087U 20006AV  23289.49526362  .00022981  00000-0  15548-2 0  9990
2 45087  53.0558 215.5179 0000722  59.8604 300.2456 15.06443819205564
1 45087U 20006AV  23289.82700895  .00003362  00000-0  24457-3 0  9994
2 45087  53.0549 214.0288 0002475  80.8670 279.2599 15.06393868205160
1 45087U 20006AV  23289.82700895  .00003362  00000-0  24457-3 0  9994
2 45087  53.0549 214.0288 0002475  80.8670 279.2599 15.06393868205610
1 45087U 20006AV  23290.49048275  .00039373  00000-0  26464-2 0  9996
2 45087  53.0553 211.0517 0001414  83.5326 276.5824 15.06414520205268
1 45087U 20006AV  23291.15393404  .00032583  00000-0  21929-2 0  9994
2 45087  53.0544 208.0737 0001375  87.3076 272.8070 15.06456475205366
1 45087U 20006AV  23291.48566905  .00002587  00000-0  19241-3 0  9994
2 45087  53.0544 206.5829 0001839  97.0386 263.0812 15.06422599205869
1 45087U 20006AV  23292.08279778  .00035695  00000-0  24030-2 0  9997
2 45087  53.0537 203.9044 0001436 110.9467 249.1676 15.06401665205504
1 45087U 20006AV  23292.08279778  .00035695  00000-0  24030-2 0  9997
2 45087  53.0537 203.9044 0001436 110.9467 249.1676 15.06401665205953
1 45087U 20006AV  23292.94528738  .00042960  00000-0  28801-2 0  9998
2 45087  53.0540 200.0321 0001440 114.9888 245.1251 15.06468532205635
1 45087U 20006AV  23293.01163115  .00042228  00000-0  28313-2 0  9996
2 45087  53.0540 199.7343 0001451 114.4819 245.6321 15.06472994205645
1 45087U 20006AV  23293.74145696  .00020514  00000-0  13920-2 0  9992
2 45087  53.0536 196.4574 0001544 102.7973 257.3188 15.06402351206208
1 45087U 20006AV  23293.94050595  .00012252  00000-0  84108-3 0  9994
2 45087  53.0540 195.5635 0001267  75.2957 284.8172 15.06351322205780
1 45087U 20006AV  23294.00685561  .00027542  00000-0  18634-2 0  9997
2 45087  53.0545 195.2668 0001391  93.9129 266.2019 15.06345622206246
1 45087U 20006AV  23294.13955459  .00040782  00000-0  27442-2 0  9995
2 45087  53.0542 194.6710 0001477  91.1270 268.9888 15.06356513205812
1 45087U 20006AV  23294.93572297  .00028399  00000-0  19173-2 0  9990
2 45087  53.0541 191.0967 0001478  85.1276 274.9882 15.06408659205939
1 45087U 20006AV  23295.00206875  .00027979  00000-0  18891-2 0  9994
2 45087  53.0545 190.7988 0001510  88.7302 271.3860 15.06413560206393
1 45087U 20006AV  23295.40014053  .00020749  00000-0  14064-2 0  9999
2 45087  53.0545 189.0117 0001458  85.4350 274.6806 15.06436421206001
1 45087U 20006AV  23295.86457480  .00002988  00000-0  21947-3 0  9998
2 45087  53.0548 186.9270 0001606 104.0754 256.0413 15.06387015206520
1 45087U 20006AV  23295.93092297  .00009761  00000-0  67355-3 0  9996
2 45087  53.0552 186.6295 0001745 111.2735 248.8440 15.06385192206086
1 45087U 20006AV  23296.92613695  .00015835  00000-0  10796-2 0  9992
2 45087  53.0540 182.1586 0001464  92.3812 267.7344 15.06399266206237
1 45087U 20006AV  23297.12517605  .00015138  00000-0  10328-2 0  9996
2 45087  53.0545 181.2680 0001590 106.9073 253.2091 15.06405787206716
1 45087U 20006AV  23297.39056439  .00006228  00000-0  43664-3 0  9998
2 45087  53.0539 180.0762 0001620 103.3254 256.7916 15.06398722206302
1 45087U 20006AV  23297.39056439  .00006228  00000-0  43664-3 0  9998
2 45087  53.0539 180.0762 0001620 103.3254 256.7916 15.06398722206751
1 45087U 20006AV  23298.85018419  .00009913  00000-0  68300-3 0  9994
2 45087  53.0542 173.5244 0001698  98.9112 261.2070 15.06425498206971
1 45087U 20006AV  23298.91653039  .00011813  00000-0  81000-3 0  9998
2 45087  53.0542 173.2265 0001720  99.0988 261.0195 15.06427535206532
1 45087U 20006AV  23299.84537714  .00006991  00000-0  48746-3 0  9993
2 45087  53.0541 169.0575 0001801 136.7171 223.3960 15.06424062206679
1 45087U 20006AV  23299.91172725  .00007831  00000-0  54376-3 0  9998
2 45087  53.0544 168.7583 0001522  99.6238 260.4923 15.06418062206683
1 45087U 20006AV  23299.91172725  .00007831  00000-0  54376-3 0  9998
2 45087  53.0544 168.7583 0001522  99.6238 260.4923 15.06418062207134
1 45087U 20006AV  23300.90690749  .00017370  00000-0  11806-2 0  9990
2 45087  53.0540 164.2915 0001374  94.4828 265.6318 15.06449136206830
1 45087U 20006AV  23300.90690749  .00017370  00000-0  11806-2 0  9990
2 45087  53.0540 164.2915 0001374  94.4828 265.6318 15.06449136207280
1 45087U 20006AV  23301.03959652  .00035068  00000-0  23577-2 0  9998
2 45087  53.0534 163.6928 0001386 100.4731 259.6414 15.06459280206857
1 45087U 20006AV  23301.03959652  .00035068  00000-0  23577-2 0  9998
2 45087  53.0534 163.6928 0001386 100.4731 259.6414 15.06459280207308
1 45087U 20006AV  23301.90209996 -.00000261  00000-0  13594-5 0  9992
2 45087  53.0538 159.8240 0001550  78.7185 281.3978 15.06413539206986
1 45087U 20006AV  23301.90209996 -.00000261  00000-0  13594-5 0  9992
2 45087  53.0538 159.8240 0001550  78.7185 281.3978 15.06413539207437
1 45087U 20006AV  23302.30019201  .00016856  00000-0  11482-2 0  9992
2 45087  53.0523 158.0348 0002020  69.7321 290.3885 15.06385470207042
1 45087U 20006AV  23302.30019201  .00016856  00000-0  11482-2 0  9992
2 45087  53.0523 158.0348 0002020  69.7321 290.3885 15.06385470207491
1 45087U 20006AV  23302.89732348  .00013437  00000-0  91983-3 0  9997
2 45087  53.0544 155.3570 0001642  88.7312 271.3865 15.06375196207582
1 45087U 20006AV  23303.82619547  .00001926  00000-0  14826-3 0  9997
2 45087  53.0530 151.1859 0001481  86.2298 273.8860 15.06370949207727
1 45087U 20006AV  23303.89254373  .00001487  00000-0  11879-3 0  9993
2 45087  53.0537 150.8889 0001565  83.3618 276.7549 15.06373236207289
1 45087U 20006AV  23304.29062766  .00002870  00000-0  21159-3 0  9990
2 45087  53.0532 149.1011 0001510  87.2151 272.9010 15.06380446207346
1 45087U 20006AV  23304.88775487  .00005150  00000-0  36451-3 0  9991
2 45087  53.0535 146.4205 0001399  90.1706 269.9443 15.06387977207430
1 45087U 20006AV  23304.88775487  .00005150  00000-0  36451-3 0  9991
2 45087  53.0535 146.4205 0001399  90.1706 269.9443 15.06387977207889
1 45087U 20006AV  23305.81661312  .00005829  00000-0  40993-3 0  9995
2 45087  53.0533 142.2509 0001393  90.4137 269.7012 15.06399072207578
1 45087U 20006AV  23306.28103920  .00006295  00000-0  44107-3 0  9992
2 45087  53.0533 140.1661 0001396  90.1187 269.9962 15.06405574207648
1 45087U 20006AV  23306.28103920  .00006295  00000-0  44107-3 0  9992
2 45087  53.0533 140.1661 0001396  90.1187 269.9962 15.06405574208098
1 45087U 20006AV  23306.81180925  .00006528  00000-0  45654-3 0  9998
2 45087  53.0536 137.7835 0001397  89.7757 270.3392 15.06413169207725
1 45087U 20006AV  23307.14354485  .00000680  00000-0  64511-4 0  9996
2 45087  53.0536 136.2940 0001458  83.7270 276.3885 15.06401516208220
1 45087U 20006AV  23307.54162395  .00001152  00000-0  96189-4 0  9998
2 45087  53.0535 134.5067 0001430  90.0413 270.0740 15.06404069207833
1 45087U 20006AV  23307.87335669  .00001673  00000-0  13115-3 0  9995
2 45087  53.0540 133.0179 0001412  86.7546 273.3604 15.06405644207886
1 45087U 20006AV  23308.20508880  .00003216  00000-0  23463-3 0  9992
2 45087  53.0539 131.5287 0001412  86.5212 273.5938 15.06409190207933
1 45087U 20006AV  23308.20508880  .00003216  00000-0  23463-3 0  9992
2 45087  53.0539 131.5287 0001412  86.5212 273.5938 15.06409190208383
1 45087U 20006AV  23308.80220653  .00006626  00000-0  46311-3 0  9992
2 45087  53.0540 128.8481 0001399  85.0957 275.0192 15.06413396208027
1 45087U 20006AV  23309.20028659  .00002783  00000-0  20563-3 0  9990
2 45087  53.0539 127.0613 0001388  84.2971 275.8176 15.06408084208532
1 45087U 20006AV  23309.46567459  .00000691  00000-0  65302-4 0  9991
2 45087  53.0539 125.8701 0001409  85.8622 274.2528 15.06402825208126
1 45087U 20006AV  23309.79740887  .00000822  00000-0  74090-4 0  9995
2 45087  53.0540 124.3808 0001403  85.7416 274.3733 15.06401996208176
1 45087U 20006AV  23309.79740887  .00000822  00000-0  74090-4 0  9995
2 45087  53.0540 124.3808 0001403  85.7416 274.3733 15.06401996208626
1 45087U 20006AV  23310.79259316  .00006024  00000-0  42265-3 0  9997
2 45087  53.0540 119.9137 0001424  89.4199 270.6954 15.06425462208328
1 45087U 20006AV  23310.79259316  .00006024  00000-0  42265-3 0  9997
2 45087  53.0540 119.9137 0001424  89.4199 270.6954 15.06425462208777
1 45087U 20006AV  23311.45607216 -.00003601  00000-0 -22298-3 0  9991
2 45087  53.0539 116.9346 0001975  82.8736 277.2478 15.06393552208429
1 45087U 20006AV  23311.45607216 -.00003601  00000-0 -22298-3 0  9991
2 45087  53.0539 116.9346 0001975  82.8736 277.2478 15.06393552208878
1 45087U 20006AV  23311.72146089 -.00007021  00000-0 -45310-3 0  9997
2 45087  53.0535 115.7431 0001464  83.4010 276.7146 15.06382965208918
1 45087U 20006AV  23312.18589849  .00006513  00000-0  45606-3 0  9994
2 45087  53.0534 113.6581 0001526  81.6998 278.4164 15.06374968208535
1 45087U 20006AV  23312.71667962  .00008146  00000-0  56539-3 0  9997
2 45087  53.0538 111.2752 0001539  80.7037 279.4126 15.06384285208612
1 45087U 20006AV  23312.71667962  .00008146  00000-0  56539-3 0  9997
2 45087  53.0538 111.2752 0001539  80.7037 279.4126 15.06384285209062
1 45087U 20006AV  23313.57919220  .00008036  00000-0  55782-3 0  9996
2 45087  53.0540 107.4032 0001611  81.4946 278.6225 15.06397775208744
1 45087U 20006AV  23313.71188578  .00008041  00000-0  55807-3 0  9990
2 45087  53.0540 106.8073 0001589  79.4818 280.6350 15.06399751208761
1 45087U 20006AV  23314.44169632  .00007221  00000-0  50300-3 0  9993
2 45087  53.0540 103.5308 0001568  79.6503 280.4662 15.06410928209323
1 45087U 20006AV  23314.57438844  .00007221  00000-0  50299-3 0  9998
2 45087  53.0541 102.9348 0001568  81.1942 278.9224 15.06413045208896
1 45087U 20006AV  23314.70708050  .00007564  00000-0  52593-3 0  9991
2 45087  53.0541 102.3394 0001578  79.3797 280.7370 15.06415737208915
1 45087U 20006AV  23315.43689625 -.00000688  00000-0 -27277-4 0  9992
2 45087  53.0544  99.0637 0001626  78.8597 281.2575 15.06400754209474
1 45087U 20006AV  23315.56959050 -.00000511  00000-0 -15439-4 0  9990
2 45087  53.0546  98.4681 0001596  78.9044 281.2125 15.06399686209047
1 45087U 20006AV  23315.70228513  .00000161  00000-0  29730-4 0  9997
2 45087  53.0548  97.8725 0001581  79.0190 281.0977 15.06399560209065
1 45087U 20006AV  23316.56478802  .00000531  00000-0  54549-4 0  9997
2 45087  53.0548  94.0002 0001574  79.0310 281.0856 15.06406133209193
1 45087U 20006AV  23316.69748184  .00000602  00000-0  59276-4 0  9995
2 45087  53.0557  93.4050 0001541  79.8067 280.3095 15.06407789209218
1 45087U 20006AV  23316.69748184  .00000602  00000-0  59276-4 0  9995
2 45087  53.0557  93.4050 0001541  79.8067 280.3095 15.06407789209667
1 45087U 20006AV  23317.62634229  .00000980  00000-0  84649-4 0  9994
2 45087  53.0553  89.2346 0001417  88.2738 271.8413 15.06397374209358
1 45087U 20006AV  23317.62634229  .00000980  00000-0  84649-4 0  9994
2 45087  53.0553  89.2346 0001417  88.2738 271.8413 15.06397374209808
1 45087U 20006AV  23318.55518903  .00001153  00000-0  96239-4 0  9998
2 45087  53.0551  85.0653 0001399  86.1079 274.0070 15.06407228209494
1 45087U 20006AV  23318.75422690  .00001530  00000-0  12156-3 0  9991
2 45087  53.0551  84.1710 0001412  89.3645 270.7505 15.06408435209529
1 45087U 20006AV  23318.75422690  .00001530  00000-0  12156-3 0  9991
2 45087  53.0551  84.1710 0001412  89.3645 270.7505 15.06408435209978
1 45087U 20006AV  23319.48405250  .00000012  00000-0  19683-4 0  9992
2 45087  53.0565  80.8946 0001640 108.1786 251.9382 15.06396022210082
1 45087U 20006AV  23319.61674840 -.00000085  00000-0  13161-4 0  9996
2 45087  53.0557  80.2983 0001301  93.5352 266.5786 15.06393939209653
1 45087U 20006AV  23319.74944231 -.00000042  00000-0  16077-4 0  9996
2 45087  53.0556  79.7029 0001310  92.8296 267.2843 15.06394143209677
1 45087U 20006AV  23320.34655897  .00000115  00000-0  26620-4 0  9996
2 45087  53.0556  77.0228 0001308  91.6764 268.4375 15.06401527209761
1 45087U 20006AV  23321.47446374  .00000674  00000-0  64147-4 0  9995
2 45087  53.0561  71.9594 0001249  92.6939 267.4193 15.06389899210389
1 45087U 20006AV  23321.60715833  .00000579  00000-0  57770-4 0  9997
2 45087  53.0562  71.3637 0001243  92.5379 267.5752 15.06389598209952
1 45087U 20006AV  23322.53600922  .00001266  00000-0  10389-3 0  9990
2 45087  53.0571  67.1947 0001353  98.7513 261.3629 15.06399388210549
1 45087U 20006AV  23322.60235506  .00001376  00000-0  11123-3 0  9999
2 45087  53.0573  66.8976 0001365 100.8541 259.2601 15.06400465210105
1 45087U 20006AV  23323.00044101  .00001187  00000-0  98614-4 0  9994
2 45087  53.0564  65.1104 0001201  95.6679 264.4447 15.06391972210616
1 45087U 20006AV  23323.59756615  .00001056  00000-0  89792-4 0  9990
2 45087  53.0570  62.4306 0001322  97.5384 262.5755 15.06392357210254
1 45087U 20006AV  23324.52640895  .00001394  00000-0  11242-3 0  9995
2 45087  53.0564  58.2603 0001251  92.0139 268.0993 15.06409703210843
1 45087U 20006AV  23324.65909861  .00001901  00000-0  14642-3 0  9991
2 45087  53.0567  57.6648 0001325  90.8529 269.2612 15.06413945210416
1 45087U 20006AV  23324.99084460  .00000325  00000-0  40723-4 0  9996
2 45087  53.0568  56.1757 0001340  95.1053 265.0089 15.06397663210914
1 45087U 20006AV  23325.52162246  .00000531  00000-0  54555-4 0  9992
2 45087  53.0568  53.7932 0001352  98.8885 261.2257 15.06397297210545
1 45087U 20006AV  23325.65431373  .00000968  00000-0  83900-4 0  9996
2 45087  53.0567  53.1971 0001342 101.4126 258.7013 15.06400308210560
1 45087U 20006AV  23326.45046064  .00007307  00000-0  50859-3 0  9994
2 45087  53.0560  49.6233 0001375 101.7749 258.3394 15.06424563211135
1 45087U 20006AV  23326.51680496  .00009787  00000-0  67443-3 0  9995
2 45087  53.0561  49.3252 0001410 103.3470 256.7676 15.06431981210690
1 45087U 20006AV  23326.51680496  .00009787  00000-0  67443-3 0  9995
2 45087  53.0561  49.3252 0001410 103.3470 256.7676 15.06431981211141
1 45087U 20006AV  23327.44567223 -.00003517  00000-0 -21743-3 0  9990
2 45087  53.0560  45.1553 0001425  81.8316 278.2834 15.06385902211284
1 45087U 20006AV  23327.51202355  .00017593  00000-0  11980-2 0  9998
2 45087  53.0562  44.8581 0001366  74.9950 285.1190 15.06370542210841
1 45087U 20006AV  23328.44089076  .00012515  00000-0  85776-3 0  9998
2 45087  53.0570  40.6895 0001506  79.0442 281.0716 15.06390939210986
1 45087U 20006AV  23328.63993072  .00012040  00000-0  82589-3 0  9991
2 45087  53.0565  39.7933 0001434  82.9344 277.1808 15.06396311211019
1 45087U 20006AV  23328.63993072  .00012040  00000-0  82589-3 0  9991
2 45087  53.0565  39.7933 0001434  82.9344 277.1808 15.06396311211468
1 45087U 20006AV  23329.56879447  .00007194  00000-0  50139-3 0  9993
2 45087  53.0566  35.6180 0001538  87.3527 272.7638 15.06399464211155
1 45087U 20006AV  23330.49762810  .00020328  00000-0  13776-2 0  9991
2 45087  53.0562  31.4566 0001657  69.6506 290.4661 15.06455253211742
1 45087U 20006AV  23330.56397124  .00018552  00000-0  12591-2 0  9991
2 45087  53.0561  31.1573 0001586  71.8980 288.2181 15.06458718211301
1 45087U 20006AV  23331.16110771 -.00000673  00000-0 -26294-4 0  9993
2 45087  53.0556  28.4786 0001246  66.3681 293.7439 15.06376440211847
1 45087U 20006AV  23331.42650176  .00011120  00000-0  76496-3 0  9995
2 45087  53.0563  27.2807 0001204  99.8438 260.2687 15.06365239211434
1 45087U 20006AV  23332.42172514  .00012102  00000-0  83037-3 0  9991
2 45087  53.0571  22.8142 0001625  98.6195 261.4978 15.06379809211580
1 45087U 20006AV  23332.42172514  .00012102  00000-0  83037-3 0  9991
2 45087  53.0571  22.8142 0001625  98.6195 261.4978 15.06379809212031
1 45087U 20006AV  23333.35058494  .00010803  00000-0  74298-3 0  9999
2 45087  53.0569  18.6471 0001715 108.6821 251.4355 15.06400642211727
1 45087U 20006AV  23333.74866284  .00013999  00000-0  95645-3 0  9994
2 45087  53.0558  16.8584 0001566  96.5896 263.5271 15.06414940212235
1 45087U 20006AV  23335.14192849  .00002649  00000-0  19656-3 0  9997
2 45087  53.0554  10.6048 0001620 106.5423 253.5744 15.06415840212444
1 45087U 20006AV  23335.47366472  .00003602  00000-0  26060-3 0  9995
2 45087  53.0551   9.1166 0001178  96.9715 263.1408 15.06401588212043
1 45087U 20006AV  23335.47366472  .00003602  00000-0  26060-3 0  9995
2 45087  53.0551   9.1166 0001178  96.9715 263.1408 15.06401588212492
1 45087U 20006AV  23336.40250876  .00032220  00000-0  21691-2 0  9991
2 45087  53.0552   4.9481 0001112  92.5926 267.5191 15.06451003212180
1 45087U 20006AV  23336.40250876  .00032220  00000-0  21691-2 0  9991
2 45087  53.0552   4.9481 0001112  92.5926 267.5191 15.06451003212630
1 45087U 20006AV  23337.06599063 -.00004338  00000-0 -27262-3 0  9990
2 45087  53.0552   1.9692 0001491  84.3388 275.7771 15.06387711212732
1 45087U 20006AV  23337.46408363 -.00005036  00000-0 -31972-3 0  9995
2 45087  53.0558   0.1812 0001348 100.0074 260.1067 15.06363566212347
1 45087U 20006AV  23337.46408363 -.00005036  00000-0 -31972-3 0  9995
2 45087  53.0558   0.1812 0001348 100.0074 260.1067 15.06363566212796
1 45087U 20006AV  23338.06121119  .00018465  00000-0  12556-2 0  9997
2 45087  53.0552 357.4934 0001642 117.8333 242.2822 15.06389160212882
1 45087U 20006AV  23338.32659722  .00017268  00000-0  11752-2 0  9999
2 45087  53.0548 356.3090 0001216  95.4686 264.6441 15.06402760212479
1 45087U 20006AV  23339.05641239  .00005528  00000-0  38965-3 0  9996
2 45087  53.0545 353.0342 0001582  62.1285 297.9864 15.06406929213034
1 45087U 20006AV  23339.45449260  .00006210  00000-0  43541-3 0  9995
2 45087  53.0545 351.2452 0001300  92.6193 267.4945 15.06402237212646
1 45087U 20006AV  23339.45449260  .00006210  00000-0  43541-3 0  9995
2 45087  53.0545 351.2452 0001300  92.6193 267.4945 15.06402237213096
1 45087U 20006AV  23340.18429537  .00005067  00000-0  35866-3 0  9992
2 45087  53.0545 347.9702 0001296  80.7394 279.3741 15.06418884213205
1 45087U 20006AV  23340.25064054  .00005114  00000-0  36178-3 0  9999
2 45087  53.0556 347.6729 0001413  89.9714 270.1437 15.06420182212766
1 45087U 20006AV  23341.17949813  .00000064  00000-0  23163-4 0  9996
2 45087  53.0552 343.5022 0001436  97.6455 262.4698 15.06404073213356
1 45087U 20006AV  23341.37854007 -.00001425  00000-0 -76820-4 0  9990
2 45087  53.0550 342.6086 0001305  91.8339 268.2800 15.06398956212930
1 45087U 20006AV  23342.17470177 -.00000544  00000-0 -17622-4 0  9997
2 45087  53.0549 339.0300 0001359  92.3195 267.7949 15.06399190213505
1 45087U 20006AV  23342.37374094 -.00000580  00000-0 -20070-4 0  9991
2 45087  53.0551 338.1388 0001520  96.7455 263.3707 15.06403822213086
1 45087U 20006AV  23343.30260255  .00002344  00000-0  17624-3 0  9996
2 45087  53.0554 333.9698 0001432  91.1505 268.9648 15.06397688213226
1 45087U 20006AV  23343.30260255  .00002344  00000-0  17624-3 0  9996
2 45087  53.0554 333.9698 0001432  91.1505 268.9648 15.06397688213675
1 45087U 20006AV  23344.36414352  .00003331  00000-0  24236-3 0  9996
2 45087  53.0554 329.2049 0001443  90.4053 269.7101 15.06410707213384
1 45087U 20006AV  23344.36414352  .00003331  00000-0  24236-3 0  9996
2 45087  53.0554 329.2049 0001443  90.4053 269.7101 15.06410707213834
1 45087U 20006AV  23345.16031095 -.00000258  00000-0  15861-5 0  9996
2 45087  53.0547 325.6272 0001335  96.3462 263.7679 15.06395911213959
1 45087U 20006AV  23345.22665776 -.00000047  00000-0  15750-4 0  9994
2 45087  53.0547 325.3292 0001362  94.8108 265.3036 15.06396612213514
1 45087U 20006AV  23346.22185544  .00002483  00000-0  18550-3 0  9990
2 45087  53.0561 320.8665 0001482 104.2376 255.8778 15.06401134213669
1 45087U 20006AV  23346.22185544  .00002483  00000-0  18550-3 0  9990
2 45087  53.0561 320.8665 0001482 104.2376 255.8778 15.06401134214110
1 45087U 20006AV  23347.15071954  .00000921  00000-0  80704-4 0  9998
2 45087  53.0562 316.6947 0001739 124.7791 235.3362 15.06394491214254
1 45087U 20006AV  23347.21706960  .00000694  00000-0  65493-4 0  9992
2 45087  53.0563 316.3981 0001498 110.2292 249.8858 15.06391313213819
1 45087U 20006AV  23348.21226391  .00001780  00000-0  13834-3 0  9996
2 45087  53.0552 311.9301 0001351  98.1213 261.9929 15.06405837213966
1 45087U 20006AV  23348.21226391  .00001780  00000-0  13834-3 0  9996
2 45087  53.0552 311.9301 0001351  98.1213 261.9929 15.06405837214417
1 45087U 20006AV  23349.20748093 -.00000345  00000-0 -42825-5 0  9996
2 45087  53.0550 307.4629 0001255  97.5275 262.5857 15.06388068214561
1 45087U 20006AV  23350.20268542  .00003898  00000-0  28043-3 0  9992
2 45087  53.0551 302.9974 0001420  84.2933 275.8218 15.06399710214264
1 45087U 20006AV  23350.20268542  .00003898  00000-0  28043-3 0  9992
2 45087  53.0551 302.9974 0001420  84.2933 275.8218 15.06399710214714
1 45087U 20006AV  23351.13154711  .00003894  00000-0  28017-3 0  9994
2 45087  53.0559 298.8274 0001821  67.9330 292.1853 15.06398329214400
1 45087U 20006AV  23351.13154711  .00003894  00000-0  28017-3 0  9994
2 45087  53.0559 298.8274 0001821  67.9330 292.1853 15.06398329214859
1 45087U 20006AV  23351.79500469  .00007515  00000-0  52258-3 0  9999
2 45087  53.0549 295.8562 0001600  81.7976 278.3195 15.06419508214500
1 45087U 20006AV  23351.79500469  .00007515  00000-0  52258-3 0  9999
2 45087  53.0549 295.8562 0001600  81.7976 278.3195 15.06419508214959
1 45087U 20006AV  23352.12672890  .00016097  00000-0  10959-2 0  9991
2 45087  53.0548 294.3605 0001588  97.7338 262.3831 15.06440785214551
1 45087U 20006AV  23352.12672890  .00016097  00000-0  10959-2 0  9991
2 45087  53.0548 294.3605 0001588  97.7338 262.3831 15.06440785215002
1 45087U 20006AV  23352.85655162  .00001254  00000-0  10310-3 0  9995
2 45087  53.0534 291.0702 0001700  66.6203 293.4964 15.06401077214665
1 45087U 20006AV  23353.12194020 -.00000491  00000-0 -14054-4 0  9991
2 45087  53.0546 289.8905 0001210  99.3633 260.7493 15.06388397215152
1 45087U 20006AV  23353.32098353  .00006434  00000-0  45053-3 0  9998
2 45087  53.0545 288.9944 0001178  91.0693 269.0431 15.06392339214730
1 45087U 20006AV  23354.11714165  .00015530  00000-0  10587-2 0  9992
2 45087  53.0542 285.4220 0001130 105.9593 254.1521 15.06416376214854
1 45087U 20006AV  23354.11714165  .00015530  00000-0  10587-2 0  9992
2 45087  53.0542 285.4220 0001130 105.9593 254.1521 15.06416376215305
1 45087U 20006AV  23355.11234935  .00010963  00000-0  75380-3 0  9993
2 45087  53.0541 280.9542 0001225 102.2692 257.8435 15.06397245215000
1 45087U 20006AV  23355.11234935  .00010963  00000-0  75380-3 0  9993
2 45087  53.0541 280.9542 0001225 102.2692 257.8435 15.06397245215459
1 45087U 20006AV  23356.10754069  .00016822  00000-0  11446-2 0  9990
2 45087  53.0534 276.4873 0001082 108.1872 251.9235 15.06429796215151
1 45087U 20006AV  23356.10754069  .00016822  00000-0  11446-2 0  9990
2 45087  53.0534 276.4873 0001082 108.1872 251.9235 15.06429796215601
1 45087U 20006AV  23357.03641146  .00017239  00000-0  11738-2 0  9991
2 45087  53.0539 272.3224 0001136 115.9909 244.1197 15.06386718215740
1 45087U 20006AV  23357.23545736  .00021868  00000-0  14834-2 0  9994
2 45087  53.0541 271.4241 0001306  69.1831 290.9298 15.06375362215323
1 45087U 20006AV  23357.23545736  .00021868  00000-0  14834-2 0  9994
2 45087  53.0541 271.4241 0001306  69.1831 290.9298 15.06375362215772
1 45087U 20006AV  23357.89892850  .00015731  00000-0  10726-2 0  9996
2 45087  53.0547 268.4434 0001247  64.6674 295.4444 15.06400008215428
1 45087U 20006AV  23358.16431291  .00014320  00000-0  97807-3 0  9994
2 45087  53.0558 267.2509 0001343  95.1953 264.9190 15.06407776215468
1 45087U 20006AV  23358.16431291  .00014320  00000-0  97807-3 0  9994
2 45087  53.0558 267.2509 0001343  95.1953 264.9190 15.06407776215918
1 45087U 20006AV  23358.89413282  .00005518  00000-0  38908-3 0  9990
2 45087  53.0549 263.9671 0001614 121.5475 238.5672 15.06395282215577
1 45087U 20006AV  23359.02682920  .00003310  00000-0  24102-3 0  9992
2 45087  53.0539 263.3720 0001258  74.3027 285.8100 15.06394418215590
1 45087U 20006AV  23359.02682920  .00003310  00000-0  24102-3 0  9992
2 45087  53.0539 263.3720 0001258  74.3027 285.8100 15.06394418216041
1 45087U 20006AV  23359.88933554  .00007849  00000-0  54513-3 0  9998
2 45087  53.0536 259.5055 0001302  63.2933 296.8189 15.06408761215729
1 45087U 20006AV  23360.15471898  .00011040  00000-0  75848-3 0  9990
2 45087  53.0537 258.3178 0001342  71.5242 288.5893 15.06419446215768
1 45087U 20006AV  23360.15471898  .00011040  00000-0  75848-3 0  9990
2 45087  53.0537 258.3178 0001342  71.5242 288.5893 15.06419446216219
1 45087U 20006AV  23360.95088313  .00000210  00000-0  32991-4 0  9994
2 45087  53.0538 254.7353 0001539 111.9749 248.1404 15.06402477215882
1 45087U 20006AV  23361.01723185  .00000271  00000-0  37089-4 0  9995
2 45087  53.0532 254.4515 0001315 106.0991 254.0142 15.06398426215893
1 45087U 20006AV  23361.01723185  .00000271  00000-0  37089-4 0  9995
2 45087  53.0532 254.4515 0001315 106.0991 254.0142 15.06398426216344
1 45087U 20006AV  23361.87973724  .00004690  00000-0  33343-3 0  9992
2 45087  53.0533 250.5758 0001322  93.7913 266.3227 15.06409088216027
1 45087U 20006AV  23362.01243115  .00009017  00000-0  62324-3 0  9992
2 45087  53.0533 249.9803 0001328  91.1081 269.0060 15.06411722216049
1 45087U 20006AV  23362.01243115  .00009017  00000-0  62324-3 0  9992
2 45087  53.0533 249.9803 0001328  91.1081 269.0060 15.06411722216498
1 45087U 20006AV  23362.94129176  .00003183  00000-0  23249-3 0  9995
2 45087  53.0529 245.8103 0001291  96.7612 263.3524 15.06399713216184
1 45087U 20006AV  23363.07398748  .00002068  00000-0  15771-3 0  9995
2 45087  53.0525 245.2154 0001354  98.1004 262.0138 15.06391425216203
1 45087U 20006AV  23363.07398748  .00002068  00000-0  15771-3 0  9995
2 45087  53.0525 245.2154 0001354  98.1004 262.0138 15.06391425216652
1 45087U 20006AV  23363.93649878  .00004219  00000-0  30195-3 0  9990
2 45087  53.0528 241.3427 0001439  87.5742 272.5412 15.06400163216336
1 45087U 20006AV  23364.79900828  .00004361  00000-0  31147-3 0  9996
2 45087  53.0520 237.4699 0001428  83.2970 276.8182 15.06402297216914
1 45087U 20006AV  23364.93170131  .00003933  00000-0  28279-3 0  9994
2 45087  53.0523 236.8743 0001432  86.9874 273.1279 15.06402316216489
