1 45090U 20006AY  23001.55609016 -.00008254  00000-0 -53604-3 0  9996
2 45090  53.0539  68.1247 0001523  57.8075 302.3062 15.06387678161719
1 45090U 20006AY  23001.88783119 -.00005525  00000-0 -35246-3 0  9999
2 45090  53.0544  66.6361 0001458  60.1963 299.9170 15.06384749161767
1 45090U 20006AY  23002.35226437 -.00000926  00000-0 -43270-4 0  9994
2 45090  53.0553  64.5517 0001668  64.4695 295.6467 15.06395142161838
1 45090U 20006AY  23002.88303593  .00003668  00000-0  26511-3 0  9993
2 45090  53.0553  62.1689 0001770  66.9498 293.1678 15.06388387161913
1 45090U 20006AY  23003.14842215  .00001365  00000-0  11054-3 0  9990
2 45090  53.0551  60.9775 0001710  62.2892 297.8270 15.06393788161958
1 45090U 20006AY  23004.40902769  .00000675  00000-0  64227-4 0  9995
2 45090  53.0570  55.3195 0001963  62.9324 297.1865 15.06389270162146
1 45090U 20006AY  23005.40419754  .00000100  00000-0  25635-4 0  9996
2 45090  53.0556  50.8520 0002053  58.3447 301.7743 15.06429298162296
1 45090U 20006AY  23005.80229959  .00009159  00000-0  63327-3 0  9998
2 45090  53.0543  49.0625 0002155  47.7054 312.4117 15.06380305162353
1 45090U 20006AY  23006.53213358 -.00004010  00000-0 -25057-3 0  9996
2 45090  53.0550  45.7875 0001770  50.5938 309.5207 15.06381563162462
1 45090U 20006AY  23007.12924144 -.00004135  00000-0 -25893-3 0  9990
2 45090  53.0538  43.1037 0001767  32.7075 327.4023 15.06389075162551
1 45090U 20006AY  23007.79270842  .00001876  00000-0  14478-3 0  9996
2 45090  53.0540  40.1281 0001752  47.0870 313.0266 15.06399724162651
1 45090U 20006AY  23008.45618510  .00006820  00000-0  47635-3 0  9993
2 45090  53.0542  37.1511 0001741  52.0613 308.0533 15.06397130162755
1 45090U 20006AY  23009.45138025  .00003748  00000-0  27035-3 0  9990
2 45090  53.0539  32.6831 0001838  50.6864 309.4288 15.06408625162906
1 45090U 20006AY  23010.31388663  .00001837  00000-0  14216-3 0  9996
2 45090  53.0541  28.8108 0001862  50.7415 309.3739 15.06406128163034
1 45090U 20006AY  23010.77830697  .00002735  00000-0  20236-3 0  9992
2 45090  53.0544  26.7257 0001924  50.9095 309.2065 15.06415210163105
1 45090U 20006AY  23011.30908712 -.00000995  00000-0 -47895-4 0  9995
2 45090  53.0542  24.3425 0001884  50.6984 309.4172 15.06398422163187
1 45090U 20006AY  23011.83986517 -.00000567  00000-0 -19133-4 0  9991
2 45090  53.0551  21.9606 0001918  48.7924 311.3230 15.06397185163262
1 45090U 20006AY  23012.83508276 -.00000631  00000-0 -23471-4 0  9996
2 45090  53.0554  17.4935 0001844  48.2258 311.8888 15.06378956163419
1 45090U 20006AY  23013.29950589  .00000776  00000-0  71016-4 0  9991
2 45090  53.0554  15.4081 0001730  55.8442 304.2711 15.06390360163483
1 45090U 20006AY  23013.69758872  .00001165  00000-0  97094-4 0  9993
2 45090  53.0554  13.6218 0001741  58.6827 301.4332 15.06391528163547
1 45090U 20006AY  23014.95818309  .00002831  00000-0  20891-3 0  9996
2 45090  53.0549   7.9627 0002187  76.1225 284.0007 15.06397213163736
1 45090U 20006AY  23015.68799473  .00003193  00000-0  23310-3 0  9998
2 45090  53.0536   4.6845 0001621  80.9002 279.2170 15.06404275163842
1 45090U 20006AY  23016.21876542  .00012121  00000-0  83079-3 0  9990
2 45090  53.0534   2.3005 0001631  94.1278 265.9897 15.06417864163921
1 45090U 20006AY  23016.68319733  .00003061  00000-0  22432-3 0  9994
2 45090  53.0528   0.2162 0001539  87.4674 272.6491 15.06400146163994
1 45090U 20006AY  23017.34667875 -.00000321  00000-0 -26630-5 0  9995
2 45090  53.0532 357.2379 0001943  83.2091 276.9119 15.06376427164090
1 45090U 20006AY  23018.34187847  .00033760  00000-0  22724-2 0  9990
2 45090  53.0537 352.7708 0001769  79.6689 280.4500 15.06433999164248
1 45090U 20006AY  23019.27072245  .00022617  00000-0  15309-2 0  9998
2 45090  53.0537 348.6001 0001468  79.3111 280.8043 15.06436656164385
1 45090U 20006AY  23020.33228409  .00019405  00000-0  13182-2 0  9990
2 45090  53.0541 343.8351 0001423 110.9611 249.1530 15.06395727164543
1 45090U 20006AY  23025.50735307  .00006113  00000-0  42846-3 0  9996
2 45090  53.0543 320.6034 0001407 106.9816 253.1328 15.06438901165329
1 45090U 20006AY  23025.83908574  .00005405  00000-0  38121-3 0  9994
2 45090  53.0524 319.1128 0001962  99.5015 260.6195 15.06423575165370
1 45090U 20006AY  23026.10446652  .00005668  00000-0  39873-3 0  9995
2 45090  53.0544 317.9248 0001515 107.5780 252.5374 15.06432241165418
1 45090U 20006AY  23027.16601392  .00005898  00000-0  41442-3 0  9996
2 45090  53.0549 313.1564 0001799  96.5569 263.5625 15.06411467165573
1 45090U 20006AY  23028.22758037 -.00003153  00000-0 -19302-3 0  9997
2 45090  53.0528 308.3930 0001442 100.4810 259.6341 15.06377529165731
1 45090U 20006AY  23029.75355839  .00010544  00000-0  72544-3 0  9996
2 45090  53.0526 301.5419 0001484  89.8968 270.2191 15.06413258165963
1 45090U 20006AY  23030.54971106  .00005927  00000-0  41628-3 0  9994
2 45090  53.0515 297.9673 0001415  84.8124 275.3026 15.06418183166083
1 45090U 20006AY  23030.81509760 -.00001359  00000-0 -72323-4 0  9991
2 45090  53.0520 296.7750 0001481  96.3079 263.8078 15.06407108166121
1 45090U 20006AY  23031.14682767  .00002464  00000-0  18419-3 0  9998
2 45090  53.0525 295.2862 0001350 100.2654 259.8487 15.06414500166171
1 45090U 20006AY  23031.74394982 -.00000964  00000-0 -45839-4 0  9995
2 45090  53.0514 292.6046 0001492  99.4050 260.7107 15.06403483166268
1 45090U 20006AY  23032.07568129  .00000773  00000-0  70761-4 0  9996
2 45090  53.0521 291.1156 0001537 101.1708 258.9454 15.06407816166317
1 45090U 20006AY  23033.07088615 -.00000053  00000-0  15367-4 0  9997
2 45090  53.0526 286.6482 0001407  94.9993 265.1157 15.06399554166469
1 45090U 20006AY  23034.06608832  .00000861  00000-0  76711-4 0  9992
2 45090  53.0527 282.1804 0001371  94.3817 265.7329 15.06401338166616
1 45090U 20006AY  23034.66321663  .00000405  00000-0  46101-4 0  9996
2 45090  53.0507 279.4990 0001650  91.4513 268.6665 15.06393356166705
1 45090U 20006AY  23035.92380525  .00002573  00000-0  19155-3 0  9994
2 45090  53.0518 273.8409 0001413  96.9816 263.1334 15.06400653166895
1 45090U 20006AY  23036.45457146 -.00004483  00000-0 -28214-3 0  9997
2 45090  53.0514 271.4591 0001220  80.3920 279.7207 15.06413929166977
1 45090U 20006AY  23036.91900842  .00001541  00000-0  12232-3 0  9997
2 45090  53.0516 269.3738 0001117  91.9970 268.1147 15.06399498167044
1 45090U 20006AY  23037.51613138  .00000494  00000-0  52039-4 0  9999
2 45090  53.0511 266.6922 0001172  94.7258 265.3865 15.06397090167137
1 45090U 20006AY  23037.91420904  .00000684  00000-0  64770-4 0  9996
2 45090  53.0525 264.9054 0001080  89.8963 270.2150 15.06403190167192
1 45090U 20006AY  23038.11324432  .00001579  00000-0  12483-3 0  9995
2 45090  53.0525 264.0114 0001100  91.0029 269.1086 15.06409265167229
1 45090U 20006AY  23038.90941130  .00002167  00000-0  16430-3 0  9992
2 45090  53.0528 260.4374 0000944 100.3555 259.7540 15.06401714167347
1 45090U 20006AY  23039.90462018  .00000640  00000-0  61846-4 0  9992
2 45090  53.0528 255.9705 0001321 106.6035 253.5099 15.06394936167490
1 45090U 20006AY  23040.10365651  .00001711  00000-0  13374-3 0  9993
2 45090  53.0513 255.0751 0001136  91.7368 268.3751 15.06402305167526
1 45090U 20006AY  23040.83348097  .00004975  00000-0  35271-3 0  9993
2 45090  53.0517 251.7981 0001215  93.2210 266.8918 15.06390001167638
1 45090U 20006AY  23041.09886520  .00006403  00000-0  44841-3 0  9991
2 45090  53.0519 250.6064 0001123  92.2509 267.8608 15.06397534167677
1 45090U 20006AY  23041.82867733  .00002090  00000-0  15914-3 0  9994
2 45090  53.0517 247.3300 0001125  95.3467 264.7650 15.06402912167782
1 45090U 20006AY  23042.02771520  .00005824  00000-0  40944-3 0  9994
2 45090  53.0518 246.4367 0001065  89.3498 270.7613 15.06411344167815
1 45090U 20006AY  23042.82388191  .00003790  00000-0  27315-3 0  9997
2 45090  53.0524 242.8635 0001442  87.3229 272.7925 15.06405616167935
1 45090U 20006AY  23043.55369868  .00004395  00000-0  31373-3 0  9999
2 45090  53.0520 239.5860 0001410  90.1514 269.9637 15.06399953168045
1 45090U 20006AY  23043.95178296  .00009543  00000-0  65871-3 0  9996
2 45090  53.0521 237.7987 0001349  88.0818 272.0326 15.06398603168108
1 45090U 20006AY  23045.21238213 -.00003309  00000-0 -20344-3 0  9995
2 45090  53.0524 232.1403 0001592  91.8267 268.2904 15.06378779168294
1 45090U 20006AY  23045.80951133 -.00002730  00000-0 -16454-3 0  9997
2 45090  53.0521 229.4594 0001604  85.1848 274.9324 15.06374284168383
1 45090U 20006AY  23046.20759342  .00007475  00000-0  52025-3 0  9993
2 45090  53.0524 227.6744 0001130  90.1183 269.9935 15.06396660168446
1 45090U 20006AY  23046.87105764  .00022418  00000-0  15179-2 0  9991
2 45090  53.0507 224.6938 0000913  74.1843 285.9247 15.06430323168542
1 45090U 20006AY  23046.93740312  .00026061  00000-0  17603-2 0  9994
2 45090  53.0508 224.3959 0000949  71.7305 288.3788 15.06436188168551
1 45090U 20006AY  23047.73355354  .00034704  00000-0  23341-2 0  9990
2 45090  53.0497 220.8231 0001251  77.2938 282.8191 15.06450458168678
1 45090U 20006AY  23047.93258815  .00030590  00000-0  20608-2 0  9998
2 45090  53.0487 219.9288 0000894  89.5335 270.5756 15.06450488168705
1 45090U 20006AY  23048.92779423  .00015494  00000-0  10566-2 0  9999
2 45090  53.0509 215.4601 0001082  87.3444 272.7669 15.06405122168855
1 45090U 20006AY  23049.45857394  .00007023  00000-0  49012-3 0  9990
2 45090  53.0498 213.0771 0001329  80.0014 280.1125 15.06385117168931
1 45090U 20006AY  23050.58647216  .00005569  00000-0  39243-3 0  9994
2 45090  53.0515 208.0143 0001264  72.0978 288.0148 15.06403539169107
1 45090U 20006AY  23051.58167962 -.00000641  00000-0 -24156-4 0  9996
2 45090  53.0524 203.5467 0001260  80.0129 280.1002 15.06389971169250
1 45090U 20006AY  23052.57688141  .00010778  00000-0  74115-3 0  9992
2 45090  53.0528 199.0790 0001202  78.7044 281.4080 15.06408244169400
1 45090U 20006AY  23052.84226576  .00017738  00000-0  12060-2 0  9995
2 45090  53.0523 197.8868 0001196  75.9322 284.1800 15.06421817169442
1 45090U 20006AY  23053.57209065 -.00002517  00000-0 -15019-3 0  9999
2 45090  53.0519 194.6097 0001263  81.6919 278.4213 15.06386307169557
1 45090U 20006AY  23053.83748238  .00020178  00000-0  13701-2 0  9994
2 45090  53.0523 193.4200 0001204  82.3187 277.7938 15.06386750169597
1 45090U 20006AY  23054.36825570  .00023801  00000-0  16108-2 0  9998
2 45090  53.0522 191.0365 0001220  84.6146 275.4982 15.06412999169678
1 45090U 20006AY  23054.63363836  .00023299  00000-0  15767-2 0  9991
2 45090  53.0523 189.8461 0001263  79.7981 280.3151 15.06426906169711
1 45090U 20006AY  23055.49615160  .00010747  00000-0  73960-3 0  9990
2 45090  53.0523 185.9737 0001109  79.3514 280.7600 15.06384196169842
1 45090U 20006AY  23055.82788817  .00022148  00000-0  15014-2 0  9990
2 45090  53.0524 184.4846 0001200  83.3600 276.7525 15.06392684169898
1 45090U 20006AY  23056.55769508  .00025092  00000-0  16960-2 0  9999
2 45090  53.0526 181.2082 0001193  77.8406 282.2716 15.06431571170008
1 45090U 20006AY  23056.82307439  .00029082  00000-0  19607-2 0  9994
2 45090  53.0529 180.0156 0001181  82.1508 277.9615 15.06448644170041
1 45090U 20006AY  23057.48654721  .00006460  00000-0  45208-3 0  9998
2 45090  53.0526 177.0375 0001203 105.1090 255.0032 15.06409562170141
1 45090U 20006AY  23057.81828211  .00030857  00000-0  20805-2 0  9994
2 45090  53.0525 175.5477 0001203 113.2544 246.8572 15.06415638170193
1 45090U 20006AY  23058.01732789  .00029131  00000-0  19673-2 0  9995
2 45090  53.0531 174.6547 0001580  84.5897 275.5272 15.06385024170222
1 45090U 20006AY  23058.74713079  .00073993  00000-0  49249-2 0  9993
2 45090  53.0528 171.3796 0001213  79.7329 280.3796 15.06472311170330
1 45090U 20006AY  23059.54329177  .00026288  00000-0  17764-2 0  9996
2 45090  53.0516 167.8048 0000979  72.6638 287.4458 15.06415656170455
1 45090U 20006AY  23059.80867552  .00032064  00000-0  21600-2 0  9992
2 45090  53.0512 166.6128 0001188  59.7514 300.3592 15.06429105170491
1 45090U 20006AY  23060.80391368  .00007518  00000-0  52373-3 0  9999
2 45090  53.0521 162.1452 0001645  81.4369 278.6806 15.06354293170647
1 45090U 20006AY  23061.53371295  .00028638  00000-0  19305-2 0  9990
2 45090  53.0524 158.8691 0002318  77.4036 282.7212 15.06460871170750
1 45090U 20006AY  23062.46255144  .00025990  00000-0  17565-2 0  9991
2 45090  53.0536 154.6996 0001354 100.6217 259.4925 15.06416093170898
1 45090U 20006AY  23063.45775907  .00037991  00000-0  25540-2 0  9991
2 45090  53.0552 150.2328 0002186 142.2544 217.8599 15.06423566171042
1 45090U 20006AY  23063.92219014 -.00009638  00000-0 -62927-3 0  9995
2 45090  53.0546 148.1477 0000717 172.7037 187.3963 15.06384862171118
1 45090U 20006AY  23064.18758345 -.00002232  00000-0 -13112-3 0  9994
2 45090  53.0535 146.9565 0000853 125.2677 234.8392 15.06370484171157
1 45090U 20006AY  23064.91739991  .00030407  00000-0  20503-2 0  9995
2 45090  53.0530 143.6806 0001022  76.2348 283.8755 15.06421162171262
1 45090U 20006AY  23065.91259539 -.00005800  00000-0 -37081-3 0  9992
2 45090  53.0532 139.2141 0000358 193.1662 166.9318 15.06399858171415
1 45090U 20006AY  23066.90780855 -.00001355  00000-0 -72119-4 0  9995
2 45090  53.0516 134.7441 0000927  92.8198 267.2897 15.06390794171564
1 45090U 20006AY  23067.90301697  .00046304  00000-0  31049-2 0  9995
2 45090  53.0517 130.2765 0001363  82.2658 277.8485 15.06426857171711
1 45090U 20006AY  23068.43378598  .00025311  00000-0  17109-2 0  9994
2 45090  53.0524 127.8904 0001529 100.2103 259.9059 15.06424520171797
1 45090U 20006AY  23069.56171148 -.00000791  00000-0 -34261-4 0  9998
2 45090  53.0524 122.8272 0000905  79.8937 280.2154 15.06357551171964
1 45090U 20006AY  23070.42421115  .00016330  00000-0  11122-2 0  9990
2 45090  53.0520 118.9570 0001093 103.3907 256.7204 15.06413782172094
1 45090U 20006AY  23070.62324781  .00015362  00000-0  10474-2 0  9996
2 45090  53.0521 118.0626 0001111 105.0802 255.0309 15.06419785172123
1 45090U 20006AY  23071.55211039  .00001508  00000-0  12011-3 0  9997
2 45090  53.0525 113.8926 0001208  77.8230 282.2894 15.06398029172264
1 45090U 20006AY  23072.48094879  .00015209  00000-0  10368-2 0  9996
2 45090  53.0522 109.7232 0001127  87.6216 272.4902 15.06432841172406
1 45090U 20006AY  23073.47615300  .00008000  00000-0  55526-3 0  9991
2 45090  53.0523 105.2560 0001279  87.8894 272.2241 15.06407592172559
1 45090U 20006AY  23073.80788305  .00020620  00000-0  13983-2 0  9996
2 45090  53.0523 103.7662 0001224  99.5664 260.5463 15.06422832172606
1 45090U 20006AY  23074.53767603  .00030298  00000-0  20405-2 0  9994
2 45090  53.0521 100.4900 0001230  99.4300 260.6828 15.06466523172719
1 45090U 20006AY  23074.80307415 -.00003864  00000-0 -24061-3 0  9999
2 45090  53.0534  99.2978 0001989  86.3382 273.7834 15.06401620172752
1 45090U 20006AY  23075.53291143  .00019765  00000-0  13438-2 0  9990
2 45090  53.0527  96.0225 0001350  79.2996 280.8145 15.06352780172866
1 45090U 20006AY  23076.52813193  .00015791  00000-0  10770-2 0  9996
2 45090  53.0528  91.5556 0001470  84.5287 275.5870 15.06386692173012
1 45090U 20006AY  23076.72717447  .00011943  00000-0  81962-3 0  9990
2 45090  53.0523  90.6612 0001526  86.4149 273.7014 15.06386357173041
1 45090U 20006AY  23077.72237021  .00015685  00000-0  10689-2 0  9990
2 45090  53.0524  86.1929 0001529  87.9120 272.2044 15.06421983173199
1 45090U 20006AY  23078.51851003  .00017260  00000-0  11731-2 0  9990
2 45090  53.0521  82.6183 0001550  90.6259 269.4907 15.06452346173314
1 45090U 20006AY  23078.71755950 -.00015376  00000-0 -10156-2 0  9994
2 45090  53.0521  81.7247 0001774  97.6952 262.4238 15.06397303173344
1 45090U 20006AY  23079.51372683  .00006809  00000-0  47561-3 0  9991
2 45090  53.0520  78.1505 0001642 107.0210 253.0959 15.06394068173461
1 45090U 20006AY  23079.71276918  .00014291  00000-0  97642-3 0  9996
2 45090  53.0520  77.2569 0001651 108.3171 251.7997 15.06396968173492
1 45090U 20006AY  23080.24354050  .00021220  00000-0  14384-2 0  9991
2 45090  53.0523  74.8737 0001664 109.0853 251.0317 15.06419528173570
1 45090U 20006AY  23081.37144814  .00015317  00000-0  10452-2 0  9993
2 45090  53.0524  69.8107 0001201  92.6629 267.4497 15.06389988173746
1 45090U 20006AY  23082.36663833  .00019191  00000-0  13025-2 0  9993
2 45090  53.0534  65.3425 0001335 100.5817 259.5322 15.06435891173897
1 45090U 20006AY  23083.36185129  .00077238  00000-0  51417-2 0  9994
2 45090  53.0540  60.8745 0001297  83.5696 276.5440 15.06443404174048
1 45090U 20006AY  23084.35702103  .00024145  00000-0  16311-2 0  9994
2 45090  53.0540  56.4074 0001338  90.3308 269.7835 15.06472094174191
1 45090U 20006AY  23085.41860139  .00026368  00000-0  17843-2 0  9996
2 45090  53.0544  51.6430 0001423 108.2718 251.8426 15.06361699174351
1 45090U 20006AY  23086.41380835  .00025109  00000-0  16979-2 0  9998
2 45090  53.0535  47.1753 0001517 121.5063 238.6074 15.06414744174503
1 45090U 20006AY  23086.87824556  .00012824  00000-0  87853-3 0  9991
2 45090  53.0544  45.0907 0001317 109.2959 250.8172 15.06387970174578
1 45090U 20006AY  23087.07728688  .00027397  00000-0  18512-2 0  9999
2 45090  53.0545  44.1964 0001402 121.5902 238.5224 15.06396149174605
1 45090U 20006AY  23088.13881384  .00037117  00000-0  24931-2 0  9993
2 45090  53.0545  39.4309 0001367 118.4358 241.6769 15.06467397174765
1 45090U 20006AY  23089.53209829  .00037888  00000-0  25472-2 0  9992
2 45090  53.0547  33.1773 0001254 100.6864 259.4266 15.06423380174979
1 45090U 20006AY  23091.19077847  .00032609  00000-0  22016-2 0  9997
2 45090  53.0541  25.7306 0001135  68.4868 291.6242 15.06338787175222
1 45090U 20006AY  23092.25234639  .00040069  00000-0  26927-2 0  9993
2 45090  53.0542  20.9651 0001254  74.0411 286.0716 15.06413124175382
1 45090U 20006AY  23092.78312409  .00028180  00000-0  19024-2 0  9993
2 45090  53.0543  18.5830 0001365  76.5177 283.5964 15.06414827175461
1 45090U 20006AY  23093.18119750  .00039311  00000-0  26404-2 0  9990
2 45090  53.0542  16.7954 0001240  87.0091 273.1040 15.06441389175521
1 45090U 20006AY  23093.84463790  .00031901  00000-0  21461-2 0  9994
2 45090  53.0553  13.8194 0001346  86.6074 273.5069 15.06482657175629
1 45090U 20006AY  23094.04366522  .00036716  00000-0  24643-2 0  9996
2 45090  53.0550  12.9241 0001341  92.8750 267.2392 15.06500333175658
1 45090U 20006AY  23094.90618689  .00023694  00000-0  16044-2 0  9992
2 45090  53.0550   9.0521 0001513 123.2840 236.8294 15.06395875175786
1 45090U 20006AY  23095.23793805  .00032316  00000-0  21821-2 0  9993
2 45090  53.0549   7.5628 0001314  99.2389 260.8748 15.06338066175830
1 45090U 20006AY  23096.16681319  .00031187  00000-0  21036-2 0  9995
2 45090  53.0550   3.3937 0001253  88.9083 271.2049 15.06395458175970
1 45090U 20006AY  23097.09567948  .00008396  00000-0  58208-3 0  9997
2 45090  53.0554 359.2231 0001298  86.4984 273.6153 15.06387951176114
1 45090U 20006AY  23098.09085642  .00024426  00000-0  16504-2 0  9998
2 45090  53.0538 354.7558 0001173  98.1059 262.0063 15.06459050176261
1 45090U 20006AY  23099.08607407  .00016509  00000-0  11250-2 0  9993
2 45090  53.0537 350.2888 0001154  65.7562 294.3548 15.06386574176418
1 45090U 20006AY  23099.94857837  .00017954  00000-0  12205-2 0  9998
2 45090  53.0546 346.4163 0001189  73.8008 286.3112 15.06419561176549
1 45090U 20006AY  23100.94378232  .00018091  00000-0  12296-2 0  9991
2 45090  53.0544 341.9487 0001228  98.1111 262.0017 15.06420415176696
1 45090U 20006AY  23101.07647552  .00015116  00000-0  10311-2 0  9991
2 45090  53.0549 341.3537 0001172  96.8085 263.3037 15.06414638176713
1 45090U 20006AY  23101.93896968  .00017849  00000-0  12128-2 0  9996
2 45090  53.0553 337.4822 0001200  99.5008 260.6116 15.06439746176847
1 45090U 20006AY  23102.00531448  .00019224  00000-0  13044-2 0  9991
2 45090  53.0553 337.1838 0001238 101.1183 258.9945 15.06443612176854
1 45090U 20006AY  23103.00052631  .00018772  00000-0  12764-2 0  9999
2 45090  53.0553 332.7165 0001217  78.8169 281.2957 15.06382572177006
1 45090U 20006AY  23103.99571914  .00027746  00000-0  18723-2 0  9999
2 45090  53.0541 328.2490 0001086  82.7170 277.3942 15.06438624177150
1 45090U 20006AY  23105.58805535  .00001002  00000-0  86169-4 0  9993
2 45090  53.0548 321.0969 0001119 112.7347 247.3761 15.06399626177396
1 45090U 20006AY  23105.85344338  .00018431  00000-0  12525-2 0  9999
2 45090  53.0538 319.9076 0001206 100.3014 259.8111 15.06414050177432
1 45090U 20006AY  23106.58326662  .00006712  00000-0  46909-3 0  9993
2 45090  53.0538 316.6317 0001387  87.7514 272.3634 15.06397962177541
1 45090U 20006AY  23106.84866025  .00020019  00000-0  13596-2 0  9995
2 45090  53.0536 315.4400 0001088  67.2891 292.8213 15.06384092177582
1 45090U 20006AY  23106.98135516  .00020801  00000-0  14117-2 0  9993
2 45090  53.0537 314.8443 0001129  67.6476 292.4633 15.06387780177604
1 45090U 20006AY  23107.84385448  .00025439  00000-0  17190-2 0  9996
2 45090  53.0533 310.9718 0001134  68.5143 291.5967 15.06434256177734
1 45090U 20006AY  23108.04288847  .00025287  00000-0  17082-2 0  9995
2 45090  53.0534 310.0788 0001159  66.1615 293.9495 15.06447909177762
1 45090U 20006AY  23108.83905181  .00032206  00000-0  21701-2 0  9991
2 45090  53.0527 306.5056 0001058  97.5890 262.5219 15.06418437177886
1 45090U 20006AY  23109.23712449  .00033414  00000-0  22489-2 0  9995
2 45090  53.0527 304.7180 0001065  96.7887 263.3223 15.06442370177943
1 45090U 20006AY  23109.83422296  .00030095  00000-0  20267-2 0  9993
2 45090  53.0523 302.0374 0001042  96.8692 263.2415 15.06472865178030
1 45090U 20006AY  23110.49769928  .00003746  00000-0  27027-3 0  9998
2 45090  53.0532 299.0620 0003547  77.9926 282.1461 15.06400814178138
1 45090U 20006AY  23111.22753810  .00022062  00000-0  14970-2 0  9997
2 45090  53.0525 295.7818 0001194  58.4790 301.6315 15.06359829178247
1 45090U 20006AY  23112.48814603  .00017697  00000-0  12042-2 0  9990
2 45090  53.0520 290.1262 0001707  48.1453 311.9681 15.06393839178436
1 45090U 20006AY  23112.75353462  .00022287  00000-0  15105-2 0  9995
2 45090  53.0525 288.9304 0001249  59.7316 300.3796 15.06396721178476
1 45090U 20006AY  23113.48334287  .00024383  00000-0  16489-2 0  9995
2 45090  53.0535 285.6544 0001300  57.3220 302.7894 15.06429077178581
1 45090U 20006AY  23114.47853461  .00061530  00000-0  41084-2 0  9999
2 45090  53.0536 281.1868 0001798  67.8511 292.2668 15.06448434178739
1 45090U 20006AY  23115.54009403 -.00018597  00000-0 -12340-2 0  9997
2 45090  53.0542 276.4221 0000712  22.6569 337.4451 15.06367501178897
1 45090U 20006AY  23116.53531920  .00020132  00000-0  13674-2 0  9998
2 45090  53.0542 271.9539 0000896 130.7890 229.3176 15.06377094179049
1 45090U 20006AY  23116.80070719  .00031425  00000-0  21190-2 0  9991
2 45090  53.0532 270.7620 0000977 108.8227 251.2868 15.06402980179085
1 45090U 20006AY  23117.53051436  .00026045  00000-0  17594-2 0  9992
2 45090  53.0533 267.4865 0001015 103.8037 256.3065 15.06432388179190
1 45090U 20006AY  23118.52571542 -.00002014  00000-0 -11633-3 0  9998
2 45090  53.0528 263.0190 0001230  81.3089 278.8039 15.06397237179343
1 45090U 20006AY  23119.58725963  .00026186  00000-0  17687-2 0  9991
2 45090  53.0525 258.2533 0001169  68.3441 291.7672 15.06434004179504
1 45090U 20006AY  23120.58246266 -.00000611  00000-0 -22130-4 0  9995
2 45090  53.0528 253.7847 0000865  81.8267 278.2820 15.06396114179653
1 45090U 20006AY  23121.57766476  .00015624  00000-0  10650-2 0  9995
2 45090  53.0537 249.3171 0000973  81.1267 278.9832 15.06416166179804
1 45090U 20006AY  23121.71035542  .00017356  00000-0  11804-2 0  9990
2 45090  53.0544 248.7208 0000987  85.2796 274.8306 15.06423918179829
1 45090U 20006AY  23122.57287200  .00004100  00000-0  29400-3 0  9990
2 45090  53.0547 244.8486 0000976  97.1522 262.9578 15.06395885179958
1 45090U 20006AY  23122.63922045  .00003230  00000-0  23570-3 0  9995
2 45090  53.0542 244.5515 0001071  92.9447 267.1664 15.06392810179968
1 45090U 20006AY  23123.56807409  .00019799  00000-0  13436-2 0  9990
2 45090  53.0539 240.3813 0001186  92.4000 267.7125 15.06420832180108
1 45090U 20006AY  23123.70076535  .00016287  00000-0  11091-2 0  9998
2 45090  53.0544 239.7846 0001205  88.3062 271.8065 15.06423076180120
1 45090U 20006AY  23124.56327854  .00006387  00000-0  44728-3 0  9990
2 45090  53.0532 235.9145 0001162 105.8183 254.2935 15.06401898180251
1 45090U 20006AY  23124.62962782  .00022883  00000-0  15503-2 0  9999
2 45090  53.0532 235.6173 0001135 105.5508 254.5606 15.06395164180264
1 45090U 20006AY  23125.55847105  .00024248  00000-0  16394-2 0  9999
2 45090  53.0533 231.4475 0001116 101.6276 258.4838 15.06439290180407
1 45090U 20006AY  23126.55368459  .00035650  00000-0  24012-2 0  9995
2 45090  53.0534 226.9798 0001049  70.0581 290.0520 15.06383509180555
1 45090U 20006AY  23127.41618663  .00027752  00000-0  18730-2 0  9990
2 45090  53.0533 223.1080 0001129  68.5319 291.5790 15.06433217180688
1 45090U 20006AY  23128.54408971  .00025955  00000-0  17558-2 0  9994
2 45090  53.0527 218.0453 0001017  84.5055 275.6050 15.06381887180855
1 45090U 20006AY  23129.53928468  .00027637  00000-0  18653-2 0  9998
2 45090  53.0523 213.5781 0001063  86.4741 273.6370 15.06434145181006
1 45090U 20006AY  23130.53450030  .00024161  00000-0  16362-2 0  9999
2 45090  53.0521 209.1106 0001006 104.5654 255.5446 15.06380486181155
1 45090U 20006AY  23130.73354273  .00031019  00000-0  20927-2 0  9995
2 45090  53.0519 208.2170 0001033 102.6055 257.5049 15.06390873181182
1 45090U 20006AY  23131.46335267  .00022686  00000-0  15360-2 0  9993
2 45090  53.0526 204.9403 0001035  98.7181 261.3925 15.06423476181293
1 45090U 20006AY  23131.92778421  .00017683  00000-0  12027-2 0  9995
2 45090  53.0513 202.8605 0001865  44.5007 315.6131 15.06409359181361
1 45090U 20006AY  23133.45376431  .00019817  00000-0  13448-2 0  9999
2 45090  53.0533 196.0040 0000967  72.3881 287.7214 15.06421175181597
1 45090U 20006AY  23133.65280057  .00015549  00000-0  10598-2 0  9990
2 45090  53.0534 195.1071 0001029 100.2608 259.8497 15.06423618181621
1 45090U 20006AY  23134.58166815  .00008793  00000-0  60852-3 0  9990
2 45090  53.0540 190.9428 0001170  55.4895 304.6204 15.06395931181769
1 45090U 20006AY  23134.84705756  .00008605  00000-0  59601-3 0  9994
2 45090  53.0534 189.7492 0001081  77.9001 282.2109 15.06392066181804
1 45090U 20006AY  23135.44417813  .00010693  00000-0  73552-3 0  9996
2 45090  53.0530 187.0690 0001081  80.4210 279.6901 15.06405555181899
1 45090U 20006AY  23135.84226157  .00004101  00000-0  29407-3 0  9996
2 45090  53.0537 185.2798 0001320  94.5920 265.5220 15.06393340181958
1 45090U 20006AY  23136.57207667  .00002651  00000-0  19680-3 0  9992
2 45090  53.0521 182.0060 0001079  85.5794 274.5318 15.06398815182061
1 45090U 20006AY  23136.83746256  .00003101  00000-0  22696-3 0  9995
2 45090  53.0521 180.8146 0001067  84.1360 275.9750 15.06402300182108
1 45090U 20006AY  23137.83266131  .00001421  00000-0  11423-3 0  9994
2 45090  53.0526 176.3464 0001156  82.4967 277.6153 15.06403321182255
1 45090U 20006AY  23138.49613145  .00000817  00000-0  73708-4 0  9991
2 45090  53.0527 173.3685 0001142  82.6093 277.5025 15.06399843182356
1 45090U 20006AY  23138.82786290  .00001361  00000-0  11021-3 0  9994
2 45090  53.0526 171.8793 0001137  82.6851 277.4267 15.06403863182405
1 45090U 20006AY  23139.35863097  .00000922  00000-0  80778-4 0  9992
2 45090  53.0538 169.4945 0001082  93.0190 267.0923 15.06409466182488
1 45090U 20006AY  23140.75191733  .00001134  00000-0  95019-4 0  9999
2 45090  53.0537 163.2409 0001102  81.3609 278.7505 15.06402926182694
1 45090U 20006AY  23141.34903224  .00002004  00000-0  15332-3 0  9997
2 45090  53.0523 160.5602 0001154  90.6547 269.4574 15.06409444182780
1 45090U 20006AY  23141.74711594  .00000001  00000-0  18929-4 0  9999
2 45090  53.0524 158.7693 0001256  73.1536 286.9590 15.06402284182841
1 45090U 20006AY  23142.34424409 -.00000566  00000-0 -19104-4 0  9996
2 45090  53.0524 156.0926 0001232  87.2373 272.8757 15.06392281182934
1 45090U 20006AY  23142.74232487 -.00000617  00000-0 -22504-4 0  9998
2 45090  53.0529 154.3062 0001259  91.8001 268.3132 15.06394479182993
1 45090U 20006AY  23143.73753100  .00000018  00000-0  20074-4 0  9991
2 45090  53.0533 149.8381 0001143  88.7722 271.3398 15.06394270183143
1 45090U 20006AY  23144.26830946  .00001044  00000-0  89011-4 0  9990
2 45090  53.0531 147.4548 0001085  89.9903 270.1211 15.06389560183225
1 45090U 20006AY  23146.39141060  .00000331  00000-0  41103-4 0  9996
2 45090  53.0537 137.9229 0001203  91.5013 268.6114 15.06394108183547
1 45090U 20006AY  23147.65199772  .00000277  00000-0  37474-4 0  9994
2 45090  53.0533 132.2649 0001186  84.8964 275.2160 15.06398402183734
1 45090U 20006AY  23148.24912121  .00000361  00000-0  43135-4 0  9996
2 45090  53.0537 129.5855 0001212  91.0923 269.0205 15.06397075183827
1 45090U 20006AY  23148.91258172  .00001207  00000-0  99895-4 0  9993
2 45090  53.0538 126.6059 0001214  87.5400 272.5728 15.06405703183922
1 45090U 20006AY  23149.24431163  .00001285  00000-0  10509-3 0  9993
2 45090  53.0538 125.1168 0001221  88.7074 271.4055 15.06409510183971
1 45090U 20006AY  23149.64239875  .00000360  00000-0  43068-4 0  9993
2 45090  53.0537 123.3302 0001222  92.6566 267.4563 15.06400141184039
1 45090U 20006AY  23150.23952905 -.00000624  00000-0 -23013-4 0  9999
2 45090  53.0537 120.6492 0001247  97.8683 262.2448 15.06390587184120
1 45090U 20006AY  23150.63760459  .00000087  00000-0  24718-4 0  9998
2 45090  53.0541 118.8624 0001269  98.5909 261.5224 15.06397917184188
1 45090U 20006AY  23151.16837155  .00000437  00000-0  48208-4 0  9994
2 45090  53.0539 116.4799 0001276  98.8256 261.2877 15.06406668184262
1 45090U 20006AY  23151.89819826  .00000717  00000-0  67037-4 0  9991
2 45090  53.0536 113.2029 0001216 100.4307 259.6819 15.06387439184374
1 45090U 20006AY  23152.16358589  .00000406  00000-0  46179-4 0  9995
2 45090  53.0542 112.0119 0001261  98.1423 261.9709 15.06391258184413
1 45090U 20006AY  23153.15876892  .00001176  00000-0  97799-4 0  9996
2 45090  53.0546 107.5440 0001194  95.1185 264.9940 15.06417763184566
1 45090U 20006AY  23154.15399775  .00000621  00000-0  60621-4 0  9995
2 45090  53.0546 103.0764 0001236 103.3104 256.8022 15.06387068184718
1 45090U 20006AY  23154.88380555 -.00001517  00000-0 -82982-4 0  9992
2 45090  53.0535  99.7978 0001139  99.0159 261.0959 15.06397671184827
1 45090U 20006AY  23155.61362111  .00000805  00000-0  72905-4 0  9993
2 45090  53.0544  96.5256 0001401 112.3236 247.7902 15.06397315184934
1 45090U 20006AY  23156.54248182  .00003815  00000-0  27482-3 0  9990
2 45090  53.0539  92.3542 0001205 112.2413 247.8704 15.06401981185070
1 45090U 20006AY  23156.60882797  .00004206  00000-0  30106-3 0  9995
2 45090  53.0538  92.0555 0001155 113.1601 246.9509 15.06403140185086
1 45090U 20006AY  23157.20594071  .00013388  00000-0  91529-3 0  9994
2 45090  53.0535  89.3757 0001140 111.7064 248.4046 15.06426225185179
1 45090U 20006AY  23157.80307076  .00001489  00000-0  11881-3 0  9999
2 45090  53.0538  86.6952 0001350  95.1836 264.9307 15.06400509185264
1 45090U 20006AY  23158.20115621  .00005170  00000-0  36579-3 0  9999
2 45090  53.0539  84.9068 0001144  87.9925 272.1195 15.06391289185320
1 45090U 20006AY  23159.19635380  .00016311  00000-0  11107-2 0  9995
2 45090  53.0555  80.4409 0001482  94.7008 265.4151 15.06422672185475
1 45090U 20006AY  23160.45695307  .00014881  00000-0  10157-2 0  9995
2 45090  53.0542  74.7815 0001215 109.6794 250.4327 15.06404208185665
1 45090U 20006AY  23161.45214921  .00003530  00000-0  25568-3 0  9997
2 45090  53.0532  70.3100 0001826  88.8111 271.3087 15.06408565185814
1 45090U 20006AY  23162.44736284  .00023047  00000-0  15613-2 0  9992
2 45090  53.0540  65.8467 0001095 102.7987 257.3124 15.06393731185963
1 45090U 20006AY  23163.44256524  .00007836  00000-0  54426-3 0  9991
2 45090  53.0541  61.3786 0001327  87.3032 272.8109 15.06405089186119
1 45090U 20006AY  23163.84065070  .00003805  00000-0  27425-3 0  9990
2 45090  53.0542  59.5907 0001282  92.6739 267.4397 15.06392236186171
1 45090U 20006AY  23164.10604229  .00022056  00000-0  14955-2 0  9997
2 45090  53.0546  58.3996 0001260  89.3963 270.7170 15.06387190186212
1 45090U 20006AY  23164.83585416  .00022100  00000-0  14971-2 0  9991
2 45090  53.0547  55.1240 0001242  87.1379 272.9752 15.06419775186324
1 45090U 20006AY  23165.10123613  .00021956  00000-0  14870-2 0  9995
2 45090  53.0549  53.9328 0001221  85.4701 274.6428 15.06431941186368
1 45090U 20006AY  23165.83105843  .00014328  00000-0  97898-3 0  9997
2 45090  53.0550  50.6566 0000737 106.0422 254.0649 15.06393652186474
1 45090U 20006AY  23165.96375649  .00016824  00000-0  11459-2 0  9995
2 45090  53.0551  50.0605 0001438  73.6647 286.4500 15.06392971186490
1 45090U 20006AY  23167.35703256  .00014961  00000-0  10209-2 0  9991
2 45090  53.0539  43.8073 0001002  82.8189 277.2914 15.06407824186700
1 45090U 20006AY  23167.75511927 -.00001243  00000-0 -64549-4 0  9996
2 45090  53.0550  42.0187 0001425  85.1731 274.9421 15.06396040186768
1 45090U 20006AY  23168.35224266  .00010637  00000-0  73188-3 0  9993
2 45090  53.0544  39.3395 0001257  94.9527 265.1605 15.06400485186850
1 45090U 20006AY  23168.75031989  .00015934  00000-0  10857-2 0  9993
2 45090  53.0548  37.5510 0001268  91.5645 268.5489 15.06416993186914
1 45090U 20006AY  23169.34744035  .00003869  00000-0  27847-3 0  9994
2 45090  53.0529  34.8741 0001441  86.4690 273.6463 15.06405247187005
1 45090U 20006AY  23169.87821864 -.00003767  00000-0 -23420-3 0  9990
2 45090  53.0553  32.4867 0001160  85.9705 274.1417 15.06387414187082
1 45090U 20006AY  23170.34264797  .00012760  00000-0  87385-3 0  9991
2 45090  53.0543  30.4040 0001418  83.7043 276.4108 15.06403822187151
1 45090U 20006AY  23170.87341551  .00018067  00000-0  12278-2 0  9997
2 45090  53.0545  28.0208 0001391  82.9532 277.1615 15.06426076187232
1 45090U 20006AY  23171.33784166 -.00001115  00000-0 -55968-4 0  9995
2 45090  53.0548  25.9357 0001237  95.0244 265.0887 15.06405624187301
1 45090U 20006AY  23171.86861962  .00004655  00000-0  33115-3 0  9992
2 45090  53.0545  23.5533 0001355  95.2563 264.8580 15.06401432187383
1 45090U 20006AY  23171.93496851  .00015598  00000-0  10639-2 0  9994
2 45090  53.0550  23.2557 0001454 108.6863 251.4284 15.06393131187394
1 45090U 20006AY  23172.86381548  .00019496  00000-0  13231-2 0  9995
2 45090  53.0548  19.0859 0001301 101.3115 258.8020 15.06429059187534
1 45090U 20006AY  23188.05726828  .00008981  00000-0  62092-3 0  9994
2 45090  53.0552 310.8806 0001198  74.9115 285.2006 15.06408223189824
1 45090U 20006AY  23188.72072509  .00020416  00000-0  13841-2 0  9992
2 45090  53.0543 307.9020 0001119  78.7140 281.3975 15.06437704189921
1 45090U 20006AY  23189.05245915  .00003143  00000-0  22974-3 0  9998
2 45090  53.0537 306.4135 0000682  92.6576 267.4491 15.06412097189978
1 45090U 20006AY  23189.71594106  .00001195  00000-0  99140-4 0  9995
2 45090  53.0539 303.4348 0001144  91.6646 268.4474 15.06382711190078
1 45090U 20006AY  23190.71115389  .00015758  00000-0  10744-2 0  9990
2 45090  53.0539 298.9673 0001120  90.3705 269.7413 15.06400442190229
1 45090U 20006AY  23191.30827783  .00007832  00000-0  54409-3 0  9995
2 45090  53.0536 296.2871 0001133  86.5864 273.5254 15.06399871190313
1 45090U 20006AY  23192.30346326  .00023436  00000-0  15850-2 0  9999
2 45090  53.0542 291.8181 0000967  74.7612 285.3484 15.06447683190466
1 45090U 20006AY  23192.96691552  .00004854  00000-0  34426-3 0  9999
2 45090  53.0542 288.8359 0001228  73.6764 286.4360 15.06428749190564
1 45090U 20006AY  23193.29865549  .00004734  00000-0  33657-3 0  9997
2 45090  53.0544 287.3513 0001263  95.0828 265.0306 15.06393485190617
1 45090U 20006AY  23194.62559328  .00018107  00000-0  12307-2 0  9997
2 45090  53.0540 281.3949 0001299  87.1851 272.9287 15.06420011190810
1 45090U 20006AY  23195.42176638  .00003953  00000-0  28421-3 0  9993
2 45090  53.0540 277.8204 0001364  81.0853 279.0291 15.06389910190930
1 45090U 20006AY  23196.48331615  .00016565  00000-0  11278-2 0  9992
2 45090  53.0543 273.0554 0001349  65.0832 295.0297 15.06416956191094
1 45090U 20006AY  23197.21313721  .00006612  00000-0  46229-3 0  9999
2 45090  53.0538 269.7782 0002452  84.3893 275.7376 15.06403934191208
1 45090U 20006AY  23197.47852794 -.00001299  00000-0 -68346-4 0  9998
2 45090  53.0544 268.5873 0001262  78.6374 281.4756 15.06381491191244
1 45090U 20006AY  23198.47374116  .00018172  00000-0  12356-2 0  9990
2 45090  53.0540 264.1200 0001274  80.2241 279.8892 15.06403342191399
1 45090U 20006AY  23198.87182348  .00011816  00000-0  81073-3 0  9999
2 45090  53.0540 262.3329 0001303  77.3127 282.8007 15.06402683191450
1 45090U 20006AY  23199.40259895  .00006230  00000-0  43676-3 0  9992
2 45090  53.0533 259.9511 0001276  81.2843 278.8290 15.06401300191538
1 45090U 20006AY  23200.46413524  .00007504  00000-0  52182-3 0  9999
2 45090  53.0533 255.1860 0001302  82.0559 278.0578 15.06421360191692
1 45090U 20006AY  23201.52568824 -.00001111  00000-0 -55686-4 0  9994
2 45090  53.0532 250.4195 0001203  87.0911 273.0215 15.06398821191853
1 45090U 20006AY  23202.52088720  .00004366  00000-0  31175-3 0  9996
2 45090  53.0528 245.9509 0001191  95.1372 264.9753 15.06409759192000
1 45090U 20006AY  23205.10842168  .00001521  00000-0  12099-3 0  9991
2 45090  53.0528 234.3339 0001148  90.6040 269.5080 15.06396252192396
1 45090U 20006AY  23206.36900745  .00001513  00000-0  12042-3 0  9995
2 45090  53.0533 228.6744 0001269  94.9526 265.1608 15.06402899192582
1 45090U 20006AY  23207.03247834  .00001055  00000-0  89712-4 0  9993
2 45090  53.0524 225.6962 0001041  94.4531 265.6577 15.06397868192680
1 45090U 20006AY  23207.36421422  .00001144  00000-0  95701-4 0  9990
2 45090  53.0528 224.2068 0001155  89.5807 270.5314 15.06397845192738
1 45090U 20006AY  23208.29306575  .00002148  00000-0  16305-3 0  9991
2 45090  53.0528 220.0369 0001135  91.3626 268.7493 15.06404950192872
1 45090U 20006AY  23208.29306575  .00002148  00000-0  16305-3 0  9991
2 45090  53.0528 220.0369 0001135  91.3626 268.7493 15.06404950192872
1 45090U 20006AY  23209.02288809  .00000193  00000-0  31843-4 0  9995
2 45090  53.0523 216.7609 0001123  87.0781 273.0336 15.06392732192988
1 45090U 20006AY  23209.42097263 -.00000733  00000-0 -30314-4 0  9995
2 45090  53.0527 214.9737 0001139  88.3289 271.7831 15.06389294193040
1 45090U 20006AY  23210.41617447  .00000455  00000-0  49456-4 0  9994
2 45090  53.0532 210.5071 0001139  78.9586 281.1531 15.06396846193193
1 45090U 20006AY  23211.47772403  .00002320  00000-0  17459-3 0  9995
2 45090  53.0542 205.7409 0001223  80.7368 279.3759 15.06398527193355
1 45090U 20006AY  23212.27387805  .00003341  00000-0  24298-3 0  9995
2 45090  53.0527 202.1671 0001243  78.8069 281.3060 15.06412198193470
1 45090U 20006AY  23212.67196158  .00000982  00000-0  84770-4 0  9998
2 45090  53.0526 200.3796 0001256  78.9349 281.1781 15.06403979193535
1 45090U 20006AY  23213.40178363 -.00000009  00000-0  18268-4 0  9998
2 45090  53.0539 197.1048 0001249  81.2347 278.8784 15.06398004193649
1 45090U 20006AY  23213.99889778 -.00000004  00000-0  18621-4 0  9999
2 45090  53.0538 194.4245 0001245  84.1904 275.9227 15.06406657193738
1 45090U 20006AY  23214.66236889 -.00001211  00000-0 -62424-4 0  9995
2 45090  53.0539 191.4439 0001264  76.4875 283.6254 15.06400449193833
1 45090U 20006AY  23215.12680852 -.00000041  00000-0  16135-4 0  9997
2 45090  53.0540 189.3602 0001202  80.8318 279.2807 15.06383187193908
1 45090U 20006AY  23215.65757743  .00000796  00000-0  72362-4 0  9999
2 45090  53.0549 186.9766 0001356  85.0947 275.0197 15.06394499193988
1 45090U 20006AY  23216.12199734  .00000446  00000-0  48808-4 0  9992
2 45090  53.0540 184.8916 0001317  80.8823 279.2315 15.06406361194055
1 45090U 20006AY  23217.11721593  .00000755  00000-0  69585-4 0  9994
2 45090  53.0545 180.4243 0001304  78.0203 282.0932 15.06384830194202
1 45090U 20006AY  23217.31625137  .00000945  00000-0  82324-4 0  9990
2 45090  53.0544 179.5294 0001220  93.5373 266.5755 15.06393063194234
1 45090U 20006AY  23218.17873302  .00002653  00000-0  19676-3 0  9991
2 45090  53.0541 175.6583 0001249 101.1755 258.9374 15.06426403194361
1 45090U 20006AY  23218.57683176 -.00001701  00000-0 -95332-4 0  9992
2 45090  53.0533 173.8683 0001584  89.5033 270.6138 15.06397081194428
1 45090U 20006AY  23219.17396492 -.00006732  00000-0 -43375-3 0  9999
2 45090  53.0530 171.1919 0001121 106.5192 253.5920 15.06377504194518
1 45090U 20006AY  23220.30187756  .00014662  00000-0  10014-2 0  9999
2 45090  53.0527 166.1281 0001182 117.7222 242.3887 15.06390143194685
1 45090U 20006AY  23221.09804334  .00011931  00000-0  81845-3 0  9991
2 45090  53.0520 162.5539 0001185 117.9421 242.1688 15.06401793194805
1 45090U 20006AY  23222.22591297  .00017626  00000-0  11976-2 0  9992
2 45090  53.0518 157.4900 0001237 116.5552 243.5564 15.06451027194976
1 45090U 20006AY  23222.55765162  .00001673  00000-0  13117-3 0  9997
2 45090  53.0511 156.0007 0002734  89.8677 270.2626 15.06403641195027
1 45090U 20006AY  23223.22112151 -.00002375  00000-0 -14063-3 0  9999
2 45090  53.0550 153.0224 0001088 107.6705 252.4403 15.06397452195128
1 45090U 20006AY  23224.08362608  .00022533  00000-0  15256-2 0  9998
2 45090  53.0531 149.1517 0001152  98.6316 261.4804 15.06429596195251
1 45090U 20006AY  23224.81344642  .00014259  00000-0  97416-3 0  9992
2 45090  53.0549 145.8738 0001517  94.6913 265.4250 15.06400971195369
1 45090U 20006AY  23225.07883828  .00016605  00000-0  11316-2 0  9996
2 45090  53.0537 144.6845 0000937  69.2037 290.9052 15.06381479195401
1 45090U 20006AY  23226.20672932  .00020995  00000-0  14231-2 0  9990
2 45090  53.0537 139.6220 0001121  81.6551 278.4565 15.06427377195573
1 45090U 20006AY  23226.93655386  .00018454  00000-0  12547-2 0  9999
2 45090  53.0531 136.3428 0001228 102.8269 257.2857 15.06395475195685
1 45090U 20006AY  23227.99809680  .00021182  00000-0  14355-2 0  9995
2 45090  53.0537 131.5807 0000750  90.2509 269.8566 15.06428846195848
1 45090U 20006AY  23228.72791491  .00007967  00000-0  55300-3 0  9998
2 45090  53.0513 128.3037 0002230  91.6158 268.5086 15.06408782195953
1 45090U 20006AY  23228.99330419  .00004291  00000-0  30678-3 0  9994
2 45090  53.0522 127.1105 0002405  95.9897 264.1366 15.06400582195994
1 45090U 20006AY  23230.05484255  .00017453  00000-0  11866-2 0  9993
2 45090  53.0559 122.3466 0001503  93.4180 266.6981 15.06433774196155
1 45090U 20006AY  23230.71831878 -.00000284  00000-0 -17232-6 0  9996
2 45090  53.0552 119.3669 0001265  57.4933 302.6178 15.06396754196256
1 45090U 20006AY  23231.11640878  .00024018  00000-0  16269-2 0  9993
2 45090  53.0535 117.5817 0001389  69.2582 290.8556 15.06375062196314
1 45090U 20006AY  23232.64239246  .00019561  00000-0  13286-2 0  9998
2 45090  53.0526 110.7307 0001749  75.3940 284.7243 15.06395438196548
1 45090U 20006AY  23233.04047589  .00002611  00000-0  19417-3 0  9991
2 45090  53.0542 108.9445 0001495  72.1924 287.9228 15.06390915196603
1 45090U 20006AY  23233.83662620  .00007446  00000-0  51810-3 0  9991
2 45090  53.0544 105.3688 0001278  83.9524 276.1610 15.06411801196726
1 45090U 20006AY  23234.03566319  .00014540  00000-0  99222-3 0  9994
2 45090  53.0533 104.4750 0001255  83.9537 276.1595 15.06430055196750
1 45090U 20006AY  23235.03087722  .00007921  00000-0  55012-3 0  9995
2 45090  53.0533 100.0074 0001438  90.4579 269.6575 15.06396738196904
1 45090U 20006AY  23236.02607915  .00013666  00000-0  93417-3 0  9991
2 45090  53.0539  95.5398 0001594  81.6279 278.4891 15.06415139197052
1 45090U 20006AY  23237.02129074  .00009835  00000-0  67820-3 0  9999
2 45090  53.0544  91.0714 0002064  78.9806 281.1415 15.06400807197205
1 45090U 20006AY  23237.02129074  .00009835  00000-0  67820-3 0  9999
2 45090  53.0544  91.0714 0002064  78.9806 281.1415 15.06400807197205
1 45090U 20006AY  23237.81744379  .00012766  00000-0  87390-3 0  9998
2 45090  53.0550  87.4968 0001636  99.5874 260.5300 15.06419505197322
1 45090U 20006AY  23238.01648133  .00013540  00000-0  92546-3 0  9992
2 45090  53.0548  86.6039 0001520  83.6407 276.4755 15.06425913197350
1 45090U 20006AY  23238.74630246  .00003226  00000-0  23537-3 0  9992
2 45090  53.0549  83.3220 0001550  92.4674 267.6493 15.06398904197466
1 45090U 20006AY  23238.87899727  .00002516  00000-0  18780-3 0  9992
2 45090  53.0544  82.7269 0001497  97.1099 263.0060 15.06393578197484
1 45090U 20006AY  23239.01169247  .00003647  00000-0  26362-3 0  9997
2 45090  53.0545  82.1365 0001493  91.7476 268.3684 15.06393465197509
1 45090U 20006AY  23239.87419663  .00013586  00000-0  92879-3 0  9990
2 45090  53.0537  78.2652 0001380 100.9319 259.1825 15.06416429197634
1 45090U 20006AY  23240.00688912  .00013772  00000-0  94115-3 0  9994
2 45090  53.0537  77.6694 0001449  88.7111 271.4044 15.06420556197650
1 45090U 20006AY  23240.27227869  .00004394  00000-0  31369-3 0  9995
2 45090  53.0552  76.4753 0001491  95.1974 264.9185 15.06403097197694
1 45090U 20006AY  23240.80305816  .00003173  00000-0  23186-3 0  9995
2 45090  53.0533  74.0960 0001628  84.1385 275.9789 15.06395479197778
1 45090U 20006AY  23240.80305816  .00003173  00000-0  23186-3 0  9995
2 45090  53.0533  74.0960 0001628  84.1385 275.9789 15.06395479197778
1 45090U 20006AY  23241.79825696  .00009762  00000-0  67314-3 0  9998
2 45090  53.0537  69.6263 0001494  85.8236 274.2924 15.06412799197927
1 45090U 20006AY  23241.79825696  .00009762  00000-0  67314-3 0  9998
2 45090  53.0537  69.6263 0001494  85.8236 274.2924 15.06412799197927
1 45090U 20006AY  23242.66076726  .00000378  00000-0  44258-4 0  9994
2 45090  53.0530  65.7555 0001523  78.4258 281.6902 15.06400255198053
1 45090U 20006AY  23242.79345991  .00003455  00000-0  25069-3 0  9998
2 45090  53.0534  65.1588 0001463  89.4254 270.6903 15.06405805198075
1 45090U 20006AY  23243.45692368  .00005371  00000-0  37910-3 0  9992
2 45090  53.0533  62.1813 0001466  89.4455 270.6702 15.06412319198174
1 45090U 20006AY  23243.45692368  .00005371  00000-0  37910-3 0  9992
2 45090  53.0533  62.1813 0001466  89.4455 270.6702 15.06412319198174
1 45090U 20006AY  23244.51847832 -.00010873  00000-0 -71263-3 0  9992
2 45090  53.0505  57.4153 0001252  68.5819 291.5303 15.06374549198331
1 45090U 20006AY  23244.51847832 -.00010873  00000-0 -71263-3 0  9992
2 45090  53.0505  57.4153 0001252  68.5819 291.5303 15.06374549198331
1 45090U 20006AY  23244.78386571 -.00003884  00000-0 -24212-3 0  9995
2 45090  53.0493  56.2217 0001019  64.2031 295.9063 15.06379491198371
1 45090U 20006AY  23244.78386571 -.00003884  00000-0 -24212-3 0  9995
2 45090  53.0493  56.2217 0001019  64.2031 295.9063 15.06379491198371
1 45090U 20006AY  23245.44733678  .00009942  00000-0  68548-3 0  9992
2 45090  53.0551  53.2451 0001346  78.3078 281.8062 15.06394025198477
1 45090U 20006AY  23245.51368336  .00012882  00000-0  88220-3 0  9991
2 45090  53.0541  52.9469 0001355  75.6897 284.4243 15.06397964198486
1 45090U 20006AY  23245.84541326  .00028410  00000-0  19170-2 0  9990
2 45090  53.0550  51.4581 0001314  74.4905 285.6229 15.06429386198534
1 45090U 20006AY  23245.84541326  .00028410  00000-0  19170-2 0  9990
2 45090  53.0550  51.4581 0001314  74.4905 285.6229 15.06429386198534
1 45090U 20006AY  23246.44254015  .00009098  00000-0  62881-3 0  9992
2 45090  53.0550  48.7775 0001258  72.9037 287.2089 15.06404154198622
1 45090U 20006AY  23246.44254015  .00009098  00000-0  62881-3 0  9992
2 45090  53.0550  48.7775 0001258  72.9037 287.2089 15.06404154198622
1 45090U 20006AY  23247.43774710  .00013878  00000-0  94866-3 0  9990
2 45090  53.0558  44.3102 0000630 346.7965  13.3007 15.06403840198776
1 45090U 20006AY  23247.43774710  .00013878  00000-0  94866-3 0  9990
2 45090  53.0558  44.3102 0000630 346.7965  13.3007 15.06403840198776
1 45090U 20006AY  23248.16756127  .00005124  00000-0  36260-3 0  9992
2 45090  53.0556  41.0336 0001205  84.2104 275.9023 15.06402650198889
1 45090U 20006AY  23248.16756127  .00005124  00000-0  36260-3 0  9992
2 45090  53.0556  41.0336 0001205  84.2104 275.9023 15.06402650198889
1 45090U 20006AY  23248.56564476  .00002600  00000-0  19341-3 0  9997
2 45090  53.0560  39.2440 0001500 118.9581 241.1558 15.06392916198949
1 45090U 20006AY  23248.56564476  .00002600  00000-0  19341-3 0  9997
2 45090  53.0560  39.2440 0001500 118.9581 241.1558 15.06392916198949
1 45090U 20006AY  23249.56083791  .00008284  00000-0  57406-3 0  9992
2 45090  53.0558  34.7775 0001219 112.9964 247.1153 15.06419192199093
1 45090U 20006AY  23249.82622128  .00014851  00000-0  10129-2 0  9991
2 45090  53.0556  33.5863 0001326 107.4042 252.7092 15.06432019199133
1 45090U 20006AY  23250.09160059  .00001930  00000-0  14838-3 0  9998
2 45090  53.0558  32.3962 0001874 242.6329 117.4469 15.06415558199178
1 45090U 20006AY  23250.42334856  .00000742  00000-0  68669-4 0  9995
2 45090  53.0552  30.9078 0001714 107.4241 252.6936 15.06405049199229
1 45090U 20006AY  23250.42334856  .00000742  00000-0  68669-4 0  9995
2 45090  53.0552  30.9078 0001714 107.4241 252.6936 15.06405049199229
1 45090U 20006AY  23250.75508530  .00003479  00000-0  25235-3 0  9994
2 45090  53.0549  29.4205 0001462 103.9535 256.1616 15.06395526199274
1 45090U 20006AY  23250.82143271  .00006476  00000-0  45326-3 0  9992
2 45090  53.0551  29.1219 0001533 104.3160 255.7999 15.06396740199286
1 45090U 20006AY  23251.55124326  .00019107  00000-0  12974-2 0  9990
2 45090  53.0551  25.8443 0001185 100.4583 259.6539 15.06421876199391
1 45090U 20006AY  23251.68393411  .00021815  00000-0  14777-2 0  9999
2 45090  53.0555  25.2495 0001113  99.0362 261.0753 15.06429667199419
1 45090U 20006AY  23251.68393411  .00021815  00000-0  14777-2 0  9999
2 45090  53.0555  25.2495 0001113  99.0362 261.0753 15.06429667199419
1 45090U 20006AY  23252.34740988 -.00003963  00000-0 -24741-3 0  9997
2 45090  53.0554  22.2714 0001052  41.9928 318.1141 15.06387261199514
1 45090U 20006AY  23252.61279918  .00020296  00000-0  13780-2 0  9993
2 45090  53.0554  21.0798 0001353  93.6947 266.4196 15.06387316199552
1 45090U 20006AY  23252.67914703  .00024276  00000-0  16435-2 0  9999
2 45090  53.0553  20.7821 0001315  82.3763 277.7376 15.06388854199567
1 45090U 20006AY  23253.54164884  .00025082  00000-0  16954-2 0  9995
2 45090  53.0553  16.9098 0001308  82.1386 277.9751 15.06429670199696
1 45090U 20006AY  23254.60320425  .00025487  00000-0  17234-2 0  9999
2 45090  53.0556  12.1443 0001482  89.9394 270.1765 15.06407022199853
1 45090U 20006AY  23254.60320425  .00025487  00000-0  17234-2 0  9999
2 45090  53.0556  12.1443 0001482  89.9394 270.1765 15.06407022199853
1 45090U 20006AY  23254.86859327  .00027005  00000-0  18251-2 0  9993
2 45090  53.0556  10.9531 0001234  91.5148 268.5983 15.06396563199892
1 45090U 20006AY  23255.53205334  .00018542  00000-0  12595-2 0  9992
2 45090  53.0559   7.9749 0001195  91.1757 268.9369 15.06426026199991
1 45090U 20006AY  23255.53205334  .00018542  00000-0  12595-2 0  9992
2 45090  53.0559   7.9749 0001195  91.1757 268.9369 15.06426026199991
1 45090U 20006AY  23256.32821675  .00014081  00000-0  96185-3 0  9994
2 45090  53.0574   4.4036 0001145  80.2519 279.8599 15.06417748200113
1 45090U 20006AY  23256.52725972  .00026638  00000-0  18008-2 0  9997
2 45090  53.0572   3.5081 0001379  83.8897 276.2249 15.06393441200147
1 45090U 20006AY  23256.59360724  .00011251  00000-0  77310-3 0  9991
2 45090  53.0569   3.2102 0001411  85.2228 274.8922 15.06396895200154
1 45090U 20006AY  23256.59360724  .00011251  00000-0  77310-3 0  9991
2 45090  53.0569   3.2102 0001411  85.2228 274.8922 15.06396895200154
1 45090U 20006AY  23256.99169525  .00002858  00000-0  21078-3 0  9994
2 45090  53.0585   1.4219 0001618  90.6509 269.4665 15.06381904200218
1 45090U 20006AY  23257.45613337 -.00002383  00000-0 -14120-3 0  9996
2 45090  53.0586 359.3427 0001726 104.7480 255.3700 15.06372741200280
1 45090U 20006AY  23257.52247918 -.00003256  00000-0 -19991-3 0  9993
2 45090  53.0577 359.0455 0001618 100.1028 260.0144 15.06374003200295
1 45090U 20006AY  23258.51769880  .00003994  00000-0  28701-3 0  9996
2 45090  53.0588 354.5755 0001695 101.3749 258.7431 15.06380213200448
1 45090U 20006AY  23258.58404544  .00005801  00000-0  40816-3 0  9996
2 45090  53.0567 354.2756 0001440  84.7358 275.3795 15.06384730200458
1 45090U 20006AY  23258.98212505  .00011496  00000-0  78937-3 0  9996
2 45090  53.0561 352.4882 0001396  87.0284 273.0865 15.06401536200510
1 45090U 20006AY  23259.31385389  .00019467  00000-0  13213-2 0  9996
2 45090  53.0553 350.9991 0001348  84.6080 275.5062 15.06425374200566
1 45090U 20006AY  23259.57923473  .00018251  00000-0  12398-2 0  9999
2 45090  53.0556 349.8079 0001361  83.6399 276.4745 15.06435632200601
1 45090U 20006AY  23259.97731318  .00007980  00000-0  55364-3 0  9996
2 45090  53.0560 348.0213 0001466  79.9963 280.1191 15.06425514200669
1 45090U 20006AY  23260.44174617  .00027459  00000-0  18551-2 0  9992
2 45090  53.0557 345.9365 0001312  94.5932 265.5207 15.06401239200739
1 45090U 20006AY  23260.50809332  .00036270  00000-0  24410-2 0  9990
2 45090  53.0558 345.6388 0001311  92.1637 267.9502 15.06404826200747
1 45090U 20006AY  23261.43693379  .00021680  00000-0  14682-2 0  9994
2 45090  53.0561 341.4694 0001247  81.8507 278.2624 15.06442156200887
1 45090U 20006AY  23261.43693379  .00021680  00000-0  14682-2 0  9994
2 45090  53.0561 341.4694 0001247  81.8507 278.2624 15.06442156200887
1 45090U 20006AY  23262.43213396  .00027509  00000-0  18588-2 0  9997
2 45090  53.0557 337.0005 0001267  70.2318 289.8807 15.06394309201038
1 45090U 20006AY  23263.49369891  .00021631  00000-0  14673-2 0  9997
2 45090  53.0559 332.2358 0001393  80.1138 280.0008 15.06382484201192
1 45090U 20006AY  23263.49369891  .00021631  00000-0  14673-2 0  9997
2 45090  53.0559 332.2358 0001393  80.1138 280.0008 15.06382484201192
1 45090U 20006AY  23264.42256958  .00000054  00000-0  22526-4 0  9994
2 45090  53.0564 328.0675 0001505  76.8185 283.2971 15.06376477201337
1 45090U 20006AY  23264.55526285  .00001013  00000-0  86920-4 0  9995
2 45090  53.0557 327.4710 0001451  76.1456 283.9695 15.06381327201358
1 45090U 20006AY  23264.88699804  .00004016  00000-0  28844-3 0  9995
2 45090  53.0558 325.9827 0001460  79.6900 280.4253 15.06389173201408
1 45090U 20006AY  23264.88699804  .00004016  00000-0  28844-3 0  9995
2 45090  53.0558 325.9827 0001460  79.6900 280.4253 15.06389173201408
1 45090U 20006AY  23265.41776809  .00009388  00000-0  64812-3 0  9998
2 45090  53.0555 323.5992 0001433  82.1627 277.9525 15.06409371201481
1 45090U 20006AY  23265.48411487  .00011712  00000-0  80355-3 0  9997
2 45090  53.0554 323.3014 0001440  81.4663 278.6489 15.06413301201499
1 45090U 20006AY  23265.88219681  .00004859  00000-0  34482-3 0  9997
2 45090  53.0561 321.5148 0001512  81.7816 278.3344 15.06406772201556
1 45090U 20006AY  23265.88219681  .00004859  00000-0  34482-3 0  9997
2 45090  53.0561 321.5148 0001512  81.7816 278.3344 15.06406772201556
1 45090U 20006AY  23266.41297600  .00001797  00000-0  13951-3 0  9990
2 45090  53.0555 319.1313 0001484  88.0321 272.0838 15.06396801201634
1 45090U 20006AY  23266.41297600  .00001797  00000-0  13951-3 0  9990
2 45090  53.0555 319.1313 0001484  88.0321 272.0838 15.06396801201634
1 45090U 20006AY  23267.14277679  .00006885  00000-0  48035-3 0  9999
2 45090  53.0563 315.8540 0001594  90.0928 270.0243 15.06423913201741
1 45090U 20006AY  23267.40815860  .00021483  00000-0  14550-2 0  9993
2 45090  53.0553 314.6627 0001510  90.7176 269.3986 15.06443675201789
1 45090U 20006AY  23267.40815860  .00021483  00000-0  14550-2 0  9993
2 45090  53.0553 314.6627 0001510  90.7176 269.3986 15.06443675201789
1 45090U 20006AY  23268.40336348  .00037853  00000-0  25466-2 0  9999
2 45090  53.0553 310.1956 0001455 107.8609 252.2539 15.06398713201938
1 45090U 20006AY  23268.40336348  .00037853  00000-0  25466-2 0  9999
2 45090  53.0553 310.1956 0001455 107.8609 252.2539 15.06398713201938
1 45090U 20006AY  23269.13317479  .00020774  00000-0  14086-2 0  9994
2 45090  53.0554 306.9173 0001295 105.1810 254.9323 15.06422419202044
1 45090U 20006AY  23269.33221059  .00022508  00000-0  15237-2 0  9990
2 45090  53.0550 306.0260 0001522 105.8182 254.2975 15.06434889202073
1 45090U 20006AY  23269.99567634  .00020661  00000-0  14010-2 0  9990
2 45090  53.0538 303.0470 0001911 125.8796 234.2371 15.06422230202170
1 45090U 20006AY  23270.39377002  .00019945  00000-0  13552-2 0  9997
2 45090  53.0542 301.2591 0001488  62.1982 297.9158 15.06370206202239
1 45090U 20006AY  23270.39377002  .00019945  00000-0  13552-2 0  9997
2 45090  53.0542 301.2591 0001488  62.1982 297.9158 15.06370206202239
1 45090U 20006AY  23271.38897860  .00015464  00000-0  10547-2 0  9999
2 45090  53.0535 296.7927 0001525  82.6676 277.4486 15.06402844202388
1 45090U 20006AY  23271.38897860  .00015464  00000-0  10547-2 0  9999
2 45090  53.0535 296.7927 0001525  82.6676 277.4486 15.06402844202388
1 45090U 20006AY  23272.11879966  .00010396  00000-0  71578-3 0  9999
2 45090  53.0534 293.5163 0001623  90.6138 269.5037 15.06400028202493
1 45090U 20006AY  23272.31784226  .00006896  00000-0  48154-3 0  9999
2 45090  53.0532 292.6203 0001532 103.8881 256.2278 15.06389955202526
1 45090U 20006AY  23272.31784226  .00006896  00000-0  48154-3 0  9999
2 45090  53.0532 292.6203 0001532 103.8881 256.2278 15.06389955202526
1 45090U 20006AY  23273.24669257  .00015620  00000-0  10646-2 0  9997
2 45090  53.0539 288.4504 0001606  98.4741 261.6430 15.06421225202668
1 45090U 20006AY  23273.31303817  .00016098  00000-0  10964-2 0  9995
2 45090  53.0540 288.1529 0001617  98.4373 261.6799 15.06424033202676
1 45090U 20006AY  23274.17555201 -.00000973  00000-0 -46436-4 0  9998
2 45090  53.0543 284.2822 0001719  93.6148 266.5038 15.06393898202801
1 45090U 20006AY  23274.30824549  .00006960  00000-0  48570-3 0  9997
2 45090  53.0539 283.6860 0001667  84.1489 275.9690 15.06399480202829
1 45090U 20006AY  23274.30824549  .00006960  00000-0  48570-3 0  9997
2 45090  53.0539 283.6860 0001667  84.1489 275.9690 15.06399480202829
1 45090U 20006AY  23275.30344194  .00023537  00000-0  15923-2 0  9995
2 45090  53.0542 279.2187 0001729  82.3428 277.7757 15.06434338202970
1 45090U 20006AY  23275.70151920  .00016285  00000-0  11089-2 0  9993
2 45090  53.0541 277.4299 0001030  51.1705 308.9376 15.06425367203034
1 45090U 20006AY  23275.70151920  .00016285  00000-0  11089-2 0  9993
2 45090  53.0541 277.4299 0001030  51.1705 308.9376 15.06425367203034
1 45090U 20006AY  23276.16595537  .00012709  00000-0  87083-3 0  9995
2 45090  53.0540 275.3463 0001406  92.2175 267.8975 15.06388325203105
1 45090U 20006AY  23276.29865020  .00020094  00000-0  13645-2 0  9994
2 45090  53.0540 274.7505 0001396  93.7854 266.3294 15.06387602203120
1 45090U 20006AY  23276.69673171  .00020990  00000-0  14237-2 0  9995
2 45090  53.0542 272.9638 0001452  94.6932 265.4223 15.06404168203184
1 45090U 20006AY  23277.02846187  .00022893  00000-0  15499-2 0  9997
2 45090  53.0542 271.4739 0001432  96.3723 263.7429 15.06421477203232
1 45090U 20006AY  23277.02846187  .00022893  00000-0  15499-2 0  9997
2 45090  53.0542 271.4739 0001432  96.3723 263.7429 15.06421477203232
1 45090U 20006AY  23277.69191928  .00021741  00000-0  14725-2 0  9998
2 45090  53.0535 268.4935 0000853  51.6539 308.4527 15.06436412203335
1 45090U 20006AY  23277.95731827  .00015013  00000-0  10249-2 0  9997
2 45090  53.0537 267.3046 0002903  79.0550 281.0765 15.06389402203373
1 45090U 20006AY  23278.02366604  .00020908  00000-0  14188-2 0  9998
2 45090  53.0537 267.0069 0002892  79.9645 280.1670 15.06387365203388
1 45090U 20006AY  23278.28905758  .00029551  00000-0  19957-2 0  9997
2 45090  53.0541 265.8155 0001588  80.9669 279.1499 15.06376953203427
1 45090U 20006AY  23278.28905758  .00029551  00000-0  19957-2 0  9997
2 45090  53.0541 265.8155 0001588  80.9669 279.1499 15.06376953203427
1 45090U 20006AY  23278.95252587  .00027894  00000-0  18833-2 0  9996
2 45090  53.0547 262.8369 0001622  84.6904 275.4270 15.06415607203526
1 45090U 20006AY  23279.35059743  .00029986  00000-0  20211-2 0  9997
2 45090  53.0540 261.0501 0001610  84.4370 275.6803 15.06442157203580
1 45090U 20006AY  23279.35059743  .00029986  00000-0  20211-2 0  9997
2 45090  53.0540 261.0501 0001610  84.4370 275.6803 15.06442157203580
1 45090U 20006AY  23279.68233313  .00002210  00000-0  16720-3 0  9992
2 45090  53.0543 259.5605 0001578  93.3061 266.8109 15.06410230203633
1 45090U 20006AY  23279.68233313  .00002210  00000-0  16720-3 0  9992
2 45090  53.0543 259.5605 0001578  93.3061 266.8109 15.06410230203633
1 45090U 20006AY  23280.08042261  .00007714  00000-0  53641-3 0  9995
2 45090  53.0540 257.7731 0001730 103.6767 256.4415 15.06382835203698
1 45090U 20006AY  23280.34581557  .00027703  00000-0  18722-2 0  9990
2 45090  53.0541 256.5820 0001670 105.3488 254.7686 15.06383706203731
1 45090U 20006AY  23281.14196785  .00036876  00000-0  24786-2 0  9992
2 45090  53.0541 253.0081 0001796 106.7869 253.3318 15.06444920203855
1 45090U 20006AY  23281.34099913  .00044598  00000-0  29884-2 0  9993
2 45090  53.0541 252.1149 0001742 106.7868 253.3312 15.06470254203886
1 45090U 20006AY  23281.34099913  .00044598  00000-0  29884-2 0  9993
2 45090  53.0541 252.1149 0001742 106.7868 253.3312 15.06470254203886
1 45090U 20006AY  23282.13717292  .00025974  00000-0  17564-2 0  9997
2 45090  53.0545 248.5407 0001310  97.7091 262.4047 15.06396610204008
1 45090U 20006AY  23282.33621645  .00017403  00000-0  11847-2 0  9991
2 45090  53.0545 247.6480 0001344 104.2242 255.8896 15.06387856204031
1 45090U 20006AY  23282.33621645  .00017403  00000-0  11847-2 0  9991
2 45090  53.0545 247.6480 0001344 104.2242 255.8896 15.06387856204031
1 45090U 20006AY  23282.60160668  .00007992  00000-0  55495-3 0  9994
2 45090  53.0550 246.4558 0001474  95.3025 264.8132 15.06388992204072
1 45090U 20006AY  23282.93334368  .00009208  00000-0  63637-3 0  9999
2 45090  53.0547 244.9667 0001424  93.6900 266.4252 15.06391279204129
1 45090U 20006AY  23283.26507791  .00032078  00000-0  21624-2 0  9998
2 45090  53.0548 243.4777 0001695 101.4850 258.6329 15.06403686204177
1 45090U 20006AY  23283.26507791  .00032078  00000-0  21624-2 0  9998
2 45090  53.0548 243.4777 0001695 101.4850 258.6329 15.06403686204177
1 45090U 20006AY  23283.86220981 -.00002212  00000-0 -12973-3 0  9994
2 45090  53.0546 240.7971 0001878  91.1018 269.0186 15.06377887204265
1 45090U 20006AY  23284.12760518  .00002272  00000-0  17153-3 0  9998
2 45090  53.0551 239.6055 0001759  60.0771 300.0392 15.06371758204301
1 45090U 20006AY  23284.59203096  .00011715  00000-0  80408-3 0  9997
2 45090  53.0545 237.5205 0001361  83.8069 276.3075 15.06397670204371
1 45090U 20006AY  23284.59203096  .00011715  00000-0  80408-3 0  9997
2 45090  53.0545 237.5205 0001361  83.8069 276.3075 15.06397670204371
1 45090U 20006AY  23285.18913912  .00040148  00000-0  26943-2 0  9993
2 45090  53.0540 234.8400 0001511  84.8087 275.3074 15.06463054204469
1 45090U 20006AY  23285.58721669 -.00000849  00000-0 -38097-4 0  9994
2 45090  53.0553 233.0530 0001472  99.3595 260.7561 15.06423430204529
1 45090U 20006AY  23285.58721669 -.00000849  00000-0 -38097-4 0  9994
2 45090  53.0553 233.0530 0001472  99.3595 260.7561 15.06423430204529
1 45090U 20006AY  23286.11800193 -.00000867  00000-0 -39339-4 0  9994
2 45090  53.0555 230.6682 0001804 113.6513 246.4666 15.06392786204606
1 45090U 20006AY  23286.25070098  .00027708  00000-0  18727-2 0  9999
2 45090  53.0558 230.0732 0001811 116.3411 243.7764 15.06381017204620
1 45090U 20006AY  23287.11319020  .00052445  00000-0  35065-2 0  9996
2 45090  53.0550 226.2030 0001662 116.0637 244.0523 15.06475771204753
1 45090U 20006AY  23287.24587661  .00048116  00000-0  32197-2 0  9991
2 45090  53.0550 225.6073 0001680 116.5148 243.6014 15.06485902204774
1 45090U 20006AY  23287.84301826  .00005805  00000-0  40849-3 0  9996
2 45090  53.0555 222.9270 0002218  93.2172 266.9071 15.06382610204867
1 45090U 20006AY  23287.84301826  .00005805  00000-0  40849-3 0  9996
2 45090  53.0555 222.9270 0002218  93.2172 266.9071 15.06382610204867
1 45090U 20006AY  23288.04206943  .00010970  00000-0  75533-3 0  9990
2 45090  53.0551 222.0336 0001322  55.4012 304.7102 15.06344818204892
1 45090U 20006AY  23288.50650345  .00067888  00000-0  45320-2 0  9990
2 45090  53.0561 219.9481 0001310  99.1937 260.9201 15.06407157204964
1 45090U 20006AY  23289.16996042  .00039025  00000-0  26208-2 0  9996
2 45090  53.0559 216.9710 0001446  96.4558 263.6596 15.06449876205065
1 45090U 20006AY  23289.50169911  .00007636  00000-0  53071-3 0  9993
2 45090  53.0556 215.4801 0002634  74.0773 286.0506 15.06418981205117
1 45090U 20006AY  23289.50169911  .00007636  00000-0  53071-3 0  9993
2 45090  53.0556 215.4801 0002634  74.0773 286.0506 15.06418981205117
1 45090U 20006AY  23289.83343709  .00020030  00000-0  13601-2 0  9995
2 45090  53.0568 213.9927 0001426  88.9417 271.1736 15.06391608205160
1 45090U 20006AY  23289.83343709  .00020030  00000-0  13601-2 0  9995
2 45090  53.0568 213.9927 0001426  88.9417 271.1736 15.06391608205160
1 45090U 20006AY  23290.49690773  .00043413  00000-0  29137-2 0  9996
2 45090  53.0554 211.0155 0001590  85.2892 274.8279 15.06422973205269
1 45090U 20006AY  23291.16035496  .00035268  00000-0  23705-2 0  9990
2 45090  53.0544 208.0357 0001433  87.7666 272.3487 15.06466197205361
1 45090U 20006AY  23291.49208867  .00001027  00000-0  87794-4 0  9996
2 45090  53.0540 206.5465 0001562 101.1436 258.9729 15.06427366205419
1 45090U 20006AY  23291.89017632  .00016796  00000-0  11439-2 0  9998
2 45090  53.0538 204.7588 0001504 111.4175 248.6974 15.06395877205477
1 45090U 20006AY  23292.15556811  .00043462  00000-0  29187-2 0  9994
2 45090  53.0537 203.5683 0001476 113.5881 246.5263 15.06400338205516
1 45090U 20006AY  23292.15556811  .00043462  00000-0  29187-2 0  9994
2 45090  53.0537 203.5683 0001476 113.5881 246.5263 15.06400338205516
1 45090U 20006AY  23293.15074362  .00037798  00000-0  25376-2 0  9992
2 45090  53.0534 199.1010 0001500 115.1716 244.9428 15.06477064205661
1 45090U 20006AY  23293.15074362  .00037798  00000-0  25376-2 0  9992
2 45090  53.0534 199.1010 0001500 115.1716 244.9428 15.06477064205661
1 45090U 20006AY  23293.88058198  .00015325  00000-0  10462-2 0  9993
2 45090  53.0536 195.8249 0001851 122.2008 237.9160 15.06372982205772
1 45090U 20006AY  23294.01328243  .00016209  00000-0  11059-2 0  9995
2 45090  53.0544 195.2289 0001179 116.2188 243.8922 15.06354866205799
1 45090U 20006AY  23294.21232724  .00004318  00000-0  30886-3 0  9993
2 45090  53.0549 194.3359 0001401 108.3476 251.7666 15.06367060205829
1 45090U 20006AY  23294.94215133  .00020502  00000-0  13912-2 0  9991
2 45090  53.0546 191.0597 0001319  93.6214 266.4926 15.06401333205934
1 45090U 20006AY  23295.14118903  .00018308  00000-0  12443-2 0  9990
2 45090  53.0543 190.1666 0001310  89.3436 270.7703 15.06415159205962
1 45090U 20006AY  23295.40657028  .00016560  00000-0  11271-2 0  9991
2 45090  53.0544 188.9751 0001294  92.2365 267.8772 15.06430942206004
1 45090U 20006AY  23295.93732974  .00016143  00000-0  10988-2 0  9994
2 45090  53.0552 186.5891 0001057  71.7578 288.3526 15.06446077206086
1 45090U 20006AY  23296.00367841  .00005046  00000-0  35716-3 0  9997
2 45090  53.0545 186.2945 0001339  79.9446 280.1694 15.06426799206098
1 45090U 20006AY  23296.40176266  .00000496  00000-0  52190-4 0  9990
2 45090  53.0540 184.5074 0001098  77.7581 282.3531 15.06399346206153
1 45090U 20006AY  23296.93254330  .00017312  00000-0  11784-2 0  9994
2 45090  53.0538 182.1256 0001193  75.0966 285.0155 15.06395035206232
1 45090U 20006AY  23297.39697439  .00006283  00000-0  44035-3 0  9997
2 45090  53.0552 180.0401 0001340  82.6706 277.4436 15.06396334206305
1 45090U 20006AY  23297.39697439  .00006283  00000-0  44035-3 0  9997
2 45090  53.0552 180.0401 0001340  82.6706 277.4436 15.06396334206305
1 45090U 20006AY  23298.85660209  .00008980  00000-0  62071-3 0  9990
2 45090  53.0544 173.4876 0001281  80.4869 279.6265 15.06414650206528
1 45090U 20006AY  23298.92294733  .00010072  00000-0  69374-3 0  9991
2 45090  53.0545 173.1898 0001282  81.2114 278.9020 15.06419473206533
1 45090U 20006AY  23299.85180379  .00008792  00000-0  60822-3 0  9999
2 45090  53.0539 169.0196 0001269  88.4528 271.6606 15.06411501206673
1 45090U 20006AY  23300.05084393  .00006083  00000-0  42683-3 0  9999
2 45090  53.0546 168.1251 0001274  91.2521 268.8614 15.06407449206701
1 45090U 20006AY  23300.05084393  .00006083  00000-0  42683-3 0  9999
2 45090  53.0546 168.1251 0001274  91.2521 268.8614 15.06407449206701
1 45090U 20006AY  23300.91333687  .00015085  00000-0  10284-2 0  9990
2 45090  53.0539 164.2539 0001402  95.1039 265.0110 15.06437905206833
1 45090U 20006AY  23300.91333687  .00015085  00000-0  10284-2 0  9990
2 45090  53.0539 164.2539 0001402  95.1039 265.0110 15.06437905206833
1 45090U 20006AY  23301.31141818 -.00006267  00000-0 -40206-3 0  9990
2 45090  53.0552 162.4672 0001680  80.2522 279.8656 15.06408872206891
1 45090U 20006AY  23301.31141818 -.00006267  00000-0 -40206-3 0  9990
2 45090  53.0552 162.4672 0001680  80.2522 279.8656 15.06408872206891
1 45090U 20006AY  23301.84220227 -.00003265  00000-0 -20050-3 0  9990
2 45090  53.0537 160.0841 0001440  83.6542 276.4611 15.06385045206978
1 45090U 20006AY  23301.90855388  .00016590  00000-0  11309-2 0  9998
2 45090  53.0534 159.7864 0001437  76.3407 283.7742 15.06371420206989
1 45090U 20006AY  23302.30664184  .00023530  00000-0  15940-2 0  9992
2 45090  53.0532 157.9995 0001447  75.2292 284.8857 15.06382503207044
1 45090U 20006AY  23302.90376538  .00019790  00000-0  13436-2 0  9992
2 45090  53.0531 155.3187 0001460  76.4599 283.6553 15.06403488207132
1 45090U 20006AY  23303.03645817  .00019581  00000-0  13295-2 0  9997
2 45090  53.0530 154.7230 0001455  76.5600 283.5551 15.06408829207154
1 45090U 20006AY  23303.56723951  .00004981  00000-0  35315-3 0  9997
2 45090  53.0525 152.3386 0001238  97.2878 262.8252 15.06392099207238
1 45090U 20006AY  23303.89897523  .00008990  00000-0  62172-3 0  9995
2 45090  53.0525 150.8494 0001330  96.1595 263.9546 15.06397559207287
1 45090U 20006AY  23304.56244813  .00011088  00000-0  76214-3 0  9992
2 45090  53.0529 147.8728 0001467  87.1831 272.9325 15.06399170207388
1 45090U 20006AY  23304.82783499  .00010060  00000-0  69322-3 0  9990
2 45090  53.0530 146.6810 0001415  88.2228 271.8923 15.06402655207424
1 45090U 20006AY  23304.82783499  .00010060  00000-0  69322-3 0  9990
2 45090  53.0530 146.6810 0001415  88.2228 271.8923 15.06402655207424
1 45090U 20006AY  23305.55764757  .00006767  00000-0  47264-3 0  9997
2 45090  53.0532 143.4048 0001424  86.8766 273.2386 15.06408282207538
1 45090U 20006AY  23305.82303254  .00006573  00000-0  45960-3 0  9994
2 45090  53.0533 142.2133 0001422  86.9444 273.1707 15.06411404207573
1 45090U 20006AY  23305.82303254  .00006573  00000-0  45960-3 0  9994
2 45090  53.0533 142.2133 0001422  86.9444 273.1707 15.06411404207573
1 45090U 20006AY  23306.55283868  .00006639  00000-0  46391-3 0  9995
2 45090  53.0534 138.9370 0001418  85.8064 274.3087 15.06420725207682
1 45090U 20006AY  23306.81822116  .00006196  00000-0  43420-3 0  9997
2 45090  53.0537 137.7457 0001408  86.1409 273.9741 15.06423848207720
1 45090U 20006AY  23307.14995820 -.00003185  00000-0 -19501-3 0  9997
2 45090  53.0537 136.2564 0001544  86.4020 273.7145 15.06402054207773
1 45090U 20006AY  23307.54803660 -.00001397  00000-0 -74873-4 0  9998
2 45090  53.0531 134.4695 0001531  90.1117 270.0047 15.06405068207833
1 45090U 20006AY  23307.87976982 -.00001006  00000-0 -48664-4 0  9998
2 45090  53.0541 132.9804 0001408  92.7628 267.3522 15.06402236207883
1 45090U 20006AY  23308.47689161  .00003160  00000-0  23094-3 0  9995
2 45090  53.0541 130.2998 0001401  95.1909 264.9239 15.06402382207970
1 45090U 20006AY  23308.47689161  .00003160  00000-0  23094-3 0  9995
2 45090  53.0541 130.2998 0001401  95.1909 264.9239 15.06402382207970
1 45090U 20006AY  23308.94131713  .00005167  00000-0  36545-3 0  9996
2 45090  53.0540 128.2150 0001363  92.7163 267.3982 15.06409306208042
1 45090U 20006AY  23309.20670631  .00003319  00000-0  24158-3 0  9997
2 45090  53.0540 127.0236 0001382  94.2471 265.8676 15.06403128208087
1 45090U 20006AY  23309.80383189  .00000953  00000-0  82840-4 0  9996
2 45090  53.0543 124.3431 0001420  94.2278 265.8873 15.06395777208174
1 45090U 20006AY  23309.80383189  .00000953  00000-0  82840-4 0  9996
2 45090  53.0543 124.3431 0001420  94.2278 265.8873 15.06395777208174
1 45090U 20006AY  23310.46729242  .00004805  00000-0  34114-3 0  9994
2 45090  53.0554 121.3647 0001626  92.2732 267.8443 15.06412601208275
1 45090U 20006AY  23310.46729242  .00004805  00000-0  34114-3 0  9994
2 45090  53.0554 121.3647 0001626  92.2732 267.8443 15.06412601208275
1 45090U 20006AY  23310.79902194  .00007313  00000-0  50904-3 0  9991
2 45090  53.0542 119.8757 0001407  91.5091 268.6059 15.06419030208324
1 45090U 20006AY  23311.46250150 -.00001961  00000-0 -11281-3 0  9994
2 45090  53.0543 116.8986 0001640  81.7145 278.4030 15.06389972208426
1 45090U 20006AY  23311.46250150 -.00001961  00000-0 -11281-3 0  9994
2 45090  53.0543 116.8986 0001640  81.7145 278.4030 15.06389972208426
1 45090U 20006AY  23312.59040944  .00005744  00000-0  40433-3 0  9999
2 45090  53.0542 111.8341 0001495  82.1388 277.9770 15.06385567208596
1 45090U 20006AY  23312.72310441  .00007665  00000-0  53308-3 0  9995
2 45090  53.0542 111.2385 0001522  81.2529 278.8633 15.06388025208619
1 45090U 20006AY  23312.72310441  .00007665  00000-0  53308-3 0  9995
2 45090  53.0542 111.2385 0001522  81.2529 278.8633 15.06388025208619
1 45090U 20006AY  23313.58561605  .00006751  00000-0  47168-3 0  9992
2 45090  53.0545 107.3664 0001561  80.5340 279.5825 15.06398522208742
1 45090U 20006AY  23313.71830936  .00006824  00000-0  47654-3 0  9994
2 45090  53.0541 106.7701 0001552  81.5026 278.6139 15.06400399208761
1 45090U 20006AY  23314.11638856  .00006298  00000-0  44123-3 0  9999
2 45090  53.0542 104.9830 0001548  81.0870 279.0294 15.06405501208826
1 45090U 20006AY  23314.58081222  .00006420  00000-0  44937-3 0  9999
2 45090  53.0543 102.8979 0001547  81.0893 279.0271 15.06412223208893
1 45090U 20006AY  23314.71350439  .00006448  00000-0  45122-3 0  9990
2 45090  53.0543 102.3020 0001543  81.0398 279.0766 15.06414082208918
1 45090U 20006AY  23315.57601451 -.00002467  00000-0 -14679-3 0  9990
2 45090  53.0539  98.4312 0001498  83.4913 276.6247 15.06396529209047
1 45090U 20006AY  23315.77505745  .00000057  00000-0  22744-4 0  9995
2 45090  53.0545  97.5380 0001529  83.5280 276.5883 15.06398498209077
1 45090U 20006AY  23315.77505745  .00000057  00000-0  22744-4 0  9995
2 45090  53.0545  97.5380 0001529  83.5280 276.5883 15.06398498209077
1 45090U 20006AY  23316.57121748  .00000493  00000-0  52014-4 0  9998
2 45090  53.0557  93.9643 0001486  88.7877 271.3282 15.06404174209191
1 45090U 20006AY  23316.70390913  .00000359  00000-0  42985-4 0  9992
2 45090  53.0556  93.3685 0001469  88.1747 271.9411 15.06405956209213
1 45090U 20006AY  23317.10199308  .00000870  00000-0  77314-4 0  9994
2 45090  53.0553  91.5812 0001383  88.0549 272.0598 15.06398487209270
1 45090U 20006AY  23317.56642320  .00000857  00000-0  76448-4 0  9993
2 45090  53.0558  89.4957 0001448  89.4330 270.6825 15.06395810209348
1 45090U 20006AY  23318.36257669  .00001364  00000-0  11041-3 0  9991
2 45090  53.0560  85.9215 0001465  89.1306 270.9851 15.06406019209467
1 45090U 20006AY  23318.56161449  .00001582  00000-0  12502-3 0  9998
2 45090  53.0560  85.0282 0001462  88.9458 271.1698 15.06408303209497
1 45090U 20006AY  23319.49048016  .00000293  00000-0  38563-4 0  9999
2 45090  53.0554  80.8587 0001180  90.3136 269.7989 15.06393257209631
1 45090U 20006AY  23319.62317397  .00000133  00000-0  27798-4 0  9996
2 45090  53.0553  80.2620 0001230  93.5486 266.5643 15.06393345209653
1 45090U 20006AY  23319.75586724 -.00000398  00000-0 -78451-5 0  9990
2 45090  53.0554  79.6666 0001198  92.4850 267.6276 15.06395523209678
1 45090U 20006AY  23320.35298472 -.00000442  00000-0 -10803-4 0  9994
2 45090  53.0556  76.9859 0001328  92.9178 267.1963 15.06402147209766
1 45090U 20006AY  23320.35298472 -.00000442  00000-0 -10803-4 0  9994
2 45090  53.0556  76.9859 0001328  92.9178 267.1963 15.06402147209766
1 45090U 20006AY  23321.48089074  .00000223  00000-0  33865-4 0  9993
2 45090  53.0557  71.9232 0001241  93.3918 266.7213 15.06388890209938
1 45090U 20006AY  23321.61358253 -.00004635  00000-0 -29243-3 0  9993
2 45090  53.0558  71.3277 0001153  88.9507 271.1614 15.06409019209952
1 45090U 20006AY  23321.61358253 -.00004635  00000-0 -29243-3 0  9993
2 45090  53.0558  71.3277 0001153  88.9507 271.1614 15.06409019209952
1 45090U 20006AY  23322.47609679  .00000650  00000-0  62517-4 0  9992
2 45090  53.0569  67.4581 0001625 102.7759 257.3412 15.06390325210083
1 45090U 20006AY  23322.54243678  .00001755  00000-0  13668-3 0  9992
2 45090  53.0561  67.1559 0001297  90.3238 269.7899 15.06399146210093
1 45090U 20006AY  23322.54243678  .00001755  00000-0  13668-3 0  9992
2 45090  53.0561  67.1559 0001297  90.3238 269.7899 15.06399146210093
1 45090U 20006AY  23323.00686743  .00004910  00000-0  34853-3 0  9993
2 45090  53.0568  65.0744 0001542  86.7642 273.3524 15.06373563210163
1 45090U 20006AY  23323.60399824  .00000812  00000-0  73401-4 0  9990
2 45090  53.0563  62.3932 0001410  86.6794 273.4356 15.06388741210256
1 45090U 20006AY  23324.00207621  .00001284  00000-0  10508-3 0  9990
2 45090  53.0564  60.6060 0001427  85.6531 274.4621 15.06393536210317
1 45090U 20006AY  23324.53284076  .00001193  00000-0  98919-4 0  9999
2 45090  53.0560  58.2228 0001388  87.0081 273.1067 15.06408291210397
1 45090U 20006AY  23324.73187736  .00001569  00000-0  12414-3 0  9998
2 45090  53.0559  57.3292 0001406  87.2921 272.8229 15.06411475210420
1 45090U 20006AY  23324.99727693 -.00000447  00000-0 -11139-4 0  9998
2 45090  53.0564  56.1383 0001199  93.9062 266.2064 15.06395206210464
1 45090U 20006AY  23325.52805476  .00000104  00000-0  25897-4 0  9998
2 45090  53.0573  53.7562 0001199  92.0532 268.0594 15.06392961210540
1 45090U 20006AY  23326.45692200 -.00001197  00000-0 -61521-4 0  9999
2 45090  53.0560  49.5863 0001347  87.6876 272.4268 15.06392081210684
1 45090U 20006AY  23326.45692200 -.00001197  00000-0 -61521-4 0  9999
2 45090  53.0560  49.5863 0001347  87.6876 272.4268 15.06392081210684
1 45090U 20006AY  23327.45212777  .00002882  00000-0  21232-3 0  9991
2 45090  53.0561  45.1196 0001350  90.2595 269.8549 15.06393937210838
1 45090U 20006AY  23328.44732465  .00004793  00000-0  34032-3 0  9997
2 45090  53.0557  40.6512 0001334  96.8714 263.2427 15.06409871210986
1 45090U 20006AY  23328.58001567  .00005977  00000-0  41964-3 0  9991
2 45090  53.0559  40.0554 0001364  98.8381 261.2762 15.06415065211009
1 45090U 20006AY  23329.57522356  .00002787  00000-0  20589-3 0  9991
2 45090  53.0556  35.5849 0001422  95.0014 265.1137 15.06403877211152
1 45090U 20006AY  23329.97329982  .00009781  00000-0  67424-3 0  9995
2 45090  53.0551  33.7998 0001398 100.3003 259.8144 15.06419842211216
1 45090U 20006AY  23330.43771539  .00021449  00000-0  14526-2 0  9996
2 45090  53.0552  31.7164 0001382  87.2140 272.9007 15.06446925211281
1 45090U 20006AY  23330.43771539  .00021449  00000-0  14526-2 0  9996
2 45090  53.0552  31.7164 0001382  87.2140 272.9007 15.06446925211281
1 45090U 20006AY  23331.43293341  .00014116  00000-0  96517-3 0  9991
2 45090  53.0553  27.2495 0001282 138.4870 221.6217 15.06380637211435
1 45090U 20006AY  23331.56563834  .00016671  00000-0  11367-2 0  9999
2 45090  53.0556  26.6548 0002346  37.6303 322.4850 15.06358365211451
1 45090U 20006AY  23331.56563834  .00016671  00000-0  11367-2 0  9999
2 45090  53.0556  26.6548 0002346  37.6303 322.4850 15.06358365211451
1 45090U 20006AY  23332.56085220  .00022955  00000-0  15548-2 0  9995
2 45090  53.0554  22.1847 0001940  56.9434 303.1741 15.06403245211600
1 45090U 20006AY  23332.56085220  .00022955  00000-0  15548-2 0  9995
2 45090  53.0554  22.1847 0001940  56.9434 303.1741 15.06403245211600
1 45090U 20006AY  23333.15797255  .00012711  00000-0  87046-3 0  9991
2 45090  53.0552  19.5014 0001972  64.5048 295.6144 15.06410739211692
1 45090U 20006AY  23333.42335816  .00008581  00000-0  59413-3 0  9999
2 45090  53.0554  18.3107 0001769  68.3016 291.8161 15.06409741211738
1 45090U 20006AY  23333.42335816  .00008581  00000-0  59413-3 0  9999
2 45090  53.0554  18.3107 0001769  68.3016 291.8161 15.06409741211738
1 45090U 20006AY  23333.95412331  .00013330  00000-0  91139-3 0  9994
2 45090  53.0549  15.9271 0001646  76.2475 283.8698 15.06427510211817
1 45090U 20006AY  23335.08200594 -.00003271  00000-0 -20075-3 0  9992
2 45090  53.0552  10.8674 0001770  71.9678 288.1504 15.06409604211983
1 45090U 20006AY  23335.41374199  .00002641  00000-0  19614-3 0  9997
2 45090  53.0541   9.3741 0001484  79.0183 281.0972 15.06402897212036
1 45090U 20006AY  23336.40893461  .00034621  00000-0  23285-2 0  9996
2 45090  53.0540   4.9094 0001569  79.1500 280.9665 15.06451301212182
1 45090U 20006AY  23336.40893461  .00034621  00000-0  23285-2 0  9996
2 45090  53.0540   4.9094 0001569  79.1500 280.9665 15.06451301212182
1 45090U 20006AY  23337.47050726 -.00000393  00000-0 -75047-5 0  9990
2 45090  53.0559   0.1464 0001655 106.8935 253.2235 15.06372448212345
1 45090U 20006AY  23337.47050726 -.00000393  00000-0 -75047-5 0  9990
2 45090  53.0559   0.1464 0001655 106.8935 253.2235 15.06372448212345
1 45090U 20006AY  23338.46572935  .00026378  00000-0  17840-2 0  9994
2 45090  53.0547 355.6757 0001644  93.8174 266.3003 15.06382267212497
1 45090U 20006AY  23338.46572935  .00026378  00000-0  17840-2 0  9994
2 45090  53.0547 355.6757 0001644  93.8174 266.3003 15.06382267212497
1 45090U 20006AY  23339.32823221  .00010163  00000-0  69999-3 0  9995
2 45090  53.0551 351.8038 0001617  93.7065 266.4109 15.06409449212625
1 45090U 20006AY  23339.32823221  .00010163  00000-0  69999-3 0  9995
2 45090  53.0551 351.8038 0001617  93.7065 266.4109 15.06409449212625
1 45090U 20006AY  23340.25707190  .00008901  00000-0  61522-3 0  9996
2 45090  53.0549 347.6339 0001601  92.3556 267.7616 15.06429405212768
1 45090U 20006AY  23341.18592728 -.00001506  00000-0 -82217-4 0  9999
2 45090  53.0547 343.4650 0001293  74.0623 286.0509 15.06404202212904
1 45090U 20006AY  23341.38497081 -.00003147  00000-0 -19251-3 0  9997
2 45090  53.0547 342.5713 0001396  88.0355 272.0793 15.06397302212930
1 45090U 20006AY  23341.38497081 -.00003147  00000-0 -19251-3 0  9997
2 45090  53.0547 342.5713 0001396  88.0355 272.0793 15.06397302212930
1 45090U 20006AY  23342.38017094 -.00002175  00000-0 -12712-3 0  9995
2 45090  53.0549 338.1011 0001542  82.6264 277.4900 15.06404933213081
1 45090U 20006AY  23342.38017094 -.00002175  00000-0 -12712-3 0  9995
2 45090  53.0549 338.1011 0001542  82.6264 277.4900 15.06404933213081
1 45090U 20006AY  23343.17634123  .00002031  00000-0  15523-3 0  9993
2 45090  53.0551 334.5260 0001373  87.2673 272.8473 15.06393567213205
1 45090U 20006AY  23343.37538169  .00002257  00000-0  17040-3 0  9994
2 45090  53.0551 333.6318 0001392  86.2343 273.8805 15.06395392213234
1 45090U 20006AY  23344.37057572  .00003326  00000-0  24201-3 0  9994
2 45090  53.0554 329.1658 0001446  87.4902 272.6253 15.06409609213385
1 45090U 20006AY  23344.37057572  .00003326  00000-0  24201-3 0  9994
2 45090  53.0554 329.1658 0001446  87.4902 272.6253 15.06409609213385
1 45090U 20006AY  23345.16674175  .00000458  00000-0  49669-4 0  9995
2 45090  53.0550 325.5862 0001674 118.6433 241.4725 15.06395115213505
1 45090U 20006AY  23345.23309397 -.00000165  00000-0  78158-5 0  9996
2 45090  53.0564 325.2956 0001395  81.4320 278.6827 15.06395714213514
1 45090U 20006AY  23346.16194367  .00001769  00000-0  13765-3 0  9999
2 45090  53.0554 321.1263 0001321  87.6917 272.4223 15.06395912213655
1 45090U 20006AY  23347.15715453  .00000748  00000-0  69094-4 0  9997
2 45090  53.0555 316.6599 0001322  95.8273 264.2867 15.06392759213800
1 45090U 20006AY  23347.15715453  .00000748  00000-0  69094-4 0  9997
2 45090  53.0555 316.6599 0001322  95.8273 264.2867 15.06392759213800
1 45090U 20006AY  23348.15234755  .00000753  00000-0  69458-4 0  9999
2 45090  53.0552 312.1861 0001352 105.3106 254.8032 15.06407718213952
1 45090U 20006AY  23348.21869714  .00004462  00000-0  31829-3 0  9996
2 45090  53.0552 311.8945 0001413 101.5969 258.5178 15.06396913213961
1 45090U 20006AY  23349.21391006  .00003487  00000-0  25301-3 0  9995
2 45090  53.0559 307.4239 0001592  65.2686 294.8469 15.06383591214117
1 45090U 20006AY  23350.14274708  .00001884  00000-0  14531-3 0  9990
2 45090  53.0554 303.2560 0001554  69.8486 290.2670 15.06413069214252
1 45090U 20006AY  23350.14274708  .00001884  00000-0  14531-3 0  9990
2 45090  53.0554 303.2560 0001554  69.8486 290.2670 15.06413069214252
1 45090U 20006AY  23351.07161434  .00000474  00000-0  50708-4 0  9995
2 45090  53.0538 299.0886 0001316  91.2623 268.8516 15.06394579214394
1 45090U 20006AY  23351.07161434  .00000474  00000-0  50708-4 0  9995
2 45090  53.0538 299.0886 0001316  91.2623 268.8516 15.06394579214394
1 45090U 20006AY  23352.13314946  .00004030  00000-0  28917-3 0  9999
2 45090  53.0540 294.3190 0001484  99.5507 260.5650 15.06419108214553
1 45090U 20006AY  23352.13314946  .00004030  00000-0  28917-3 0  9999
2 45090  53.0540 294.3190 0001484  99.5507 260.5650 15.06419108214553
1 45090U 20006AY  23353.06202320 -.00001759  00000-0 -99235-4 0  9993
2 45090  53.0529 290.1459 0001562 120.5324 239.5819 15.06385296214699
1 45090U 20006AY  23353.06202320 -.00001759  00000-0 -99235-4 0  9993
2 45090  53.0529 290.1459 0001562 120.5324 239.5819 15.06385296214699
1 45090U 20006AY  23354.12358333  .00013332  00000-0  91221-3 0  9991
2 45090  53.0535 285.3856 0001138  84.4829 275.6289 15.06399784214857
1 45090U 20006AY  23354.12358333  .00013332  00000-0  91221-3 0  9991
2 45090  53.0535 285.3856 0001138  84.4829 275.6289 15.06399784214857
1 45090U 20006AY  23355.11878623  .00005387  00000-0  38021-3 0  9990
2 45090  53.0536 280.9178 0001259  78.2007 281.9123 15.06403648215009
1 45090U 20006AY  23355.11878623  .00005387  00000-0  38021-3 0  9990
2 45090  53.0536 280.9178 0001259  78.2007 281.9123 15.06403648215009
1 45090U 20006AY  23356.04761937  .00014433  00000-0  98467-3 0  9994
2 45090  53.0536 276.7479 0001294  77.8121 282.3013 15.06443169215147
1 45090U 20006AY  23356.04761937  .00014433  00000-0  98467-3 0  9994
2 45090  53.0536 276.7479 0001294  77.8121 282.3013 15.06443169215147
1 45090U 20006AY  23356.97648325  .00003576  00000-0  25884-3 0  9990
2 45090  53.0544 272.5756 0001405 101.3838 258.7309 15.06398873215281
1 45090U 20006AY  23357.24187697  .00003470  00000-0  25188-3 0  9991
2 45090  53.0542 271.3846 0001478  74.4178 285.6974 15.06377495215322
1 45090U 20006AY  23357.24187697  .00003470  00000-0  25188-3 0  9991
2 45090  53.0542 271.3846 0001478  74.4178 285.6974 15.06377495215322
1 45090U 20006AY  23357.90535505  .00014170  00000-0  96853-3 0  9995
2 45090  53.0544 268.4059 0001377  70.3332 289.7805 15.06390791215425
1 45090U 20006AY  23358.17074028  .00006531  00000-0  45699-3 0  9997
2 45090  53.0546 267.2142 0001577  66.8102 293.3053 15.06397638215461
1 45090U 20006AY  23358.17074028  .00006531  00000-0  45699-3 0  9997
2 45090  53.0546 267.2142 0001577  66.8102 293.3053 15.06397638215461
1 45090U 20006AY  23358.90056156  .00004440  00000-0  31683-3 0  9995
2 45090  53.0540 263.9326 0001562 104.4164 255.6999 15.06390949215573
1 45090U 20006AY  23358.96690875  .00004308  00000-0  30797-3 0  9991
2 45090  53.0539 263.6348 0001518  95.6890 264.4272 15.06391900215581
1 45090U 20006AY  23358.96690875  .00004308  00000-0  30797-3 0  9991
2 45090  53.0539 263.6348 0001518  95.6890 264.4272 15.06391900215581
1 45090U 20006AY  23359.89575327  .00005889  00000-0  41375-3 0  9997
2 45090  53.0535 259.4640 0001530 100.6139 259.5022 15.06415379215723
1 45090U 20006AY  23360.16113773  .00010007  00000-0  68928-3 0  9993
2 45090  53.0541 258.2786 0001460  88.3879 271.7277 15.06425666215765
1 45090U 20006AY  23360.16113773  .00010007  00000-0  68928-3 0  9993
2 45090  53.0541 258.2786 0001460  88.3879 271.7277 15.06425666215765
1 45090U 20006AY  23360.89095023 -.00000620  00000-0 -22690-4 0  9999
2 45090  53.0525 254.9915 0003349 154.0323 206.0835 15.06404417215871
1 45090U 20006AY  23361.09000079 -.00001218  00000-0 -62889-4 0  9997
2 45090  53.0535 254.1108 0001433  93.7014 266.4139 15.06394645215908
1 45090U 20006AY  23361.09000079 -.00001218  00000-0 -62889-4 0  9997
2 45090  53.0535 254.1108 0001433  93.7014 266.4139 15.06394645215908
1 45090U 20006AY  23361.88616559  .00007138  00000-0  49762-3 0  9999
2 45090  53.0530 250.5371 0001403  93.0738 267.0412 15.06400216216025
1 45090U 20006AY  23362.01885945  .00009581  00000-0  66124-3 0  9997
2 45090  53.0536 249.9414 0001442  82.8135 277.3018 15.06398169216042
1 45090U 20006AY  23362.01885945  .00009581  00000-0  66124-3 0  9997
2 45090  53.0536 249.9414 0001442  82.8135 277.3018 15.06398169216042
1 45090U 20006AY  23362.88137439  .00000818  00000-0  73806-4 0  9990
2 45090  53.0527 246.0699 0001462  85.6891 274.4265 15.06391329216174
1 45090U 20006AY  23363.08041702  .00003269  00000-0  23831-3 0  9995
2 45090  53.0525 245.1766 0001546  65.0320 295.0830 15.06394988216204
1 45090U 20006AY  23363.08041702  .00003269  00000-0  23831-3 0  9995
2 45090  53.0525 245.1766 0001546  65.0320 295.0830 15.06394988216204
1 45090U 20006AY  23363.94292675  .00004074  00000-0  29227-3 0  9997
2 45090  53.0525 241.3052 0001557  69.2625 290.8531 15.06399622216331
1 45090U 20006AY  23364.07561769  .00004207  00000-0  30113-3 0  9999
2 45090  53.0526 240.7081 0001462  85.4363 274.6793 15.06403631216359
1 45090U 20006AY  23364.80543443  .00002982  00000-0  21897-3 0  9996
2 45090  53.0525 237.4311 0001500  84.9168 275.1992 15.06400997216468
1 45090U 20006AY  23364.87178125  .00002630  00000-0  19541-3 0  9997
2 45090  53.0525 237.1332 0001486  86.4479 273.6680 15.06399976216475
