1 45094U 20006BC  23001.60769410 -.00006894  00000-0 -44459-3 0  9997
2 45094  53.0554  67.8912 0001507  54.1915 305.9214 15.06383057161726
1 45094U 20006BC  23001.87308538 -.00003570  00000-0 -22099-3 0  9990
2 45094  53.0555  66.7002 0001621  56.2165 303.8978 15.06381526161769
1 45094U 20006BC  23002.47020773  .00001626  00000-0  12806-3 0  9992
2 45094  53.0555  64.0196 0001596  54.8769 305.2370 15.06396284161858
1 45094U 20006BC  23002.86829118  .00006984  00000-0  48728-3 0  9999
2 45094  53.0555  62.2327 0001653  54.6076 305.5067 15.06399882161917
1 45094U 20006BC  23003.20002845  .00006147  00000-0  43123-3 0  9993
2 45094  53.0556  60.7438 0001694  57.0018 303.1134 15.06399072161967
1 45094U 20006BC  23004.39427121  .00008137  00000-0  56441-3 0  9990
2 45094  53.0558  55.3846 0002107  50.8924 309.2252 15.06409592162147
1 45094U 20006BC  23004.85869786  .00007340  00000-0  51099-3 0  9997
2 45094  53.0561  53.3013 0002321  49.0223 311.0966 15.06410289162211
1 45094U 20006BC  23005.52215873  .00004411  00000-0  31472-3 0  9993
2 45094  53.0568  50.3207 0001883  47.0939 313.0208 15.06413837162666
1 45094U 20006BC  23006.38467206 -.00004928  00000-0 -31225-3 0  9998
2 45094  53.0582  46.4470 0001311  44.8705 315.2390 15.06387527162440
1 45094U 20006BC  23007.11449215 -.00001871  00000-0 -10679-3 0  9994
2 45094  53.0557  43.1699 0001699  49.2502 310.8635 15.06388874162553
1 45094U 20006BC  23007.77796437  .00006220  00000-0  43617-3 0  9996
2 45094  53.0545  40.1920 0001684  34.2234 325.8863 15.06394829162651
1 45094U 20006BC  23008.44143146  .00005724  00000-0  40285-3 0  9990
2 45094  53.0545  37.2144 0001742  42.2813 317.8310 15.06400943162757
1 45094U 20006BC  23009.43663160  .00002145  00000-0  16286-3 0  9991
2 45094  53.0551  32.7470 0001857  49.9640 310.1511 15.06403563162902
1 45094U 20006BC  23010.43184178 -.00000287  00000-0 -37159-6 0  9992
2 45094  53.0565  28.2794 0001822  49.0036 311.1110 15.06396619163054
1 45094U 20006BC  23010.76356885  .00001057  00000-0  89824-4 0  9992
2 45094  53.0567  26.7900 0001800  50.0322 310.0825 15.06402757163102
1 45094U 20006BC  23011.29434164  .00001219  00000-0  10072-3 0  9996
2 45094  53.0560  24.4091 0001954  48.7250 311.3907 15.06404688163183
1 45094U 20006BC  23011.82511555  .00001480  00000-0  11824-3 0  9991
2 45094  53.0563  22.0254 0002019  50.8793 309.2375 15.06403770163265
1 45094U 20006BC  23012.28953225  .00003393  00000-0  24646-3 0  9997
2 45094  53.0566  19.9398 0001787  44.6409 315.4724 15.06412621163338
1 45094U 20006BC  23013.41745597 -.00003274  00000-0 -20109-3 0  9994
2 45094  53.0556  14.8767 0001729  62.5073 297.6092 15.06379872163501
1 45094U 20006BC  23015.27517201  .00006244  00000-0  43769-3 0  9994
2 45094  53.0550   6.5362 0001599  75.7788 284.3379 15.06401193163781
1 45094U 20006BC  23015.73959834  .00004302  00000-0  30749-3 0  9994
2 45094  53.0539   4.4527 0001580  83.7800 276.3368 15.06403411163854
1 45094U 20006BC  23016.27036528  .00007050  00000-0  49142-3 0  9990
2 45094  53.0544   2.0693 0001713  82.0878 278.0305 15.06420846163933
1 45094U 20006BC  23016.93385008 -.00001976  00000-0 -11384-3 0  9993
2 45094  53.0533 359.0925 0001968  81.9127 278.2085 15.06386297164031
1 45094U 20006BC  23017.33194371 -.00005195  00000-0 -33038-3 0  9996
2 45094  53.0547 357.3020 0001778  84.2725 275.8466 15.06369857164097
1 45094U 20006BC  23017.66368196 -.00002745  00000-0 -16558-3 0  9996
2 45094  53.0541 355.8157 0002114  85.9750 274.1480 15.06373716164149
1 45094U 20006BC  23018.32714437  .00037476  00000-0  25190-2 0  9991
2 45094  53.0536 352.8357 0001633  77.8727 282.2445 15.06436644164243
1 45094U 20006BC  23018.72521795  .00018692  00000-0  12693-2 0  9991
2 45094  53.0540 351.0453 0001444 114.0876 246.0265 15.06432068164306
1 45094U 20006BC  23019.32232545  .00028978  00000-0  19535-2 0  9990
2 45094  53.0539 348.3678 0001459  96.1748 263.9408 15.06452956164390
1 45094U 20006BC  23020.31754271  .00035604  00000-0  23974-2 0  9992
2 45094  53.0540 343.9003 0001639  69.0392 291.0773 15.06394605164549
1 45094U 20006BC  23025.22721351  .00024101  00000-0  16303-2 0  9998
2 45094  53.0543 321.8601 0001308  90.8325 269.2814 15.06424625165283
1 45094U 20006BC  23026.08972460  .00017531  00000-0  11925-2 0  9996
2 45094  53.0541 317.9875 0001408  77.5635 282.5511 15.06412304165415
1 45094U 20006BC  23027.15124857  .00022175  00000-0  15006-2 0  9998
2 45094  53.0534 313.2228 0001482  79.6036 280.5120 15.06457126165570
1 45094U 20006BC  23028.27916675  .00012257  00000-0  84101-3 0  9992
2 45094  53.0522 308.1595 0000806  72.3873 287.7204 15.06369883165748
1 45094U 20006BC  23029.20802671  .00018619  00000-0  12653-2 0  9996
2 45094  53.0523 303.9895 0000828  77.4766 282.6315 15.06406478165880
1 45094U 20006BC  23030.13688252  .00006291  00000-0  44082-3 0  9992
2 45094  53.0518 299.8182 0000868  88.9811 271.1278 15.06404496166024
1 45094U 20006BC  23030.93304511  .00003230  00000-0  23562-3 0  9993
2 45094  53.0529 296.2435 0001006  99.4899 260.6203 15.06401636166143
1 45094U 20006BC  23031.13208430  .00003037  00000-0  22268-3 0  9996
2 45094  53.0527 295.3507 0000981  90.6729 269.4373 15.06405372166176
1 45094U 20006BC  23032.52536572  .00000133  00000-0  27795-4 0  9996
2 45094  53.0517 289.0954 0001280  95.8836 264.2299 15.06399533166384
1 45094U 20006BC  23033.52057256 -.00000709  00000-0 -28682-4 0  9991
2 45094  53.0545 284.6299 0001463  73.7003 286.4147 15.06402664166537
1 45094U 20006BC  23034.11769015  .00002702  00000-0  20021-3 0  9991
2 45094  53.0524 281.9485 0001116  87.0589 273.0527 15.06405792166622
1 45094U 20006BC  23034.64847103  .00001002  00000-0  86156-4 0  9998
2 45094  53.0529 279.5670 0001003  91.6011 268.5093 15.06393776166706
1 45094U 20006BC  23035.90905986  .00001495  00000-0  11923-3 0  9997
2 45094  53.0519 273.9058 0001271  90.6973 269.4161 15.06401332166890
1 45094U 20006BC  23036.04175221  .00001957  00000-0  15021-3 0  9990
2 45094  53.0520 273.3101 0001217  94.1065 266.0063 15.06403507166919
1 45094U 20006BC  23036.90426715  .00001164  00000-0  97058-4 0  9993
2 45094  53.0521 269.4382 0001237  91.3580 268.7550 15.06396865167043
1 45094U 20006BC  23037.03696047  .00001467  00000-0  11733-3 0  9996
2 45094  53.0520 268.8425 0001234  90.4949 269.6181 15.06398233167062
1 45094U 20006BC  23037.89946686  .00002999  00000-0  22012-3 0  9990
2 45094  53.0515 264.9701 0001211  87.4925 272.6203 15.06406646167196
1 45094U 20006BC  23038.56293815  .00002512  00000-0  18749-3 0  9997
2 45094  53.0506 261.9920 0001215  83.2567 276.8560 15.06400798167640
1 45094U 20006BC  23038.89466982  .00002443  00000-0  18280-3 0  9993
2 45094  53.0518 260.5031 0001243  89.4422 270.6710 15.06403846167343
1 45094U 20006BC  23039.88987395  .00000068  00000-0  23445-4 0  9990
2 45094  53.0513 256.0347 0001162  89.0180 271.0942 15.06399726167494
1 45094U 20006BC  23040.42065081  .00000388  00000-0  44953-4 0  9993
2 45094  53.0518 253.6499 0001183 119.4785 240.6322 15.06392889167578
1 45094U 20006BC  23040.88507902 -.00000136  00000-0  97651-5 0  9992
2 45094  53.0513 251.5662 0001104 101.0789 259.0324 15.06395077167642
1 45094U 20006BC  23042.54375652  .00001729  00000-0  13495-3 0  9992
2 45094  53.0516 244.1202 0001168  81.9876 278.1245 15.06394082167892
1 45094U 20006BC  23042.87548746  .00003750  00000-0  27051-3 0  9993
2 45094  53.0515 242.6300 0001121  90.5148 269.5969 15.06401850167945
1 45094U 20006BC  23043.53895977  .00003943  00000-0  28349-3 0  9993
2 45094  53.0512 239.6515 0001212  85.1888 274.9240 15.06396778168044
1 45094U 20006BC  23044.53416221  .00007957  00000-0  55241-3 0  9995
2 45094  53.0516 235.1834 0001283  80.4045 279.7088 15.06404480168193
1 45094U 20006BC  23045.52936113  .00002986  00000-0  21923-3 0  9999
2 45094  53.0518 230.7157 0001115  87.7472 272.3645 15.06404535168348
1 45094U 20006BC  23045.86109292  .00006213  00000-0  43551-3 0  9994
2 45094  53.0517 229.2268 0001125  80.8869 279.2247 15.06411435168394
1 45094U 20006BC  23046.52456126  .00008498  00000-0  58858-3 0  9992
2 45094  53.0516 226.2481 0001043  93.2057 266.9052 15.06408610168492
1 45094U 20006BC  23046.92263851  .00017117  00000-0  11645-2 0  9997
2 45094  53.0516 224.4611 0000970  91.9047 268.2053 15.06422287168558
1 45094U 20006BC  23047.51976450  .00002726  00000-0  20183-3 0  9997
2 45094  53.0510 221.7806 0001091  82.7705 277.3407 15.06398442168641
1 45094U 20006BC  23047.91784379  .00011935  00000-0  81852-3 0  9990
2 45094  53.0510 219.9935 0001061  79.0735 281.0373 15.06410992168708
1 45094U 20006BC  23048.51497196  .00009115  00000-0  63010-3 0  9998
2 45094  53.0507 217.3128 0001138  81.7016 278.4101 15.06394802168796
1 45094U 20006BC  23048.84670649  .00015316  00000-0  10449-2 0  9997
2 45094  53.0508 215.8238 0001142  79.3105 280.8012 15.06399557168845
1 45094U 20006BC  23049.44383058  .00008028  00000-0  55722-3 0  9995
2 45094  53.0509 213.1429 0001310  83.5132 276.6006 15.06399603168931
1 45094U 20006BC  23050.57175448 -.00004372  00000-0 -27512-3 0  9999
2 45094  53.0515 208.0793 0001476  88.8116 271.3042 15.06351672169452
1 45094U 20006BC  23051.56695922  .00015442  00000-0  10532-2 0  9994
2 45094  53.0528 203.6136 0001169  74.9975 285.1143 15.06402810169250
1 45094U 20006BC  23052.56213742  .00016608  00000-0  11298-2 0  9996
2 45094  53.0537 199.1436 0001303  82.5212 277.5925 15.06446496169409
1 45094U 20006BC  23052.69482530  .00022846  00000-0  15451-2 0  9999
2 45094  53.0535 198.5483 0001302  79.1235 280.9900 15.06460944169425
1 45094U 20006BC  23053.49099138 -.00015941  00000-0 -10540-2 0  9990
2 45094  53.0523 194.9744 0001877  89.3414 270.7790 15.06386819169546
1 45094U 20006BC  23053.88908118  .00001662  00000-0  13054-3 0  9997
2 45094  53.0527 193.1870 0001289  94.8919 265.2217 15.06380158169609
1 45094U 20006BC  23054.08812555  .00013828  00000-0  94576-3 0  9994
2 45094  53.0525 192.2935 0001262  96.8022 263.3110 15.06384734169635
1 45094U 20006BC  23054.75159437  .00025226  00000-0  17056-2 0  9993
2 45094  53.0523 189.3157 0001234  92.7520 267.3611 15.06416092169737
1 45094U 20006BC  23055.08333124  .00004883  00000-0  34650-3 0  9993
2 45094  53.0524 187.8260 0000787  90.8743 269.2336 15.06394559169787
1 45094U 20006BC  23055.87949687  .00020651  00000-0  14010-2 0  9995
2 45094  53.0518 184.2519 0001247  75.5109 284.6018 15.06405330169908
1 45094U 20006BC  23056.54295231  .00024214  00000-0  16371-2 0  9990
2 45094  53.0515 181.2740 0001274  72.2131 287.8997 15.06440949170006
1 45094U 20006BC  23056.80833029  .00029777  00000-0  20063-2 0  9994
2 45094  53.0515 180.0826 0001297  69.6990 290.4139 15.06458708170040
1 45094U 20006BC  23057.47180438  .00013727  00000-0  93863-3 0  9994
2 45094  53.0515 177.1031 0001602 102.8901 257.2267 15.06399939170141
1 45094U 20006BC  23057.80353738  .00011392  00000-0  78240-3 0  9994
2 45094  53.0520 175.6117 0001814 125.4482 234.6676 15.06402622170197
1 45094U 20006BC  23058.79870253  .00055165  00000-0  36826-2 0  9998
2 45094  53.0520 171.1464 0001309  85.9706 274.1433 15.06509645170341
1 45094U 20006BC  23059.52853832  .00014853  00000-0  10145-2 0  9999
2 45094  53.0525 167.8700 0001333 112.9094 247.2036 15.06379121170455
1 45094U 20006BC  23059.72758383  .00034342  00000-0  23142-2 0  9992
2 45094  53.0525 166.9767 0001265 107.9237 252.1890 15.06383433170482
1 45094U 20006BC  23060.78916537  .00030363  00000-0  20500-2 0  9991
2 45094  53.0519 162.2107 0001002 115.1134 244.9959 15.06373380170641
1 45094U 20006BC  23061.78436018  .00030641  00000-0  20649-2 0  9996
2 45094  53.0513 157.7435 0000883 103.2956 256.8131 15.06438627170790
1 45094U 20006BC  23062.44782346  .00036938  00000-0  24831-2 0  9990
2 45094  53.0518 154.7650 0000739  80.0075 280.0998 15.06439148170895
1 45094U 20006BC  23063.44302433  .00032390  00000-0  21833-2 0  9993
2 45094  53.0520 150.2964 0001292  98.3457 261.7678 15.06401259171049
1 45094U 20006BC  23063.70840926  .00038598  00000-0  25944-2 0  9999
2 45094  53.0525 149.1052 0001436  97.5081 262.6072 15.06422861171087
1 45094U 20006BC  23064.37188646  .00014155  00000-0  96750-3 0  9994
2 45094  53.0532 146.1331 0001304  65.4620 294.6505 15.06389831171185
1 45094U 20006BC  23065.89786127  .00006170  00000-0  43300-3 0  9991
2 45094  53.0560 139.2752 0001712 111.5778 248.5394 15.06378329171416
1 45094U 20006BC  23066.89307176  .00000986  00000-0  85154-4 0  9998
2 45094  53.0533 134.8108 0001698  79.5671 280.5509 15.06379317171568
1 45094U 20006BC  23067.88828753  .00025035  00000-0  16937-2 0  9990
2 45094  53.0529 130.3396 0001042  90.2490 269.8618 15.06397985171714
1 45094U 20006BC  23068.88347121  .00015658  00000-0  10667-2 0  9990
2 45094  53.0521 125.8745 0001556  81.7055 278.4110 15.06436640171866
1 45094U 20006BC  23069.87869817  .00032835  00000-0  22136-2 0  9991
2 45094  53.0515 121.4074 0001580  89.7955 270.3216 15.06389795172014
1 45094U 20006BC  23070.40946537  .00037407  00000-0  25145-2 0  9990
2 45094  53.0517 119.0239 0001588  89.3649 270.7522 15.06435452172090
1 45094U 20006BC  23071.47102553  .00036931  00000-0  24861-2 0  9995
2 45094  53.0521 114.2571 0001685  73.6259 286.4915 15.06387515172256
1 45094U 20006BC  23072.13449069  .00020266  00000-0  13749-2 0  9992
2 45094  53.0526 111.2765 0001687  77.1756 282.9421 15.06416233172350
1 45094U 20006BC  23073.46142816  .00001301  00000-0  10626-3 0  9990
2 45094  53.0533 105.3191 0001821  86.0830 274.0367 15.06397211172554
1 45094U 20006BC  23073.79315800  .00003731  00000-0  26919-3 0  9992
2 45094  53.0532 103.8294 0001559  90.4739 269.6429 15.06408853172605
1 45094U 20006BC  23074.45661319  .00020423  00000-0  13844-2 0  9994
2 45094  53.0516 100.8508 0001648  94.0719 266.0458 15.06442079172701
1 45094U 20006BC  23074.78835437 -.00008426  00000-0 -54740-3 0  9996
2 45094  53.0525  99.3647 0002508  88.0817 272.0459 15.06397018172750
1 45094U 20006BC  23075.45182996  .00021840  00000-0  14815-2 0  9997
2 45094  53.0524  96.3857 0001163 101.1367 258.9752 15.06375372172851
1 45094U 20006BC  23075.78357149  .00016386  00000-0  11171-2 0  9998
2 45094  53.0537  94.8966 0001496  96.4964 263.6195 15.06376104172901
1 45094U 20006BC  23076.51338975  .00014715  00000-0  10047-2 0  9991
2 45094  53.0535  91.6201 0001561  95.1520 264.9647 15.06400061173012
1 45094U 20006BC  23077.50859226  .00007573  00000-0  52666-3 0  9996
2 45094  53.0535  87.1520 0001660  96.7910 263.3268 15.06406885173164
1 45094U 20006BC  23078.43742691  .00014377  00000-0  98092-3 0  9999
2 45094  53.0529  82.9829 0001641  94.8965 265.2211 15.06443897173309
1 45094U 20006BC  23078.70282105 -.00005094  00000-0 -32322-3 0  9990
2 45094  53.0532  81.7900 0002497  94.1443 265.9831 15.06408869173343
1 45094U 20006BC  23079.36628871 -.00001455  00000-0 -78772-4 0  9994
2 45094  53.0533  78.8133 0001850 110.5855 249.5333 15.06394981173446
1 45094U 20006BC  23079.69802435  .00008985  00000-0  62136-3 0  9999
2 45094  53.0532  77.3239 0001875 111.8976 248.2212 15.06398953173491
1 45094U 20006BC  23080.36148330  .00016166  00000-0  11009-2 0  9994
2 45094  53.0534  74.3455 0001848 115.2762 244.8418 15.06426930173599
1 45094U 20006BC  23080.69322106  .00002366  00000-0  17768-3 0  9991
2 45094  53.0530  72.8548 0001976  95.5657 264.5558 15.06406839173642
1 45094U 20006BC  23081.68843493  .00023916  00000-0  16192-2 0  9991
2 45094  53.0532  68.3871 0001392 103.1676 256.9468 15.06396041173796
1 45094U 20006BC  23082.21920458  .00021654  00000-0  14673-2 0  9997
2 45094  53.0533  66.0046 0001402 102.4394 257.6752 15.06421561173876
1 45094U 20006BC  23082.68363066  .00022318  00000-0  15116-2 0  9995
2 45094  53.0538  63.9203 0000287   2.3300 357.7691 15.06420907174291
1 45094U 20006BC  23083.41345705  .00045753  00000-0  30693-2 0  9992
2 45094  53.0539  60.6429 0001485  90.6503 269.4656 15.06415453174405
1 45094U 20006BC  23083.94421754  .00031410  00000-0  21152-2 0  9994
2 45094  53.0541  58.2604 0001459  85.9643 274.1512 15.06451890174138
1 45094U 20006BC  23084.40862206  .00029480  00000-0  19853-2 0  9996
2 45094  53.0547  56.1744 0001480  99.2856 260.8300 15.06483032174202
1 45094U 20006BC  23085.33750433  .00013625  00000-0  93275-3 0  9992
2 45094  53.0552  52.0078 0001529 112.3225 247.7926 15.06361427174340
1 45094U 20006BC  23086.39905358  .00026208  00000-0  17706-2 0  9992
2 45094  53.0545  47.2417 0001376 114.3713 245.7420 15.06424830174502
1 45094U 20006BC  23086.86349281  .00008172  00000-0  56707-3 0  9996
2 45094  53.0551  45.1574 0001648  96.5502 263.5674 15.06385653174574
1 45094U 20006BC  23087.26157178  .00036569  00000-0  24604-2 0  9994
2 45094  53.0541  43.3697 0001332 109.7785 250.3348 15.06412693174633
1 45094U 20006BC  23088.25676848  .00025163  00000-0  17007-2 0  9991
2 45094  53.0549  38.9015 0001481 100.2721 259.8435 15.06432305174785
1 45094U 20006BC  23089.11928600  .00030783  00000-0  20762-2 0  9999
2 45094  53.0550  35.0326 0001511 112.5087 247.6062 15.06404746174919
1 45094U 20006BC  23091.24236839  .00029146  00000-0  19683-2 0  9993
2 45094  53.0552  25.4994 0001753 125.4174 234.6979 15.06384829175231
1 45094U 20006BC  23091.77313980  .00029224  00000-0  19716-2 0  9998
2 45094  53.0553  23.1160 0001735 129.4658 230.6485 15.06419811175310
1 45094U 20006BC  23092.17120903  .00035157  00000-0  23640-2 0  9997
2 45094  53.0552  21.3293 0001753 130.7856 229.3285 15.06453038175379
1 45094U 20006BC  23092.90104081 -.00007754  00000-0 -50294-3 0  9997
2 45094  53.0552  18.0531 0000604 315.8979  44.1961 15.06350412175481
1 45094U 20006BC  23093.16643905  .00029948  00000-0  20236-2 0  9998
2 45094  53.0550  16.8618 0001539 114.2672 245.8477 15.06350150175526
1 45094U 20006BC  23094.22799754  .00039224  00000-0  26357-2 0  9998
2 45094  53.0553  12.0972 0001560 117.2511 242.8637 15.06425995175681
1 45094U 20006BC  23095.22321892  .00032793  00000-0  22104-2 0  9993
2 45094  53.0553   7.6299 0001758 132.5899 227.5239 15.06396116175838
1 45094U 20006BC  23095.88668053  .00029307  00000-0  19764-2 0  9993
2 45094  53.0555   4.6535 0001459 119.4163 240.6972 15.06434155175933
1 45094U 20006BC  23096.15205816  .00031750  00000-0  21377-2 0  9996
2 45094  53.0550   3.4598 0001658 127.1283 232.9857 15.06454037175975
1 45094U 20006BC  23097.27997046  .00021713  00000-0  14721-2 0  9996
2 45094  53.0548 358.3971 0001134  83.9254 276.1864 15.06399436176144
1 45094U 20006BC  23098.07611986  .00020422  00000-0  13845-2 0  9993
2 45094  53.0553 354.8232 0001185  83.1710 276.9413 15.06437709176263
1 45094U 20006BC  23099.07133851  .00023605  00000-0  15990-2 0  9993
2 45094  53.0549 350.3560 0001653  87.7680 272.3498 15.06383506176414
1 45094U 20006BC  23100.06652798  .00023079  00000-0  15616-2 0  9991
2 45094  53.0542 345.8867 0001352  96.7155 263.3988 15.06438077176563
1 45094U 20006BC  23100.66365088  .00025603  00000-0  17303-2 0  9990
2 45094  53.0542 343.2074 0001957  93.5480 266.5732 15.06425734176650
1 45094U 20006BC  23101.06173767  .00029436  00000-0  19874-2 0  9999
2 45094  53.0542 341.4203 0001936  83.6445 276.4764 15.06388273176710
1 45094U 20006BC  23101.92423946  .00025538  00000-0  17257-2 0  9993
2 45094  53.0545 337.5476 0001939  86.7947 273.3264 15.06431564176842
1 45094U 20006BC  23102.05692979  .00026490  00000-0  17887-2 0  9999
2 45094  53.0546 336.9520 0001889  85.1300 274.9905 15.06438647176866
1 45094U 20006BC  23103.05213896  .00023735  00000-0  16070-2 0  9999
2 45094  53.0553 332.4850 0000859 123.8273 236.2797 15.06399208177013
1 45094U 20006BC  23104.04733256  .00019152  00000-0  13000-2 0  9994
2 45094  53.0553 328.0166 0001826 103.8629 256.2564 15.06433388177160
1 45094U 20006BC  23105.57331308  .00020047  00000-0  13601-2 0  9997
2 45094  53.0568 321.1661 0001231  98.7393 261.3735 15.06420903177391
1 45094U 20006BC  23105.90503711  .00024690  00000-0  16686-2 0  9997
2 45094  53.0548 319.6776 0001224  97.5735 262.5393 15.06444980177447
1 45094U 20006BC  23106.56850995  .00011676  00000-0  80135-3 0  9990
2 45094  53.0547 316.6989 0001558  97.9532 262.1634 15.06403381177543
1 45094U 20006BC  23106.90025283  .00023938  00000-0  16216-2 0  9994
2 45094  53.0536 315.2099 0001163  65.6037 294.5073 15.06373962177594
1 45094U 20006BC  23107.56372615  .00027944  00000-0  18872-2 0  9992
2 45094  53.0535 312.2310 0001178  65.9809 294.1303 15.06404444177695
1 45094U 20006BC  23107.82910980  .00024843  00000-0  16800-2 0  9998
2 45094  53.0539 311.0395 0001162  64.3790 295.7319 15.06418333177735
1 45094U 20006BC  23107.89545561  .00029881  00000-0  20150-2 0  9994
2 45094  53.0533 310.7421 0001214  62.5445 297.5667 15.06425919177745
1 45094U 20006BC  23108.82432188  .00023979  00000-0  16237-2 0  9991
2 45094  53.0533 306.5720 0001455  84.0549 276.0606 15.06388231177886
1 45094U 20006BC  23109.55413559  .00015188  00000-0  10360-2 0  9997
2 45094  53.0545 303.2943 0000951  70.6180 289.4912 15.06411049177996
1 45094U 20006BC  23109.81951666  .00022451  00000-0  15200-2 0  9991
2 45094  53.0541 302.1028 0000973  73.8338 286.2758 15.06431360178035
1 45094U 20006BC  23110.48298835  .00001453  00000-0  11641-3 0  9993
2 45094  53.0537 299.1248 0001813  86.3738 273.7458 15.06404521178134
1 45094U 20006BC  23110.81473068  .00013797  00000-0  94397-3 0  9996
2 45094  53.0536 297.6361 0000622  71.9764 288.1293 15.06374499178180
1 45094U 20006BC  23111.21281619  .00014211  00000-0  97147-3 0  9998
2 45094  53.0537 295.8486 0001182  99.0758 261.0365 15.06382799178244
1 45094U 20006BC  23111.87628335  .00016389  00000-0  11163-2 0  9991
2 45094  53.0549 292.8710 0001172 104.3073 255.8046 15.06408450178344
1 45094U 20006BC  23112.20801961  .00009310  00000-0  64299-3 0  9992
2 45094  53.0528 291.3811 0001400  84.7216 275.3932 15.06403075178395
1 45094U 20006BC  23112.80514253  .00005318  00000-0  37564-3 0  9992
2 45094  53.0531 288.6999 0001250  83.9974 276.1157 15.06398985178481
1 45094U 20006BC  23113.46860452  .00021247  00000-0  14400-2 0  9992
2 45094  53.0534 285.7217 0001086  78.9113 281.1998 15.06425799178585
1 45094U 20006BC  23113.80032835  .00030378  00000-0  20466-2 0  9990
2 45094  53.0533 284.2324 0001062  78.3844 281.7264 15.06453355178633
1 45094U 20006BC  23114.19840674  .00085236  00000-0  56593-2 0  9994
2 45094  53.0538 282.4468 0001168  66.8379 293.2733 15.06485787178698
1 45094U 20006BC  23115.39265349  .00018312  00000-0  12449-2 0  9990
2 45094  53.0539 277.0852 0001435  84.8654 275.2499 15.06403725178870
1 45094U 20006BC  23116.45422202  .00021990  00000-0  14908-2 0  9999
2 45094  53.0556 272.3208 0001472 100.5359 259.5796 15.06394037179030
1 45094U 20006BC  23116.71960783  .00022469  00000-0  15221-2 0  9990
2 45094  53.0530 271.1273 0001357  92.6074 267.5070 15.06409303179079
1 45094U 20006BC  23117.51574702  .00020493  00000-0  13887-2 0  9992
2 45094  53.0534 267.5528 0001291  96.6562 263.4573 15.06452483179191
1 45094U 20006BC  23118.37824687 -.00019024  00000-0 -12619-2 0  9999
2 45094  53.0523 263.6841 0001680  74.3814 285.7360 15.06392187179329
1 45094U 20006BC  23119.57251318  .00023340  00000-0  15806-2 0  9992
2 45094  53.0529 258.3213 0001388  62.4803 297.6327 15.06399918179504
1 45094U 20006BC  23120.56772801  .00018129  00000-0  12333-2 0  9999
2 45094  53.0532 253.8531 0001592  51.3067 308.8064 15.06384902179653
1 45094U 20006BC  23121.56293304  .00016802  00000-0  11439-2 0  9998
2 45094  53.0538 249.3856 0001541  51.9754 308.1374 15.06409980179800
1 45094U 20006BC  23121.69562367  .00018614  00000-0  12646-2 0  9994
2 45094  53.0537 248.7894 0001337  67.1899 292.9231 15.06417731179823
1 45094U 20006BC  23122.62448042  .00004782  00000-0  33967-3 0  9992
2 45094  53.0542 244.6181 0001200  82.0061 278.1064 15.06403203179963
1 45094U 20006BC  23122.75717282  .00004494  00000-0  32038-3 0  9999
2 45094  53.0542 244.0210 0001057  77.0647 283.0460 15.06404562179980
1 45094U 20006BC  23123.55331653  .00012258  00000-0  83955-3 0  9993
2 45094  53.0537 240.4493 0001190  80.3288 279.7835 15.06435953180453
1 45094U 20006BC  23123.68600549  .00014436  00000-0  98483-3 0  9992
2 45094  53.0539 239.8536 0001202  79.5038 280.6087 15.06445266180124
1 45094U 20006BC  23124.54852172  .00001711  00000-0  13370-3 0  9993
2 45094  53.0539 235.9816 0000910  70.2926 289.8161 15.06399065180254
1 45094U 20006BC  23124.68121798  .00001361  00000-0  11026-3 0  9998
2 45094  53.0543 235.3858 0001242  88.0022 272.1109 15.06392544180276
1 45094U 20006BC  23125.61006862  .00023281  00000-0  15760-2 0  9999
2 45094  53.0546 231.2150 0001296 126.9008 233.2100 15.06415565180766
1 45094U 20006BC  23126.53893412  .00012148  00000-0  83302-3 0  9994
2 45094  53.0539 227.0477 0001055  70.5390 289.5712 15.06398621180557
1 45094U 20006BC  23127.53412775  .00029916  00000-0  20163-2 0  9990
2 45094  53.0536 222.5805 0001136  59.6329 300.4772 15.06445179180706
1 45094U 20006BC  23128.52933753  .00021047  00000-0  14278-2 0  9991
2 45094  53.0520 218.1106 0000806  88.0630 272.0451 15.06395174180851
1 45094U 20006BC  23129.52453684  .00019165  00000-0  13012-2 0  9995
2 45094  53.0531 213.6452 0001170  70.7512 289.3604 15.06423427181001
1 45094U 20006BC  23130.45340583  .00023081  00000-0  15637-2 0  9999
2 45094  53.0529 209.4742 0001160  99.8066 260.3054 15.06392096181148
1 45094U 20006BC  23131.44860696  .00016888  00000-0  11494-2 0  9995
2 45094  53.0532 205.0053 0001223  95.0866 265.0263 15.06416449181294
1 45094U 20006BC  23131.91303314  .00007596  00000-0  52807-3 0  9996
2 45094  53.0532 202.9233 0001352  75.9262 284.1878 15.06413891181360
1 45094U 20006BC  23132.37746675  .00000068  00000-0  23471-4 0  9991
2 45094  53.0523 200.8360 0001124  80.3388 279.7728 15.06391021181436
1 45094U 20006BC  23133.50536347  .00019544  00000-0  13265-2 0  9997
2 45094  53.0529 195.7754 0001190  67.4473 292.6642 15.06421964181603
1 45094U 20006BC  23133.90344356  .00006871  00000-0  47969-3 0  9996
2 45094  53.0547 193.9810 0001344 123.9262 236.1855 15.06404108181667
1 45094U 20006BC  23134.56691970 -.00000749  00000-0 -31412-4 0  9993
2 45094  53.0537 191.0041 0001200 116.8015 243.3097 15.06389766181760
1 45094U 20006BC  23135.42942208  .00004092  00000-0  29335-3 0  9995
2 45094  53.0532 187.1368 0001213  77.6709 282.4415 15.06410888181893
1 45094U 20006BC  23135.82750736  .00003678  00000-0  26565-3 0  9993
2 45094  53.0529 185.3494 0001070  75.3474 284.7634 15.06401432181954
1 45094U 20006BC  23136.55732916  .00000291  00000-0  38439-4 0  9996
2 45094  53.0538 182.0758 0001366  82.0435 278.0709 15.06393093182066
1 45094U 20006BC  23136.82271780  .00000069  00000-0  23522-4 0  9993
2 45094  53.0534 180.8831 0001329  86.7194 273.3947 15.06392222182102
1 45094U 20006BC  23137.41983485  .00001261  00000-0  10351-3 0  9991
2 45094  53.0530 178.2016 0001242  87.0165 273.0966 15.06401448182198
1 45094U 20006BC  23138.48138852  .00001654  00000-0  12988-3 0  9993
2 45094  53.0526 173.4354 0001147  85.8047 274.3073 15.06397427182356
1 45094U 20006BC  23138.81312166  .00002161  00000-0  16389-3 0  9995
2 45094  53.0526 171.9463 0001122  89.0832 271.0285 15.06400242182406
1 45094U 20006BC  23139.80832109  .00002004  00000-0  15335-3 0  9995
2 45094  53.0520 167.4776 0001097  90.7302 269.3812 15.06403261182555
1 45094U 20006BC  23140.47178810  .00002594  00000-0  19297-3 0  9997
2 45094  53.0524 164.4996 0001209  89.3122 270.8006 15.06406106182653
1 45094U 20006BC  23141.33428646  .00004629  00000-0  32929-3 0  9996
2 45094  53.0520 160.6276 0001240  88.7561 271.3570 15.06417378182782
1 45094U 20006BC  23142.32949526 -.00001237  00000-0 -64164-4 0  9992
2 45094  53.0517 156.1598 0001312  93.0240 267.0899 15.06396335182930
1 45094U 20006BC  23142.72757834 -.00001872  00000-0 -10684-3 0  9997
2 45094  53.0514 154.3745 0001289 101.1480 258.9654 15.06393127182991
1 45094U 20006BC  23143.72278273 -.00000733  00000-0 -30362-4 0  9994
2 45094  53.0526 149.9051 0001186  91.7113 268.4012 15.06395744183146
1 45094U 20006BC  23144.38625909  .00001951  00000-0  14988-3 0  9995
2 45094  53.0537 146.9270 0001182  92.6745 267.4379 15.06390748183240
1 45094U 20006BC  23146.37666211  .00001674  00000-0  13123-3 0  9999
2 45094  53.0540 137.9907 0001194  94.6343 265.4782 15.06399599183542
1 45094U 20006BC  23147.37185568  .00001812  00000-0  14050-3 0  9995
2 45094  53.0539 133.5238 0001227  90.0148 270.0981 15.06408384183691
1 45094U 20006BC  23148.23437351  .00000283  00000-0  37899-4 0  9999
2 45094  53.0534 129.6505 0001240  91.4249 268.6882 15.06397299183821
1 45094U 20006BC  23148.63245162  .00000646  00000-0  62248-4 0  9999
2 45094  53.0537 127.8634 0001246  91.4294 268.6838 15.06400816183880
1 45094U 20006BC  23149.22956429  .00001056  00000-0  89755-4 0  9998
2 45094  53.0540 125.1834 0001285  92.0514 268.0623 15.06410170183972
1 45094U 20006BC  23149.89304589  .00000669  00000-0  63838-4 0  9998
2 45094  53.0544 122.2080 0001284 102.8564 257.2568 15.06391240184077
1 45094U 20006BC  23150.35747744  .00000121  00000-0  27037-4 0  9999
2 45094  53.0541 120.1219 0001247  99.8856 260.2274 15.06390815184146
1 45094U 20006BC  23151.28632191 -.00000111  00000-0  11451-4 0  9994
2 45094  53.0545 115.9522 0001580 105.1043 255.0121 15.06410130184289
1 45094U 20006BC  23151.88345549  .00001169  00000-0  97385-4 0  9991
2 45094  53.0550 113.2720 0001364  98.7194 261.3950 15.06389138184373
1 45094U 20006BC  23152.28153655  .00001128  00000-0  94647-4 0  9994
2 45094  53.0546 111.4834 0001343 104.6456 255.4681 15.06391595184431
1 45094U 20006BC  23153.14402858  .00001698  00000-0  13279-3 0  9995
2 45094  53.0550 107.6114 0001335 101.6790 258.4349 15.06415559184568
1 45094U 20006BC  23154.13925150 -.00000722  00000-0 -29576-4 0  9997
2 45094  53.0530 103.1421 0001165  96.2682 263.8439 15.06389958184718
1 45094U 20006BC  23154.86906061 -.00000041  00000-0  16148-4 0  9991
2 45094  53.0529  99.8658 0001039  88.7592 271.3516 15.06404079184829
1 45094U 20006BC  23155.13444278  .00004180  00000-0  29919-3 0  9995
2 45094  53.0541  98.6784 0001999  54.2344 305.8831 15.06417557184860
1 45094U 20006BC  23155.86426762  .00001886  00000-0  14545-3 0  9992
2 45094  53.0530  95.3992 0000968  65.5673 294.5417 15.06396282184975
1 45094U 20006BC  23156.52773134  .00001946  00000-0  14950-3 0  9991
2 45094  53.0537  92.4225 0001105  93.1431 266.9684 15.06403999185077
1 45094U 20006BC  23156.85945775  .00001902  00000-0  14647-3 0  9994
2 45094  53.0538  90.9329 0001131  98.3613 261.7504 15.06416585185129
1 45094U 20006BC  23157.19118627  .00006953  00000-0  48487-3 0  9990
2 45094  53.0542  89.4436 0001189  97.1477 262.9647 15.06426435185175
1 45094U 20006BC  23157.78832278 -.00000715  00000-0 -29084-4 0  9995
2 45094  53.0541  86.7633 0001655  94.0050 266.1128 15.06394265185269
1 45094U 20006BC  23158.18640832  .00004497  00000-0  32074-3 0  9994
2 45094  53.0540  84.9764 0001363  89.5818 270.5327 15.06384141185329
1 45094U 20006BC  23159.18161346  .00024004  00000-0  16240-2 0  9995
2 45094  53.0541  80.5092 0001374  87.1712 272.9435 15.06419673185476
1 45094U 20006BC  23160.04413471  .00016646  00000-0  11341-2 0  9991
2 45094  53.0543  76.6370 0001367  82.1547 277.9597 15.06388472185607
1 45094U 20006BC  23160.77394838  .00017136  00000-0  11661-2 0  9996
2 45094  53.0550  73.3589 0001409  79.0233 281.0914 15.06412895185713
1 45094U 20006BC  23161.43741092  .00007189  00000-0  50081-3 0  9995
2 45094  53.0544  70.3818 0001392  88.2835 271.8313 15.06413494185816
1 45094U 20006BC  23161.83549574 -.00003178  00000-0 -19457-3 0  9998
2 45094  53.0547  68.5948 0001377  97.3813 262.7333 15.06393758185879
1 45094U 20006BC  23162.03453709  .00004815  00000-0  34195-3 0  9998
2 45094  53.0548  67.7017 0001302  91.8040 268.3098 15.06399126185906
1 45094U 20006BC  23162.83069639  .00022268  00000-0  15081-2 0  9995
2 45094  53.0549  64.1278 0001301  97.4634 262.6503 15.06424721186029
1 45094U 20006BC  23163.09607737  .00025357  00000-0  17133-2 0  9993
2 45094  53.0548  62.9364 0001274  98.2671 261.8462 15.06438852186068
1 45094U 20006BC  23163.82590236  .00019143  00000-0  13007-2 0  9991
2 45094  53.0544  59.6596 0001328  88.2533 271.8608 15.06396193186176
1 45094U 20006BC  23164.55572347  .00013105  00000-0  89724-3 0  9997
2 45094  53.0547  56.3839 0001008  89.6707 270.4397 15.06391795186281
1 45094U 20006BC  23165.48457671  .00007318  00000-0  50959-3 0  9999
2 45094  53.0551  52.2148 0001627 126.6643 233.4496 15.06404058186424
1 45094U 20006BC  23165.74996797 -.00000675  00000-0 -26476-4 0  9994
2 45094  53.0550  51.0233 0001015  96.2331 263.8774 15.06390910186463
1 45094U 20006BC  23166.47978662  .00019218  00000-0  13053-2 0  9992
2 45094  53.0550  47.7472 0001075  96.3166 263.7945 15.06406982186571
1 45094U 20006BC  23166.74517144  .00019988  00000-0  13563-2 0  9996
2 45094  53.0560  46.5580 0000869  81.3279 278.7808 15.06418166186614
1 45094U 20006BC  23167.47497880  .00022607  00000-0  15306-2 0  9990
2 45094  53.0554  43.2799 0000930 110.6373 249.4716 15.06427553186728
1 45094U 20006BC  23167.74036978  .00011533  00000-0  79200-3 0  9997
2 45094  53.0557  42.0894 0000774  74.7878 285.3197 15.06395098186764
1 45094U 20006BC  23168.33749737  .00013338  00000-0  91277-3 0  9990
2 45094  53.0553  39.4087 0001088  90.4998 269.6116 15.06392910186857
1 45094U 20006BC  23168.93461391  .00015635  00000-0  10657-2 0  9997
2 45094  53.0551  36.7278 0001052  89.6561 270.4549 15.06416259186947
1 45094U 20006BC  23169.33269969  .00002340  00000-0  17595-3 0  9997
2 45094  53.0538  34.9373 0002018  76.0147 284.1066 15.06399221187004
1 45094U 20006BC  23169.73078652 -.00002476  00000-0 -14742-3 0  9991
2 45094  53.0529  33.1510 0002283  78.0862 282.0382 15.06387271187064
1 45094U 20006BC  23170.32790211  .00006558  00000-0  45869-3 0  9997
2 45094  53.0547  30.4726 0001231  90.7074 269.4056 15.06404280187158
1 45094U 20006BC  23170.85867141  .00015060  00000-0  10271-2 0  9998
2 45094  53.0544  28.0904 0001268  91.3661 268.7473 15.06423222187236
1 45094U 20006BC  23171.38944656  .00001927  00000-0  14821-3 0  9997
2 45094  53.0531  25.7068 0001341  85.3947 274.7195 15.06404402187315
1 45094U 20006BC  23171.85387943  .00003468  00000-0  25163-3 0  9992
2 45094  53.0543  23.6219 0001199  78.4190 281.6934 15.06394759187385
1 45094U 20006BC  23171.98657435  .00009311  00000-0  64315-3 0  9997
2 45094  53.0543  23.0262 0001265  76.0777 284.0352 15.06397933187407
1 45094U 20006BC  23172.84907862  .00017862  00000-0  12142-2 0  9995
2 45094  53.0543  19.1550 0001283  69.8834 290.2293 15.06423591187534
1 45094U 20006BC  23188.30790428  .00021377  00000-0  14486-2 0  9990
2 45094  53.0550 309.7587 0000991  86.8418 273.2684 15.06426634190217
1 45094U 20006BC  23189.03770957  .00006464  00000-0  45215-3 0  9991
2 45094  53.0549 306.4833 0001116  99.4050 260.7065 15.06422570190326
1 45094U 20006BC  23189.70119437  .00016849  00000-0  11484-2 0  9993
2 45094  53.0541 303.5048 0000908 112.9440 247.1645 15.06364537190428
1 45094U 20006BC  23191.02814592  .00008799  00000-0  60901-3 0  9999
2 45094  53.0541 297.5457 0000983 107.3960 252.7136 15.06391335190627
1 45094U 20006BC  23192.28872729  .00014794  00000-0  10093-2 0  9992
2 45094  53.0543 291.8864 0000963 100.6263 259.4835 15.06425626190810
1 45094U 20006BC  23192.48776181  .00018205  00000-0  12366-2 0  9995
2 45094  53.0541 290.9930 0000926  97.7673 262.3421 15.06438253190849
1 45094U 20006BC  23193.35026701 -.00005492  00000-0 -35006-3 0  9991
2 45094  53.0544 287.1221 0001089  86.3273 273.7840 15.06400609190973
1 45094U 20006BC  23194.47816124  .00016460  00000-0  11207-2 0  9992
2 45094  53.0547 282.0591 0001129  82.6450 277.4667 15.06421555191142
1 45094U 20006BC  23195.47336737  .00004741  00000-0  33699-3 0  9999
2 45094  53.0542 277.5917 0001071  93.0870 267.0241 15.06396651191293
1 45094U 20006BC  23196.60125977  .00013753  00000-0  93983-3 0  9992
2 45094  53.0538 272.5294 0001081  94.5763 265.5350 15.06421068191463
1 45094U 20006BC  23197.19839288 -.00000356  00000-0 -50168-5 0  9991
2 45094  53.0537 269.8484 0001725  78.8909 281.2274 15.06391465191551
1 45094U 20006BC  23197.66282861  .00004481  00000-0  31970-3 0  9991
2 45094  53.0535 267.7632 0001061  72.6501 287.4604 15.06377639191624
1 45094U 20006BC  23198.65803894  .00015265  00000-0  10414-2 0  9997
2 45094  53.0539 263.2952 0001109  66.2045 293.9061 15.06403200191778
1 45094U 20006BC  23199.45420076  .00008948  00000-0  61871-3 0  9997
2 45094  53.0533 259.7214 0001148  65.1994 294.9114 15.06408120191896
1 45094U 20006BC  23200.51573154  .00009031  00000-0  62390-3 0  9994
2 45094  53.0533 254.9559 0001182  65.9606 294.1507 15.06431238192054
1 45094U 20006BC  23201.57728708 -.00001748  00000-0 -98516-4 0  9997
2 45094  53.0528 250.1906 0001060  68.6882 291.4220 15.06396110192212
1 45094U 20006BC  23202.63883925  .00007574  00000-0  52674-3 0  9993
2 45094  53.0525 245.4248 0001073  72.7920 287.3186 15.06403231192373
1 45094U 20006BC  23205.49175515 -.00000158  00000-0  82548-5 0  9996
2 45094  53.0535 232.6187 0001160  69.3288 290.7825 15.06395838192450
1 45094U 20006BC  23206.42061437  .00000229  00000-0  34286-4 0  9990
2 45094  53.0531 228.4497 0001283  75.3299 284.7832 15.06396000192596
1 45094U 20006BC  23207.08408583  .00001829  00000-0  14167-3 0  9992
2 45094  53.0533 225.4688 0001177  86.0690 274.0433 15.06392164192690
1 45094U 20006BC  23207.28303442  .00052314  00000-0  34858-2 0  9995
2 45094  53.0533 224.5746 0003569 108.8018 251.3358 15.06600695193077
1 45094U 20006BC  23207.34955568 -.00038305  00000-0 -25787-2 0  9991
2 45094  53.0533 224.2779 0001902  99.3309 260.7895 15.06224586192739
1 45094U 20006BC  23207.34955568 -.00038305  00000-0 -25787-2 0  9991
2 45094  53.0533 224.2779 0001902  99.3309 260.7895 15.06224586193088
1 45094U 20006BC  23208.41101605  .00002191  00000-0  16590-3 0  9990
2 45094  53.0532 219.5118 0001180  84.9096 275.2028 15.06404885193241
1 45094U 20006BC  23208.54370834  .00002526  00000-0  18839-3 0  9996
2 45094  53.0532 218.9161 0001184  84.1775 275.9349 15.06406938192919
1 45094U 20006BC  23209.07449073 -.00000295  00000-0 -91851-6 0  9998
2 45094  53.0534 216.5329 0001152  88.3041 271.8080 15.06393833193342
1 45094U 20006BC  23209.40622387 -.00000499  00000-0 -14645-4 0  9996
2 45094  53.0530 215.0438 0001160  88.5117 271.6005 15.06394638193044
1 45094U 20006BC  23210.26873533  .00004600  00000-0  32755-3 0  9990
2 45094  53.0530 211.1720 0001062  91.6022 268.5089 15.06395818193527
1 45094U 20006BC  23211.26394101  .00002336  00000-0  17566-3 0  9997
2 45094  53.0530 206.7037 0001182  94.2757 265.8367 15.06396425193675
1 45094U 20006BC  23212.39182983  .00003937  00000-0  28297-3 0  9996
2 45094  53.0528 201.6414 0001190  87.8158 272.2967 15.06410104193845
1 45094U 20006BC  23212.65722137  .00000776  00000-0  70987-4 0  9998
2 45094  53.0529 200.4493 0001224  86.0073 274.1056 15.06400671193887
1 45094U 20006BC  23213.98415464  .00002408  00000-0  18046-3 0  9998
2 45094  53.0534 194.4928 0001229  91.2512 268.8618 15.06407417194081
1 45094U 20006BC  23215.11205642  .00000097  00000-0  25425-4 0  9992
2 45094  53.0535 189.4290 0001362  83.4797 276.6347 15.06394194194256
1 45094U 20006BC  23215.37745348  .00001075  00000-0  91077-4 0  9995
2 45094  53.0552 188.2381 0001534 104.1074 256.0085 15.06384973194292
1 45094U 20006BC  23215.64283326  .00000801  00000-0  72648-4 0  9997
2 45094  53.0551 187.0481 0001381  88.5177 271.5970 15.06397998194339
1 45094U 20006BC  23216.10725281  .00001153  00000-0  96278-4 0  9996
2 45094  53.0549 184.9620 0001315  82.7382 277.3756 15.06407493194404
1 45094U 20006BC  23216.63803097 -.00000690  00000-0 -27430-4 0  9997
2 45094  53.0542 182.5798 0001269  86.0303 274.0831 15.06402235194480
1 45094U 20006BC  23217.10247364  .00000300  00000-0  39021-4 0  9994
2 45094  53.0543 180.4951 0001343  82.4341 277.6800 15.06381668194553
1 45094U 20006BC  23217.30150785  .00000598  00000-0  59023-4 0  9999
2 45094  53.0527 179.5995 0001204 104.2337 255.8786 15.06390600194586
1 45094U 20006BC  23218.16398486  .00002732  00000-0  20208-3 0  9990
2 45094  53.0544 175.7290 0001196  95.0196 265.0930 15.06429152194715
1 45094U 20006BC  23219.15922804 -.00004427  00000-0 -27869-3 0  9992
2 45094  53.0548 171.2633 0001391  85.0534 275.0614 15.06371745194863
1 45094U 20006BC  23220.28711528 -.00001003  00000-0 -48421-4 0  9992
2 45094  53.0541 166.1979 0001270  88.7698 271.3436 15.06408047195036
1 45094U 20006BC  23220.55251227 -.00000384  00000-0 -68752-5 0  9998
2 45094  53.0529 165.0055 0001343  87.3833 272.7310 15.06390324195070
1 45094U 20006BC  23220.81791027  .00003201  00000-0  23380-3 0  9999
2 45094  53.0525 163.8146 0001615  89.4461 270.6713 15.06381813195117
1 45094U 20006BC  23221.28233583  .00005305  00000-0  37488-3 0  9990
2 45094  53.0523 161.7301 0001744  83.1691 276.9497 15.06391610195185
1 45094U 20006BC  23222.21116635  .00006900  00000-0  48128-3 0  9997
2 45094  53.0538 157.5609 0001478  85.4328 274.6829 15.06429608195320
1 45094U 20006BC  23222.54291129 -.00000906  00000-0 -41876-4 0  9991
2 45094  53.0514 156.0705 0002780  79.7580 280.3722 15.06402349195372
1 45094U 20006BC  23223.20638114 -.00003688  00000-0 -22886-3 0  9993
2 45094  53.0536 153.0925 0001337  85.5627 274.5514 15.06394541195470
1 45094U 20006BC  23223.53810951 -.00000145  00000-0  91434-5 0  9991
2 45094  53.0530 151.6056 0001325  75.3250 284.7885 15.06406247195526
1 45094U 20006BC  23224.06887713  .00006178  00000-0  43305-3 0  9993
2 45094  53.0530 149.2233 0001665  74.3221 285.7952 15.06422655195606
1 45094U 20006BC  23224.79870036  .00000375  00000-0  44073-4 0  9990
2 45094  53.0534 145.9464 0001666  79.5094 280.6083 15.06398945195710
1 45094U 20006BC  23225.06409122 -.00001021  00000-0 -49707-4 0  9995
2 45094  53.0559 144.7559 0000513  75.2964 284.8082 15.06385321195751
1 45094U 20006BC  23226.12563931  .00017221  00000-0  11716-2 0  9996
2 45094  53.0547 139.9884 0001418  98.8149 261.3001 15.06419055195917
1 45094U 20006BC  23227.05450396  .00004639  00000-0  33019-3 0  9999
2 45094  53.0548 135.8192 0001526 100.4287 259.6873 15.06394689196056
1 45094U 20006BC  23228.04970282  .00014687  00000-0  10023-2 0  9993
2 45094  53.0548 131.3505 0001389  96.1301 263.9847 15.06418466196206
1 45094U 20006BC  23228.71317669  .00003938  00000-0  28311-3 0  9998
2 45094  53.0543 128.3727 0001607  96.0543 264.0629 15.06399916196302
1 45094U 20006BC  23230.10644846  .00025148  00000-0  16990-2 0  9990
2 45094  53.0540 122.1190 0001395  80.3817 279.7330 15.06446590196515
1 45094U 20006BC  23230.70357751  .00014920  00000-0  10183-2 0  9996
2 45094  53.0536 119.4388 0001493  92.5741 267.5419 15.06402668196609
1 45094U 20006BC  23231.10166391  .00020767  00000-0  14095-2 0  9991
2 45094  53.0544 117.6514 0001071  97.3209 262.7901 15.06385847196661
1 45094U 20006BC  23232.09686032  .00014980  00000-0  10218-2 0  9992
2 45094  53.0560 113.1828 0001395 103.0825 257.0319 15.06421769196817
1 45094U 20006BC  23233.09207286  .00006962  00000-0  48586-3 0  9994
2 45094  53.0540 108.7160 0001285  99.6853 260.4281 15.06395420196969
1 45094U 20006BC  23234.02092325  .00016164  00000-0  11009-2 0  9998
2 45094  53.0534 104.5458 0001183  95.7113 264.4011 15.06421958197107
1 45094U 20006BC  23234.94978671  .00009351  00000-0  64582-3 0  9991
2 45094  53.0535 100.3761 0001153 104.2204 255.8913 15.06401552197241
1 45094U 20006BC  23236.01133173  .00014147  00000-0  96622-3 0  9990
2 45094  53.0530  95.6089 0001267 102.3804 257.7327 15.06420336197056
1 45094U 20006BC  23237.40461780  .00014078  00000-0  96182-3 0  9996
2 45094  53.0548  89.3540 0001004 119.0831 241.0259 15.06411256197265
1 45094U 20006BC  23237.40461780  .00014078  00000-0  96182-3 0  9996
2 45094  53.0548  89.3540 0001004 119.0831 241.0259 15.06411256197614
1 45094U 20006BC  23237.86903942  .00015061  00000-0  10271-2 0  9994
2 45094  53.0542  87.2706 0001321 101.6430 258.4707 15.06427139197339
1 45094U 20006BC  23238.39980825  .00000386  00000-0  44827-4 0  9998
2 45094  53.0543  84.8772 0002292 161.5300 198.5772 15.06407512197761
1 45094U 20006BC  23238.59885959 -.00009629  00000-0 -62864-3 0  9993
2 45094  53.0555  83.9999 0001294  48.3885 311.7214 15.06388110197443
1 45094U 20006BC  23238.73155702 -.00006178  00000-0 -39635-3 0  9991
2 45094  53.0547  83.4031 0001334  60.4293 299.6829 15.06388464197818
1 45094U 20006BC  23238.79790523 -.00004941  00000-0 -31316-3 0  9997
2 45094  53.0548  83.1052 0001311  60.2043 299.9076 15.06389277197477
1 45094U 20006BC  23239.72675703  .00002450  00000-0  18327-3 0  9991
2 45094  53.0539  78.9312 0001258  93.5525 266.5608 15.06402869197960
1 45094U 20006BC  23239.85945043  .00006971  00000-0  48631-3 0  9995
2 45094  53.0540  78.3358 0001208  88.3650 271.7477 15.06407925197636
1 45094U 20006BC  23240.25753678  .00004160  00000-0  29808-3 0  9995
2 45094  53.0548  76.5462 0001342  99.7446 260.3694 15.06393929198047
1 45094U 20006BC  23240.65562489 -.00002148  00000-0 -12539-3 0  9996
2 45094  53.0538  74.7616 0001402  88.0959 272.0191 15.06383126198101
1 45094U 20006BC  23240.85466659  .00002045  00000-0  15617-3 0  9994
2 45094  53.0537  73.8679 0001385  88.4082 271.7065 15.06388822197787
1 45094U 20006BC  23241.25275243  .00012403  00000-0  85031-3 0  9992
2 45094  53.0535  72.0807 0001431  91.4667 268.6486 15.06389942198196
1 45094U 20006BC  23241.84987373  .00009433  00000-0  65128-3 0  9995
2 45094  53.0532  69.4004 0001478  90.4719 269.6440 15.06400981197939
1 45094U 20006BC  23242.51335271  .00002224  00000-0  16820-3 0  9990
2 45094  53.0536  66.4214 0001201  78.7945 281.3178 15.06385709198038
1 45094U 20006BC  23242.51335271  .00002224  00000-0  16820-3 0  9990
2 45094  53.0536  66.4214 0001201  78.7945 281.3178 15.06385709198386
1 45094U 20006BC  23243.50854222  .00012556  00000-0  85975-3 0  9998
2 45094  53.0537  61.9562 0003227  95.9730 264.1627 15.06424152198537
1 45094U 20006BC  23243.64125758 -.00029988  00000-0 -20063-2 0  9993
2 45094  53.0535  61.3604 0002597  78.0128 282.1152 15.06332953198550
1 45094U 20006BC  23243.90661362  .00024984  00000-0  16878-2 0  9996
2 45094  53.0534  60.1692 0002925  75.7842 284.3472 15.06451570198247
1 45094U 20006BC  23243.90661362  .00024984  00000-0  16878-2 0  9996
2 45094  53.0534  60.1692 0002925  75.7842 284.3472 15.06451570198595
1 45094U 20006BC  23244.76912599 -.00005300  00000-0 -33717-3 0  9997
2 45094  53.0561  56.2920 0001196  86.8866 273.2260 15.06402292198727
1 45094U 20006BC  23245.16720238 -.00007809  00000-0 -50572-3 0  9993
2 45094  53.0555  54.5058 0001454 105.2383 254.8767 15.06413819198432
1 45094U 20006BC  23245.16720238 -.00007809  00000-0 -50572-3 0  9993
2 45094  53.0555  54.5058 0001454 105.2383 254.8767 15.06413819198780
1 45094U 20006BC  23245.76432507  .00011109  00000-0  76315-3 0  9997
2 45094  53.0549  51.8264 0001254  96.1956 263.9176 15.06416235198526
1 45094U 20006BC  23245.76432507  .00011109  00000-0  76315-3 0  9997
2 45094  53.0549  51.8264 0001254  96.1956 263.9176 15.06416235198874
1 45094U 20006BC  23246.16240416  .00008901  00000-0  61541-3 0  9999
2 45094  53.0553  50.0391 0001298  92.0796 268.0342 15.06417318198937
1 45094U 20006BC  23246.49414357 -.00004921  00000-0 -31174-3 0  9991
2 45094  53.0552  48.5498 0001562  85.4576 274.6591 15.06391543198639
1 45094U 20006BC  23246.56049047 -.00003152  00000-0 -19283-3 0  9991
2 45094  53.0551  48.2521 0001366  87.8003 272.3142 15.06392320198995
1 45094U 20006BC  23247.42300554  .00016576  00000-0  11290-2 0  9991
2 45094  53.0552  44.3803 0001483  82.9209 277.1948 15.06403069198776
1 45094U 20006BC  23247.55569846  .00014949  00000-0  10202-2 0  9990
2 45094  53.0552  43.7846 0001528  81.1257 278.9905 15.06406042199148
1 45094U 20006BC  23248.15281778  .00007778  00000-0  54044-3 0  9997
2 45094  53.0554  41.1048 0001257  90.4952 269.6181 15.06403389199234
1 45094U 20006BC  23248.41821021  .00002196  00000-0  16625-3 0  9999
2 45094  53.0566  39.9143 0001882  86.5429 273.5775 15.06402243198923
1 45094U 20006BC  23248.41821021  .00002196  00000-0  16625-3 0  9999
2 45094  53.0566  39.9143 0001882  86.5429 273.5775 15.06402243199272
1 45094U 20006BC  23249.67879012  .00009723  00000-0  67038-3 0  9998
2 45094  53.0553  34.2548 0001934  86.8546 273.2664 15.06419181199460
1 45094U 20006BC  23249.87782661  .00012035  00000-0  82482-3 0  9993
2 45094  53.0550  33.3577 0001942  95.7474 264.3736 15.06427636199147
1 45094U 20006BC  23250.20956491 -.00000575  00000-0 -19708-4 0  9996
2 45094  53.0549  31.8707 0001408 109.9130 250.2010 15.06402406199548
1 45094U 20006BC  23250.47495309 -.00003085  00000-0 -18832-3 0  9996
2 45094  53.0573  30.6812 0000915 110.4995 249.6092 15.06394347199239
1 45094U 20006BC  23250.47495309 -.00003085  00000-0 -18832-3 0  9996
2 45094  53.0573  30.6812 0000915 110.4995 249.6092 15.06394347199587
1 45094U 20006BC  23250.80668972  .00008827  00000-0  61076-3 0  9996
2 45094  53.0575  29.1912 0000899 129.4457 230.6611 15.06397275199284
1 45094U 20006BC  23250.80668972  .00008827  00000-0  61076-3 0  9996
2 45094  53.0575  29.1912 0000899 129.4457 230.6611 15.06397275199633
1 45094U 20006BC  23251.53650917  .00018577  00000-0  12624-2 0  9994
2 45094  53.0556  25.9150 0001197 104.7029 255.4093 15.06410927199395
1 45094U 20006BC  23251.80189188  .00022559  00000-0  15274-2 0  9990
2 45094  53.0554  24.7239 0001242 100.7225 259.3903 15.06427944199438
1 45094U 20006BC  23252.33267187  .00006417  00000-0  44930-3 0  9992
2 45094  53.0571  22.3405 0001519 102.2707 257.8452 15.06397525199865
1 45094U 20006BC  23252.59805941  .00007853  00000-0  54542-3 0  9991
2 45094  53.0554  21.1493 0001320 103.5414 256.5722 15.06404276199553
1 45094U 20006BC  23253.52690941  .00018376  00000-0  12484-2 0  9997
2 45094  53.0556  16.9797 0001368  88.2261 271.8884 15.06427452199690
1 45094U 20006BC  23253.65959985  .00019195  00000-0  13028-2 0  9992
2 45094  53.0551  16.3839 0001316  84.9981 275.1158 15.06433713200063
1 45094U 20006BC  23254.32307385  .00005692  00000-0  40065-3 0  9997
2 45094  53.0557  13.4068 0001533  77.6395 282.4765 15.06406871200161
1 45094U 20006BC  23254.58846442  .00021991  00000-0  14912-2 0  9998
2 45094  53.0552  12.2151 0001278  95.4447 264.6688 15.06386094199851
1 45094U 20006BC  23254.65481215  .00018296  00000-0  12443-2 0  9990
2 45094  53.0546  11.9165 0001289  94.0587 266.0549 15.06390493200210
1 45094U 20006BC  23255.51731357  .00019025  00000-0  12918-2 0  9999
2 45094  53.0546   8.0449 0001169  87.4459 272.6664 15.06425669199990
1 45094U 20006BC  23255.58365886  .00025274  00000-0  17080-2 0  9994
2 45094  53.0548   7.7471 0001218  89.4421 270.6707 15.06434471200001
1 45094U 20006BC  23255.58365886  .00025274  00000-0  17080-2 0  9994
2 45094  53.0548   7.7471 0001218  89.4421 270.6707 15.06434471200359
1 45094U 20006BC  23256.04808550  .00023204  00000-0  15704-2 0  9998
2 45094  53.0560   5.6617 0001564  72.8530 287.2630 15.06427692200427
1 45094U 20006BC  23256.44616954  .00025654  00000-0  17348-2 0  9994
2 45094  53.0551   3.8758 0001354  72.6598 287.4539 15.06401838200482
1 45094U 20006BC  23256.57886383  .00033476  00000-0  22557-2 0  9992
2 45094  53.0558   3.2803 0001297  64.1202 295.9920 15.06399250200154
1 45094U 20006BC  23257.44139030  .00010702  00000-0  73687-3 0  9997
2 45094  53.0570 359.4085 0001325  86.1762 273.9378 15.06369541200639
1 45094U 20006BC  23257.50773692  .00002601  00000-0  19355-3 0  9993
2 45094  53.0567 359.1098 0001210  95.1957 264.9170 15.06373526200295
1 45094U 20006BC  23258.56930205  .00011937  00000-0  81915-3 0  9998
2 45094  53.0567 354.3455 0001409  88.2746 271.8404 15.06390196200455
1 45094U 20006BC  23258.56930205  .00011937  00000-0  81915-3 0  9998
2 45094  53.0567 354.3455 0001409  88.2746 271.8404 15.06390196200804
1 45094U 20006BC  23258.96737980  .00016159  00000-0  11009-2 0  9994
2 45094  53.0569 352.5590 0001377  87.5372 272.5774 15.06410535200861
1 45094U 20006BC  23259.43179677  .00021995  00000-0  14893-2 0  9998
2 45094  53.0565 350.4741 0001389  85.0225 275.0922 15.06439797200937
1 45094U 20006BC  23259.56448623  .00017723  00000-0  12043-2 0  9991
2 45094  53.0561 349.8791 0001397  80.8703 279.2444 15.06444419200609
1 45094U 20006BC  23259.96256616  .00007827  00000-0  54343-3 0  9998
2 45094  53.0561 348.0918 0001531  86.4569 273.6595 15.06421787201017
1 45094U 20006BC  23260.42699906  .00026842  00000-0  18141-2 0  9997
2 45094  53.0552 346.0067 0001375  94.9229 265.1917 15.06398517201088
1 45094U 20006BC  23260.55969334  .00041340  00000-0  27778-2 0  9992
2 45094  53.0551 345.4112 0001193  94.0149 266.0976 15.06402375200757
1 45094U 20006BC  23261.42219031  .00031989  00000-0  21542-2 0  9992
2 45094  53.0544 341.5390 0001269  91.6310 268.4824 15.06443397201232
1 45094U 20006BC  23261.48853508  .00032559  00000-0  21918-2 0  9992
2 45094  53.0545 341.2411 0001274  90.7719 269.3416 15.06447603200895
1 45094U 20006BC  23262.41739177  .00004737  00000-0  33659-3 0  9994
2 45094  53.0537 337.0700 0001346  53.4341 306.6772 15.06409563201385
1 45094U 20006BC  23263.47893552  .00000531  00000-0  54557-4 0  9998
2 45094  53.0542 332.3050 0001510  63.9996 296.1149 15.06408160201194
1 45094U 20006BC  23263.47893552  .00000531  00000-0  54557-4 0  9998
2 45094  53.0542 332.3050 0001510  63.9996 296.1149 15.06408160201543
1 45094U 20006BC  23264.40781479 -.00002490  00000-0 -14839-3 0  9992
2 45094  53.0545 328.1321 0001264  91.8776 268.2358 15.06378144201687
1 45094U 20006BC  23264.54050969 -.00002231  00000-0 -13098-3 0  9999
2 45094  53.0545 327.5369 0001296  89.7139 270.3998 15.06378853201351
1 45094U 20006BC  23264.87224414 -.00000538  00000-0 -17212-4 0  9994
2 45094  53.0545 326.0497 0001197  92.0769 268.0357 15.06385242201402
1 45094U 20006BC  23264.87224414 -.00000538  00000-0 -17212-4 0  9994
2 45094  53.0545 326.0497 0001197  92.0769 268.0357 15.06385242201750
1 45094U 20006BC  23265.40301587  .00003933  00000-0  28274-3 0  9990
2 45094  53.0542 323.6675 0001293  82.8505 277.2631 15.06400901201836
1 45094U 20006BC  23265.46936458  .00006719  00000-0  46947-3 0  9999
2 45094  53.0544 323.3696 0001344  82.5428 277.5714 15.06402384201490
1 45094U 20006BC  23265.86744826  .00005906  00000-0  41505-3 0  9991
2 45094  53.0538 321.5824 0001299  86.5356 273.5781 15.06400503201557
1 45094U 20006BC  23265.86744826  .00005906  00000-0  41505-3 0  9991
2 45094  53.0538 321.5824 0001299  86.5356 273.5781 15.06400503201906
1 45094U 20006BC  23266.46457342  .00003736  00000-0  26962-3 0  9991
2 45094  53.0551 318.9034 0001474  90.7861 269.3297 15.06397027201649
1 45094U 20006BC  23266.46457342  .00003736  00000-0  26962-3 0  9991
2 45094  53.0551 318.9034 0001474  90.7861 269.3297 15.06397027201997
1 45094U 20006BC  23267.45976440  .00005799  00000-0  40768-3 0  9997
2 45094  53.0541 314.4344 0001472  89.2282 270.8875 15.06418165201793
1 45094U 20006BC  23267.45976440  .00005799  00000-0  40768-3 0  9997
2 45094  53.0541 314.4344 0001472  89.2282 270.8875 15.06418165202143
1 45094U 20006BC  23268.38862456  .00007167  00000-0  49941-3 0  9994
2 45094  53.0536 310.2650 0001540  96.9724 263.1440 15.06410510201938
1 45094U 20006BC  23268.38862456  .00007167  00000-0  49941-3 0  9994
2 45094  53.0536 310.2650 0001540  96.9724 263.1440 15.06410510202287
1 45094U 20006BC  23269.51650135  .00016087  00000-0  10951-2 0  9998
2 45094  53.0539 305.2037 0001417  88.2188 271.8963 15.06444571202105
1 45094U 20006BC  23269.51650135  .00016087  00000-0  10951-2 0  9998
2 45094  53.0539 305.2037 0001417  88.2188 271.8963 15.06444571202453
1 45094U 20006BC  23270.37902380 -.00004204  00000-0 -26360-3 0  9998
2 45094  53.0545 301.3306 0001451  82.3540 277.7614 15.06382473202585
1 45094U 20006BC  23270.51171861 -.00003101  00000-0 -18941-3 0  9997
2 45094  53.0545 300.7330 0001423  80.4277 279.6873 15.06387569202253
1 45094U 20006BC  23271.50692185  .00013451  00000-0  91986-3 0  9991
2 45094  53.0535 296.2652 0001429  75.9263 284.1884 15.06412108202406
1 45094U 20006BC  23271.50692185  .00013451  00000-0  91986-3 0  9991
2 45094  53.0535 296.2652 0001429  75.9263 284.1884 15.06412108202754
1 45094U 20006BC  23271.97135473 -.00002778  00000-0 -16774-3 0  9998
2 45094  53.0525 294.1766 0001456 103.5480 256.5671 15.06388011202825
1 45094U 20006BC  23272.43578903  .00003455  00000-0  25083-3 0  9993
2 45094  53.0523 292.0952 0001422  81.4806 278.6344 15.06388067202548
1 45094U 20006BC  23273.23194594  .00015623  00000-0  10649-2 0  9993
2 45094  53.0518 288.5164 0001389  94.7633 265.3515 15.06416306202668
1 45094U 20006BC  23273.36463725  .00016372  00000-0  11148-2 0  9999
2 45094  53.0520 287.9208 0001415  96.6300 263.4850 15.06422055203036
1 45094U 20006BC  23273.76272266  .00003847  00000-0  27699-3 0  9993
2 45094  53.0528 286.1376 0001766  79.2275 280.8913 15.06405017203096
1 45094U 20006BC  23274.29350301  .00001123  00000-0  94296-4 0  9992
2 45094  53.0522 283.7561 0001433  78.3681 281.7469 15.06393974202825
1 45094U 20006BC  23274.29350301  .00001123  00000-0  94296-4 0  9992
2 45094  53.0522 283.7561 0001433  78.3681 281.7469 15.06393974203174
1 45094U 20006BC  23274.75792917  .00010395  00000-0  71558-3 0  9992
2 45094  53.0523 281.6701 0001592  79.1288 280.9880 15.06407670202891
1 45094U 20006BC  23274.75792917  .00010395  00000-0  71558-3 0  9992
2 45094  53.0523 281.6701 0001592  79.1288 280.9880 15.06407670203241
1 45094U 20006BC  23275.28869770  .00023446  00000-0  15863-2 0  9990
2 45094  53.0524 279.2867 0001632  78.7722 281.3451 15.06432853202970
1 45094U 20006BC  23275.28869770  .00023446  00000-0  15863-2 0  9990
2 45094  53.0524 279.2867 0001632  78.7722 281.3451 15.06432853203320
1 45094U 20006BC  23276.15120722  .00018893  00000-0  12836-2 0  9991
2 45094  53.0528 275.4148 0001484  72.3329 287.7822 15.06407978203458
1 45094U 20006BC  23276.28390480  .00019302  00000-0  13117-2 0  9994
2 45094  53.0532 274.8192 0001442  89.9818 270.1336 15.06383775203124
1 45094U 20006BC  23276.28390480  .00019302  00000-0  13117-2 0  9994
2 45094  53.0532 274.8192 0001442  89.9818 270.1336 15.06383775203472
1 45094U 20006BC  23277.01371805  .00023598  00000-0  15970-2 0  9997
2 45094  53.0535 271.5424 0001492  97.0013 263.1146 15.06418596203234
1 45094U 20006BC  23277.67717827  .00024546  00000-0  16594-2 0  9994
2 45094  53.0537 268.5636 0001250  62.0137 298.0978 15.06436078203682
1 45094U 20006BC  23277.94257454  .00023412  00000-0  15842-2 0  9995
2 45094  53.0535 267.3787 0003991  84.9375 275.2070 15.06424051203379
1 45094U 20006BC  23277.94257454  .00023412  00000-0  15842-2 0  9995
2 45094  53.0535 267.3787 0003991  84.9375 275.2070 15.06424051203728
1 45094U 20006BC  23278.40701107  .00030549  00000-0  20619-2 0  9993
2 45094  53.0530 265.2887 0001538  80.8972 279.2191 15.06382214203445
1 45094U 20006BC  23278.40701107  .00030549  00000-0  20619-2 0  9993
2 45094  53.0530 265.2887 0001538  80.8972 279.2191 15.06382214203793
1 45094U 20006BC  23278.67239939  .00029984  00000-0  20234-2 0  9995
2 45094  53.0529 264.0971 0001536  83.6520 276.4644 15.06398315203487
1 45094U 20006BC  23279.33585754  .00028559  00000-0  19264-2 0  9996
2 45094  53.0525 261.1183 0001564  84.8809 275.2358 15.06438088203582
1 45094U 20006BC  23279.66759362  .00003139  00000-0  22947-3 0  9990
2 45094  53.0525 259.6291 0001559  93.6475 266.4693 15.06409003203630
1 45094U 20006BC  23279.66759362  .00003139  00000-0  22947-3 0  9990
2 45094  53.0525 259.6291 0001559  93.6475 266.4693 15.06409003203988
1 45094U 20006BC  23279.93298649 -.00005706  00000-0 -36463-3 0  9998
2 45094  53.0523 258.4377 0001615 100.9221 259.1949 15.06381415204027
1 45094U 20006BC  23280.26472739  .00023308  00000-0  15792-2 0  9997
2 45094  53.0524 256.9485 0001638 104.4573 255.6598 15.06383222203720
1 45094U 20006BC  23280.26472739  .00023308  00000-0  15792-2 0  9997
2 45094  53.0524 256.9485 0001638 104.4573 255.6598 15.06383222204079
1 45094U 20006BC  23280.66280994  .00030895  00000-0  20836-2 0  9995
2 45094  53.0522 255.1616 0001678 106.7741 253.3432 15.06405777203789
1 45094U 20006BC  23281.12722941  .00034868  00000-0  23457-2 0  9996
2 45094  53.0528 253.0760 0001686 109.1939 250.9233 15.06439170204201
1 45094U 20006BC  23281.19357380  .00036659  00000-0  24641-2 0  9990
2 45094  53.0526 252.7780 0001703 109.8144 250.3029 15.06445953203866
1 45094U 20006BC  23281.65800124  .00017903  00000-0  12170-2 0  9995
2 45094  53.0531 250.6913 0001868 108.3238 251.7954 15.06422105203931
1 45094U 20006BC  23281.65800124  .00017903  00000-0  12170-2 0  9995
2 45094  53.0531 250.6913 0001868 108.3238 251.7954 15.06422105204280
1 45094U 20006BC  23282.12243445  .00023222  00000-0  15732-2 0  9993
2 45094  53.0528 248.6081 0001359 100.8682 259.2460 15.06388711204351
1 45094U 20006BC  23282.18878282  .00033277  00000-0  22430-2 0  9996
2 45094  53.0528 248.3107 0001313  96.1821 263.9318 15.06389947204018
1 45094U 20006BC  23282.91860104  .00036199  00000-0  24353-2 0  9993
2 45094  53.0530 245.0332 0001481  99.0493 261.0664 15.06419993204128
1 45094U 20006BC  23283.11763830  .00025018  00000-0  16915-2 0  9997
2 45094  53.0525 244.1416 0001449 100.8661 259.2492 15.06421726204504
1 45094U 20006BC  23283.58207463  .00016739  00000-0  11400-2 0  9997
2 45094  53.0539 242.0554 0003151  72.2702 287.8630 15.06398040204221
1 45094U 20006BC  23283.58207463  .00016739  00000-0  11400-2 0  9997
2 45094  53.0539 242.0554 0003151  72.2702 287.8630 15.06398040204579
1 45094U 20006BC  23283.91381463 -.00002894  00000-0 -17570-3 0  9991
2 45094  53.0525 240.5675 0001408  76.3718 283.7427 15.06356506204273
1 45094U 20006BC  23284.11286145  .00015968  00000-0  10897-2 0  9993
2 45094  53.0527 239.6746 0001497  75.0532 285.0623 15.06357293204650
1 45094U 20006BC  23284.57729631  .00031826  00000-0  21466-2 0  9990
2 45094  53.0528 237.5892 0001506  78.0858 282.0300 15.06386864204379
1 45094U 20006BC  23284.64364324  .00035495  00000-0  23902-2 0  9995
2 45094  53.0530 237.2910 0001477  76.6418 283.4735 15.06394254204732
1 45094U 20006BC  23285.57248903  .00006846  00000-0  47782-3 0  9993
2 45094  53.0534 233.1195 0001521  91.0836 269.0327 15.06417383204524
1 45094U 20006BC  23285.57248903  .00006846  00000-0  47782-3 0  9993
2 45094  53.0534 233.1195 0001521  91.0836 269.0327 15.06417383204872
1 45094U 20006BC  23286.16961949  .00032439  00000-0  21868-2 0  9994
2 45094  53.0528 230.4405 0001581 103.4763 256.6402 15.06397814204964
1 45094U 20006BC  23286.56769822  .00041938  00000-0  28156-2 0  9995
2 45094  53.0528 228.6530 0001696 105.4409 254.6767 15.06427029204670
1 45094U 20006BC  23286.83307825  .00046437  00000-0  31115-2 0  9994
2 45094  53.0529 227.4617 0001704 106.7461 253.3715 15.06452411204713
1 45094U 20006BC  23286.96576702  .00045799  00000-0  30685-2 0  9991
2 45094  53.0529 226.8658 0001697 107.2610 252.8565 15.06461940205089
1 45094U 20006BC  23287.56288723 -.00011311  00000-0 -74155-3 0  9997
2 45094  53.0541 224.1847 0002936  79.7091 280.4229 15.06399915204824
1 45094U 20006BC  23287.82828364  .00005376  00000-0  37964-3 0  9996
2 45094  53.0538 222.9935 0004119  82.0309 278.1148 15.06388151204866
1 45094U 20006BC  23287.82828364  .00005376  00000-0  37964-3 0  9996
2 45094  53.0538 222.9935 0004119  82.0309 278.1148 15.06388151205216
1 45094U 20006BC  23288.09367438  .00038616  00000-0  25995-2 0  9999
2 45094  53.0538 221.8015 0001049 122.7508 237.3582 15.06366629204905
1 45094U 20006BC  23288.09367438  .00038616  00000-0  25995-2 0  9999
2 45094  53.0538 221.8015 0001049 122.7508 237.3582 15.06366629205254
1 45094U 20006BC  23288.95618385  .00035505  00000-0  23882-2 0  9991
2 45094  53.0538 217.9302 0001321  92.6872 267.4268 15.06435894205033
1 45094U 20006BC  23289.22156192  .00040473  00000-0  27160-2 0  9998
2 45094  53.0542 216.7399 0001362  91.1473 268.9672 15.06460963205071
1 45094U 20006BC  23289.22156192  .00040473  00000-0  27160-2 0  9998
2 45094  53.0542 216.7399 0001362  91.1473 268.9672 15.06460963205420
1 45094U 20006BC  23289.81869107  .00015576  00000-0  10621-2 0  9990
2 45094  53.0542 214.0586 0001841 100.5319 259.5878 15.06406266205166
1 45094U 20006BC  23289.81869107  .00015576  00000-0  10621-2 0  9990
2 45094  53.0542 214.0586 0001841 100.5319 259.5878 15.06406266205515
1 45094U 20006BC  23290.48216598  .00021957  00000-0  14882-2 0  9998
2 45094  53.0544 211.0816 0001052  63.5083 296.6014 15.06403537205613
1 45094U 20006BC  23291.01293219  .00032991  00000-0  22209-2 0  9995
2 45094  53.0534 208.6989 0001300  73.2467 286.8664 15.06441168205349
1 45094U 20006BC  23291.47736217  .00003339  00000-0  24287-3 0  9998
2 45094  53.0541 206.6109 0003290  83.6613 276.4751 15.06414574205766
1 45094U 20006BC  23291.87544093  .00024796  00000-0  16777-2 0  9995
2 45094  53.0526 204.8265 0001555  99.0527 261.0638 15.06399672205472
1 45094U 20006BC  23292.07448133  .00037762  00000-0  25402-2 0  9998
2 45094  53.0525 203.9336 0001381 102.2787 257.8357 15.06403947205508
1 45094U 20006BC  23292.73793633  .00043002  00000-0  28838-2 0  9999
2 45094  53.0525 200.9546 0001422 105.1498 254.9648 15.06457252205953
1 45094U 20006BC  23292.93696755  .00042795  00000-0  28688-2 0  9999
2 45094  53.0524 200.0611 0001449 105.0288 255.0861 15.06473937205633
1 45094U 20006BC  23293.06965387  .00044356  00000-0  29711-2 0  9997
2 45094  53.0526 199.4651 0001428 105.6109 254.5037 15.06486199205650
1 45094U 20006BC  23293.93218188  .00028612  00000-0  19326-2 0  9991
2 45094  53.0525 195.5934 0001540 120.0099 240.1042 15.06387799205781
1 45094U 20006BC  23294.06487634  .00020955  00000-0  14223-2 0  9993
2 45094  53.0534 194.9959 0002175 142.8355 217.2785 15.06377692206155
1 45094U 20006BC  23294.46296200  .00034166  00000-0  23011-2 0  9998
2 45094  53.0525 193.2111 0001358  80.1326 279.9817 15.06406113205860
1 45094U 20006BC  23294.86103517  .00028293  00000-0  19090-2 0  9996
2 45094  53.0526 191.4236 0001332  81.6809 278.4331 15.06433582206274
1 45094U 20006BC  23294.92738002  .00026941  00000-0  18188-2 0  9991
2 45094  53.0527 191.1257 0001360  82.2415 277.8728 15.06437501205936
1 45094U 20006BC  23295.12641298  .00026855  00000-0  18123-2 0  9997
2 45094  53.0528 190.2326 0001362  80.9834 279.1310 15.06453212205968
1 45094U 20006BC  23295.85625058  .00016472  00000-0  11229-2 0  9997
2 45094  53.0528 186.9560 0001122  61.2211 298.8890 15.06373399206425
1 45094U 20006BC  23295.92259672  .00017726  00000-0  12069-2 0  9996
2 45094  53.0527 186.6582 0001128 122.4067 237.7032 15.06369385206082
1 45094U 20006BC  23295.98894657  .00009176  00000-0  63490-3 0  9995
2 45094  53.0528 186.3603 0001466 111.1749 248.9397 15.06351291206446
1 45094U 20006BC  23296.91782524  .00024680  00000-0  16709-2 0  9995
2 45094  53.0536 182.1908 0001619 121.0382 239.0766 15.06379565206232
1 45094U 20006BC  23296.98417339  .00023366  00000-0  15830-2 0  9995
2 45094  53.0531 181.8930 0001419 114.5370 245.5766 15.06384954206599
1 45094U 20006BC  23297.38225225  .00019589  00000-0  13301-2 0  9994
2 45094  53.0535 180.1054 0001374 114.7521 245.3611 15.06406040206309
1 45094U 20006BC  23298.90821056  .00018820  00000-0  12777-2 0  9990
2 45094  53.0532 173.2556 0001421 117.7032 242.4101 15.06437787206886
1 45094U 20006BC  23298.97455575  .00019030  00000-0  12916-2 0  9995
2 45094  53.0532 172.9578 0001400 118.2872 241.8258 15.06439547206546
1 45094U 20006BC  23299.90340791  .00013657  00000-0  93338-3 0  9999
2 45094  53.0533 168.7881 0001480 125.6004 234.5123 15.06424110206689
1 45094U 20006BC  23300.03610274  .00009500  00000-0  65553-3 0  9992
2 45094  53.0536 168.1929 0001422 111.9314 248.1826 15.06415695207058
1 45094U 20006BC  23300.36783328  .00015433  00000-0  10520-2 0  9994
2 45094  53.0531 166.7033 0001420 111.2736 248.8405 15.06423615206759
1 45094U 20006BC  23300.89859285  .00018459  00000-0  12533-2 0  9995
2 45094  53.0532 164.3195 0001322 111.2699 248.8431 15.06446251206831
1 45094U 20006BC  23301.03128171  .00018601  00000-0  12626-2 0  9997
2 45094  53.0531 163.7238 0001318 111.2609 248.8521 15.06451794206857
1 45094U 20006BC  23301.03128171  .00018601  00000-0  12626-2 0  9997
2 45094  53.0531 163.7238 0001318 111.2609 248.8521 15.06451794207207
1 45094U 20006BC  23301.89380614 -.00001678  00000-0 -93795-4 0  9999
2 45094  53.0527 159.8518 0001217  89.9490 270.1638 15.06384478206981
1 45094U 20006BC  23301.89380614 -.00001678  00000-0 -93795-4 0  9999
2 45094  53.0527 159.8518 0001217  89.9490 270.1638 15.06384478207331
1 45094U 20006BC  23302.02650652  .00022739  00000-0  15418-2 0  9990
2 45094  53.0526 159.2573 0001191  82.4174 277.6950 15.06369685207009
1 45094U 20006BC  23302.82267483  .00019721  00000-0  13391-2 0  9999
2 45094  53.0530 155.6821 0001244  85.1739 274.9391 15.06400776207125
1 45094U 20006BC  23303.02171403  .00020399  00000-0  13840-2 0  9990
2 45094  53.0529 154.7886 0001248  86.1197 273.9935 15.06409903207503
1 45094U 20006BC  23303.28710441  .00012910  00000-0  88395-3 0  9997
2 45094  53.0530 153.5936 0001363  79.1833 280.9309 15.06401508207545
1 45094U 20006BC  23303.88423137  .00007279  00000-0  50711-3 0  9999
2 45094  53.0533 150.9172 0001308  98.4929 261.6208 15.06394245207284
1 45094U 20006BC  23303.88423137  .00007279  00000-0  50711-3 0  9999
2 45094  53.0533 150.9172 0001308  98.4929 261.6208 15.06394245207633
1 45094U 20006BC  23304.28231497  .00011020  00000-0  75764-3 0  9994
2 45094  53.0528 149.1299 0001267 101.7150 258.3981 15.06395812207345
1 45094U 20006BC  23304.87943359  .00012037  00000-0  82533-3 0  9997
2 45094  53.0529 146.4491 0001194 101.2054 258.9069 15.06410541207437
1 45094U 20006BC  23305.87463616  .00002986  00000-0  21926-3 0  9992
2 45094  53.0526 141.9805 0001160  90.9843 269.1279 15.06403185207934
1 45094U 20006BC  23305.94098299  .00002564  00000-0  19091-3 0  9993
2 45094  53.0526 141.6827 0001159  91.1582 268.9540 15.06402563207595
1 45094U 20006BC  23306.53810286  .00002142  00000-0  16260-3 0  9994
2 45094  53.0532 139.0013 0001235  95.3566 264.7564 15.06404310207685
1 45094U 20006BC  23306.80348745  .00003230  00000-0  23557-3 0  9996
2 45094  53.0528 137.8107 0001221  93.4088 266.7040 15.06408912207721
1 45094U 20006BC  23307.06887329  .00002868  00000-0  21130-3 0  9992
2 45094  53.0521 136.6197 0001195  91.3913 268.7213 15.06409171208110
1 45094U 20006BC  23307.26791644  .00001219  00000-0  10069-3 0  9996
2 45094  53.0524 135.7266 0001260  81.5446 278.5686 15.06402392208149
1 45094U 20006BC  23307.53330271  .00002061  00000-0  15720-3 0  9996
2 45094  53.0523 134.5346 0001220  84.9308 275.1820 15.06404001207831
1 45094U 20006BC  23307.93137947  .00005241  00000-0  37033-3 0  9999
2 45094  53.0527 132.7471 0001231  87.6050 272.5080 15.06411990207890
1 45094U 20006BC  23307.93137947  .00005241  00000-0  37033-3 0  9999
2 45094  53.0527 132.7471 0001231  87.6050 272.5080 15.06411990208240
1 45094U 20006BC  23308.79387786  .00007844  00000-0  54454-3 0  9999
2 45094  53.0528 128.8749 0001212  85.7419 274.3709 15.06422916208026
1 45094U 20006BC  23309.19195889  .00005317  00000-0  37538-3 0  9992
2 45094  53.0531 127.0876 0001167  80.9587 279.1534 15.06418502208434
1 45094U 20006BC  23309.45734596 -.00000229  00000-0  35191-5 0  9998
2 45094  53.0532 125.8981 0001407  81.9666 278.1483 15.06409480208127
1 45094U 20006BC  23309.45734596 -.00000229  00000-0  35191-5 0  9998
2 45094  53.0532 125.8981 0001407  81.9666 278.1483 15.06409480208475
1 45094U 20006BC  23309.78908165 -.00000487  00000-0 -13798-4 0  9994
2 45094  53.0531 124.4080 0001168  93.1524 266.9599 15.06402182208173
1 45094U 20006BC  23309.78908165 -.00000487  00000-0 -13798-4 0  9994
2 45094  53.0531 124.4080 0001168  93.1524 266.9599 15.06402182208522
1 45094U 20006BC  23310.45254004  .00003544  00000-0  25658-3 0  9998
2 45094  53.0529 121.4290 0001163  93.9639 266.1483 15.06416236208270
1 45094U 20006BC  23310.45254004  .00003544  00000-0  25658-3 0  9998
2 45094  53.0529 121.4290 0001163  93.9639 266.1483 15.06416236208629
1 45094U 20006BC  23310.78427155  .00011204  00000-0  76939-3 0  9993
2 45094  53.0522 119.9396 0001149  95.0778 265.0342 15.06423853208324
1 45094U 20006BC  23311.44774635 -.00000835  00000-0 -37194-4 0  9996
2 45094  53.0515 116.9610 0001192  87.9275 272.1850 15.06394991208426
1 45094U 20006BC  23311.44774635 -.00000835  00000-0 -37194-4 0  9996
2 45094  53.0515 116.9610 0001192  87.9275 272.1850 15.06394991208774
1 45094U 20006BC  23311.77948685 -.00003774  00000-0 -23470-3 0  9996
2 45094  53.0522 115.4711 0001238  87.8062 272.3068 15.06384128208822
1 45094U 20006BC  23312.44296450 -.00000885  00000-0 -40559-4 0  9995
2 45094  53.0520 112.4922 0001202  93.5660 266.5466 15.06381338208579
1 45094U 20006BC  23312.70835324  .00000392  00000-0  45205-4 0  9997
2 45094  53.0522 111.3016 0001284  89.6605 270.4531 15.06386064208611
1 45094U 20006BC  23312.70835324  .00000392  00000-0  45205-4 0  9997
2 45094  53.0522 111.3016 0001284  89.6605 270.4531 15.06386064208969
1 45094U 20006BC  23313.57086893  .00004940  00000-0  35036-3 0  9995
2 45094  53.0531 107.4288 0001321  89.7520 270.3620 15.06391781208741
1 45094U 20006BC  23313.70356167  .00005328  00000-0  37633-3 0  9990
2 45094  53.0527 106.8327 0001347  92.1119 268.0024 15.06395307208765
1 45094U 20006BC  23313.70356167  .00005328  00000-0  37633-3 0  9990
2 45094  53.0527 106.8327 0001347  92.1119 268.0024 15.06395307209115
1 45094U 20006BC  23314.56606413  .00003761  00000-0  27120-3 0  9996
2 45094  53.0526 102.9608 0001394  87.9370 272.1778 15.06410738208898
1 45094U 20006BC  23314.69875816  .00006580  00000-0  46008-3 0  9993
2 45094  53.0525 102.3657 0001352  87.0286 273.0858 15.06412227208913
1 45094U 20006BC  23315.42857345  .00001484  00000-0  11847-3 0  9993
2 45094  53.0532  99.0873 0001361  81.8760 278.2383 15.06404298209372
1 45094U 20006BC  23315.56126844  .00000458  00000-0  49635-4 0  9998
2 45094  53.0524  98.4951 0001292  82.4617 277.6518 15.06401417209041
1 45094U 20006BC  23315.82665697 -.00000307  00000-0 -17519-5 0  9993
2 45094  53.0528  97.3020 0001282  83.6823 276.4312 15.06398184209080
1 45094U 20006BC  23316.42377799  .00001940  00000-0  14910-3 0  9995
2 45094  53.0545  94.6214 0001406  88.3611 271.7539 15.06396213209528
1 45094U 20006BC  23316.55646771  .00000521  00000-0  53846-4 0  9994
2 45094  53.0545  94.0268 0001261  94.1496 265.9637 15.06407453209192
1 45094U 20006BC  23316.68916045  .00000764  00000-0  70178-4 0  9998
2 45094  53.0544  93.4313 0001252  90.5422 269.5711 15.06407707209212
1 45094U 20006BC  23316.68916045  .00000764  00000-0  70178-4 0  9998
2 45094  53.0544  93.4313 0001252  90.5422 269.5711 15.06407707209560
1 45094U 20006BC  23317.35263345  .00000722  00000-0  67376-4 0  9991
2 45094  53.0532  90.4527 0001236  92.0633 268.0498 15.06395787209665
1 45094U 20006BC  23317.55167838  .00001011  00000-0  86789-4 0  9994
2 45094  53.0542  89.5594 0001205  93.3086 266.8040 15.06393751209344
1 45094U 20006BC  23318.61321918  .00001452  00000-0  11633-3 0  9997
2 45094  53.0539  84.7938 0001170  88.7222 271.3901 15.06404458209502
1 45094U 20006BC  23318.61321918  .00001452  00000-0  11633-3 0  9997
2 45094  53.0539  84.7938 0001170  88.7222 271.3901 15.06404458209850
1 45094U 20006BC  23319.54208271  .00000446  00000-0  48843-4 0  9992
2 45094  53.0541  80.6230 0001187  96.6505 263.4619 15.06394527209643
1 45094U 20006BC  23319.54208271  .00000446  00000-0  48843-4 0  9992
2 45094  53.0541  80.6230 0001187  96.6505 263.4619 15.06394527209991
1 45094U 20006BC  23320.33824159  .00001022  00000-0  87511-4 0  9996
2 45094  53.0537  77.0516 0001074  83.3146 276.7965 15.06397614209768
1 45094U 20006BC  23321.46614709 -.00000009  00000-0  18282-4 0  9993
2 45094  53.0569  71.9843 0001249 102.1789 257.9340 15.06389275210287
1 45094U 20006BC  23321.59884453 -.00000523  00000-0 -16246-4 0  9992
2 45094  53.0557  71.3910 0001293  84.0467 276.0670 15.06386934209952
1 45094U 20006BC  23322.52769834  .00000527  00000-0  54302-4 0  9998
2 45094  53.0555  67.2209 0001252  82.4389 277.6742 15.06394205210448
1 45094U 20006BC  23322.59404467  .00000582  00000-0  57991-4 0  9991
2 45094  53.0556  66.9233 0001240  82.2298 277.8832 15.06394933210109
1 45094U 20006BC  23323.45656197  .00001206  00000-0  99903-4 0  9999
2 45094  53.0555  63.0515 0001238  81.4068 278.7061 15.06386790210580
1 45094U 20006BC  23323.58925497  .00001437  00000-0  11535-3 0  9995
2 45094  53.0556  62.4558 0001265  81.4378 278.6754 15.06388840210255
1 45094U 20006BC  23324.58444449  .00002212  00000-0  16734-3 0  9997
2 45094  53.0562  57.9887 0001320  81.8371 278.2767 15.06408009210402
1 45094U 20006BC  23324.58444449  .00002212  00000-0  16734-3 0  9997
2 45094  53.0562  57.9887 0001320  81.8371 278.2767 15.06408009210750
1 45094U 20006BC  23325.44696346  .00000716  00000-0  66966-4 0  9998
2 45094  53.0562  54.1161 0001256  92.0198 268.0935 15.06395402210883
1 45094U 20006BC  23325.51330792  .00000496  00000-0  52184-4 0  9998
2 45094  53.0557  53.8169 0001201 103.5835 256.5288 15.06399272210542
1 45094U 20006BC  23326.44213812  .00001094  00000-0  92244-4 0  9990
2 45094  53.0557  49.6459 0001321 126.2453 233.8659 15.06426136211033
1 45094U 20006BC  23326.50848197  .00002344  00000-0  17607-3 0  9995
2 45094  53.0551  49.3492 0001171 102.4198 257.6922 15.06429552210699
1 45094U 20006BC  23327.43735995 -.00002115  00000-0 -12315-3 0  9998
2 45094  53.0562  45.1768 0001573 134.8785 225.2332 15.06390036210834
1 45094U 20006BC  23327.43735995 -.00002115  00000-0 -12315-3 0  9998
2 45094  53.0562  45.1768 0001573 134.8785 225.2332 15.06390036211183
1 45094U 20006BC  23328.43256743 -.00003590  00000-0 -22220-3 0  9992
2 45094  53.0561  40.7119 0001229 107.7361 252.3762 15.06405553210986
1 45094U 20006BC  23328.43256743 -.00003590  00000-0 -22220-3 0  9992
2 45094  53.0561  40.7119 0001229 107.7361 252.3762 15.06405553211336
1 45094U 20006BC  23329.16242882 -.00001680  00000-0 -94065-4 0  9997
2 45094  53.0566  37.4356 0001720 123.6087 236.5066 15.06348351211440
1 45094U 20006BC  23329.56048945  .00007102  00000-0  49526-3 0  9999
2 45094  53.0557  35.6505 0001563 102.1051 258.0113 15.06393274211158
1 45094U 20006BC  23329.95855789  .00008239  00000-0  57117-3 0  9991
2 45094  53.0562  33.8635 0001363 103.2359 256.8782 15.06411172211560
1 45094U 20006BC  23330.48932255  .00016262  00000-0  11068-2 0  9994
2 45094  53.0554  31.4807 0001589  96.8831 263.2339 15.06442863211299
1 45094U 20006BC  23330.48932255  .00016262  00000-0  11068-2 0  9994
2 45094  53.0554  31.4807 0001589  96.8831 263.2339 15.06442863211648
1 45094U 20006BC  23331.15280357 -.00015079  00000-0 -99615-3 0  9990
2 45094  53.0557  28.5034 0001170  92.3134 267.7988 15.06378998211740
1 45094U 20006BC  23331.55089261  .00019212  00000-0  13069-2 0  9994
2 45094  53.0550  26.7170 0001670 103.1836 256.9339 15.06350012211454
1 45094U 20006BC  23331.94898307  .00018008  00000-0  12259-2 0  9998
2 45094  53.0546  24.9290 0001594 106.8959 253.2204 15.06365849211863
1 45094U 20006BC  23332.41341244  .00028302  00000-0  19111-2 0  9996
2 45094  53.0550  22.8454 0001802  99.7694 260.3499 15.06403850211584
1 45094U 20006BC  23332.41341244  .00028302  00000-0  19111-2 0  9996
2 45094  53.0550  22.8454 0001802  99.7694 260.3499 15.06403850211933
1 45094U 20006BC  23333.40860045  .00015659  00000-0  10669-2 0  9991
2 45094  53.0547  18.3761 0001739 106.7295 253.3885 15.06431175211735
1 45094U 20006BC  23333.40860045  .00015659  00000-0  10669-2 0  9991
2 45094  53.0547  18.3761 0001739 106.7295 253.3885 15.06431175212084
1 45094U 20006BC  23334.40379620  .00007515  00000-0  52261-3 0  9993
2 45094  53.0548  13.9078 0001462 109.6615 250.4532 15.06417307212233
1 45094U 20006BC  23335.13361916  .00011730  00000-0  80516-3 0  9991
2 45094  53.0560  10.6344 0002519  62.9863 297.1383 15.06394225212344
1 45094U 20006BC  23335.33265634  .00003576  00000-0  25885-3 0  9990
2 45094  53.0562   9.7412 0001986 127.7103 232.4066 15.06397874212023
1 45094U 20006BC  23336.46054006  .00033275  00000-0  22389-2 0  9998
2 45094  53.0543   4.6749 0001277  86.0302 274.0833 15.06455337212191
1 45094U 20006BC  23336.46054006  .00033275  00000-0  22389-2 0  9998
2 45094  53.0543   4.6749 0001277  86.0302 274.0833 15.06455337212540
1 45094U 20006BC  23337.05767403  .00000320  00000-0  40381-4 0  9995
2 45094  53.0548   1.9960 0001696  90.0016 270.1168 15.06386228212632
1 45094U 20006BC  23337.38941266 -.00000895  00000-0 -41210-4 0  9993
2 45094  53.0550   0.5031 0001410 100.0758 260.0390 15.06383307212335
1 45094U 20006BC  23337.58845795  .00002705  00000-0  20051-3 0  9994
2 45094  53.0551 359.6101 0001471  93.5330 266.5827 15.06379582212719
1 45094U 20006BC  23338.31828199  .00008130  00000-0  56430-3 0  9993
2 45094  53.0550 356.3347 0001453 100.2378 259.8775 15.06385909212472
1 45094U 20006BC  23339.04809930  .00009041  00000-0  62510-3 0  9994
2 45094  53.0554 353.0592 0001508  99.5297 260.5862 15.06399872212934
1 45094U 20006BC  23339.31348585  .00009033  00000-0  62446-3 0  9997
2 45094  53.0555 351.8678 0001521  99.0872 261.0289 15.06404457212626
1 45094U 20006BC  23340.17598396  .00009766  00000-0  67320-3 0  9999
2 45094  53.0552 347.9958 0001482 101.3299 258.7857 15.06422964213107
1 45094U 20006BC  23340.24232951  .00009413  00000-0  64955-3 0  9999
2 45094  53.0552 347.6980 0001486 101.7005 258.4151 15.06423801212768
1 45094U 20006BC  23341.17118134  .00001768  00000-0  13753-3 0  9993
2 45094  53.0559 343.5271 0001655 114.8139 245.3022 15.06410519213253
1 45094U 20006BC  23341.30387661 -.00003165  00000-0 -19365-3 0  9991
2 45094  53.0568 342.9292 0001511 112.9833 247.1316 15.06399263212921
1 45094U 20006BC  23341.30387661 -.00003165  00000-0 -19365-3 0  9991
2 45094  53.0568 342.9292 0001511 112.9833 247.1316 15.06399263213270
1 45094U 20006BC  23342.16638066 -.00001105  00000-0 -55267-4 0  9998
2 45094  53.0583 339.0667 0001402  72.6846 287.4296 15.06399231213409
1 45094U 20006BC  23342.23272461 -.00002200  00000-0 -12886-3 0  9995
2 45094  53.0552 338.7603 0001430  62.7679 297.3455 15.06401355213066
1 45094U 20006BC  23343.16159094 -.00001760  00000-0 -99350-4 0  9996
2 45094  53.0543 334.5899 0001329  51.2811 308.8296 15.06385905213552
1 45094U 20006BC  23343.36063135  .00000490  00000-0  51821-4 0  9996
2 45094  53.0561 333.6942 0001362  96.2520 263.8624 15.06391403213234
1 45094U 20006BC  23343.95775237  .00001358  00000-0  11005-3 0  9997
2 45094  53.0560 331.0148 0001378  86.7239 273.3908 15.06388251213329
1 45094U 20006BC  23343.95775237  .00001358  00000-0  11005-3 0  9997
2 45094  53.0560 331.0148 0001378  86.7239 273.3908 15.06388251213677
1 45094U 20006BC  23344.35582143 -.00002800  00000-0 -16908-3 0  9996
2 45094  53.0553 329.2307 0001351  95.8792 264.2351 15.06416406213384
1 45094U 20006BC  23344.35582143 -.00002800  00000-0 -16908-3 0  9996
2 45094  53.0553 329.2307 0001351  95.8792 264.2351 15.06416406213733
1 45094U 20006BC  23345.15200435  .00000001  00000-0  18933-4 0  9996
2 45094  53.0545 325.6580 0001243 105.5881 254.5245 15.06385542213858
1 45094U 20006BC  23345.21835127  .00000196  00000-0  32081-4 0  9990
2 45094  53.0547 325.3602 0001291 100.3796 259.7338 15.06386653213510
1 45094U 20006BC  23346.14720345  .00000929  00000-0  81250-4 0  9994
2 45094  53.0572 321.1945 0001665 110.4517 249.6651 15.06394793214005
1 45094U 20006BC  23346.21354971  .00001189  00000-0  98737-4 0  9997
2 45094  53.0568 320.8964 0001633 107.7924 252.3243 15.06396620213663
1 45094U 20006BC  23347.20875442  .00001543  00000-0  12250-3 0  9997
2 45094  53.0564 316.4243 0001486  94.6475 265.4683 15.06397519213819
1 45094U 20006BC  23347.20875442  .00001543  00000-0  12250-3 0  9997
2 45094  53.0564 316.4243 0001486  94.6475 265.4683 15.06397519214168
1 45094U 20006BC  23348.13759614  .00002550  00000-0  18993-3 0  9991
2 45094  53.0564 312.2566 0001494  99.2212 260.8946 15.06413231214306
1 45094U 20006BC  23348.20394108  .00002973  00000-0  21828-3 0  9992
2 45094  53.0562 311.9577 0001488  98.5265 261.5893 15.06415797213964
1 45094U 20006BC  23349.19915150 -.00000915  00000-0 -42502-4 0  9996
2 45094  53.0555 307.4885 0001499  92.4814 267.6346 15.06400529214466
1 45094U 20006BC  23350.12799550  .00001308  00000-0  10667-3 0  9996
2 45094  53.0550 303.3155 0001469  94.8787 265.2369 15.06414576214600
1 45094U 20006BC  23350.19434296  .00003524  00000-0  25527-3 0  9999
2 45094  53.0554 303.0188 0001514  90.7248 269.3914 15.06415166214264
1 45094U 20006BC  23351.12321226 -.00000831  00000-0 -36887-4 0  9993
2 45094  53.0549 298.8520 0001516 103.5691 256.5467 15.06389901214400
1 45094U 20006BC  23351.12321226 -.00000831  00000-0 -36887-4 0  9993
2 45094  53.0549 298.8520 0001516 103.5691 256.5467 15.06389901214758
1 45094U 20006BC  23352.11841379  .00008881  00000-0  61416-3 0  9995
2 45094  53.0554 294.3812 0001654  89.7388 270.3790 15.06410409214559
1 45094U 20006BC  23352.11841379  .00008881  00000-0  61416-3 0  9995
2 45094  53.0554 294.3812 0001654  89.7388 270.3790 15.06410409214908
1 45094U 20006BC  23353.11361740  .00008506  00000-0  58900-3 0  9993
2 45094  53.0550 289.9128 0002062  63.2036 296.9164 15.06414179214700
1 45094U 20006BC  23353.11361740  .00008506  00000-0  58900-3 0  9993
2 45094  53.0550 289.9128 0002062  63.2036 296.9164 15.06414179215059
1 45094U 20006BC  23354.10882065  .00001212  00000-0  10025-3 0  9994
2 45094  53.0540 285.4504 0001538 107.2161 252.8996 15.06397518214850
1 45094U 20006BC  23354.10882065  .00001212  00000-0  10025-3 0  9994
2 45094  53.0540 285.4504 0001538 107.2161 252.8996 15.06397518215200
1 45094U 20006BC  23355.10404511  .00010014  00000-0  69083-3 0  9999
2 45094  53.0550 280.9822 0001936 112.7100 247.4094 15.06367173215001
1 45094U 20006BC  23355.10404511  .00010014  00000-0  69083-3 0  9999
2 45094  53.0550 280.9822 0001936 112.7100 247.4094 15.06367173215359
1 45094U 20006BC  23355.90018924  .00004956  00000-0  35132-3 0  9992
2 45094  53.0553 277.4109 0001570 111.1826 248.9330 15.06404529215124
1 45094U 20006BC  23356.09922253  .00011618  00000-0  79704-3 0  9998
2 45094  53.0540 276.5118 0001408  97.6601 262.4548 15.06425200215153
1 45094U 20006BC  23356.09922253  .00011618  00000-0  79704-3 0  9998
2 45094  53.0540 276.5118 0001408  97.6601 262.4548 15.06425200215502
1 45094U 20006BC  23357.16079587 -.00002941  00000-0 -17884-3 0  9992
2 45094  53.0538 271.7470 0001548  73.5472 286.5687 15.06361061215315
1 45094U 20006BC  23357.16079587 -.00002941  00000-0 -17884-3 0  9992
2 45094  53.0538 271.7470 0001548  73.5472 286.5687 15.06361061215663
1 45094U 20006BC  23358.15601458  .00034999  00000-0  23560-2 0  9993
2 45094  53.0545 267.2782 0001913  62.9857 297.1327 15.06413914215464
1 45094U 20006BC  23358.15601458  .00034999  00000-0  23560-2 0  9993
2 45094  53.0545 267.2782 0001913  62.9857 297.1327 15.06413914215813
1 45094U 20006BC  23359.01851741  .00004333  00000-0  30948-3 0  9999
2 45094  53.0562 263.3988 0001654 111.0700 249.0466 15.06414140215599
1 45094U 20006BC  23359.01851741  .00004333  00000-0  30948-3 0  9999
2 45094  53.0562 263.3988 0001654 111.0700 249.0466 15.06414140215948
1 45094U 20006BC  23359.88101231  .00010881  00000-0  74767-3 0  9998
2 45094  53.0556 259.5243 0001623 127.3592 232.7545 15.06430154215723
1 45094U 20006BC  23360.14639437  .00009488  00000-0  65439-3 0  9990
2 45094  53.0573 258.3371 0001722 118.3481 241.7682 15.06434997215763
1 45094U 20006BC  23360.14639437  .00009488  00000-0  65439-3 0  9990
2 45094  53.0573 258.3371 0001722 118.3481 241.7682 15.06434997216113
1 45094U 20006BC  23360.74352030 -.00005462  00000-0 -34812-3 0  9998
2 45094  53.0544 255.6645 0000873 106.4328 253.6757 15.06395895216207
1 45094U 20006BC  23360.94256132 -.00003826  00000-0 -23810-3 0  9994
2 45094  53.0546 254.7700 0001577 106.1993 253.9170 15.06397425215884
1 45094U 20006BC  23361.14160407  .00001009  00000-0  86627-4 0  9991
2 45094  53.0539 253.8768 0001513 112.4377 247.6772 15.06392490215915
1 45094U 20006BC  23361.87141933  .00006455  00000-0  45181-3 0  9993
2 45094  53.0536 250.6011 0001448 108.8933 251.2213 15.06402390216027
1 45094U 20006BC  23362.00411263  .00007852  00000-0  54536-3 0  9991
2 45094  53.0531 250.0053 0001396 105.7877 254.3266 15.06405002216044
1 45094U 20006BC  23362.00411263  .00007852  00000-0  54536-3 0  9991
2 45094  53.0531 250.0053 0001396 105.7877 254.3266 15.06405002216392
1 45094U 20006BC  23362.93297273  .00000778  00000-0  71152-4 0  9990
2 45094  53.0527 245.8359 0001398 100.9082 259.2064 15.06394484216183
1 45094U 20006BC  23363.06566744  .00001059  00000-0  89980-4 0  9998
2 45094  53.0530 245.2402 0001433 102.0532 258.0617 15.06394095216205
1 45094U 20006BC  23363.06566744  .00001059  00000-0  89980-4 0  9998
2 45094  53.0530 245.2402 0001433 102.0532 258.0617 15.06394095216553
1 45094U 20006BC  23363.92817347  .00000522  00000-0  53945-4 0  9997
2 45094  53.0523 241.3687 0001400 106.1158 253.9985 15.06404537216331
1 45094U 20006BC  23363.92817347  .00000522  00000-0  53945-4 0  9997
2 45094  53.0523 241.3687 0001400 106.1158 253.9985 15.06404537216689
1 45094U 20006BC  23364.79068573  .00002725  00000-0  20175-3 0  9997
2 45094  53.0527 237.4927 0001655 116.9442 243.1716 15.06399618216814
1 45094U 20006BC  23364.92338013  .00001883  00000-0  14529-3 0  9991
2 45094  53.0520 236.9008 0001455 111.5979 248.5165 15.06398257216483
