1 45100U 20006BJ  22365.58762351  .00003912  00000-0  28127-3 0  9991
2 45100  53.0545  72.4895 0002252  34.5148 325.5987 15.06416262161566
1 45100U 20006BJ  23001.51648998 -.00010289  00000-0 -67319-3 0  9995
2 45100  53.0549  68.3197 0002301  31.5896 328.5231 15.06376119161708
1 45100U 20006BJ  23001.91458180 -.00007468  00000-0 -48326-3 0  9993
2 45100  53.0551  66.5329 0002311  32.3872 327.7258 15.06374937161764
1 45100U 20006BJ  23002.57804905  .00000818  00000-0  73849-4 0  9995
2 45100  53.0550  63.5546 0002356  32.5015 327.6119 15.06390145161866
1 45100U 20006BJ  23002.64439838  .00003710  00000-0  26790-3 0  9998
2 45100  53.0551  63.2568 0002368  31.8587 328.2545 15.06388950161879
1 45100U 20006BJ  23003.57326012  .00006893  00000-0  48115-3 0  9990
2 45100  53.0553  59.0874 0002495  33.1493 326.9652 15.06403020162013
1 45100U 20006BJ  23004.50211185  .00005524  00000-0  38939-3 0  9991
2 45100  53.0551  54.9176 0002531  33.5853 326.5296 15.06409636162159
1 45100U 20006BJ  23004.83383976  .00008045  00000-0  55804-3 0  9996
2 45100  53.0551  53.4284 0002548  34.5462 325.5692 15.06421225162201
1 45100U 20006BJ  23005.09922365  .00007956  00000-0  55205-3 0  9991
2 45100  53.0556  52.2373 0002556  34.6941 325.4215 15.06423500162246
1 45100U 20006BJ  23005.82903229 -.00000792  00000-0 -34223-4 0  9991
2 45100  53.0548  48.9606 0002712  33.6353 326.4808 15.06412836162359
1 45100U 20006BJ  23006.49250943 -.00004226  00000-0 -26500-3 0  9997
2 45100  53.0555  45.9822 0002583  29.7326 330.3809 15.06391448162457
1 45100U 20006BJ  23007.08963129  .00001179  00000-0  98044-4 0  9995
2 45100  53.0556  43.3029 0002839  19.5920 340.5178 15.06395540162549
1 45100U 20006BJ  23007.81945187  .00001409  00000-0  11355-3 0  9995
2 45100  53.0562  40.0256 0002483  26.6166 333.4950 15.06390443162656
1 45100U 20006BJ  23008.48292073  .00013167  00000-0  90098-3 0  9993
2 45100  53.0548  37.0469 0002656  31.5018 328.6129 15.06406745162753
1 45100U 20006BJ  23009.34543257  .00002746  00000-0  20321-3 0  9995
2 45100  53.0536  33.1744 0002741  31.9108 328.2046 15.06396591162887
1 45100U 20006BJ  23010.47332847 -.00000076  00000-0  13824-4 0  9998
2 45100  53.0553  28.1126 0002699  32.0389 328.0764 15.06395904163051
1 45100U 20006BJ  23010.73871499 -.00000562  00000-0 -18815-4 0  9994
2 45100  53.0558  26.9214 0002685  32.0248 328.0904 15.06397790163094
1 45100U 20006BJ  23011.33582801  .00009383  00000-0  64758-3 0  9991
2 45100  53.0549  24.2404 0002673  33.6244 326.4914 15.06422188163189
1 45100U 20006BJ  23011.86661660 -.00009108  00000-0 -59378-3 0  9999
2 45100  53.0556  21.8585 0002266  34.8890 325.2247 15.06371440163267
1 45100U 20006BJ  23012.72913394  .00004655  00000-0  33131-3 0  9998
2 45100  53.0539  17.9861 0002444  40.3961 319.7209 15.06385085163390
1 45100U 20006BJ  23013.32625909  .00024245  00000-0  16404-2 0  9997
2 45100  53.0535  15.3058 0002474  44.1451 315.9735 15.06411081163483
1 45100U 20006BJ  23013.72434105  .00017555  00000-0  11942-2 0  9995
2 45100  53.0532  13.5162 0002473  54.2819 305.8400 15.06408471163548
1 45100U 20006BJ  23015.38301074  .00021081  00000-0  14293-2 0  9998
2 45100  53.0528   6.0711 0002678  67.4669 292.6603 15.06413983163795
1 45100U 20006BJ  23016.31185711  .00037254  00000-0  25038-2 0  9998
2 45100  53.0522   1.9011 0002118  68.0463 292.0751 15.06443075163933
1 45100U 20006BJ  23017.30707551  .00001492  00000-0  11911-3 0  9991
2 45100  53.0516 357.4319 0002116  84.4588 275.6642 15.06380577164084
1 45100U 20006BJ  23017.90420332  .00008544  00000-0  59202-3 0  9996
2 45100  53.0519 354.7515 0001976  90.9776 269.1439 15.06386972164176
1 45100U 20006BJ  23018.30228089  .00019637  00000-0  13330-2 0  9992
2 45100  53.0519 352.9651 0002051  93.3601 266.7623 15.06414188164232
1 45100U 20006BJ  23018.63401317  .00014295  00000-0  97617-3 0  9991
2 45100  53.0519 351.4759 0002060  91.3920 268.7305 15.06416089164283
1 45100U 20006BJ  23019.29747385  .00010646  00000-0  73207-3 0  9997
2 45100  53.0510 348.4967 0001851  94.8254 265.2947 15.06423102164385
1 45100U 20006BJ  23020.29268512  .00010393  00000-0  71554-3 0  9991
2 45100  53.0518 344.0287 0001879  84.0272 276.0931 15.06401510164530
1 45100U 20006BJ  23025.53409413  .00002791  00000-0  20619-3 0  9999
2 45100  53.0519 320.4983 0001739  78.2674 281.8510 15.06404487165329
1 45100U 20006BJ  23025.79948137  .00002634  00000-0  19566-3 0  9993
2 45100  53.0523 319.3120 0001720  77.8088 282.3093 15.06400441165360
1 45100U 20006BJ  23026.06487194 -.00000110  00000-0  11481-4 0  9992
2 45100  53.0516 318.1170 0001459  78.1347 281.9805 15.06397903165404
1 45100U 20006BJ  23027.06006522  .00001819  00000-0  14092-3 0  9991
2 45100  53.0523 313.6458 0001687  96.6271 263.4910 15.06411085165551
1 45100U 20006BJ  23027.85623865 -.00000646  00000-0 -24500-4 0  9998
2 45100  53.0500 310.0734 0001615  88.7449 271.3725 15.06389138165672
1 45100U 20006BJ  23028.18796572  .00001463  00000-0  11708-3 0  9992
2 45100  53.0509 308.5837 0001378  89.6924 270.4223 15.06402301165728
1 45100U 20006BJ  23028.91778664  .00000511  00000-0  53184-4 0  9993
2 45100  53.0516 305.3079 0001472  93.2972 266.8185 15.06395104165838
1 45100U 20006BJ  23029.84664390  .00002068  00000-0  15771-3 0  9994
2 45100  53.0518 301.1380 0001228  92.6453 267.4676 15.06392982165973
1 45100U 20006BJ  23030.04568201  .00002218  00000-0  16773-3 0  9992
2 45100  53.0509 300.2442 0001254  90.9635 269.1497 15.06397893166005
1 45100U 20006BJ  23030.90819184  .00001277  00000-0  10460-3 0  9997
2 45100  53.0509 296.3720 0001276  88.9776 271.1359 15.06397394166136
1 45100U 20006BJ  23031.10723144  .00002237  00000-0  16904-3 0  9996
2 45100  53.0515 295.4786 0001268  89.7169 270.3966 15.06400446166162
1 45100U 20006BJ  23031.83704473  .00002160  00000-0  16382-3 0  9995
2 45100  53.0514 292.2018 0001238  97.0090 263.1040 15.06402410166274
