1 45103U 20006BM  22365.57192760  .00003151  00000-0  23039-3 0  9996
2 45103  53.0545  72.5336 0001558  51.7395 308.3734 15.06392299161565
1 45103U 20006BM  23001.56716136 -.00001943  00000-0 -11163-3 0  9996
2 45103  53.0545  68.0663 0001699  55.2512 304.8637 15.06371133161718
1 45103U 20006BM  23001.89889903 -.00001570  00000-0 -86592-4 0  9990
2 45103  53.0556  66.5772 0001761  52.7410 307.3739 15.06372598161765
1 45103U 20006BM  23002.56235990 -.00000157  00000-0  83959-5 0  9990
2 45103  53.0554  63.5987 0001865  53.2495 306.8665 15.06391453161866
1 45103U 20006BM  23002.89409193  .00001590  00000-0  12564-3 0  9997
2 45103  53.0555  62.1094 0001900  54.1833 305.9332 15.06394854161912
1 45103U 20006BM  23003.42487635  .00004921  00000-0  34910-3 0  9994
2 45103  53.0554  59.7263 0001776  52.1464 307.9685 15.06392232161999
1 45103U 20006BM  23004.42007429  .00005171  00000-0  36572-3 0  9998
2 45103  53.0548  55.2587 0002045  53.0811 307.0365 15.06407761162146
1 45103U 20006BM  23004.81815158  .00003590  00000-0  25971-3 0  9991
2 45103  53.0547  53.4717 0002074  52.3186 307.7991 15.06410278162205
1 45103U 20006BM  23005.54795492  .00003633  00000-0  26256-3 0  9995
2 45103  53.0555  50.1968 0002114  48.6792 311.4379 15.06418014162312
1 45103U 20006BM  23005.81334491 -.00000035  00000-0  16540-4 0  9993
2 45103  53.0549  49.0051 0002151  50.8973 309.2207 15.06407264162356
1 45103U 20006BM  23006.87490371 -.00001161  00000-0 -59073-4 0  9990
2 45103  53.0553  44.2385 0001999  49.2742 310.8421 15.06396180162511
1 45103U 20006BM  23007.07393824 -.00001387  00000-0 -74173-4 0  9996
2 45103  53.0553  43.3450 0001984  50.3269 309.7895 15.06405080162540
1 45103U 20006BM  23007.80375757 -.00001383  00000-0 -73968-4 0  9999
2 45103  53.0556  40.0698 0001815  51.9921 308.1232 15.06395851162650
1 45103U 20006BM  23008.33453020  .00001197  00000-0  99267-4 0  9999
2 45103  53.0556  37.6870 0001963  45.5491 314.5658 15.06396055162738
1 45103U 20006BM  23008.79896288  .00001606  00000-0  12672-3 0  9995
2 45103  53.0558  35.6017 0001891  48.3136 311.8015 15.06391730162808
1 45103U 20006BM  23009.32973097  .00001586  00000-0  12537-3 0  9996
2 45103  53.0557  33.2179 0001790  51.2585 308.8563 15.06403016162882
1 45103U 20006BM  23010.45763647  .00000434  00000-0  48025-4 0  9993
2 45103  53.0562  28.1563 0001812  44.9134 315.2002 15.06395953163052
1 45103U 20006BM  23011.32014219  .00001453  00000-0  11645-3 0  9993
2 45103  53.0555  24.2850 0001841  42.9431 317.1702 15.06400631163182
1 45103U 20006BM  23011.71823620 -.00000103  00000-0  12013-4 0  9993
2 45103  53.0560  22.4974 0001971  45.5111 314.6039 15.06386819163246
1 45103U 20006BM  23012.91246410  .00004718  00000-0  33530-3 0  9993
2 45103  53.0561  17.1382 0001803  42.6912 317.4217 15.06412429163428
1 45103U 20006BM  23013.31053835  .00003925  00000-0  28208-3 0  9990
2 45103  53.0548  15.3495 0001717  46.1079 314.0052 15.06418794163482
1 45103U 20006BM  23015.36724437  .00012236  00000-0  83755-3 0  9993
2 45103  53.0544   6.1135 0001557  68.3123 291.8032 15.06460188163793
1 45103U 20006BM  23015.69896048  .00024105  00000-0  16276-2 0  9998
2 45103  53.0554   4.6272 0001728  60.9664 299.1498 15.06491079163843
1 45103U 20006BM  23016.22968325  .00042060  00000-0  28135-2 0  9993
2 45103  53.0558   2.2423 0001603  59.8581 300.2566 15.06560804163928
1 45103U 20006BM  23017.35741663  .00035106  00000-0  23478-2 0  9990
2 45103  53.0551 357.1792 0001754  61.6989 298.4177 15.06654841164092
1 45103U 20006BM  23017.62275611  .00037109  00000-0  24785-2 0  9992
2 45103  53.0552 355.9876 0001744  62.6670 297.4496 15.06677106164136
1 45103U 20006BM  23018.28608996  .00045306  00000-0  30138-2 0  9998
2 45103  53.0552 353.0083 0001737  66.0144 294.1027 15.06732417164233
1 45103U 20006BM  23018.61774723  .00045471  00000-0  30223-2 0  9995
2 45103  53.0552 351.5186 0001724  67.9731 292.1441 15.06761202164285
1 45103U 20006BM  23019.28104275  .00037130  00000-0  24708-2 0  9992
2 45103  53.0550 348.5390 0001739  71.0556 289.0622 15.06812816164388
1 45103U 20006BM  23020.27594015  .00040053  00000-0  26566-2 0  9990
2 45103  53.0548 344.0695 0001773  76.3199 283.7987 15.06898062164532
1 45103U 20006BM  23025.51474480  .00036727  00000-0  24078-2 0  9994
2 45103  53.0553 320.5255 0001940 103.6282 256.4923 15.07369942165676
1 45103U 20006BM  23025.84626220  .00036122  00000-0  23671-2 0  9998
2 45103  53.0552 319.0350 0001944 105.4875 254.6329 15.07393623165376
1 45103U 20006BM  23026.11147195  .00040079  00000-0  26214-2 0  9990
2 45103  53.0549 317.8427 0001958 106.7950 253.3254 15.07415571165411
1 45103U 20006BM  23027.17227777  .00036134  00000-0  23618-2 0  9994
2 45103  53.0542 313.0729 0002016 111.9396 248.1808 15.07489033165573
1 45103U 20006BM  23028.16673888  .00032597  00000-0  21299-2 0  9994
2 45103  53.0538 308.6006 0002008 113.2201 246.9000 15.07550729166074
1 45103U 20006BM  23028.76339719  .00026304  00000-0  17224-2 0  9994
2 45103  53.0538 305.9170 0002013 114.5794 245.5405 15.07581072165813
1 45103U 20006BM  23029.89038388  .00021555  00000-0  14136-2 0  9999
2 45103  53.0541 300.8486 0001963 116.1924 243.9268 15.07636555165981
1 45103U 20006BM  23030.15555119  .00022331  00000-0  14631-2 0  9999
2 45103  53.0542 299.6558 0002009 117.2930 242.8264 15.07649785166027
1 45103U 20006BM  23031.14991284  .00018916  00000-0  12415-2 0  9998
2 45103  53.0546 295.1829 0002069 120.4775 239.6419 15.07688436166170
1 45103U 20006BM  23031.74651685  .00020209  00000-0  13239-2 0  9995
2 45103  53.0548 292.4989 0002081 123.6224 236.4964 15.07714548166261
