1 45113U 19071C   23001.45771266  .00096143  00000-0  10529-2 0  9998
2 45113  51.6311 155.6558 0008912 197.3351 162.7340 15.62443849164120
1 45113U 19071C   23001.45771266  .00096143  00000-0  10529-2 0  9998
2 45113  51.6311 155.6558 0008912 197.3351 162.7340 15.62443849164120
1 45113U 19071C   23001.77750433  .00093193  00000-0  10189-2 0  9990
2 45113  51.6313 154.0409 0008898 198.8361 161.2305 15.62500327164175
1 45113U 19071C   23002.41705206  .00100079  00000-0  10878-2 0  9997
2 45113  51.6314 150.8121 0008654 201.8979 158.1646 15.62621465164272
1 45113U 19071C   23002.80075769  .00083010  00000-0  90295-3 0  9991
2 45113  51.6316 148.8736 0008623 203.4486 156.6116 15.62683964164334
1 45113U 19071C   23002.80075769  .00083010  00000-0  90295-3 0  9991
2 45113  51.6316 148.8736 0008623 203.4486 156.6116 15.62683964164334
1 45113U 19071C   23003.44023095  .00090341  00000-0  97702-3 0  9992
2 45113  51.6314 145.6445 0008374 206.7185 153.3379 15.62798597164434
1 45113U 19071C   23004.39935437  .00104795  00000-0  11227-2 0  9995
2 45113  51.6310 140.7995 0008153 210.9053 149.1462 15.62976047164582
1 45113U 19071C   23004.39935437  .00104795  00000-0  11227-2 0  9995
2 45113  51.6310 140.7995 0008153 210.9053 149.1462 15.62976047164582
1 45113U 19071C   23004.65509916  .00122512  00000-0  13053-2 0  9999
2 45113  51.6314 139.5070 0008148 212.2412 147.8086 15.63042696164621
1 45113U 19071C   23004.65509916  .00122512  00000-0  13053-2 0  9999
2 45113  51.6314 139.5070 0008148 212.2412 147.8086 15.63042696164621
1 45113U 19071C   23005.35834846  .00087510  00000-0  93268-3 0  9995
2 45113  51.6319 135.9539 0007892 215.7478 144.2989 15.63190877164731
1 45113U 19071C   23005.35834846  .00087510  00000-0  93268-3 0  9995
2 45113  51.6319 135.9539 0007892 215.7478 144.2989 15.63190877164731
1 45113U 19071C   23005.74191015  .00092699  00000-0  98382-3 0  9998
2 45113  51.6320 134.0147 0007866 217.2166 142.8284 15.63273929164798
1 45113U 19071C   23005.74191015  .00092699  00000-0  98382-3 0  9998
2 45113  51.6320 134.0147 0007866 217.2166 142.8284 15.63273929164798
1 45113U 19071C   23006.38113087  .00111039  00000-0  11675-2 0  9991
2 45113  51.6320 130.7841 0007640 220.9016 139.1406 15.63432675164898
1 45113U 19071C   23006.38113087  .00111039  00000-0  11675-2 0  9991
2 45113  51.6320 130.7841 0007640 220.9016 139.1406 15.63432675164898
1 45113U 19071C   23007.59549130  .00112247  00000-0  11680-2 0  9995
2 45113  51.6327 124.6435 0007438 226.8783 133.1590 15.63694134165087
1 45113U 19071C   23007.59549130  .00112247  00000-0  11680-2 0  9995
2 45113  51.6327 124.6435 0007438 226.8783 133.1590 15.63694134165087
1 45113U 19071C   23008.29845138  .00103989  00000-0  10775-2 0  9997
2 45113  51.6326 121.0884 0007203 230.6829 129.3528 15.63839041165197
1 45113U 19071C   23008.29845138  .00103989  00000-0  10775-2 0  9997
2 45113  51.6326 121.0884 0007203 230.6829 129.3528 15.63839041165197
1 45113U 19071C   23009.57638302  .00105085  00000-0  10768-2 0  9993
2 45113  51.6323 114.6223 0006962 236.7514 123.2814 15.64118760165390
1 45113U 19071C   23009.70416409  .00104431  00000-0  10691-2 0  9999
2 45113  51.6322 113.9755 0006941 237.1843 122.8483 15.64145304165412
1 45113U 19071C   23009.70416409  .00104431  00000-0  10691-2 0  9999
2 45113  51.6322 113.9755 0006941 237.1843 122.8483 15.64145304165412
1 45113U 19071C   23010.53468259  .00110811  00000-0  11249-2 0  9991
2 45113  51.6325 109.7718 0006710 241.8460 118.1857 15.64333172165547
1 45113U 19071C   23010.66244577  .00108912  00000-0  11047-2 0  9995
2 45113  51.6323 109.1248 0006693 242.3023 117.7293 15.64362471165563
1 45113U 19071C   23011.49284652  .00121151  00000-0  12167-2 0  9999
2 45113  51.6319 104.9203 0006506 246.9013 113.1296 15.64564264165695
1 45113U 19071C   23011.49284652  .00121151  00000-0  12167-2 0  9999
2 45113  51.6319 104.9203 0006506 246.9013 113.1296 15.64564264165695
1 45113U 19071C   23011.62059055  .00125489  00000-0  12577-2 0  9994
2 45113  51.6318 104.2731 0006504 247.6631 112.3675 15.64598423165714
1 45113U 19071C   23012.51472502  .00123567  00000-0  12278-2 0  9992
2 45113  51.6318  99.7439 0006341 252.5018 107.5284 15.64824686165850
1 45113U 19071C   23012.51472502  .00123567  00000-0  12278-2 0  9992
2 45113  51.6318  99.7439 0006341 252.5018 107.5284 15.64824686165850
1 45113U 19071C   23013.47257971  .00128105  00000-0  12594-2 0  9993
2 45113  51.6315  94.8903 0006132 258.1469 101.8839 15.65076495166008
1 45113U 19071C   23013.47257971  .00128105  00000-0  12594-2 0  9993
2 45113  51.6315  94.8903 0006132 258.1469 101.8839 15.65076495166008
1 45113U 19071C   23013.91952411  .00137179  00000-0  13401-2 0  9992
2 45113  51.6312  92.6253 0006052 260.6120  99.4192 15.65201116166073
1 45113U 19071C   23014.23874812  .00159714  00000-0  15489-2 0  9993
2 45113  51.6311  91.0069 0006005 262.4467  97.5846 15.65301435166128
1 45113U 19071C   23015.19630617  .00161389  00000-0  15476-2 0  9999
2 45113  51.6318  86.1513 0005807 267.7243  92.3087 15.65579241166271
1 45113U 19071C   23015.45162480  .00160757  00000-0  15367-2 0  9993
2 45113  51.6321  84.8557 0005759 268.6619  91.3717 15.65660601166316
1 45113U 19071C   23015.89839777  .00178353  00000-0  16899-2 0  9993
2 45113  51.6319  82.5894 0005633 271.5972  88.4378 15.65820240166382
1 45113U 19071C   23015.89839777  .00178353  00000-0  16899-2 0  9993
2 45113  51.6319  82.5894 0005633 271.5972  88.4378 15.65820240166382
1 45113U 19071C   23016.53656739  .00157540  00000-0  14843-2 0  9992
2 45113  51.6320  79.3506 0005594 274.4246  85.6110 15.66034727166482
1 45113U 19071C   23016.53656739  .00157540  00000-0  14843-2 0  9992
2 45113  51.6320  79.3506 0005594 274.4246  85.6110 15.66034727166482
1 45113U 19071C   23017.17465975  .00155986  00000-0  14593-2 0  9997
2 45113  51.6322  76.1124 0005520 278.9159  81.1211 15.66217018166586
1 45113U 19071C   23017.42987522  .00137424  00000-0  12857-2 0  9990
2 45113  51.6324  74.8161 0005485 279.6238  80.4138 15.66284458166627
1 45113U 19071C   23017.42987522  .00137424  00000-0  12857-2 0  9990
2 45113  51.6324  74.8161 0005485 279.6238  80.4138 15.66284458166627
1 45113U 19071C   23018.32304062  .00172319  00000-0  15871-2 0  9993
2 45113  51.6324  70.2806 0005321 284.2873  75.7532 15.66548901166765
1 45113U 19071C   23018.32304062  .00172319  00000-0  15871-2 0  9993
2 45113  51.6324  70.2806 0005321 284.2873  75.7532 15.66548901166765
1 45113U 19071C   23018.83334966  .00171625  00000-0  15706-2 0  9991
2 45113  51.6320  67.6887 0005222 286.7994  73.2429 15.66711058166843
1 45113U 19071C   23019.15226732  .00162142  00000-0  14803-2 0  9999
2 45113  51.6317  66.0681 0005238 288.4856  71.5570 15.66803073166899
1 45113U 19071C   23019.40738652  .00144351  00000-0  13174-2 0  9998
2 45113  51.6317  64.7718 0005102 289.7267  70.3178 15.66876863166938
1 45113U 19071C   23019.40738652  .00144351  00000-0  13174-2 0  9998
2 45113  51.6317  64.7718 0005102 289.7267  70.3178 15.66876863166938
1 45113U 19071C   23020.10890013  .00161226  00000-0  14548-2 0  9993
2 45113  51.6321  61.2071 0004983 294.1327  65.9148 15.67097512167047
1 45113U 19071C   23020.49150246  .00149953  00000-0  13490-2 0  9990
2 45113  51.6318  59.2610 0004860 295.4861  64.5632 15.67213099167100
1 45113U 19071C   23020.49150246  .00149953  00000-0  13490-2 0  9990
2 45113  51.6318  59.2610 0004860 295.4861  64.5632 15.67213099167100
1 45113U 19071C   23021.44788627  .00171071  00000-0  15158-2 0  9995
2 45113  51.6315  54.3974 0004636 299.8283  60.2252 15.67513633167257
1 45113U 19071C   23022.46782244  .00164910  00000-0  14433-2 0  9996
2 45113  51.6315  49.2075 0004461 305.4891  54.5689 15.67839204167410
1 45113U 19071C   23023.55127494  .00149032  00000-0  12896-2 0  9996
2 45113  51.6313  43.6921 0004199 310.6125  49.4506 15.68175192167581
1 45113U 19071C   23024.06105417  .00167136  00000-0  14329-2 0  9992
2 45113  51.6309  41.0963 0004111 313.8161  46.2495 15.68338654167668
1 45113U 19071C   23024.76191424  .00157681  00000-0  13419-2 0  9995
2 45113  51.6313  37.5262 0003935 316.9030  43.1658 15.68552597167770
1 45113U 19071C   23025.39897911  .00142102  00000-0  12030-2 0  9999
2 45113  51.6311  34.2794 0003753 319.3846  40.6870 15.68736837167872
1 45113U 19071C   23025.39897911  .00142102  00000-0  12030-2 0  9999
2 45113  51.6311  34.2794 0003753 319.3846  40.6870 15.68736837167872
1 45113U 19071C   23025.71748371  .00154561  00000-0  13011-2 0  9992
2 45113  51.6311  32.6570 0003718 321.5418  38.5313 15.68829887167929
1 45113U 19071C   23026.03596915  .00165399  00000-0  13845-2 0  9999
2 45113  51.6309  31.0338 0003711 322.9507  37.1233 15.68929418167970
1 45113U 19071C   23026.03596915  .00165399  00000-0  13845-2 0  9999
2 45113  51.6309  31.0338 0003711 322.9507  37.1233 15.68929418167970
1 45113U 19071C   23027.37338929  .00138800  00000-0  11472-2 0  9997
2 45113  51.6313  24.2138 0003339 328.4502  31.6294 15.69333232168183
1 45113U 19071C   23027.37338929  .00138800  00000-0  11472-2 0  9997
2 45113  51.6313  24.2138 0003339 328.4502  31.6294 15.69333232168183
1 45113U 19071C   23028.39215252  .00145686  00000-0  11885-2 0  9991
2 45113  51.6313  19.0167 0003056 333.1007  26.9831 15.69624960168349
1 45113U 19071C   23028.39215252  .00145686  00000-0  11885-2 0  9991
2 45113  51.6313  19.0167 0003056 333.1007  26.9831 15.69624960168349
1 45113U 19071C   23029.34707371  .00131950  00000-0  10672-2 0  9997
2 45113  51.6315  14.1431 0002858 337.9626  22.1248 15.69884004168492
1 45113U 19071C   23029.34707371  .00131950  00000-0  10672-2 0  9997
2 45113  51.6315  14.1431 0002858 337.9626  22.1248 15.69884004168492
1 45113U 19071C   23030.36549020  .00122551  00000-0  98217-3 0  9995
2 45113  51.6313   8.9437 0002601 342.5259  17.5648 15.70140250168657
1 45113U 19071C   23030.36549020  .00122551  00000-0  98217-3 0  9995
2 45113  51.6313   8.9437 0002601 342.5259  17.5648 15.70140250168657
1 45113U 19071C   23031.32010486  .00133333  00000-0  10560-2 0  9995
2 45113  51.6316   4.0677 0002360 346.3173  13.7760 15.70384801168804
1 45113U 19071C   23031.32010486  .00133333  00000-0  10560-2 0  9995
2 45113  51.6316   4.0677 0002360 346.3173  13.7760 15.70384801168804
1 45113U 19071C   23032.27456175  .00139575  00000-0  10920-2 0  9993
2 45113  51.6311 359.1909 0002173 349.0016  11.0934 15.70655649168950
1 45113U 19071C   23032.27456175  .00139575  00000-0  10920-2 0  9993
2 45113  51.6311 359.1909 0002173 349.0016  11.0934 15.70655649168950
1 45113U 19071C   23033.29246865  .00167964  00000-0  12926-2 0  9990
2 45113  51.6309 353.9877 0001899 352.1761   7.9207 15.70951556169111
1 45113U 19071C   23033.29246865  .00167964  00000-0  12926-2 0  9990
2 45113  51.6309 353.9877 0001899 352.1761   7.9207 15.70951556169111
1 45113U 19071C   23034.24657824  .00144733  00000-0  11047-2 0  9999
2 45113  51.6305 349.1086 0001671 355.8355   4.2628 15.71228424169268
1 45113U 19071C   23034.24657824  .00144733  00000-0  11047-2 0  9999
2 45113  51.6305 349.1086 0001671 355.8355   4.2628 15.71228424169268
1 45113U 19071C   23035.26410558  .00164912  00000-0  12384-2 0  9999
2 45113  51.6308 343.9027 0001326 359.0502   1.0493 15.71545984169421
1 45113U 19071C   23036.21784349  .00148283  00000-0  11020-2 0  9996
2 45113  51.6311 339.0210 0001084   3.3816 356.7190 15.71850220169575
1 45113U 19071C   23036.21784349  .00148283  00000-0  11020-2 0  9996
2 45113  51.6311 339.0210 0001084   3.3816 356.7190 15.71850220169575
1 45113U 19071C   23037.10783512  .00164161  00000-0  12027-2 0  9997
2 45113  51.6313 334.4643 0000849   1.2528 358.8472 15.72133545169718
1 45113U 19071C   23037.23496285  .00183957  00000-0  13410-2 0  9990
2 45113  51.6314 333.8131 0000766   2.9422 357.1581 15.72186062169730
1 45113U 19071C   23037.23496285  .00183957  00000-0  13410-2 0  9990
2 45113  51.6314 333.8131 0000766   2.9422 357.1581 15.72186062169730
1 45113U 19071C   23038.18829152  .00221015  00000-0  15768-2 0  9994
2 45113  51.6317 328.9282 0000666   2.1762 357.9239 15.72575671169885
1 45113U 19071C   23038.18829152  .00221015  00000-0  15768-2 0  9994
2 45113  51.6317 328.9282 0000666   2.1762 357.9239 15.72575671169885
1 45113U 19071C   23039.20489613  .00232003  00000-0  16202-2 0  9995
2 45113  51.6306 323.7171 0000325 348.5328  11.5663 15.73042990170048
1 45113U 19071C   23039.20489613  .00232003  00000-0  16202-2 0  9995
2 45113  51.6306 323.7171 0000325 348.5328  11.5663 15.73042990170048
1 45113U 19071C   23040.15768124  .00251197  00000-0  17158-2 0  9994
2 45113  51.6304 318.8289 0000206 303.9285  56.1694 15.73502255170196
1 45113U 19071C   23040.15768124  .00251197  00000-0  17158-2 0  9994
2 45113  51.6304 318.8289 0000206 303.9285  56.1694 15.73502255170196
1 45113U 19071C   23041.11017957  .00269447  00000-0  17983-2 0  9995
2 45113  51.6297 313.9389 0000343 244.1190 115.9773 15.73987234170340
1 45113U 19071C   23041.11017957  .00269447  00000-0  17983-2 0  9995
2 45113  51.6297 313.9389 0000343 244.1190 115.9773 15.73987234170340
1 45113U 19071C   23041.93542991  .00280085  00000-0  18309-2 0  9990
2 45113  51.6298 309.6989 0000584 239.9774 120.1167 15.74437395170474
1 45113U 19071C   23041.99890099  .00289544  00000-0  18873-2 0  9996
2 45113  51.6297 309.3727 0000598 238.2760 121.8181 15.74475930170484
1 45113U 19071C   23042.76044315  .00275642  00000-0  17680-2 0  9993
2 45113  51.6290 305.4573 0000781 235.7653 124.3272 15.74889013170604
1 45113U 19071C   23043.01424496  .00266309  00000-0  16998-2 0  9995
2 45113  51.6287 304.1519 0000898 233.3984 126.6933 15.75029458170649
1 45113U 19071C   23043.01424496  .00266309  00000-0  16998-2 0  9995
2 45113  51.6287 304.1519 0000898 233.3984 126.6933 15.75029458170649
1 45113U 19071C   23043.71208858  .00283838  00000-0  17783-2 0  9993
2 45113  51.6291 300.5619 0001147 229.2517 130.8383 15.75405513170757
1 45113U 19071C   23044.40976336  .00275126  00000-0  16974-2 0  9995
2 45113  51.6287 296.9696 0001331 233.5795 126.5082 15.75783468170864
1 45113U 19071C   23044.72683505  .00266569  00000-0  16347-2 0  9998
2 45113  51.6286 295.3367 0001444 234.6716 125.4148 15.75946453170913
1 45113U 19071C   23045.10727638  .00272762  00000-0  16566-2 0  9992
2 45113  51.6285 293.3767 0001601 235.1074 124.9775 15.76148673170977
1 45113U 19071C   23045.67784838  .00291510  00000-0  17428-2 0  9999
2 45113  51.6287 290.4361 0001860 240.0351 120.0464 15.76452622171062
1 45113U 19071C   23045.67784838  .00291510  00000-0  17428-2 0  9999
2 45113  51.6287 290.4361 0001860 240.0351 120.0464 15.76452622171062
1 45113U 19071C   23045.93140057  .00268685  00000-0  16019-2 0  9999
2 45113  51.6289 289.1290 0001908 241.2408 118.8401 15.76581342171102
1 45113U 19071C   23045.93140057  .00268685  00000-0  16019-2 0  9999
2 45113  51.6289 289.1290 0001908 241.2408 118.8401 15.76581342171102
1 45113U 19071C   23046.88201502  .00332167  00000-0  19153-2 0  9996
2 45113  51.6286 284.2258 0002105 245.6489 114.4292 15.77156183171254
1 45113U 19071C   23046.88201502  .00332167  00000-0  19153-2 0  9996
2 45113  51.6286 284.2258 0002105 245.6489 114.4292 15.77156183171254
1 45113U 19071C   23047.64224316  .00335674  00000-0  18932-2 0  9999
2 45113  51.6287 280.3017 0002270 249.4260 110.6497 15.77644106171372
1 45113U 19071C   23048.02226979  .00312994  00000-0  17516-2 0  9996
2 45113  51.6282 278.3385 0002430 251.5182 108.5554 15.77882000171431
1 45113U 19071C   23048.33891746  .00274632  00000-0  15326-2 0  9993
2 45113  51.6280 276.7026 0002513 252.9752 107.0973 15.78052827171484
1 45113U 19071C   23048.33891746  .00274632  00000-0  15326-2 0  9993
2 45113  51.6280 276.7026 0002513 252.9752 107.0973 15.78052827171484
1 45113U 19071C   23048.84548341  .00259718  00000-0  14349-2 0  9991
2 45113  51.6275 274.0850 0002799 254.4762 105.5929 15.78318827171566
1 45113U 19071C   23048.84548341  .00259718  00000-0  14349-2 0  9991
2 45113  51.6275 274.0850 0002799 254.4762 105.5929 15.78318827171566
1 45113U 19071C   23049.85837662  .00238122  00000-0  12909-2 0  9996
2 45113  51.6274 268.8474 0003031 261.1965  98.8692 15.78801380171728
1 45113U 19071C   23050.61784112  .00239736  00000-0  12779-2 0  9990
2 45113  51.6265 264.9177 0003249 265.5836  94.4794 15.79170005171843
1 45113U 19071C   23050.61784112  .00239736  00000-0  12779-2 0  9990
2 45113  51.6265 264.9177 0003249 265.5836  94.4794 15.79170005171843
1 45113U 19071C   23051.56691895  .00262176  00000-0  13640-2 0  9992
2 45113  51.6267 260.0040 0003500 271.3283  88.7318 15.79641614171995
1 45113U 19071C   23051.94647045  .00247285  00000-0  12779-2 0  9998
2 45113  51.6263 258.0379 0003664 274.1162  85.9420 15.79830747172059
1 45113U 19071C   23052.57894896  .00292216  00000-0  14776-2 0  9999
2 45113  51.6257 254.7601 0003879 278.4235  81.6327 15.80182752172157
1 45113U 19071C   23052.57894896  .00292216  00000-0  14776-2 0  9999
2 45113  51.6257 254.7601 0003879 278.4235  81.6327 15.80182752172157
1 45113U 19071C   23052.83189859  .00293942  00000-0  14756-2 0  9999
2 45113  51.6258 253.4491 0004018 279.3485  80.7063 15.80336050172197
1 45113U 19071C   23052.83189859  .00293942  00000-0  14756-2 0  9999
2 45113  51.6258 253.4491 0004018 279.3485  80.7063 15.80336050172197
1 45113U 19071C   23053.59061225  .00271534  00000-0  13409-2 0  9996
2 45113  51.6257 249.5134 0004305 284.2902  75.7621 15.80754394172317
1 45113U 19071C   23053.59061225  .00271534  00000-0  13409-2 0  9996
2 45113  51.6257 249.5134 0004305 284.2902  75.7621 15.80754394172317
1 45113U 19071C   23054.53871529  .00334468  00000-0  15966-2 0  9993
2 45113  51.6253 244.5918 0004592 289.8416  70.2091 15.81320582172463
1 45113U 19071C   23054.53871529  .00334468  00000-0  15966-2 0  9993
2 45113  51.6253 244.5918 0004592 289.8416  70.2091 15.81320582172463
1 45113U 19071C   23054.79148679  .00306934  00000-0  14610-2 0  9996
2 45113  51.6255 243.2789 0004667 291.0668  68.9834 15.81454912172503
1 45113U 19071C   23054.79148679  .00306934  00000-0  14610-2 0  9996
2 45113  51.6255 243.2789 0004667 291.0668  68.9834 15.81454912172503
1 45113U 19071C   23055.23377500  .00332045  00000-0  15546-2 0  9994
2 45113  51.6257 240.9815 0004860 294.4307  65.6188 15.81744662172578
1 45113U 19071C   23055.54964831  .00282857  00000-0  13213-2 0  9991
2 45113  51.6258 239.3400 0004945 296.3644  63.6850 15.81923484172621
1 45113U 19071C   23055.54964831  .00282857  00000-0  13213-2 0  9991
2 45113  51.6258 239.3400 0004945 296.3644  63.6850 15.81923484172621
1 45113U 19071C   23055.73915406  .00276739  00000-0  12871-2 0  9997
2 45113  51.6260 238.3551 0005059 296.7705  63.2779 15.82032888172658
1 45113U 19071C   23056.74963598  .00305746  00000-0  13787-2 0  9992
2 45113  51.6271 233.1006 0005474 303.1147  56.9329 15.82616454172817
1 45113U 19071C   23056.74963598  .00305746  00000-0  13787-2 0  9992
2 45113  51.6271 233.1006 0005474 303.1147  56.9329 15.82616454172817
1 45113U 19071C   23057.19159689  .00353949  00000-0  15640-2 0  9998
2 45113  51.6271 230.8010 0005609 305.8757  54.1725 15.82923586172886
1 45113U 19071C   23057.50723008  .00371436  00000-0  16202-2 0  9991
2 45113  51.6262 229.1584 0005735 307.2522  52.7957 15.83153006172939
1 45113U 19071C   23057.88593288  .00336198  00000-0  14555-2 0  9992
2 45113  51.6256 227.1867 0006022 308.3712  51.6749 15.83400809172996
1 45113U 19071C   23058.45385640  .00467444  00000-0  19466-2 0  9992
2 45113  51.6257 224.2279 0006266 311.7519  48.2948 15.83890241173082
1 45113U 19071C   23058.45385640  .00467444  00000-0  19466-2 0  9992
2 45113  51.6257 224.2279 0006266 311.7519  48.2948 15.83890241173082
1 45113U 19071C   23058.64312041  .00557464  00000-0  22735-2 0  9993
2 45113  51.6258 223.2415 0006287 312.5455  47.5017 15.84107827173110
1 45113U 19071C   23059.14771038  .00529383  00000-0  21138-2 0  9999
2 45113  51.6252 220.6096 0006439 315.3062  44.7422 15.84620441173193
1 45113U 19071C   23059.46299971  .00486401  00000-0  19251-2 0  9991
2 45113  51.6246 218.9642 0006427 316.4334  43.6161 15.84910503173249
1 45113U 19071C   23059.46299971  .00486401  00000-0  19251-2 0  9991
2 45113  51.6246 218.9642 0006427 316.4334  43.6161 15.84910503173249
1 45113U 19071C   23059.71519243  .00428243  00000-0  16904-2 0  9998
2 45113  51.6244 217.6472 0006574 317.6362  42.4133 15.85107572173286
1 45113U 19071C   23059.71519243  .00428243  00000-0  16904-2 0  9998
2 45113  51.6244 217.6472 0006574 317.6362  42.4133 15.85107572173286
1 45113U 19071C   23060.59761395  .00419747  00000-0  16020-2 0  9991
2 45113  51.6247 213.0374 0007206 321.9986  38.0509 15.85822017173425
1 45113U 19071C   23060.59761395  .00419747  00000-0  16020-2 0  9991
2 45113  51.6247 213.0374 0007206 321.9986  38.0509 15.85822017173425
1 45113U 19071C   23061.60560195  .00458547  00000-0  16719-2 0  9995
2 45113  51.6240 207.7653 0007735 327.3038  32.7486 15.86664706173585
1 45113U 19071C   23061.60560195  .00458547  00000-0  16719-2 0  9995
2 45113  51.6240 207.7653 0007735 327.3038  32.7486 15.86664706173585
1 45113U 19071C   23062.42417427  .00549316  00000-0  19056-2 0  9997
2 45113  51.6238 203.4789 0008054 331.8324  28.2244 15.87463891173718
1 45113U 19071C   23062.42417427  .00549316  00000-0  19056-2 0  9997
2 45113  51.6238 203.4789 0008054 331.8324  28.2244 15.87463891173718
1 45113U 19071C   23062.67595336  .00582789  00000-0  19863-2 0  9997
2 45113  51.6236 202.1591 0008126 332.3799  27.6773 15.87744255173755
1 45113U 19071C   23062.67595336  .00582789  00000-0  19863-2 0  9997
2 45113  51.6236 202.1591 0008126 332.3799  27.6773 15.87744255173755
1 45113U 19071C   23063.36811838  .00630193  00000-0  20546-2 0  9995
2 45113  51.6240 198.5291 0008521 335.4618  24.5980 15.88527846173862
1 45113U 19071C   23063.36811838  .00630193  00000-0  20546-2 0  9995
2 45113  51.6240 198.5291 0008521 335.4618  24.5980 15.88527846173862
1 45113U 19071C   23063.74551888  .00569537  13393-3  19613-2 0  9991
2 45113  51.6239 196.5479 0008675 337.2431  22.8189 15.88952320173927
1 45113U 19071C   23063.74551888  .00569537  13393-3  19613-2 0  9991
2 45113  51.6239 196.5479 0008675 337.2431  22.8189 15.88952320173927
1 45113U 19071C   23064.05994361  .00556083  12842-3  18820-2 0  9992
2 45113  51.6236 194.8963 0008913 339.1804  20.8837 15.89294619173977
1 45113U 19071C   23064.37429594  .00590694  14497-3  19608-2 0  9997
2 45113  51.6233 193.2444 0009062 340.4058  19.6598 15.89672070174021
1 45113U 19071C   23064.37429594  .00590694  14497-3  19608-2 0  9997
2 45113  51.6233 193.2444 0009062 340.4058  19.6598 15.89672070174021
1 45113U 19071C   23064.75141806  .00635095  16814-3  20572-2 0  9998
2 45113  51.6236 191.2614 0009202 341.9312  18.1365 15.90149438174087
1 45113U 19071C   23064.75141806  .00635095  16814-3  20572-2 0  9998
2 45113  51.6236 191.2614 0009202 341.9312  18.1365 15.90149438174087
1 45113U 19071C   23065.06559665  .00649700  17681-3  20600-2 0  9992
2 45113  51.6236 189.6083 0009344 343.2199  16.8497 15.90565230174132
1 45113U 19071C   23065.37969270  .00675426  19212-3  20950-2 0  9997
2 45113  51.6235 187.9543 0009384 344.2106  15.8606 15.90992807174186
1 45113U 19071C   23065.37969270  .00675426  19212-3  20950-2 0  9997
2 45113  51.6235 187.9543 0009384 344.2106  15.8606 15.90992807174186
1 45113U 19071C   23066.32148424  .00711434  21690-3  20646-2 0  9998
2 45113  51.6236 182.9896 0009835 348.0820  11.9952 15.92269828174339
1 45113U 19071C   23066.69798396  .00746144  24083-3  21039-2 0  9999
2 45113  51.6235 181.0021 0010020 349.9742  10.1064 15.92817553174394
1 45113U 19071C   23066.69798396  .00746144  24083-3  21039-2 0  9999
2 45113  51.6235 181.0021 0010020 349.9742  10.1064 15.92817553174394
1 45113U 19071C   23067.32520367  .00685140  20461-3  18454-2 0  9992
2 45113  51.6232 177.6881 0010320 352.5883   7.4970 15.93676403174499
1 45113U 19071C   23067.32520367  .00685140  20461-3  18454-2 0  9992
2 45113  51.6232 177.6881 0010320 352.5883   7.4970 15.93676403174499
1 45113U 19071C   23068.64114014  .00920683  39092-3  22096-2 0  9997
2 45113  51.6220 170.7185 0010543 357.8799   2.2163 15.95841576174706
1 45113U 19071C   23068.64114014  .00920683  39092-3  22096-2 0  9997
2 45113  51.6220 170.7185 0010543 357.8799   2.2163 15.95841576174706
1 45113U 19071C   23069.45482282  .00925962  40449-3  20487-2 0  9997
2 45113  51.6215 166.3979 0010658   0.6078 359.4942 15.97320632174835
1 45113U 19071C   23069.64248987  .00875190  35998-3  19009-2 0  9998
2 45113  51.6214 165.4000 0010869   1.3252 358.7784 15.97640375174863
1 45113U 19071C   23069.64248987  .00875190  35998-3  19009-2 0  9998
2 45113  51.6214 165.4000 0010869   1.3252 358.7784 15.97640375174863
1 45113U 19071C   23070.26774423  .00981280  46987-3  19927-2 0  9994
2 45113  51.6204 162.0717 0011062   3.6791 356.4298 15.98854972174966
1 45113U 19071C   23070.64266542  .00967914  46128-3  18841-2 0  9993
2 45113  51.6202 160.0730 0011102   4.8905 355.2211 15.99596795175029
1 45113U 19071C   23070.64266542  .00967914  46128-3  18841-2 0  9993
2 45113  51.6202 160.0730 0011102   4.8905 355.2211 15.99596795175029
1 45113U 19071C   23071.26715159  .01072859  59164-3  19444-2 0  9995
2 45113  51.6197 156.7387 0011125   6.9943 353.1221 16.00864879175125
1 45113U 19071C   23071.26715159  .01072859  59164-3  19444-2 0  9995
2 45113  51.6197 156.7387 0011125   6.9943 353.1221 16.00864879175125
1 45113U 19071C   23071.45440108  .01071372  59353-3  18996-2 0  9995
2 45113  51.6196 155.7378 0011102   7.5623 352.5552 16.01242532175150
1 45113U 19071C   23071.45440108  .01071372  59353-3  18996-2 0  9995
2 45113  51.6196 155.7378 0011102   7.5623 352.5552 16.01242532175150
1 45113U 19071C   23072.20291937  .01073166  61249-3  17294-2 0  9993
2 45113  51.6192 151.7310 0011018  10.4616 349.6622 16.02868882175270
1 45113U 19071C   23072.26526156  .01070273  61019-3  17109-2 0  9999
2 45113  51.6191 151.3968 0011005  10.6759 349.4484 16.03003667175288
1 45113U 19071C   23072.57688919  .01130367  69963-3  17330-2 0  9992
2 45113  51.6189 149.7256 0011076  11.8060 348.3209 16.03719044175334
1 45113U 19071C   23072.57688919  .01130367  69963-3  17330-2 0  9992
2 45113  51.6189 149.7256 0011076  11.8060 348.3209 16.03719044175334
1 45113U 19071C   23073.19971858  .01274319  95149-3  17877-2 0  9995
2 45113  51.6186 146.3800 0011024  14.1467 345.9852 16.05238499175439
1 45113U 19071C   23073.44868446  .01254798  92823-3  16951-2 0  9998
2 45113  51.6185 145.0404 0010935  15.1683 344.9655 16.05846024175478
1 45113U 19071C   23073.44868446  .01254798  92823-3  16951-2 0  9998
2 45113  51.6185 145.0404 0010935  15.1683 344.9655 16.05846024175478
1 45113U 19071C   23074.19490499  .01614770  18204-2  19101-2 0  9990
2 45113  51.6178 141.0168 0010582  17.6740 342.4639 16.08184334175592
1 45113U 19071C   23074.38128190  .01691989  20915-2  19273-2 0  9996
2 45113  51.6178 140.0099 0010458  18.3433 341.7956 16.08842846175620
1 45113U 19071C   23074.38128190  .01691989  20915-2  19273-2 0  9996
2 45113  51.6178 140.0099 0010458  18.3433 341.7956 16.08842846175620
1 45113U 19071C   23074.87788791  .01757991  24342-2  17838-2 0  9998
2 45113  51.6168 137.3202 0010042  19.0343 341.1045 16.10707858175709
1 45113U 19071C   23075.18796388  .01983472  35801-2  18798-2 0  9997
2 45113  51.6161 135.6377 0009917  19.0475 341.0909 16.12017885175750
1 45113U 19071C   23075.37388923  .02094436  43613-2  19030-2 0  9994
2 45113  51.6158 134.6272 0009670  19.5277 340.6106 16.12840376175786
1 45113U 19071C   23075.37388923  .02094436  43613-2  19030-2 0  9994
2 45113  51.6158 134.6272 0009670  19.5277 340.6106 16.12840376175786
1 45113U 19071C   23076.24031728  .02227364  63376-2  16024-2 0  9995
2 45113  51.6133 129.9019 0008774  22.1218 338.0176 16.16693104175927
1 45113U 19071C   23076.54921826  .02695656  11834-4  15253-2 0  9995
2 45113  51.6130 128.2108 0008192  21.7176 338.4187 16.18361591175972
1 45113U 19071C   23076.54921826  .02695656  11834-4  15253-2 0  9995
2 45113  51.6130 128.2108 0008192  21.7176 338.4187 16.18361591175972
1 45113U 19071C   23076.85778566  .03095317  11887-4  15161-2 0  9995
2 45113  51.6123 126.5172 0007741  21.5236 338.6106 16.20244031176022
1 45113U 19071C   23076.85778566  .03095317  11887-4  15161-2 0  9995
2 45113  51.6123 126.5172 0007741  21.5236 338.6106 16.20244031176022
1 45113U 19071C   23077.16596395  .03597024  11948-4  14811-2 0  9999
2 45113  51.6116 124.8209 0006950  21.2669 338.8638 16.22432781176074
1 45113U 19071C   23077.35065882  .03964643  11991-4  14428-2 0  9999
2 45113  51.6112 123.8014 0006399  20.6751 339.4527 16.23937416176109
1 45113U 19071C   23077.35065882  .03964643  11991-4  14428-2 0  9999
2 45113  51.6112 123.8014 0006399  20.6751 339.4527 16.23937416176109
1 45113U 19071C   23078.14843547  .07701185  12290-4  10996-2 0  9992
2 45113  51.6071 119.3652 0003519   5.1608 354.9451 16.34008742176236
1 45113U 19071C   23078.33163040  .09910951  12392-4  87944-3 0  9992
2 45113  51.6072 118.3346 0002391   0.6771 359.4257 16.38334374176268
1 45113U 19071C   23078.33163040  .09910951  12392-4  87944-3 0  9992
2 45113  51.6072 118.3346 0002391   0.6771 359.4257 16.38334374176268
