1 45117U 19071G   22365.13448008  .00207947  00000-0  14032-2 0  9993
2 45117  51.6264 149.8069 0007412 219.3145 140.7317 15.73891685164074
1 45117U 19071G   22365.51542215  .00195156  00000-0  13101-2 0  9994
2 45117  51.6259 147.8503 0007235 221.4928 138.5522 15.74052987164130
1 45117U 19071G   22365.51542215  .00195156  00000-0  13101-2 0  9994
2 45117  51.6259 147.8503 0007235 221.4928 138.5522 15.74052987164130
1 45117U 19071G   22365.76936489  .00184026  00000-0  12326-2 0  9993
2 45117  51.6269 146.5472 0007141 224.5358 135.5068 15.74141008164178
1 45117U 19071G   22365.76936489  .00184026  00000-0  12326-2 0  9993
2 45117  51.6269 146.5472 0007141 224.5358 135.5068 15.74141008164178
1 45117U 19071G   23001.53109838  .00192906  00000-0  12743-2 0  9995
2 45117  51.6269 142.6332 0006932 229.5855 130.4539 15.74435893164292
1 45117U 19071G   23001.53109838  .00192906  00000-0  12743-2 0  9995
2 45117  51.6269 142.6332 0006932 229.5855 130.4539 15.74435893164292
1 45117U 19071G   23001.84844548  .00186218  00000-0  12249-2 0  9993
2 45117  51.6268 141.0020 0006915 232.1921 127.8453 15.74555241164344
1 45117U 19071G   23001.84844548  .00186218  00000-0  12249-2 0  9993
2 45117  51.6268 141.0020 0006915 232.1921 127.8453 15.74555241164344
1 45117U 19071G   23002.10230578  .00191773  00000-0  12553-2 0  9995
2 45117  51.6271 139.6966 0006792 233.7361 126.3011 15.74651575164383
1 45117U 19071G   23002.48306524  .00210253  00000-0  13634-2 0  9997
2 45117  51.6273 137.7392 0006686 236.9281 123.1077 15.74812163164441
1 45117U 19071G   23002.48306524  .00210253  00000-0  13634-2 0  9997
2 45117  51.6273 137.7392 0006686 236.9281 123.1077 15.74812163164441
1 45117U 19071G   23002.73688559  .00181646  00000-0  11781-2 0  9990
2 45117  51.6273 136.4339 0006610 238.6721 121.3632 15.74897327164489
1 45117U 19071G   23002.73688559  .00181646  00000-0  11781-2 0  9990
2 45117  51.6273 136.4339 0006610 238.6721 121.3632 15.74897327164489
1 45117U 19071G   23003.62514096  .00173138  00000-0  11090-2 0  9993
2 45117  51.6271 131.8638 0006393 243.6590 116.3753 15.75212896164623
1 45117U 19071G   23003.62514096  .00173138  00000-0  11090-2 0  9993
2 45117  51.6271 131.8638 0006393 243.6590 116.3753 15.75212896164623
1 45117U 19071G   23003.81545839  .00176589  00000-0  11271-2 0  9997
2 45117  51.6266 130.8843 0006371 245.1000 114.9337 15.75283488164653
1 45117U 19071G   23004.32292714  .00230867  00000-0  14494-2 0  9995
2 45117  51.6270 128.2720 0006309 248.3662 111.6666 15.75496727164733
1 45117U 19071G   23004.32292714  .00230867  00000-0  14494-2 0  9995
2 45117  51.6270 128.2720 0006309 248.3662 111.6666 15.75496727164733
1 45117U 19071G   23004.57663262  .00258620  00000-0  16086-2 0  9998
2 45117  51.6269 126.9658 0006290 250.0312 110.0010 15.75628268164774
1 45117U 19071G   23004.57663262  .00258620  00000-0  16086-2 0  9998
2 45117  51.6269 126.9658 0006290 250.0312 110.0010 15.75628268164774
1 45117U 19071G   23005.46445195  .00191332  00000-0  11805-2 0  9990
2 45117  51.6270 122.3932 0006073 256.4404 103.5919 15.76014819164915
1 45117U 19071G   23005.46445195  .00191332  00000-0  11805-2 0  9990
2 45117  51.6270 122.3932 0006073 256.4404 103.5919 15.76014819164915
1 45117U 19071G   23005.71807410  .00202817  00000-0  12430-2 0  9996
2 45117  51.6270 121.0870 0006066 258.6418 101.3900 15.76132568164955
1 45117U 19071G   23005.71807410  .00202817  00000-0  12430-2 0  9996
2 45117  51.6270 121.0870 0006066 258.6418 101.3900 15.76132568164955
1 45117U 19071G   23006.66898022  .00212571  00000-0  12752-2 0  9995
2 45117  51.6273 116.1859 0005919 265.7160  94.3164 15.76590299165109
1 45117U 19071G   23006.66898022  .00212571  00000-0  12752-2 0  9995
2 45117  51.6273 116.1859 0005919 265.7160  94.3164 15.76590299165109
1 45117U 19071G   23007.55625510  .00243656  00000-0  14294-2 0  9995
2 45117  51.6273 111.6099 0005738 272.0289  88.0054 15.77005471165244
1 45117U 19071G   23007.55625510  .00243656  00000-0  14294-2 0  9995
2 45117  51.6273 111.6099 0005738 272.0289  88.0054 15.77005471165244
1 45117U 19071G   23009.52012248  .00241472  00000-0  13610-2 0  9997
2 45117  51.6269 101.4720 0005413 287.8196  72.2214 15.77913829165550
1 45117U 19071G   23009.64678413  .00231750  00000-0  13045-2 0  9992
2 45117  51.6268 100.8173 0005417 288.7427  71.2985 15.77971049165579
1 45117U 19071G   23009.64678413  .00231750  00000-0  13045-2 0  9992
2 45117  51.6268 100.8173 0005417 288.7427  71.2985 15.77971049165579
1 45117U 19071G   23009.96341685  .00245186  00000-0  13684-2 0  9992
2 45117  51.6264  99.1817 0005479 292.5932  67.4489 15.78122812165621
1 45117U 19071G   23010.46996476  .00253425  00000-0  13971-2 0  9997
2 45117  51.6259  96.5635 0005462 295.9792  64.0646 15.78373783165709
1 45117U 19071G   23010.46996476  .00253425  00000-0  13971-2 0  9997
2 45117  51.6259  96.5635 0005462 295.9792  64.0646 15.78373783165709
1 45117U 19071G   23010.84982095  .00287117  00000-0  15614-2 0  9992
2 45117  51.6258  94.5994 0005412 298.9517  61.0941 15.78583296165760
1 45117U 19071G   23011.48280372  .00283737  00000-0  15199-2 0  9994
2 45117  51.6260  91.3250 0005353 303.9063  56.1428 15.78928247165865
1 45117U 19071G   23011.48280372  .00283737  00000-0  15199-2 0  9994
2 45117  51.6260  91.3250 0005353 303.9063  56.1428 15.78928247165865
1 45117U 19071G   23011.79924100  .00287545  00000-0  15269-2 0  9991
2 45117  51.6258  89.6873 0005327 306.6423  53.4088 15.79111343165914
1 45117U 19071G   23011.79924100  .00287545  00000-0  15269-2 0  9991
2 45117  51.6258  89.6873 0005327 306.6423  53.4088 15.79111343165914
1 45117U 19071G   23011.92580606  .00288836  00000-0  15286-2 0  9998
2 45117  51.6257  89.0330 0005367 308.5471  51.5049 15.79182081165938
1 45117U 19071G   23012.49527485  .00302490  00000-0  15741-2 0  9996
2 45117  51.6255  86.0846 0005291 312.4828  47.5725 15.79517277166027
1 45117U 19071G   23012.49527485  .00302490  00000-0  15741-2 0  9996
2 45117  51.6255  86.0846 0005291 312.4828  47.5725 15.79517277166027
1 45117U 19071G   23013.00136826  .00305672  00000-0  15687-2 0  9993
2 45117  51.6258  83.4630 0005318 316.6142  43.4440 15.79814426166101
1 45117U 19071G   23013.44411896  .00320539  00000-0  16214-2 0  9990
2 45117  51.6259  81.1687 0005287 320.2553  39.8060 15.80091534166174
1 45117U 19071G   23013.44411896  .00320539  00000-0  16214-2 0  9990
2 45117  51.6259  81.1687 0005287 320.2553  39.8060 15.80091534166174
1 45117U 19071G   23013.88679033  .00331390  00000-0  16523-2 0  9997
2 45117  51.6257  78.8735 0005267 323.9633  36.1013 15.80378069166243
1 45117U 19071G   23014.20293392  .00384009  00000-0  18826-2 0  9997
2 45117  51.6253  77.2337 0005228 325.9218  34.1447 15.80607277166298
1 45117U 19071G   23014.45581669  .00381323  00000-0  18551-2 0  9992
2 45117  51.6256  75.9223 0005200 327.8485  32.2199 15.80782263166334
1 45117U 19071G   23014.77188039  .00335840  00000-0  16273-2 0  9993
2 45117  51.6256  74.2818 0005254 330.4579  29.6125 15.80989255166383
1 45117U 19071G   23015.53024400  .00403316  00000-0  18865-2 0  9992
2 45117  51.6259  70.3447 0005134 336.8980  23.1790 15.81577543166509
1 45117U 19071G   23015.53024400  .00403316  00000-0  18865-2 0  9992
2 45117  51.6259  70.3447 0005134 336.8980  23.1790 15.81577543166509
1 45117U 19071G   23015.84614066  .00428785  00000-0  19744-2 0  9993
2 45117  51.6257  68.7036 0005087 339.2678  20.8117 15.81850592166550
1 45117U 19071G   23015.84614066  .00428785  00000-0  19744-2 0  9993
2 45117  51.6257  68.7036 0005087 339.2678  20.8117 15.81850592166550
1 45117U 19071G   23016.35146067  .00454787  00000-0  20444-2 0  9991
2 45117  51.6250  66.0770 0005036 341.7914  18.2908 15.82300988166632
1 45117U 19071G   23016.35146067  .00454787  00000-0  20444-2 0  9991
2 45117  51.6250  66.0770 0005036 341.7914  18.2908 15.82300988166632
1 45117U 19071G   23016.66721895  .00403147  00000-0  18035-2 0  9990
2 45117  51.6252  64.4347 0005060 343.1964  16.8870 15.82536972166685
1 45117U 19071G   23016.66721895  .00403147  00000-0  18035-2 0  9990
2 45117  51.6252  64.4347 0005060 343.1964  16.8870 15.82536972166685
1 45117U 19071G   23016.98293031  .00420688  00000-0  18568-2 0  9991
2 45117  51.6256  62.7916 0005249 346.2353  13.8506 15.82779051166733
1 45117U 19071G   23017.48797036  .00374266  00000-0  16333-2 0  9999
2 45117  51.6257  60.1631 0005248 349.8743  10.2153 15.83138779166816
1 45117U 19071G   23017.48797036  .00374266  00000-0  16333-2 0  9999
2 45117  51.6257  60.1631 0005248 349.8743  10.2153 15.83138779166816
1 45117U 19071G   23017.92978688  .00365144  00000-0  15723-2 0  9999
2 45117  51.6251  57.8625 0005229 353.7672   6.3265 15.83446350166884
1 45117U 19071G   23018.30841198  .00466448  00000-0  19542-2 0  9999
2 45117  51.6253  55.8904 0005056 356.4872   3.6094 15.83771987166948
1 45117U 19071G   23018.43460365  .00465213  00000-0  19398-2 0  9994
2 45117  51.6253  55.2330 0005037 358.2086   1.8898 15.83875439166962
1 45117U 19071G   23018.43460365  .00465213  00000-0  19398-2 0  9994
2 45117  51.6253  55.2330 0005037 358.2086   1.8898 15.83875439166962
1 45117U 19071G   23019.00235744  .00446533  00000-0  18239-2 0  9996
2 45117  51.6252  52.2731 0005059   2.1720 357.9304 15.84356376167050
1 45117U 19071G   23019.31770395  .00402163  00000-0  16324-2 0  9990
2 45117  51.6251  50.6282 0004983   4.7137 355.3912 15.84598724167105
1 45117U 19071G   23019.31770395  .00402163  00000-0  16324-2 0  9990
2 45117  51.6251  50.6282 0004983   4.7137 355.3912 15.84598724167105
1 45117U 19071G   23020.07432367  .00467260  00000-0  18240-2 0  9997
2 45117  51.6248  46.6784 0004912  10.7538 349.3570 15.85253611167227
1 45117U 19071G   23020.32646115  .00434273  00000-0  16853-2 0  9999
2 45117  51.6248  45.3613 0004849  13.3396 346.7735 15.85456956167269
1 45117U 19071G   23020.32646115  .00434273  00000-0  16853-2 0  9999
2 45117  51.6248  45.3613 0004849  13.3396 346.7735 15.85456956167269
1 45117U 19071G   23021.08266850  .00487464  00000-0  18201-2 0  9996
2 45117  51.6242  41.4087 0004718  20.4064 339.7128 15.86126758167387
1 45117U 19071G   23021.27166971  .00498955  00000-0  18448-2 0  9990
2 45117  51.6241  40.4202 0004685  22.1432 337.9773 15.86301569167410
1 45117U 19071G   23022.21635436  .00518753  00000-0  18306-2 0  9994
2 45117  51.6242  35.4752 0004558  30.0431 330.0834 15.87210489167560
1 45117U 19071G   23023.22342125  .00534639  00000-0  17944-2 0  9994
2 45117  51.6236  30.1962 0004334  40.2929 319.8396 15.88190967167720
1 45117U 19071G   23023.72672285  .00485138  00000-0  16008-2 0  9991
2 45117  51.6232  27.5542 0004306  44.1330 316.0018 15.88649047167805
1 45117U 19071G   23024.22985937  .00584766  00000-0  18539-2 0  9996
2 45117  51.6235  24.9131 0004425  48.4488 311.6896 15.89218600167887
1 45117U 19071G   23024.98425162  .00507663  10886-3  16649-2 0  9995
2 45117  51.6237  20.9479 0004307  56.1749 303.9667 15.89976681168000
1 45117U 19071G   23025.23563533  .00514517  11198-3  16653-2 0  9997
2 45117  51.6237  19.6255 0004300  59.6651 300.4780 15.90234543168048
1 45117U 19071G   23025.23563533  .00514517  11198-3  16653-2 0  9997
2 45117  51.6237  19.6255 0004300  59.6651 300.4780 15.90234543168048
1 45117U 19071G   23025.67545834  .00531704  11980-3  16810-2 0  9990
2 45117  51.6234  17.3101 0004246  65.5238 294.6210 15.90692162168111
1 45117U 19071G   23025.67545834  .00531704  11980-3  16810-2 0  9990
2 45117  51.6234  17.3101 0004246  65.5238 294.6210 15.90692162168111
1 45117U 19071G   23025.98954146  .00548386  12758-3  17046-2 0  9994
2 45117  51.6232  15.6561 0004166  68.9042 291.2409 15.91021227168168
1 45117U 19071G   23025.98954146  .00548386  12758-3  17046-2 0  9994
2 45117  51.6232  15.6561 0004166  68.9042 291.2409 15.91021227168168
1 45117U 19071G   23026.93138232  .00576416  14224-3  16976-2 0  9996
2 45117  51.6231  10.6919 0004074  82.6209 277.5261 15.92063063168310
1 45117U 19071G   23027.37069361  .00529611  12153-3  15214-2 0  9999
2 45117  51.6229   8.3738 0004048  88.3612 271.7858 15.92544993168383
1 45117U 19071G   23027.37069361  .00529611  12153-3  15214-2 0  9999
2 45117  51.6229   8.3738 0004048  88.3612 271.7858 15.92544993168383
1 45117U 19071G   23028.12349357  .00565699  13939-3  15546-2 0  9996
2 45117  51.6231   4.3976 0004089  96.5103 263.6370 15.93384442168502
1 45117U 19071G   23028.37433266  .00607260  16078-3  16406-2 0  9990
2 45117  51.6229   3.0713 0004180 100.4593 259.6886 15.93703538168546
1 45117U 19071G   23028.37433266  .00607260  16078-3  16406-2 0  9990
2 45117  51.6229   3.0713 0004180 100.4593 259.6886 15.93703538168546
1 45117U 19071G   23028.75050559  .00566641  14114-3  14968-2 0  9999
2 45117  51.6225   1.0815 0004200 105.3654 254.7818 15.94128902168603
1 45117U 19071G   23028.75050559  .00566641  14114-3  14968-2 0  9999
2 45117  51.6225   1.0815 0004200 105.3654 254.7818 15.94128902168603
1 45117U 19071G   23029.18924312  .00573713  14552-3  14744-2 0  9990
2 45117  51.6223 358.7595 0004213 109.9939 250.1523 15.94642424168678
1 45117U 19071G   23029.18924312  .00573713  14552-3  14744-2 0  9990
2 45117  51.6223 358.7595 0004213 109.9939 250.1523 15.94642424168678
1 45117U 19071G   23030.31678783  .00586937  15474-3  14051-2 0  9992
2 45117  51.6219 352.7832 0004494 123.9225 236.2211 15.95951750168851
1 45117U 19071G   23030.31678783  .00586937  15474-3  14051-2 0  9992
2 45117  51.6219 352.7832 0004494 123.9225 236.2211 15.95951750168851
1 45117U 19071G   23031.13054282  .00651143  19278-3  14762-2 0  9992
2 45117  51.6217 348.4625 0004767 132.7433 227.3978 15.96941743168980
1 45117U 19071G   23031.13054282  .00651143  19278-3  14762-2 0  9992
2 45117  51.6217 348.4625 0004767 132.7433 227.3978 15.96941743168980
1 45117U 19071G   23031.69360215  .00708276  23116-3  15396-2 0  9999
2 45117  51.6212 345.4687 0004998 138.8119 221.3267 15.97700701169078
1 45117U 19071G   23031.69360215  .00708276  23116-3  15396-2 0  9999
2 45117  51.6212 345.4687 0004998 138.8119 221.3267 15.97700701169078
