1 45118U 19071H   23001.00816992  .00213670  00000-0  12891-2 0  9990
2 45118  51.6269 143.6209 0006487 228.2734 131.7711 15.76453774164234
1 45118U 19071H   23001.00816992  .00213670  00000-0  12891-2 0  9990
2 45118  51.6269 143.6209 0006487 228.2734 131.7711 15.76453774164234
1 45118U 19071H   23001.89553125  .00206248  00000-0  12254-2 0  9999
2 45118  51.6272 139.0448 0006155 234.1819 125.8610 15.76825671164370
1 45118U 19071H   23001.89553125  .00206248  00000-0  12254-2 0  9999
2 45118  51.6272 139.0448 0006155 234.1819 125.8610 15.76825671164370
1 45118U 19071H   23002.78268312  .00209362  00000-0  12229-2 0  9991
2 45118  51.6266 134.4675 0005981 240.0381 120.0026 15.77202092164511
1 45118U 19071H   23002.78268312  .00209362  00000-0  12229-2 0  9991
2 45118  51.6266 134.4675 0005981 240.0381 120.0026 15.77202092164511
1 45118U 19071H   23004.36635528  .00265229  00000-0  14909-2 0  9995
2 45118  51.6269 126.2913 0005432 251.9127 108.1282 15.77905955164764
1 45118U 19071H   23004.36635528  .00265229  00000-0  14909-2 0  9995
2 45118  51.6269 126.2913 0005432 251.9127 108.1282 15.77905955164764
1 45118U 19071H   23006.45556810  .00283005  00000-0  15080-2 0  9996
2 45118  51.6277 115.4903 0005144 269.7358  90.3053 15.79048454165094
1 45118U 19071H   23006.45556810  .00283005  00000-0  15080-2 0  9996
2 45118  51.6277 115.4903 0005144 269.7358  90.3053 15.79048454165094
1 45118U 19071H   23006.70870376  .00267841  00000-0  14217-2 0  9991
2 45118  51.6279 114.1806 0005089 271.6688  88.3730 15.79176253165133
1 45118U 19071H   23006.70870376  .00267841  00000-0  14217-2 0  9991
2 45118  51.6279 114.1806 0005089 271.6688  88.3730 15.79176253165133
1 45118U 19071H   23007.97407801  .00267260  00000-0  13787-2 0  9996
2 45118  51.6282 107.6276 0004995 283.9903  76.0543 15.79807601165332
1 45118U 19071H   23008.35356980  .00261138  00000-0  13348-2 0  9991
2 45118  51.6273 105.6610 0004955 287.1527  72.8932 15.80026415165396
1 45118U 19071H   23008.35356980  .00261138  00000-0  13348-2 0  9991
2 45118  51.6273 105.6610 0004955 287.1527  72.8932 15.80026415165396
1 45118U 19071H   23009.36533211  .00284553  00000-0  14120-2 0  9992
2 45118  51.6274 100.4153 0004918 296.7090  63.3408 15.80610655165558
1 45118U 19071H   23009.36533211  .00284553  00000-0  14120-2 0  9992
2 45118  51.6274 100.4153 0004918 296.7090  63.3408 15.80610655165558
1 45118U 19071H   23010.50313962  .00295362  00000-0  14219-2 0  9998
2 45118  51.6266  94.5116 0004836 305.3269  54.7280 15.81240385165737
1 45118U 19071H   23010.50313962  .00295362  00000-0  14219-2 0  9998
2 45118  51.6266  94.5116 0004836 305.3269  54.7280 15.81240385165737
1 45118U 19071H   23010.62953399  .00299280  00000-0  14352-2 0  9996
2 45118  51.6266  93.8554 0004851 306.2889  53.7664 15.81313537165757
1 45118U 19071H   23011.45094433  .00332002  00000-0  15480-2 0  9996
2 45118  51.6263  89.5893 0004933 313.6784  46.3809 15.81833308165885
1 45118U 19071H   23011.45094433  .00332002  00000-0  15480-2 0  9996
2 45118  51.6263  89.5893 0004933 313.6784  46.3809 15.81833308165885
1 45118U 19071H   23012.52466622  .00364098  00000-0  16331-2 0  9994
2 45118  51.6263  84.0060 0004895 322.3799  37.6860 15.82582022166056
1 45118U 19071H   23012.90350400  .00357260  00000-0  15841-2 0  9990
2 45118  51.6261  82.0350 0004951 326.0165  34.0520 15.82845030166117
1 45118U 19071H   23013.47163892  .00386645  00000-0  16749-2 0  9997
2 45118  51.6257  79.0781 0004926 331.1609  28.9121 15.83265949166203
1 45118U 19071H   23013.47163892  .00386645  00000-0  16749-2 0  9997
2 45118  51.6257  79.0781 0004926 331.1609  28.9121 15.83265949166203
1 45118U 19071H   23014.41817942  .00461845  00000-0  19118-2 0  9993
2 45118  51.6259  74.1464 0004926 339.1566  20.9236 15.84037828166358
1 45118U 19071H   23014.54434955  .00423501  00000-0  17530-2 0  9999
2 45118  51.6258  73.4885 0004915 340.5635  19.5180 15.84134574166377
1 45118U 19071H   23015.17507769  .00504258  00000-0  20149-2 0  9992
2 45118  51.6255  70.1985 0004834 346.3461  13.7411 15.84675681166473
1 45118U 19071H   23015.42730667  .00506693  00000-0  20021-2 0  9999
2 45118  51.6256  68.8823 0004819 348.1082  11.9807 15.84903910166514
1 45118U 19071H   23015.42730667  .00506693  00000-0  20021-2 0  9999
2 45118  51.6256  68.8823 0004819 348.1082  11.9807 15.84903910166514
1 45118U 19071H   23015.99467842  .00532496  00000-0  20420-2 0  9996
2 45118  51.6257  65.9192 0004859 352.5469   7.5462 15.85464637166601
1 45118U 19071H   23016.37280902  .00540114  00000-0  20298-2 0  9998
2 45118  51.6258  63.9436 0004858 355.0579   5.0376 15.85865054166661
1 45118U 19071H   23016.49883303  .00497271  00000-0  18682-2 0  9994
2 45118  51.6257  63.2848 0004864 355.7454   4.3508 15.85975194166684
1 45118U 19071H   23016.49883303  .00497271  00000-0  18682-2 0  9994
2 45118  51.6257  63.2848 0004864 355.7454   4.3508 15.85975194166684
1 45118U 19071H   23017.44371935  .00455638  00000-0  16502-2 0  9993
2 45118  51.6254  58.3417 0004899   3.6363 356.4676 15.86828876166833
1 45118U 19071H   23017.50669279  .00488517  00000-0  17566-2 0  9994
2 45118  51.6255  58.0117 0004930   2.0442 358.0581 15.86897235166844
1 45118U 19071H   23017.50669279  .00488517  00000-0  17566-2 0  9994
2 45118  51.6255  58.0117 0004930   2.0442 358.0581 15.86897235166844
1 45118U 19071H   23017.94745417  .00463891  00000-0  16424-2 0  9991
2 45118  51.6254  55.7037 0004941   6.3507 353.7559 15.87272249166917
1 45118U 19071H   23018.32515962  .00578273  00000-0  19821-2 0  9999
2 45118  51.6256  53.7252 0004885   8.3650 351.7436 15.87661074166970
1 45118U 19071H   23018.32515962  .00578273  00000-0  19821-2 0  9999
2 45118  51.6256  53.7252 0004885   8.3650 351.7436 15.87661074166970
1 45118U 19071H   23018.95446084  .00560088  00000-0  18627-2 0  9994
2 45118  51.6255  50.4264 0005136  12.9856 347.1280 15.88313123167073
1 45118U 19071H   23019.33191739  .00539736  00000-0  17652-2 0  9994
2 45118  51.6250  48.4462 0005251  18.1990 341.9202 15.88696673167137
1 45118U 19071H   23019.33191739  .00539736  00000-0  17652-2 0  9994
2 45118  51.6250  48.4462 0005251  18.1990 341.9202 15.88696673167137
1 45118U 19071H   23019.77216569  .00592584  00000-0  18820-2 0  9999
2 45118  51.6244  46.1331 0004959  23.1527 336.9701 15.89163646167202
1 45118U 19071H   23020.08655354  .00574881  00000-0  18010-2 0  9995
2 45118  51.6242  44.4814 0004788  26.5545 333.5705 15.89477274167251
1 45118U 19071H   23020.46372729  .00544870  12437-3  17932-2 0  9996
2 45118  51.6242  42.4984 0004721  29.8081 330.3192 15.89899283167315
1 45118U 19071H   23020.96647037  .00573758  13830-3  18342-2 0  9999
2 45118  51.6240  39.8534 0004684  34.3478 325.7830 15.90467353167399
1 45118U 19071H   23021.28059312  .00615001  15911-3  19285-2 0  9995
2 45118  51.6237  38.1997 0004615  37.6009 322.5319 15.90842120167442
1 45118U 19071H   23022.22249897  .00655173  18311-3  19316-2 0  9995
2 45118  51.6234  33.2352 0004503  46.4644 313.6736 15.92036294167598
1 45118U 19071H   23023.41456432  .00656728  18759-3  17870-2 0  9998
2 45118  51.6227  26.9407 0004472  59.7146 300.4303 15.93565050167782
1 45118U 19071H   23023.72807236  .00657831  18920-3  17522-2 0  9994
2 45118  51.6228  25.2819 0004478  62.3142 297.8319 15.93967325167837
1 45118U 19071H   23023.97881750  .00712498  22350-3  18614-2 0  9990
2 45118  51.6229  23.9550 0004481  65.1766 294.9707 15.94332184167875
1 45118U 19071H   23024.22950533  .00734525  23908-3  18817-2 0  9995
2 45118  51.6229  22.6277 0004440  68.3179 291.8301 15.94699959167912
1 45118U 19071H   23024.98124729  .00721548  23368-3  17492-2 0  9997
2 45118  51.6228  18.6439 0004418  77.0731 283.0770 15.95722281168035
1 45118U 19071H   23025.23171940  .00700130  22071-3  16661-2 0  9994
2 45118  51.6229  17.3152 0004455  80.6628 279.4884 15.96061681168070
1 45118U 19071H   23025.23171940  .00700130  22071-3  16661-2 0  9994
2 45118  51.6229  17.3152 0004455  80.6628 279.4884 15.96061681168070
1 45118U 19071H   23025.66991096  .00730823  24313-3  16801-2 0  9992
2 45118  51.6226  14.9888 0004507  86.3326 273.8198 15.96693933168147
1 45118U 19071H   23025.66991096  .00730823  24313-3  16801-2 0  9992
2 45118  51.6226  14.9888 0004507  86.3326 273.8198 15.96693933168147
1 45118U 19071H   23025.98279099  .00795492  29214-3  17789-2 0  9993
2 45118  51.6223  13.3268 0004494  88.6172 271.5351 15.97201432168199
1 45118U 19071H   23025.98279099  .00795492  29214-3  17789-2 0  9993
2 45118  51.6223  13.3268 0004494  88.6172 271.5351 15.97201432168199
1 45118U 19071H   23027.10835872  .00812184  31335-3  16419-2 0  9990
2 45118  51.6222   7.3371 0004512 105.1985 254.9524 15.99008809168376
1 45118U 19071H   23027.23334105  .00815152  31675-3  16288-2 0  9996
2 45118  51.6225   6.6705 0004494 107.0965 253.0537 15.99215353168390
1 45118U 19071H   23027.23334105  .00815152  31675-3  16288-2 0  9996
2 45118  51.6225   6.6705 0004494 107.0965 253.0537 15.99215353168390
1 45118U 19071H   23028.10775735  .00863036  36596-3  15838-2 0  9992
2 45118  51.6223   2.0043 0004601 117.3616 242.7863 16.00709016168530
1 45118U 19071H   23028.17018317  .00910461  41164-3  16587-2 0  9999
2 45118  51.6222   1.6707 0004681 118.9598 241.1882 16.00842750168543
1 45118U 19071H   23028.17018317  .00910461  41164-3  16587-2 0  9999
2 45118  51.6222   1.6707 0004681 118.9598 241.1882 16.00842750168543
1 45118U 19071H   23029.10604901  .00928839  44195-3  15314-2 0  9995
2 45118  51.6214 356.6628 0004929 129.3560 230.7888 16.02551267168697
1 45118U 19071H   23029.16840271  .00973018  49060-3  15924-2 0  9995
2 45118  51.6217 356.3287 0004891 129.9798 230.1643 16.02686728168701
1 45118U 19071H   23029.16840271  .00973018  49060-3  15924-2 0  9995
2 45118  51.6217 356.3287 0004891 129.9798 230.1643 16.02686728168701
1 45118U 19071H   23030.16541637  .01043546  59370-3  15149-2 0  9990
2 45118  51.6204 350.9792 0005465 143.5487 216.5897 16.04696487168864
1 45118U 19071H   23030.28995310  .01054179  61035-3  15058-2 0  9998
2 45118  51.6203 350.3099 0005563 145.5347 214.6027 16.04963754168883
1 45118U 19071H   23030.28995310  .01054179  61035-3  15058-2 0  9998
2 45118  51.6203 350.3099 0005563 145.5347 214.6027 16.04963754168883
1 45118U 19071H   23031.16112897  .01154392  77888-3  14667-2 0  9993
2 45118  51.6198 345.6204 0006028 154.8587 205.2720 16.06886222169026
1 45118U 19071H   23031.16112897  .01154392  77888-3  14667-2 0  9993
2 45118  51.6198 345.6204 0006028 154.8587 205.2720 16.06886222169026
1 45118U 19071H   23032.09321198  .01506271  15709-2  16349-2 0  9991
2 45118  51.6196 340.5862 0006571 165.2386 194.8820 16.09535749169172
1 45118U 19071H   23032.09321198  .01506271  15709-2  16349-2 0  9991
2 45118  51.6196 340.5862 0006571 165.2386 194.8820 16.09535749169172
1 45118U 19071H   23033.08561571  .01789380  27129-2  15899-2 0  9994
2 45118  51.6181 335.2036 0007159 176.0701 184.0372 16.12814196169335
1 45118U 19071H   23033.08561571  .01789380  27129-2  15899-2 0  9994
2 45118  51.6181 335.2036 0007159 176.0701 184.0372 16.12814196169335
1 45118U 19071H   23033.89025368  .02231743  62800-2  16479-2 0  9998
2 45118  51.6167 330.8178 0007268 185.5799 174.5137 16.16347616169469
1 45118U 19071H   23034.19923228  .02248845  69923-2  15086-2 0  9991
2 45118  51.6163 329.1277 0007332 189.1406 170.9479 16.17853991169517
1 45118U 19071H   23034.19923228  .02248845  69923-2  15086-2 0  9991
2 45118  51.6163 329.1277 0007332 189.1406 170.9479 16.17853991169517
1 45118U 19071H   23035.79940348  .07275503  12119-4  12158-2 0  9990
2 45118  51.6121 320.2873 0006141 218.0574 142.0016 16.32425390169770
1 45118U 19071H   23035.92173103  .08305937  12183-4  10870-2 0  9998
2 45118  51.6110 319.6022 0005781 220.7188 139.3404 16.34793246169798
1 45118U 19071H   23036.10481866  .10560196  12321-4  81126-3 0  9997
2 45118  51.6104 318.5697 0005912 229.5970 130.4540 16.39481796169825
1 45118U 19071H   23036.22650517  .13133590  12457-4  45352-3 0  9999
2 45118  51.6096 317.8793 0006297 236.9356 123.1068 16.44162111169840
1 45118U 19071H   23036.22650517  .13133590  12457-4  45352-3 0  9999
2 45118  51.6096 317.8793 0006297 236.9356 123.1068 16.44162111169840
