1 45123U 19071N   22365.46137062  .00051372  00000-0  78961-3 0  9992
2 45123  51.6356 169.2333 0008579 158.2712 201.8644 15.53693278163425
1 45123U 19071N   22365.71864848  .00049310  00000-0  75771-3 0  9994
2 45123  51.6356 167.9514 0008518 159.0643 201.0698 15.53718836163469
1 45123U 19071N   23001.16887421  .00049849  00000-0  76459-3 0  9994
2 45123  51.6353 165.7077 0008406 160.6366 199.4945 15.53765949163015
1 45123U 19071N   23001.49045642  .00048597  00000-0  74486-3 0  9998
2 45123  51.6351 164.1052 0008376 161.6471 198.4823 15.53796643163584
1 45123U 19071N   23001.81203213  .00049389  00000-0  75597-3 0  9998
2 45123  51.6345 162.5026 0008312 162.8459 197.2814 15.53827643163637
1 45123U 19071N   23002.45516450  .00049775  00000-0  76007-3 0  9995
2 45123  51.6347 159.2979 0008224 165.1856 194.9377 15.53890375163739
1 45123U 19071N   23002.45516450  .00049775  00000-0  76007-3 0  9995
2 45123  51.6347 159.2979 0008224 165.1856 194.9377 15.53890375163212
1 45123U 19071N   23002.84103208  .00045118  00000-0  68925-3 0  9998
2 45123  51.6348 157.3748 0008158 166.5367 193.5842 15.53922355163793
1 45123U 19071N   23003.41981609  .00048218  00000-0  73430-3 0  9992
2 45123  51.6350 154.4899 0008070 168.6820 191.4353 15.53980107163884
1 45123U 19071N   23003.80566141  .00044807  00000-0  68238-3 0  9995
2 45123  51.6351 152.5665 0007994 169.9170 190.1982 15.54012306163423
1 45123U 19071N   23004.44871497  .00053402  00000-0  80898-3 0  9996
2 45123  51.6352 149.3608 0007857 172.2273 187.8840 15.54082705164049
1 45123U 19071N   23004.44871497  .00053402  00000-0  80898-3 0  9996
2 45123  51.6352 149.3608 0007857 172.2273 187.8840 15.54082705163521
1 45123U 19071N   23004.64162478  .00057581  00000-0  87049-3 0  9997
2 45123  51.6352 148.3991 0007821 173.0032 187.1069 15.54107236164072
1 45123U 19071N   23005.41323626  .00044193  00000-0  66884-3 0  9996
2 45123  51.6350 144.5532 0007575 176.0472 184.0580 15.54193632164198
1 45123U 19071N   23005.73472804  .00049918  00000-0  75295-3 0  9990
2 45123  51.6355 142.9498 0007643 176.9133 183.1906 15.54231987164249
1 45123U 19071N   23005.73472804  .00049918  00000-0  75295-3 0  9990
2 45123  51.6355 142.9498 0007643 176.9133 183.1906 15.54231987163721
1 45123U 19071N   23006.37768616  .00059515  00000-0  89248-3 0  9997
2 45123  51.6357 139.7444 0007428 179.6309 180.4688 15.54318520164349
1 45123U 19071N   23006.37768616  .00059515  00000-0  89248-3 0  9997
2 45123  51.6357 139.7444 0007428 179.6309 180.4688 15.54318520163821
1 45123U 19071N   23007.08490330  .00056638  00000-0  84755-3 0  9992
2 45123  51.6362 136.2174 0007287 182.0433 178.0530 15.54398408164450
1 45123U 19071N   23007.34206403  .00057623  00000-0  86109-3 0  9997
2 45123  51.6362 134.9349 0007208 182.9101 177.1849 15.54430040164499
1 45123U 19071N   23008.37065969  .00052472  00000-0  78210-3 0  9992
2 45123  51.6360 129.8044 0007033 186.4158 173.6744 15.54542103164656
1 45123U 19071N   23008.37065969  .00052472  00000-0  78210-3 0  9992
2 45123  51.6360 129.8044 0007033 186.4158 173.6744 15.54542103164139
1 45123U 19071N   23009.59201554  .00055199  00000-0  81782-3 0  9996
2 45123  51.6363 123.7108 0006907 190.9648 169.1193 15.54685297164847
1 45123U 19071N   23009.59201554  .00055199  00000-0  81782-3 0  9996
2 45123  51.6363 123.7108 0006907 190.9648 169.1193 15.54685297164320
1 45123U 19071N   23010.55616565  .00056608  00000-0  83494-3 0  9994
2 45123  51.6362 118.8998 0006677 194.5902 165.4898 15.54799156164992
1 45123U 19071N   23011.45597297  .00060487  00000-0  88754-3 0  9998
2 45123  51.6357 114.4096 0006480 197.6027 162.4740 15.54914011164612
1 45123U 19071N   23011.52024210  .00065329  00000-0  95707-3 0  9992
2 45123  51.6354 114.0886 0006473 198.1594 161.9166 15.54924777165144
1 45123U 19071N   23011.64877961  .00065084  00000-0  95295-3 0  9994
2 45123  51.6351 113.4467 0006467 198.7965 161.2788 15.54941528165168
1 45123U 19071N   23012.54850285  .00063632  00000-0  92804-3 0  9994
2 45123  51.6350 108.9553 0006329 202.3960 157.6755 15.55058925165306
1 45123U 19071N   23012.54850285  .00063632  00000-0  92804-3 0  9994
2 45123  51.6350 108.9553 0006329 202.3960 157.6755 15.55058925164787
1 45123U 19071N   23013.44815509  .00066499  00000-0  96471-3 0  9992
2 45123  51.6352 104.4632 0006116 205.8743 154.1943 15.55186803165441
1 45123U 19071N   23013.44815509  .00066499  00000-0  96471-3 0  9992
2 45123  51.6352 104.4632 0006116 205.8743 154.1943 15.55186803164923
1 45123U 19071N   23014.41198355  .00079004  00000-0  11368-2 0  9990
2 45123  51.6349  99.6501 0005928 209.5648 150.5008 15.55336370165079
1 45123U 19071N   23015.50421413  .00083886  00000-0  11986-2 0  9994
2 45123  51.6353  94.1942 0005788 213.5450 146.5175 15.55501802165763
1 45123U 19071N   23015.50421413  .00083886  00000-0  11986-2 0  9994
2 45123  51.6353  94.1942 0005788 213.5450 146.5175 15.55501802165246
1 45123U 19071N   23015.63270319  .00074541  00000-0  10662-2 0  9993
2 45123  51.6353  93.5521 0005781 213.7209 146.3415 15.55524611165786
1 45123U 19071N   23016.46783575  .00089106  00000-0  12636-2 0  9994
2 45123  51.6360  89.3794 0005605 217.3135 142.7468 15.55680983165910
1 45123U 19071N   23016.46783575  .00089106  00000-0  12636-2 0  9994
2 45123  51.6360  89.3794 0005605 217.3135 142.7468 15.55680983165392
1 45123U 19071N   23017.17442977  .00079168  00000-0  11206-2 0  9990
2 45123  51.6358  85.8489 0005415 220.8551 139.2034 15.55784533166028
1 45123U 19071N   23017.17442977  .00079168  00000-0  11206-2 0  9990
2 45123  51.6358  85.8489 0005415 220.8551 139.2034 15.55784533165500
1 45123U 19071N   23018.45902929  .00088345  00000-0  12398-2 0  9990
2 45123  51.6361  79.4276 0005294 225.2900 134.7661 15.55969606166221
1 45123U 19071N   23018.45902929  .00088345  00000-0  12398-2 0  9990
2 45123  51.6361  79.4276 0005294 225.2900 134.7661 15.55969606165703
1 45123U 19071N   23019.16548994  .00083176  00000-0  11637-2 0  9999
2 45123  51.6364  75.8967 0005148 227.6661 132.3895 15.56080069165814
1 45123U 19071N   23019.42237211  .00079971  00000-0  11180-2 0  9996
2 45123  51.6369  74.6120 0005137 227.5333 132.5224 15.56118014166372
1 45123U 19071N   23019.87190118  .00078076  00000-0  10893-2 0  9994
2 45123  51.6365  72.3643 0005007 229.9430 130.1123 15.56183782165929
1 45123U 19071N   23020.38562407  .00070027  00000-0  97587-3 0  9990
2 45123  51.6364  69.7947 0004968 231.9827 128.0716 15.56262204166521
1 45123U 19071N   23021.15616218  .00080121  00000-0  11094-2 0  9990
2 45123  51.6358  65.9411 0004834 234.7001 125.3538 15.56378043166122
1 45123U 19071N   23022.31185658  .00077949  00000-0  10725-2 0  9992
2 45123  51.6361  60.1587 0004744 238.5075 121.5453 15.56561651166303
1 45123U 19071N   23023.33902829  .00070209  00000-0  96208-3 0  9995
2 45123  51.6360  55.0177 0004612 242.3232 117.7292 15.56716572166461
1 45123U 19071N   23024.30190984  .00074761  00000-0  10179-2 0  9993
2 45123  51.6357  50.1980 0004465 245.0869 114.9659 15.56863242166617
1 45123U 19071N   23025.07215361  .00075097  00000-0  10185-2 0  9995
2 45123  51.6358  46.3421 0004360 248.3107 111.7421 15.56966449166738
1 45123U 19071N   23025.58561970  .00068829  00000-0  93232-3 0  9991
2 45123  51.6364  43.7704 0004354 247.9930 112.0599 15.57037458167339
1 45123U 19071N   23026.29159730  .00067549  00000-0  91191-3 0  9997
2 45123  51.6369  40.2350 0004273 250.7259 109.3271 15.57136115167447
1 45123U 19071N   23026.29159730  .00067549  00000-0  91191-3 0  9997
2 45123  51.6369  40.2350 0004273 250.7259 109.3271 15.57136115166929
1 45123U 19071N   23027.25422214  .00060373  00000-0  81245-3 0  9991
2 45123  51.6364  35.4137 0004169 253.0006 107.0530 15.57269307167590
1 45123U 19071N   23028.02426668  .00066060  00000-0  88458-3 0  9996
2 45123  51.6365  31.5570 0004147 256.3368 103.7162 15.57364485167195
1 45123U 19071N   23028.40927028  .00064788  00000-0  86617-3 0  9994
2 45123  51.6366  29.6276 0004098 256.0265 104.0272 15.57415470167776
1 45123U 19071N   23029.37172853  .00056545  00000-0  75436-3 0  9998
2 45123  51.6367  24.8052 0003988 258.9867 101.0677 15.57530208167405
1 45123U 19071N   23029.94917041  .00054037  00000-0  71972-3 0  9992
2 45123  51.6363  21.9124 0003917 261.7562  98.2986 15.57593722168013
1 45123U 19071N   23030.20580387  .00052059  00000-0  69304-3 0  9990
2 45123  51.6364  20.6256 0003918 261.3335  98.7213 15.57622614168056
1 45123U 19071N   23030.97567710  .00052608  00000-0  69815-3 0  9996
2 45123  51.6362  16.7675 0003896 264.0343  96.0205 15.57702251167652
1 45123U 19071N   23031.36059773  .00058080  00000-0  76822-3 0  9991
2 45123  51.6365  14.8375 0003897 263.5079  96.5470 15.57748510168234
1 45123U 19071N   23031.93795749  .00059390  00000-0  78321-3 0  9995
2 45123  51.6366  11.9438 0003830 266.6552  93.4002 15.57819087168325
