1 45121U 19071L   23001.48001866  .00036409  00000-0  54186-3 0  9999
2 45121  51.6353 161.1145 0011081 187.7836 172.2984 15.54708163163933
1 45121U 19071L   23001.48001866  .00036409  00000-0  54186-3 0  9999
2 45121  51.6353 161.1145 0011081 187.7836 172.2984 15.54708163163933
1 45121U 19071L   23001.73712844  .00037445  00000-0  55658-3 0  9998
2 45121  51.6354 159.8317 0011042 188.7204 171.3596 15.54729175163975
1 45121U 19071L   23002.44416180  .00042581  00000-0  63009-3 0  9997
2 45121  51.6348 156.3032 0010974 191.5475 168.5266 15.54792752164085
1 45121U 19071L   23002.44416180  .00042581  00000-0  63009-3 0  9997
2 45121  51.6348 156.3032 0010974 191.5475 168.5266 15.54792752164085
1 45121U 19071L   23002.89407737  .00041390  00000-0  61192-3 0  9992
2 45121  51.6347 154.0579 0010869 193.2995 166.7711 15.54831243164156
1 45121U 19071L   23003.40825113  .00046101  00000-0  67908-3 0  9998
2 45121  51.6350 151.4915 0010791 195.3207 164.7458 15.54883362164232
1 45121U 19071L   23003.66533185  .00043185  00000-0  63632-3 0  9990
2 45121  51.6351 150.2085 0010736 196.3411 163.7235 15.54905205164272
1 45121U 19071L   23004.50081007  .00065665  00000-0  95736-3 0  9992
2 45121  51.6349 146.0379 0010523 199.7032 160.3553 15.55015492164400
1 45121U 19071L   23004.50081007  .00065665  00000-0  95736-3 0  9992
2 45121  51.6349 146.0379 0010523 199.7032 160.3553 15.55015492164400
1 45121U 19071L   23004.62933882  .00061758  00000-0  90050-3 0  9995
2 45121  51.6348 145.3966 0010462 200.4252 159.6322 15.55039044164425
1 45121U 19071L   23005.07917540  .00070682  00000-0  10254-2 0  9991
2 45121  51.6347 143.1515 0010341 202.2299 157.8245 15.55121658164491
1 45121U 19071L   23005.40047585  .00038842  00000-0  56823-3 0  9996
2 45121  51.6351 141.5473 0010305 203.1486 156.9042 15.55155733164541
1 45121U 19071L   23006.36427986  .00095831  00000-0  13697-2 0  9991
2 45121  51.6358 136.7336 0009818 208.0964 151.9498 15.55398381164698
1 45121U 19071L   23006.36427986  .00095831  00000-0  13697-2 0  9991
2 45121  51.6358 136.7336 0009818 208.0964 151.9498 15.55398381164698
1 45121U 19071L   23007.07098445  .00101038  00000-0  14345-2 0  9992
2 45121  51.6361 133.2035 0009568 211.0684 148.9743 15.55557946164801
1 45121U 19071L   23007.07098445  .00101038  00000-0  14345-2 0  9992
2 45121  51.6361 133.2035 0009568 211.0684 148.9743 15.55557946164801
1 45121U 19071L   23007.32794944  .00111252  00000-0  15729-2 0  9993
2 45121  51.6364 131.9195 0009398 211.9619 148.0803 15.55627188164842
1 45121U 19071L   23007.32794944  .00111252  00000-0  15729-2 0  9993
2 45121  51.6364 131.9195 0009398 211.9619 148.0803 15.55627188164842
1 45121U 19071L   23008.03454921  .00121830  00000-0  17088-2 0  9993
2 45121  51.6365 128.3889 0009181 215.0753 144.9635 15.55799029164951
1 45121U 19071L   23008.61261610  .00120383  00000-0  16797-2 0  9996
2 45121  51.6365 125.4993 0009031 217.8704 142.1653 15.55948329165045
1 45121U 19071L   23008.93373747  .00134390  00000-0  18644-2 0  9992
2 45121  51.6368 123.8944 0008865 219.3163 140.7186 15.56046768165093
1 45121U 19071L   23008.93373747  .00134390  00000-0  18644-2 0  9992
2 45121  51.6368 123.8944 0008865 219.3163 140.7186 15.56046768165093
1 45121U 19071L   23009.31905971  .00133070  00000-0  18392-2 0  9999
2 45121  51.6367 121.9680 0008666 221.2479 138.7858 15.56155075165151
1 45121U 19071L   23010.34645506  .00140393  00000-0  19174-2 0  9994
2 45121  51.6363 116.8292 0008237 226.3556 133.6754 15.56451166165312
1 45121U 19071L   23010.53906928  .00143149  00000-0  19501-2 0  9999
2 45121  51.6365 115.8653 0008220 227.3807 132.6492 15.56508567165345
1 45121U 19071L   23010.79587790  .00136677  00000-0  18587-2 0  9990
2 45121  51.6365 114.5804 0008115 228.1353 131.8946 15.56582282165382
1 45121U 19071L   23011.75878294  .00171492  00000-0  22918-2 0  9996
2 45121  51.6358 109.7610 0007866 233.2655 126.7615 15.56917679165534
1 45121U 19071L   23011.75878294  .00171492  00000-0  22918-2 0  9996
2 45121  51.6358 109.7610 0007866 233.2655 126.7615 15.56917679165534
1 45121U 19071L   23012.78565146  .00165225  00000-0  21809-2 0  9994
2 45121  51.6360 104.6191 0007566 238.0436 121.9821 15.57275861165696
1 45121U 19071L   23012.84982290  .00172332  00000-0  22704-2 0  9996
2 45121  51.6360 104.2979 0007543 238.5015 121.5241 15.57299837165702
1 45121U 19071L   23013.49148224  .00184816  00000-0  24088-2 0  9996
2 45121  51.6363 101.0827 0007354 242.3321 117.6925 15.57542664165800
1 45121U 19071L   23013.49148224  .00184816  00000-0  24088-2 0  9996
2 45121  51.6363 101.0827 0007354 242.3321 117.6925 15.57542664165800
1 45121U 19071L   23013.81227338  .00178417  00000-0  23168-2 0  9994
2 45121  51.6361  99.4747 0007259 243.8337 116.1909 15.57666118165858
1 45121U 19071L   23014.26133670  .00229879  00000-0  29424-2 0  9999
2 45121  51.6361  97.2233 0007188 245.3956 114.6288 15.57863152165927
1 45121U 19071L   23014.51791900  .00212484  00000-0  27155-2 0  9996
2 45121  51.6358  95.9368 0007124 246.7320 113.2922 15.57967723165960
1 45121U 19071L   23015.22343443  .00233206  00000-0  29400-2 0  9990
2 45121  51.6356  92.3985 0006906 250.2859 109.7389 15.58257679166071
1 45121U 19071L   23015.92879705  .00264676  00000-0  32773-2 0  9994
2 45121  51.6358  88.8592 0006636 254.0577 105.9684 15.58625855166189
1 45121U 19071L   23015.92879705  .00264676  00000-0  32773-2 0  9994
2 45121  51.6358  88.8592 0006636 254.0577 105.9684 15.58625855166189
1 45121U 19071L   23016.56988938  .00228288  00000-0  28065-2 0  9992
2 45121  51.6355  85.6405 0006513 258.0931 101.9332 15.58944851166283
1 45121U 19071L   23016.89039255  .00221000  00000-0  27061-2 0  9997
2 45121  51.6353  84.0309 0006385 260.0530  99.9742 15.59076822166334
1 45121U 19071L   23016.89039255  .00221000  00000-0  27061-2 0  9997
2 45121  51.6353  84.0309 0006385 260.0530  99.9742 15.59076822166334
1 45121U 19071L   23017.46723259  .00193296  00000-0  23564-2 0  9994
2 45121  51.6349  81.1333 0006333 262.3721  97.6552 15.59293758166427
1 45121U 19071L   23017.46723259  .00193296  00000-0  23564-2 0  9994
2 45121  51.6349  81.1333 0006333 262.3721  97.6552 15.59293758166427
1 45121U 19071L   23018.42844764  .00250628  00000-0  29859-2 0  9992
2 45121  51.6354  76.3027 0006088 266.9666  93.0630 15.59696979166579
1 45121U 19071L   23018.42844764  .00250628  00000-0  29859-2 0  9992
2 45121  51.6354  76.3027 0006088 266.9666  93.0630 15.59696979166579
1 45121U 19071L   23018.68472775  .00230403  00000-0  27403-2 0  9991
2 45121  51.6356  75.0142 0006044 268.5455  91.4846 15.59812406166612
1 45121U 19071L   23018.68472775  .00230403  00000-0  27403-2 0  9991
2 45121  51.6356  75.0142 0006044 268.5455  91.4846 15.59812406166612
1 45121U 19071L   23019.19723173  .00201662  00000-0  23881-2 0  9990
2 45121  51.6360  72.4372 0005912 271.6046  88.4270 15.60028753166698
1 45121U 19071L   23019.51751069  .00226258  00000-0  26562-2 0  9998
2 45121  51.6361  70.8264 0005789 273.2107  86.8223 15.60169834166741
1 45121U 19071L   23019.83776235  .00225613  00000-0  26356-2 0  9990
2 45121  51.6358  69.2151 0005675 274.9128  85.1218 15.60301793166792
1 45121U 19071L   23020.41414730  .00211944  00000-0  24584-2 0  9998
2 45121  51.6357  66.3142 0005490 276.7156  83.3212 15.60536563166884
1 45121U 19071L   23020.41414730  .00211944  00000-0  24584-2 0  9998
2 45121  51.6357  66.3142 0005490 276.7156  83.3212 15.60536563166884
1 45121U 19071L   23021.11849623  .00236980  00000-0  27077-2 0  9996
2 45121  51.6361  62.7687 0005279 279.3096  80.7301 15.60842852166993
1 45121U 19071L   23021.37458926  .00228409  00000-0  26022-2 0  9992
2 45121  51.6365  61.4791 0005215 280.4746  79.5660 15.60948663167031
1 45121U 19071L   23022.46277728  .00216571  00000-0  24266-2 0  9997
2 45121  51.6359  55.9955 0005032 286.8174  73.2268 15.61423175167207
1 45121U 19071L   23023.55064198  .00197363  00000-0  21791-2 0  9990
2 45121  51.6352  50.5099 0004690 290.5049  69.5441 15.61872894167377
1 45121U 19071L   23024.25438880  .00213615  00000-0  23265-2 0  9998
2 45121  51.6356  46.9592 0004507 293.8800  66.1721 15.62169471167483
1 45121U 19071L   23024.63819506  .00197690  00000-0  21450-2 0  9996
2 45121  51.6359  45.0222 0004391 295.4038  64.6502 15.62322271167544
1 45121U 19071L   23025.27779080  .00187293  00000-0  20161-2 0  9995
2 45121  51.6363  41.7938 0004225 297.8397  62.2169 15.62564166167641
1 45121U 19071L   23025.59755146  .00191454  00000-0  20498-2 0  9994
2 45121  51.6364  40.1791 0004109 299.0360  61.0223 15.62688244167694
1 45121U 19071L   23025.59755146  .00191454  00000-0  20498-2 0  9994
2 45121  51.6364  40.1791 0004109 299.0360  61.0223 15.62688244167694
1 45121U 19071L   23026.04517336  .00222153  00000-0  23517-2 0  9998
2 45121  51.6362  37.9182 0003948 298.7297  61.3300 15.62872083167768
1 45121U 19071L   23026.55668099  .00207094  00000-0  21804-2 0  9991
2 45121  51.6366  35.3341 0003872 300.1765  59.8845 15.63063654167847
1 45121U 19071L   23026.55668099  .00207094  00000-0  21804-2 0  9991
2 45121  51.6366  35.3341 0003872 300.1765  59.8845 15.63063654167847
1 45121U 19071L   23027.51558109  .00192045  00000-0  19971-2 0  9999
2 45121  51.6361  30.4874 0003743 304.9830  55.0813 15.63432453167997
1 45121U 19071L   23027.51558109  .00192045  00000-0  19971-2 0  9999
2 45121  51.6361  30.4874 0003743 304.9830  55.0813 15.63432453167997
1 45121U 19071L   23027.64341779  .00195456  00000-0  20278-2 0  9997
2 45121  51.6362  29.8418 0003744 307.0850  52.9802 15.63480477168018
1 45121U 19071L   23028.53816657  .00178461  00000-0  18325-2 0  9995
2 45121  51.6364  25.3177 0003527 308.7862  51.2817 15.63803392168151
1 45121U 19071L   23028.53816657  .00178461  00000-0  18325-2 0  9995
2 45121  51.6364  25.3177 0003527 308.7862  51.2817 15.63803392168151
1 45121U 19071L   23029.94382925  .00169570  00000-0  17104-2 0  9992
2 45121  51.6368  18.2052 0003161 313.3872  46.6859 15.64288957168378
1 45121U 19071L   23030.19935884  .00159484  00000-0  16059-2 0  9990
2 45121  51.6367  16.9118 0003105 313.7184  46.3553 15.64369206168413
1 45121U 19071L   23030.19935884  .00159484  00000-0  16059-2 0  9990
2 45121  51.6367  16.9118 0003105 313.7184  46.3553 15.64369206168413
1 45121U 19071L   23030.51875133  .00160776  00000-0  16117-2 0  9997
2 45121  51.6366  15.2947 0002992 314.2663  45.8086 15.64477633168469
1 45121U 19071L   23031.22134067  .00183008  00000-0  18117-2 0  9995
2 45121  51.6367  11.7372 0002896 315.1164  44.9597 15.64715170168572
1 45121U 19071L   23031.47680123  .00178229  00000-0  17596-2 0  9990
2 45121  51.6368  10.4433 0002802 315.8818  44.1953 15.64800711168616
1 45121U 19071L   23031.92381925  .00184336  00000-0  18063-2 0  9994
2 45121  51.6370   8.1792 0002698 318.7081  41.3709 15.64968288168687
1 45121U 19071L   23032.49848433  .00176960  00000-0  17209-2 0  9994
2 45121  51.6368   5.2657 0002585 318.6095  41.4704 15.65185443168772
1 45121U 19071L   23032.49848433  .00176960  00000-0  17209-2 0  9994
2 45121  51.6368   5.2657 0002585 318.6095  41.4704 15.65185443168772
1 45121U 19071L   23033.26458224  .00223941  00000-0  21375-2 0  9996
2 45121  51.6365   1.3828 0002359 318.6629  41.4188 15.65492985168899
1 45121U 19071L   23033.90287883  .00194234  00000-0  18427-2 0  9994
2 45121  51.6369 358.1451 0002241 319.4653  40.6175 15.65746347168996
1 45121U 19071L   23034.41343950  .00202042  00000-0  18985-2 0  9995
2 45121  51.6371 355.5544 0002079 318.9122  41.1717 15.65959228169079
1 45121U 19071L   23034.41343950  .00202042  00000-0  18985-2 0  9995
2 45121  51.6371 355.5544 0002079 318.9122  41.1717 15.65959228169079
1 45121U 19071L   23035.24294934  .00225993  00000-0  20857-2 0  9995
2 45121  51.6369 351.3443 0001867 315.7936  44.2910 15.66327095169206
1 45121U 19071L   23035.49814104  .00239722  00000-0  21968-2 0  9998
2 45121  51.6369 350.0485 0001816 314.3828  45.7018 15.66457750169248
1 45121U 19071L   23035.49814104  .00239722  00000-0  21968-2 0  9998
2 45121  51.6369 350.0485 0001816 314.3828  45.7018 15.66457750169248
1 45121U 19071L   23036.45493857  .00218523  00000-0  19730-2 0  9993
2 45121  51.6369 345.1890 0001607 309.7845  50.3009 15.66896682169397
1 45121U 19071L   23036.45493857  .00218523  00000-0  19730-2 0  9993
2 45121  51.6369 345.1890 0001607 309.7845  50.3009 15.66896682169397
1 45121U 19071L   23037.09264745  .00246800  00000-0  21910-2 0  9998
2 45121  51.6372 341.9478 0001433 304.8900  55.1962 15.67221209169492
1 45121U 19071L   23037.22017313  .00263731  00000-0  23294-2 0  9999
2 45121  51.6370 341.2990 0001441 302.3106  57.7751 15.67292116169514
1 45121U 19071L   23037.22017313  .00263731  00000-0  23294-2 0  9999
2 45121  51.6370 341.2990 0001441 302.3106  57.7751 15.67292116169514
1 45121U 19071L   23038.24015462  .00341220  00000-0  29075-2 0  9998
2 45121  51.6361 336.1113 0001374 285.1708  74.9137 15.67930000169672
1 45121U 19071L   23038.43135199  .00358747  00000-0  30327-2 0  9993
2 45121  51.6362 335.1382 0001354 284.0895  75.9951 15.68069831169708
1 45121U 19071L   23038.43135199  .00358747  00000-0  30327-2 0  9993
2 45121  51.6362 335.1382 0001354 284.0895  75.9951 15.68069831169708
1 45121U 19071L   23039.19596187  .00377244  00000-0  31051-2 0  9993
2 45121  51.6368 331.2442 0001325 282.6025  77.4823 15.68665315169822
1 45121U 19071L   23039.38707740  .00247755  00000-0  20682-2 0  9994
2 45121  51.6366 330.2704 0001335 279.9183  80.1663 15.68728159169857
1 45121U 19071L   23039.38707740  .00247755  00000-0  20682-2 0  9994
2 45121  51.6366 330.2704 0001335 279.9183  80.1663 15.68728159169857
1 45121U 19071L   23040.21519170  .00201566  00000-0  16813-2 0  9997
2 45121  51.6357 326.0515 0001492 277.8427  82.2400 15.68897610169987
1 45121U 19071L   23040.21519170  .00201566  00000-0  16813-2 0  9997
2 45121  51.6357 326.0515 0001492 277.8427  82.2400 15.68897610169987
1 45121U 19071L   23041.04320322  .00123815  00000-0  10371-2 0  9991
2 45121  51.6359 321.8312 0001615 276.3999  83.6814 15.69069389170118
1 45121U 19071L   23042.25315026  .00152029  00000-0  12480-2 0  9992
2 45121  51.6350 315.6607 0001705 274.3318  85.7485 15.69454291170308
1 45121U 19071L   23042.31682275  .00165384  00000-0  13534-2 0  9991
2 45121  51.6352 315.3359 0001772 275.0451  85.0344 15.69483057170311
1 45121U 19071L   23042.76249908  .00169814  00000-0  13781-2 0  9998
2 45121  51.6350 313.0621 0001997 275.8081  84.2689 15.69669521170384
1 45121U 19071L   23042.76249908  .00169814  00000-0  13781-2 0  9998
2 45121  51.6350 313.0621 0001997 275.8081  84.2689 15.69669521170384
1 45121U 19071L   23043.27177324  .00210368  00000-0  16805-2 0  9998
2 45121  51.6353 310.4623 0002364 272.6256  87.4471 15.69914906170461
1 45121U 19071L   23043.46272969  .00243049  00000-0  19246-2 0  9994
2 45121  51.6353 309.4884 0002401 271.7058  88.3664 15.70021894170494
1 45121U 19071L   23043.46272969  .00243049  00000-0  19246-2 0  9994
2 45121  51.6353 309.4884 0002401 271.7058  88.3664 15.70021894170494
1 45121U 19071L   23043.78096097  .00278428  00000-0  21771-2 0  9990
2 45121  51.6341 307.8645 0002483 273.0098  87.0616 15.70214830170540
1 45121U 19071L   23044.22642204  .00281579  00000-0  21773-2 0  9990
2 45121  51.6339 305.5893 0002580 272.5342  87.5360 15.70473282170618
1 45121U 19071L   23044.41730977  .00297793  00000-0  22862-2 0  9991
2 45121  51.6336 304.6139 0002636 271.7267  88.3429 15.70595540170647
1 45121U 19071L   23044.41730977  .00297793  00000-0  22862-2 0  9991
2 45121  51.6336 304.6139 0002636 271.7267  88.3429 15.70595540170647
1 45121U 19071L   23045.11709656  .00327187  00000-0  24531-2 0  9995
2 45121  51.6332 301.0361 0003012 265.0310  95.0344 15.71072093170752
1 45121U 19071L   23045.24430813  .00343037  00000-0  25569-2 0  9999
2 45121  51.6335 300.3855 0003099 264.8275  95.2369 15.71164132170774
1 45121U 19071L   23045.24430813  .00343037  00000-0  25569-2 0  9999
2 45121  51.6335 300.3855 0003099 264.8275  95.2369 15.71164132170774
1 45121U 19071L   23045.94383124  .00355237  00000-0  25862-2 0  9999
2 45121  51.6335 296.8069 0003388 264.3980  95.6632 15.71687929170882
1 45121U 19071L   23046.38885645  .00419923  00000-0  29851-2 0  9998
2 45121  51.6336 294.5277 0003504 263.9938  96.0661 15.72061821170950
1 45121U 19071L   23046.38885645  .00419923  00000-0  29851-2 0  9998
2 45121  51.6336 294.5277 0003504 263.9938  96.0661 15.72061821170950
1 45121U 19071L   23046.89731560  .00485416  00000-0  33519-2 0  9996
2 45121  51.6339 291.9229 0003780 264.5398  95.5169 15.72556437171033
1 45121U 19071L   23046.89731560  .00485416  00000-0  33519-2 0  9996
2 45121  51.6339 291.9229 0003780 264.5398  95.5169 15.72556437171033
1 45121U 19071L   23047.21501735  .00499375  00000-0  33941-2 0  9990
2 45121  51.6341 290.2943 0004004 264.3304  95.7238 15.72888835171080
1 45121U 19071L   23047.21501735  .00499375  00000-0  33941-2 0  9990
2 45121  51.6341 290.2943 0004004 264.3304  95.7238 15.72888835171080
1 45121U 19071L   23048.16774375  .00433960  00000-0  28588-2 0  9996
2 45121  51.6334 285.4055 0004450 266.9839  93.0651 15.73807595171230
1 45121U 19071L   23048.16774375  .00433960  00000-0  28588-2 0  9996
2 45121  51.6334 285.4055 0004450 266.9839  93.0651 15.73807595171230
1 45121U 19071L   23048.67565708  .00401433  00000-0  26105-2 0  9993
2 45121  51.6320 282.7980 0004737 267.3977  92.6480 15.74201093171314
1 45121U 19071L   23048.92956691  .00396919  00000-0  25614-2 0  9992
2 45121  51.6321 281.4932 0004891 267.2372  92.8068 15.74391547171359
1 45121U 19071L   23049.11998077  .00374175  00000-0  24077-2 0  9990
2 45121  51.6321 280.5148 0004986 267.8700  92.1729 15.74522691171380
1 45121U 19071L   23049.18344847  .00355580  00000-0  22895-2 0  9992
2 45121  51.6322 280.1886 0004943 267.9950  92.0483 15.74561410171396
1 45121U 19071L   23049.18344847  .00355580  00000-0  22895-2 0  9992
2 45121  51.6322 280.1886 0004943 267.9950  92.0483 15.74561410171396
1 45121U 19071L   23049.62767315  .00384798  00000-0  24351-2 0  9992
2 45121  51.6320 277.9047 0005071 270.5089  89.5329 15.74877436171469
1 45121U 19071L   23050.19869622  .00357232  00000-0  22322-2 0  9999
2 45121  51.6317 274.9675 0005373 272.9741  87.0644 15.75245975171556
1 45121U 19071L   23050.32557186  .00369563  00000-0  22972-2 0  9994
2 45121  51.6315 274.3146 0005399 273.7475  86.2907 15.75331076171575
1 45121U 19071L   23050.64273127  .00340194  00000-0  21037-2 0  9999
2 45121  51.6315 272.6822 0005555 275.0347  85.0019 15.75532503171629
1 45121U 19071L   23051.21350809  .00352750  00000-0  21407-2 0  9998
2 45121  51.6303 269.7425 0005786 277.1956  82.8385 15.75925950171710
1 45121U 19071L   23051.21350809  .00352750  00000-0  21407-2 0  9998
2 45121  51.6303 269.7425 0005786 277.1956  82.8385 15.75925950171710
1 45121U 19071L   23051.97433004  .00342608  00000-0  20362-2 0  9990
2 45121  51.6300 265.8221 0006040 281.1207  78.9114 15.76428332171838
1 45121U 19071L   23052.29126244  .00385846  00000-0  22567-2 0  9991
2 45121  51.6300 264.1876 0006124 283.2447  76.7870 15.76671388171889
1 45121U 19071L   23052.29126244  .00385846  00000-0  22567-2 0  9991
2 45121  51.6300 264.1876 0006124 283.2447  76.7870 15.76671388171889
1 45121U 19071L   23052.79825383  .00401344  00000-0  23027-2 0  9990
2 45121  51.6300 261.5729 0006352 285.5345  74.4954 15.77061850171967
1 45121U 19071L   23052.86161960  .00369483  00000-0  21250-2 0  9995
2 45121  51.6300 261.2459 0006325 285.8597  74.1706 15.77095464171977
1 45121U 19071L   23053.05170733  .00358790  00000-0  20547-2 0  9992
2 45121  51.6302 260.2654 0006401 286.6097  73.4200 15.77220882172004
1 45121U 19071L   23053.55851918  .00373291  00000-0  20972-2 0  9993
2 45121  51.6304 257.6489 0006578 289.6892  70.3398 15.77610835172086
1 45121U 19071L   23053.55851918  .00373291  00000-0  20972-2 0  9993
2 45121  51.6304 257.6489 0006578 289.6892  70.3398 15.77610835172086
1 45121U 19071L   23054.12851637  .00409052  00000-0  22369-2 0  9992
2 45121  51.6304 254.7042 0006906 292.5670  67.4600 15.78116350172178
1 45121U 19071L   23054.57172908  .00447308  00000-0  23939-2 0  9998
2 45121  51.6298 252.4135 0007100 294.6304  65.3957 15.78493669172243
1 45121U 19071L   23054.57172908  .00447308  00000-0  23939-2 0  9998
2 45121  51.6298 252.4135 0007100 294.6304  65.3957 15.78493669172243
1 45121U 19071L   23054.82494522  .00460311  00000-0  24351-2 0  9993
2 45121  51.6297 251.1040 0007206 295.6011  64.4245 15.78716214172284
1 45121U 19071L   23055.52111234  .00469166  00000-0  24135-2 0  9994
2 45121  51.6304 247.5020 0007623 298.9905  61.0332 15.79309669172396
1 45121U 19071L   23055.77420200  .00397068  00000-0  20434-2 0  9996
2 45121  51.6306 246.1919 0007804 300.4837  59.5393 15.79490165172430
1 45121U 19071L   23055.77420200  .00397068  00000-0  20434-2 0  9996
2 45121  51.6306 246.1919 0007804 300.4837  59.5393 15.79490165172430
1 45121U 19071L   23056.53328662  .00417481  00000-0  20869-2 0  9994
2 45121  51.6301 242.2597 0008084 304.2771  55.7464 15.80073069172556
1 45121U 19071L   23056.78625219  .00417924  00000-0  20703-2 0  9998
2 45121  51.6309 240.9491 0008150 305.2375  54.7863 15.80269502172592
1 45121U 19071L   23056.91272078  .00473673  00000-0  23171-2 0  9999
2 45121  51.6307 240.2930 0008227 305.5588  54.4646 15.80399287172618
1 45121U 19071L   23057.03918100  .00467342  00000-0  22763-2 0  9998
2 45121  51.6311 239.6373 0008231 306.1345  53.8894 15.80509882172633
1 45121U 19071L   23057.48171163  .00535329  00000-0  25335-2 0  9996
2 45121  51.6311 237.3421 0008366 308.3821  51.6428 15.80960810172703
1 45121U 19071L   23057.48171163  .00535329  00000-0  25335-2 0  9996
2 45121  51.6311 237.3421 0008366 308.3821  51.6428 15.80960810172703
1 45121U 19071L   23057.67132881  .00524025  00000-0  24615-2 0  9992
2 45121  51.6310 236.3581 0008508 309.5266  50.4983 15.81151211172736
1 45121U 19071L   23057.73452958  .00515716  00000-0  24181-2 0  9994
2 45121  51.6310 236.0299 0008519 309.8444  50.1808 15.81211544172742
1 45121U 19071L   23058.49272213  .00690613  00000-0  30438-2 0  9994
2 45121  51.6301 232.0917 0008880 313.4631  46.5632 15.82104318172863
1 45121U 19071L   23058.49272213  .00690613  00000-0  30438-2 0  9994
2 45121  51.6301 232.0917 0008880 313.4631  46.5632 15.82104318172863
1 45121U 19071L   23058.74533736  .01204524  00000-0  49785-2 0  9990
2 45121  51.6307 230.7789 0008836 313.5318  46.4949 15.82657468172909
1 45121U 19071L   23058.87162128  .00899433  00000-0  37520-2 0  9999
2 45121  51.6304 230.1218 0008897 314.8985  45.1294 15.82766484172928
1 45121U 19071L   23059.18725962  .00860584  00000-0  35257-2 0  9995
2 45121  51.6303 228.4780 0008567 314.5232  45.5070 15.83250781172977
1 45121U 19071L   23059.50280819  .00760967  00000-0  30899-2 0  9999
2 45121  51.6302 226.8348 0008597 315.8604  44.1712 15.83684685173027
1 45121U 19071L   23059.50280819  .00760967  00000-0  30899-2 0  9999
2 45121  51.6302 226.8348 0008597 315.8604  44.1712 15.83684685173027
1 45121U 19071L   23059.94444145  .00576483  00000-0  23344-2 0  9996
2 45121  51.6301 224.5332 0008896 318.0074  42.0246 15.84190366173097
1 45121U 19071L   23059.94444145  .00576483  00000-0  23344-2 0  9996
2 45121  51.6301 224.5332 0008896 318.0074  42.0246 15.84190366173097
1 45121U 19071L   23061.14238025  .00608856  00000-0  22861-2 0  9992
2 45121  51.6293 218.2804 0009875 325.1121  34.9235 15.85679975173289
1 45121U 19071L   23061.70952993  .00488795  00000-0  18284-2 0  9993
2 45121  51.6288 215.3151 0009886 326.5911  33.4468 15.86042632173377
1 45121U 19071L   23061.70952993  .00488795  00000-0  18284-2 0  9993
2 45121  51.6288 215.3151 0009886 326.5911  33.4468 15.86042632173377
1 45121U 19071L   23062.78019529  .00823971  00000-0  27610-2 0  9993
2 45121  51.6299 209.7140 0010445 329.6348  30.4051 15.87509919173546
1 45121U 19071L   23062.78019529  .00823971  00000-0  27610-2 0  9993
2 45121  51.6299 209.7140 0010445 329.6348  30.4051 15.87509919173546
1 45121U 19071L   23064.47799465  .01140535  58288-3  35334-2 0  9990
2 45121  51.6285 200.7953 0011773 335.4208  24.6236 15.91034675173816
1 45121U 19071L   23064.47799465  .01140535  58288-3  35334-2 0  9990
2 45121  51.6285 200.7953 0011773 335.4208  24.6236 15.91034675173816
1 45121U 19071L   23064.72918158  .01235536  70398-3  37104-2 0  9999
2 45121  51.6283 199.4723 0011922 336.1957  23.8496 15.91661532173859
1 45121U 19071L   23065.35669103  .01410038  98020-3  38808-2 0  9998
2 45121  51.6284 196.1606 0012271 339.2979  20.7529 15.93385590173953
1 45121U 19071L   23065.35669103  .01410038  98020-3  38808-2 0  9998
2 45121  51.6284 196.1606 0012271 339.2979  20.7529 15.93385590173953
1 45121U 19071L   23067.35981711  .01805708  20218-2  35450-2 0  9997
2 45121  51.6269 185.5280 0013221 348.0293  12.0400 15.99774330174277
1 45121U 19071L   23067.35981711  .01805708  20218-2  35450-2 0  9997
2 45121  51.6269 185.5280 0013221 348.0293  12.0400 15.99774330174277
1 45121U 19071L   23069.22849751  .03282160  17143-1  40496-2 0  9993
2 45121  51.6238 175.4941 0012829 353.7799   6.3054 16.10064874174575
1 45121U 19071L   23069.29055700  .03254475  16831-1  38919-2 0  9991
2 45121  51.6237 175.1583 0012774 353.6464   6.4386 16.10501509174581
1 45121U 19071L   23069.29055700  .03254475  16831-1  38919-2 0  9991
2 45121  51.6237 175.1583 0012774 353.6464   6.4386 16.10501509174581
1 45121U 19071L   23069.66250884  .03715370  25144-1  37046-2 0  9995
2 45121  51.6229 173.1381 0011381 356.5432   3.5503 16.13577071174642
1 45121U 19071L   23069.66250884  .03715370  25144-1  37046-2 0  9995
2 45121  51.6229 173.1381 0011381 356.5432   3.5503 16.13577071174642
1 45121U 19071L   23070.58829864  .08493597  12132-4  25127-2 0  9990
2 45121  51.6173 168.0571 0007608 359.7859   0.3157 16.26316412174799
1 45121U 19071L   23070.58829864  .08493597  12132-4  25127-2 0  9990
2 45121  51.6173 168.0571 0007608 359.7859   0.3157 16.26316412174799
1 45121U 19071L   23070.58829905  .08457642  12130-4  25058-2 0  9998
2 45121  51.6174 168.0570 0007552 359.9671   0.1348 16.26300853174793
1 45121U 19071L   23070.58829905  .08457642  12130-4  25058-2 0  9998
2 45121  51.6174 168.0570 0007552 359.9671   0.1348 16.26300853174793
