1 45128U 13076AA  23003.86187357  .00004418  00000-0  19600-2 0  9995
2 45128  81.2078 197.1405 0031226 334.8945  25.0712 14.22652774152156
1 45128U 13076AA  23003.86187357  .00004418  00000-0  19600-2 0  9995
2 45128  81.2078 197.1405 0031226 334.8945  25.0712 14.22652774152156
1 45128U 13076AA  23007.23768699  .00006086  00000-0  26997-2 0  9994
2 45128  81.2113 193.7819 0031006 325.1455  34.7692 14.22698051152637
1 45128U 13076AA  23007.23768699  .00006086  00000-0  26997-2 0  9994
2 45128  81.2113 193.7819 0031006 325.1455  34.7692 14.22698051152637
1 45128U 13076AA  23014.19997617  .00010341  00000-0  45787-2 0  9998
2 45128  81.2148 186.8418 0030832 305.2990  54.5305 14.22804659153626
1 45128U 13076AA  23014.19997617  .00010341  00000-0  45787-2 0  9998
2 45128  81.2148 186.8418 0030832 305.2990  54.5305 14.22804659153626
1 45128U 13076AA  23020.73972797  .00011137  00000-0  49186-2 0  9998
2 45128  81.2148 180.3186 0030560 286.4225  73.3594 14.22943016154559
1 45128U 13076AA  23021.16162512  .00011381  00000-0  50252-2 0  9999
2 45128  81.2163 179.9027 0030678 284.7243  75.0535 14.22951958154610
1 45128U 13076AA  23025.73202115  .00009588  00000-0  42263-2 0  9999
2 45128  81.2145 175.3378 0030791 271.6830  88.0822 14.23042616155260
1 45128U 13076AA  23025.73202115  .00009588  00000-0  42263-2 0  9999
2 45128  81.2145 175.3378 0030791 271.6830  88.0822 14.23042616155260
1 45128U 13076AA  23034.09877637  .00005702  00000-0  25073-2 0  9999
2 45128  81.2144 166.9902 0030860 247.1815 112.6102 14.23151526156454
1 45128U 13076AA  23034.09877637  .00005702  00000-0  25073-2 0  9999
2 45128  81.2144 166.9902 0030860 247.1815 112.6102 14.23151526156454
1 45128U 13076AA  23041.62127269  .00013543  00000-0  59387-2 0  9992
2 45128  81.2157 159.4878 0031374 225.7353 134.1250 14.23290029157521
1 45128U 13076AA  23041.62127269  .00013543  00000-0  59387-2 0  9992
2 45128  81.2157 159.4878 0031374 225.7353 134.1250 14.23290029157521
1 45128U 13076AA  23048.58056545  .00009741  00000-0  42602-2 0  9999
2 45128  81.2162 152.5409 0031133 205.1979 154.7683 14.23443763158513
1 45128U 13076AA  23048.58056545  .00009741  00000-0  42602-2 0  9999
2 45128  81.2162 152.5409 0031133 205.1979 154.7683 14.23443763158513
1 45128U 13076AA  23054.55526120  .00005397  00000-0  23569-2 0  9998
2 45128  81.2167 146.5767 0030279 190.8677 169.1851 14.23507636159364
1 45128U 13076AA  23054.55526120  .00005397  00000-0  23569-2 0  9998
2 45128  81.2167 146.5767 0030279 190.8677 169.1851 14.23507636159364
1 45128U 13076AA  23063.90333696  .00006992  00000-0  30466-2 0  9997
2 45128  81.2135 137.2373 0031454 163.3531 196.8688 14.23621207160693
1 45128U 13076AA  23063.90333696  .00006992  00000-0  30466-2 0  9997
2 45128  81.2135 137.2373 0031454 163.3531 196.8688 14.23621207160693
1 45128U 13076AA  23068.89334039  .00008094  00000-0  35216-2 0  9995
2 45128  81.2222 132.2646 0032006 150.8585 209.4388 14.23690421161404
1 45128U 13076AA  23068.89334039  .00008094  00000-0  35216-2 0  9995
2 45128  81.2222 132.2646 0032006 150.8585 209.4388 14.23690421161404
1 45128U 13076AA  23069.87726125  .00006416  00000-0  27910-2 0  9993
2 45128  81.2114 131.2703 0031712 145.9046 214.4178 14.23698430161543
1 45128U 13076AA  23069.87726125  .00006416  00000-0  27910-2 0  9993
2 45128  81.2114 131.2703 0031712 145.9046 214.4178 14.23698430161543
1 45128U 13076AA  23074.86700272  .00005086  00000-0  22108-2 0  9999
2 45128  81.2177 126.2906 0029796 138.9053 221.4378 14.23745856162254
1 45128U 13076AA  23074.86700272  .00005086  00000-0  22108-2 0  9999
2 45128  81.2177 126.2906 0029796 138.9053 221.4378 14.23745856162254
1 45128U 13076AA  23076.83476257  .00003538  00000-0  15355-2 0  9997
2 45128  81.2128 124.3210 0030964 129.1070 231.2869 14.23760478162539
1 45128U 13076AA  23089.34364268  .00004096  00000-0  17762-2 0  9999
2 45128  81.2072 111.8140 0029818  94.0781 266.3807 14.23842064164316
1 45128U 13076AA  23089.34364268  .00004096  00000-0  17762-2 0  9999
2 45128  81.2072 111.8140 0029818  94.0781 266.3807 14.23842064164316
1 45128U 13076AA  23091.38152438  .00004150  00000-0  17989-2 0  9992
2 45128  81.2132 109.7877 0030141  89.3688 271.0944 14.23857874164602
1 45128U 13076AA  23091.38152438  .00004150  00000-0  17989-2 0  9992
2 45128  81.2132 109.7877 0030141  89.3688 271.0944 14.23857874164602
1 45128U 13076AA  23094.33289871  .00003608  00000-0  15631-2 0  9991
2 45128  81.2081 106.8315 0029531  80.2034 280.2477 14.23878917165027
1 45128U 13076AA  23094.33289871  .00003608  00000-0  15631-2 0  9991
2 45128  81.2081 106.8315 0029531  80.2034 280.2477 14.23878917165027
1 45128U 13076AA  23096.72207396  .00002949  00000-0  12761-2 0  9996
2 45128  81.2101 104.4458 0030089  74.8257 285.6245 14.23894153165367
1 45128U 13076AA  23096.72207396  .00002949  00000-0  12761-2 0  9996
2 45128  81.2101 104.4458 0030089  74.8257 285.6245 14.23894153165367
1 45128U 13076AA  23100.30578317  .00003476  00000-0  15043-2 0  9992
2 45128  81.2113 100.8626 0029995  64.2015 296.2253 14.23920171165879
1 45128U 13076AA  23100.30578317  .00003476  00000-0  15043-2 0  9992
2 45128  81.2113 100.8626 0029995  64.2015 296.2253 14.23920171165879
1 45128U 13076AA  23105.71634778  .00005240  00000-0  22671-2 0  9992
2 45128  81.2099  95.4558 0031423  52.4611 307.9415 14.23968633166646
1 45128U 13076AA  23105.71634778  .00005240  00000-0  22671-2 0  9992
2 45128  81.2099  95.4558 0031423  52.4611 307.9415 14.23968633166646
1 45128U 13076AA  23108.24587101  .00005579  00000-0  24125-2 0  9991
2 45128  81.2053  92.9239 0031334  47.2133 313.1672 14.24007121167008
1 45128U 13076AA  23108.24587101  .00005579  00000-0  24125-2 0  9991
2 45128  81.2053  92.9239 0031334  47.2133 313.1672 14.24007121167008
1 45128U 13076AA  23109.65114405  .00005682  00000-0  24575-2 0  9994
2 45128  81.2096  91.5215 0029939  40.6316 319.7089 14.24019395167204
1 45128U 13076AA  23109.65114405  .00005682  00000-0  24575-2 0  9994
2 45128  81.2096  91.5215 0029939  40.6316 319.7089 14.24019395167204
1 45128U 13076AA  23110.21324742  .00005538  00000-0  23949-2 0  9999
2 45128  81.2099  90.9605 0029766  39.0923 321.2399 14.24025975167288
1 45128U 13076AA  23110.21324742  .00005538  00000-0  23949-2 0  9999
2 45128  81.2099  90.9605 0029766  39.0923 321.2399 14.24025975167288
1 45128U 13076AA  23120.19014529  .00004246  00000-0  18313-2 0  9990
2 45128  81.2101  80.9837 0029581  13.6041 346.5928 14.24138442168702
1 45128U 13076AA  23120.19014529  .00004246  00000-0  18313-2 0  9990
2 45128  81.2101  80.9837 0029581  13.6041 346.5928 14.24138442168702
1 45128U 13076AA  23122.57886346  .00004725  00000-0  20373-2 0  9999
2 45128  81.2108  78.5962 0029389   7.9956 352.1685 14.24168301169046
1 45128U 13076AA  23122.57886346  .00004725  00000-0  20373-2 0  9999
2 45128  81.2108  78.5962 0029389   7.9956 352.1685 14.24168301169046
1 45128U 13076AA  23123.14090709  .00004959  00000-0  21382-2 0  9993
2 45128  81.2114  78.0373 0029146   5.9098 354.2418 14.24175283169123
1 45128U 13076AA  23125.17829935  .00005432  00000-0  23419-2 0  9999
2 45128  81.2113  75.9983 0028849   1.0764 359.0471 14.24198989169413
1 45128U 13076AA  23125.17829935  .00005432  00000-0  23419-2 0  9999
2 45128  81.2113  75.9983 0028849   1.0764 359.0471 14.24198989169413
1 45128U 13076AA  23127.14540186  .00006889  00000-0  29697-2 0  9997
2 45128  81.2110  74.0294 0028579 356.0823   4.0127 14.24226554169699
1 45128U 13076AA  23127.14540186  .00006889  00000-0  29697-2 0  9997
2 45128  81.2110  74.0294 0028579 356.0823   4.0127 14.24226554169699
1 45128U 13076AA  23128.55045211  .00006848  00000-0  29508-2 0  9998
2 45128  81.2111  72.6244 0028353 352.5009   7.5742 14.24245879169890
1 45128U 13076AA  23129.11246637  .00007702  00000-0  33187-2 0  9994
2 45128  81.2110  72.0623 0028264 350.9885   9.0782 14.24255572169970
1 45128U 13076AA  23129.11246637  .00007702  00000-0  33187-2 0  9994
2 45128  81.2110  72.0623 0028264 350.9885   9.0782 14.24255572169970
1 45128U 13076AA  23134.10020326  .00005992  00000-0  25787-2 0  9990
2 45128  81.2105  67.0729 0027381 337.8810  22.1185 14.24324957170683
1 45128U 13076AA  23134.10020326  .00005992  00000-0  25787-2 0  9990
2 45128  81.2105  67.0729 0027381 337.8810  22.1185 14.24324957170683
1 45128U 13076AA  23135.50515681  .00005159  00000-0  22191-2 0  9999
2 45128  81.2103  65.6670 0027026 334.2375  25.7456 14.24342352170884
1 45128U 13076AA  23139.08772128  .00004019  00000-0  17269-2 0  9991
2 45128  81.2110  62.0835 0026250 324.4953  35.4477 14.24377746171390
1 45128U 13076AA  23139.08772128  .00004019  00000-0  17269-2 0  9991
2 45128  81.2110  62.0835 0026250 324.4953  35.4477 14.24377746171390
1 45128U 13076AA  23141.05457847  .00006828  00000-0  29353-2 0  9996
2 45128  81.2109  60.1163 0025899 318.7839  41.1383 14.24405638171671
1 45128U 13076AA  23141.05457847  .00006828  00000-0  29353-2 0  9996
2 45128  81.2109  60.1163 0025899 318.7839  41.1383 14.24405638171671
1 45128U 13076AA  23142.03799272  .00006721  00000-0  28886-2 0  9998
2 45128  81.2110  59.1320 0025604 316.3790  43.5364 14.24419568171818
1 45128U 13076AA  23146.46325959  .00004440  00000-0  19059-2 0  9994
2 45128  81.2108  54.7036 0024603 303.7819  56.1016 14.24466190172447
1 45128U 13076AA  23146.46325959  .00004440  00000-0  19059-2 0  9994
2 45128  81.2108  54.7036 0024603 303.7819  56.1016 14.24466190172447
1 45128U 13076AA  23147.02518821  .00004242  00000-0  18205-2 0  9991
2 45128  81.2107  54.1415 0024565 301.9637  57.9153 14.24471651172524
1 45128U 13076AA  23148.00855924  .00003997  00000-0  17150-2 0  9992
2 45128  81.2105  53.1574 0024269 298.9724  60.9021 14.24480279172669
1 45128U 13076AA  23148.00855924  .00003997  00000-0  17150-2 0  9992
2 45128  81.2105  53.1574 0024269 298.9724  60.9021 14.24480279172669
1 45128U 13076AA  23160.37035108  .00005159  00000-0  22105-2 0  9998
2 45128  81.2109  40.7875 0022218 259.5532 100.3143 14.24611358174425
1 45128U 13076AA  23160.37035108  .00005159  00000-0  22105-2 0  9998
2 45128  81.2109  40.7875 0022218 259.5532 100.3143 14.24611358174425
1 45128U 13076AA  23161.91549608  .00005410  00000-0  23172-2 0  9999
2 45128  81.2090  39.2403 0022030 254.0578 105.8173 14.24628392174649
1 45128U 13076AA  23161.91549608  .00005410  00000-0  23172-2 0  9999
2 45128  81.2090  39.2403 0022030 254.0578 105.8173 14.24628392174649
1 45128U 13076AA  23166.90198021  .00005388  00000-0  23058-2 0  9999
2 45128  81.2098  34.2500 0021907 237.8393 122.0661 14.24680768175353
1 45128U 13076AA  23166.90198021  .00005388  00000-0  23058-2 0  9999
2 45128  81.2098  34.2500 0021907 237.8393 122.0661 14.24680768175353
1 45128U 13076AA  23167.88520809  .00006428  00000-0  27506-2 0  9998
2 45128  81.2100  33.2660 0021881 234.4508 125.4631 14.24694409175491
1 45128U 13076AA  23167.88520809  .00006428  00000-0  27506-2 0  9998
2 45128  81.2100  33.2660 0021881 234.4508 125.4631 14.24694409175491
1 45128U 13076AA  23171.32644588  .00005537  00000-0  23670-2 0  9991
2 45128  81.2107  29.8221 0021977 222.9049 137.0416 14.24732081175983
1 45128U 13076AA  23171.32644588  .00005537  00000-0  23670-2 0  9991
2 45128  81.2107  29.8221 0021977 222.9049 137.0416 14.24732081175983
1 45128U 13076AA  23171.88827218  .00005677  00000-0  24265-2 0  9991
2 45128  81.2102  29.2599 0022006 220.9790 138.9736 14.24738562176060
1 45128U 13076AA  23172.30964009  .00005857  00000-0  25036-2 0  9996
2 45128  81.2105  28.8380 0022013 219.6530 140.3041 14.24743655176123
1 45128U 13076AA  23172.30964009  .00005857  00000-0  25036-2 0  9996
2 45128  81.2105  28.8380 0022013 219.6530 140.3041 14.24743655176123
1 45128U 13076AA  23177.29571210  .00006799  00000-0  29029-2 0  9999
2 45128  81.2115  23.8464 0022435 203.7064 156.3084 14.24807724176836
1 45128U 13076AA  23178.84064784  .00005494  00000-0  23442-2 0  9998
2 45128  81.2117  22.3000 0022602 198.9332 161.1010 14.24823900177059
1 45128U 13076AA  23182.84335542  .00004297  00000-0  18308-2 0  9991
2 45128  81.2109  18.2927 0023138 186.6217 173.4660 14.24863097177624
1 45128U 13076AA  23185.79265326  .00004905  00000-0  20891-2 0  9996
2 45128  81.2104  15.3380 0023468 177.9592 182.1687 14.24890096178047
1 45128U 13076AA  23195.20191823  .00006370  00000-0  27082-2 0  9990
2 45128  81.2108   5.9168 0024513 152.1197 208.1302 14.24989689179386
1 45128U 13076AA  23202.15306773  .00007208  00000-0  30598-2 0  9992
2 45128  81.2128 358.9575 0024299 133.5231 226.7973 14.25080340180372
1 45128U 13076AA  23202.15306773  .00007208  00000-0  30598-2 0  9992
2 45128  81.2128 358.9575 0024299 133.5231 226.7973 14.25080340180372
1 45128U 13076AA  23207.13796586  .00007340  00000-0  31112-2 0  9990
2 45128  81.2092 353.9540 0025271 121.1773 239.1888 14.25143595181088
1 45128U 13076AA  23219.07270240  .00006491  00000-0  27438-2 0  9992
2 45128  81.2122 342.0068 0023728  86.7464 273.6430 14.25303235182787
1 45128U 13076AA  23226.02235239  .00005088  00000-0  21475-2 0  9990
2 45128  81.2119 335.0382 0022845  68.8800 291.4818 14.25372793183771
1 45128U 13076AA  23231.00623546  .00005425  00000-0  22878-2 0  9999
2 45128  81.2114 330.0453 0022571  54.0388 306.2880 14.25422863184481
1 45128U 13076AA  23232.97166420  .00004653  00000-0  19606-2 0  9996
2 45128  81.2162 328.0787 0023655  45.6302 314.6809 14.25440862184761
1 45128U 13076AA  23233.95436771  .00004444  00000-0  18720-2 0  9998
2 45128  81.2130 327.0970 0023478  42.6802 317.6195 14.25448594184901
1 45128U 13076AA  23233.95436771  .00004444  00000-0  18720-2 0  9998
2 45128  81.2130 327.0970 0023478  42.6802 317.6195 14.25448594184901
1 45128U 13076AA  23237.95531214  .00003981  00000-0  16759-2 0  9995
2 45128  81.2118 323.0873 0023024  30.7933 329.4591 14.25481932185472
1 45128U 13076AA  23237.95531214  .00003981  00000-0  16759-2 0  9995
2 45128  81.2118 323.0873 0023024  30.7933 329.4591 14.25481932185472
1 45128U 13076AA  23240.97350879  .00003984  00000-0  16763-2 0  9995
2 45128  81.2121 320.0628 0022755  21.6779 338.5358 14.25505717185906
1 45128U 13076AA  23240.97350879  .00003984  00000-0  16763-2 0  9995
2 45128  81.2121 320.0628 0022755  21.6779 338.5358 14.25505717185906
1 45128U 13076AA  23242.93882025  .00003584  00000-0  15071-2 0  9993
2 45128  81.2114 318.0931 0022638  15.9148 344.2737 14.25519774186182
1 45128U 13076AA  23244.90411112  .00003885  00000-0  16340-2 0  9991
2 45128  81.2113 316.1241 0022477   9.2752 350.8838 14.25534368186464
1 45128U 13076AA  23244.90411112  .00003885  00000-0  16340-2 0  9991
2 45128  81.2113 316.1241 0022477   9.2752 350.8838 14.25534368186464
1 45128U 13076AA  23248.90481693  .00003523  00000-0  14805-2 0  9999
2 45128  81.2095 312.1135 0022374 357.2601   2.8452 14.25565234187032
1 45128U 13076AA  23248.90481693  .00003523  00000-0  14805-2 0  9999
2 45128  81.2095 312.1135 0022374 357.2601   2.8452 14.25565234187032
1 45128U 13076AA  23250.87004679  .00004041  00000-0  16984-2 0  9999
2 45128  81.2099 310.1434 0022225 350.7875   9.2893 14.25579170187317
1 45128U 13076AA  23250.87004679  .00004041  00000-0  16984-2 0  9999
2 45128  81.2099 310.1434 0022225 350.7875   9.2893 14.25579170187317
1 45128U 13076AA  23261.81882155  .00004962  00000-0  20830-2 0  9995
2 45128  81.2077 299.1680 0022093 317.2020  42.7439 14.25666957188875
1 45128U 13076AA  23261.81882155  .00004962  00000-0  20830-2 0  9995
2 45128  81.2077 299.1680 0022093 317.2020  42.7439 14.25666957188875
1 45128U 13076AA  23264.83662975  .00004265  00000-0  17890-2 0  9994
2 45128  81.2114 296.1451 0022100 307.6170  52.3003 14.25691768189309
1 45128U 13076AA  23264.83662975  .00004265  00000-0  17890-2 0  9994
2 45128  81.2114 296.1451 0022100 307.6170  52.3003 14.25691768189309
1 45128U 13076AA  23266.80168397  .00004387  00000-0  18391-2 0  9994
2 45128  81.2139 294.1727 0022976 299.6889  60.2003 14.25706818189589
1 45128U 13076AA  23266.80168397  .00004387  00000-0  18391-2 0  9994
2 45128  81.2139 294.1727 0022976 299.6889  60.2003 14.25706818189589
1 45128U 13076AA  23272.76689569  .00004167  00000-0  17449-2 0  9994
2 45128  81.2094 288.1929 0023341 281.6645  78.1915 14.25759474190436
1 45128U 13076AA  23272.76689569  .00004167  00000-0  17449-2 0  9994
2 45128  81.2094 288.1929 0023341 281.6645  78.1915 14.25759474190436
1 45128U 13076AA  23277.74942740  .00005612  00000-0  23485-2 0  9993
2 45128  81.2126 283.2000 0024218 267.4495  92.3912 14.25809798191146
1 45128U 13076AA  23277.74942740  .00005612  00000-0  23485-2 0  9993
2 45128  81.2126 283.2000 0024218 267.4495  92.3912 14.25809798191146
1 45128U 13076AA  23283.71414666  .00007058  00000-0  29500-2 0  9998
2 45128  81.2099 277.2191 0023586 251.0519 108.8104 14.25891551191999
1 45128U 13076AA  23283.71414666  .00007058  00000-0  29500-2 0  9998
2 45128  81.2099 277.2191 0023586 251.0519 108.8104 14.25891551191999
1 45128U 13076AA  23284.27551495  .00006552  00000-0  27380-2 0  9994
2 45128  81.2108 276.6612 0023867 250.5927 109.2673 14.25898461192073
1 45128U 13076AA  23284.27551495  .00006552  00000-0  27380-2 0  9994
2 45128  81.2108 276.6612 0023867 250.5927 109.2673 14.25898461192073
1 45128U 13076AA  23296.20385628  .00004897  00000-0  20400-2 0  9999
2 45128  81.2199 264.7004 0021555 216.6330 143.3376 14.26058249193779
1 45128U 13076AA  23296.62483379  .00004449  00000-0  18532-2 0  9993
2 45128  81.2135 264.2646 0021701 212.1179 147.8680 14.26060491193837
1 45128U 13076AA  23296.62483379  .00004449  00000-0  18532-2 0  9993
2 45128  81.2135 264.2646 0021701 212.1179 147.8680 14.26060491193837
1 45128U 13076AA  23300.20311286  .00006239  00000-0  25984-2 0  9998
2 45128  81.2128 260.6763 0021415 200.3321 159.7008 14.26095613194346
1 45128U 13076AA  23302.58857703  .00006701  00000-0  27893-2 0  9995
2 45128  81.2121 258.2820 0021385 192.1720 167.8946 14.26124888194688
1 45128U 13076AA  23302.58857703  .00006701  00000-0  27893-2 0  9995
2 45128  81.2121 258.2820 0021385 192.1720 167.8946 14.26124888194688
1 45128U 13076AA  23308.55200863  .00006854  00000-0  28491-2 0  9991
2 45128  81.2124 252.3004 0021177 171.9418 188.2106 14.26203478195531
1 45128U 13076AA  23308.55200863  .00006854  00000-0  28491-2 0  9991
2 45128  81.2124 252.3004 0021177 171.9418 188.2106 14.26203478195531
1 45128U 13076AA  23312.12983144  .00008819  00000-0  36595-2 0  9996
2 45128  81.2122 248.7122 0021433 160.2544 199.9471 14.26298374196045
1 45128U 13076AA  23312.12983144  .00008819  00000-0  36595-2 0  9996
2 45128  81.2122 248.7122 0021433 160.2544 199.9471 14.26298374196045
1 45128U 13076AA  23314.51494181  .00007186  00000-0  29789-2 0  9992
2 45128  81.2127 246.3182 0021628 151.9627 208.2723 14.26337988196381
1 45128U 13076AA  23314.51494181  .00007186  00000-0  29789-2 0  9992
2 45128  81.2127 246.3182 0021628 151.9627 208.2723 14.26337988196381
1 45128U 13076AA  23316.12836895  .00005454  00000-0  22592-2 0  9994
2 45128  81.2124 244.6981 0021878 146.3859 213.8713 14.26355977196613
1 45128U 13076AA  23316.12836895  .00005454  00000-0  22592-2 0  9994
2 45128  81.2124 244.6981 0021878 146.3859 213.8713 14.26355977196613
1 45128U 13076AA  23319.49545539  .00004953  00000-0  20499-2 0  9996
2 45128  81.2118 241.3194 0022329 135.7603 224.5367 14.26392127197092
1 45128U 13076AA  23319.49545539  .00004953  00000-0  20499-2 0  9996
2 45128  81.2118 241.3194 0022329 135.7603 224.5367 14.26392127197092
1 45128U 13076AA  23322.51173826  .00003551  00000-0  14675-2 0  9991
2 45128  81.2108 238.2931 0022828 126.4069 233.9221 14.26416341197528
1 45128U 13076AA  23322.51173826  .00003551  00000-0  14675-2 0  9991
2 45128  81.2108 238.2931 0022828 126.4069 233.9221 14.26416341197528
1 45128U 13076AA  23323.49377371  .00003747  00000-0  15483-2 0  9995
2 45128  81.2117 237.3089 0022858 123.0610 237.2769 14.26423658197668
1 45128U 13076AA  23326.08912330  .00006259  00000-0  25878-2 0  9993
2 45128  81.2119 234.7046 0023197 115.1785 245.1804 14.26450979198032
1 45128U 13076AA  23326.08912330  .00006259  00000-0  25878-2 0  9993
2 45128  81.2119 234.7046 0023197 115.1785 245.1804 14.26450979198032
1 45128U 13076AA  23328.05312076  .00007715  00000-0  31878-2 0  9998
2 45128  81.2124 232.7336 0023545 109.1348 251.2383 14.26487079198315
1 45128U 13076AA  23328.05312076  .00007715  00000-0  31878-2 0  9998
2 45128  81.2124 232.7336 0023545 109.1348 251.2383 14.26487079198315
1 45128U 13076AA  23329.03510089  .00008297  00000-0  34267-2 0  9992
2 45128  81.2123 231.7477 0023712 106.2462 254.1329 14.26506669198454
1 45128U 13076AA  23332.05107931  .00009052  00000-0  37330-2 0  9990
2 45128  81.2150 228.7248 0024123  97.3575 263.0347 14.26578762198887
1 45128U 13076AA  23332.05107931  .00009052  00000-0  37330-2 0  9990
2 45128  81.2150 228.7248 0024123  97.3575 263.0347 14.26578762198887
1 45128U 13076AA  23354.91303113  .00007976  00000-0  32670-2 0  9994
2 45128  81.2102 205.7581 0027032  35.4055 324.8913 14.26891260202148
1 45128U 13076AA  23354.91303113  .00007976  00000-0  32670-2 0  9994
2 45128  81.2102 205.7581 0027032  35.4055 324.8913 14.26891260202148
