1 45139U 20008J   22365.30237819 -.00110780  00000-0 -31765+0 0  9993
2 45139  87.8893 272.1386 0002284  63.5211 296.6151 13.11138142146343
1 45139U 20008J   22365.45497178 -.00109224  00000-0 -31319+0 0  9991
2 45139  87.8876 272.1074 0001443  68.3340 291.7941 13.11126750145478
1 45139U 20008J   22365.68388910 -.00117442  00000-0 -33709+0 0  9995
2 45139  87.8905 272.0622 0000719  47.4752 312.6436 13.11118926145501
1 45139U 20008J   23001.14165152 -.00111998  00000-0 -32122+0 0  9993
2 45139  87.8884 271.9721 0002651  73.2011 286.9407 13.11129699146452
1 45139U 20008J   23001.44682867 -.00111335  00000-0 -31927+0 0  9990
2 45139  87.8879 271.9101 0001163  67.6403 292.4848 13.11136557145605
1 45139U 20008J   23001.44682867 -.00111335  00000-0 -31927+0 0  9990
2 45139  87.8879 271.9101 0001163  67.6403 292.4848 13.11136557146493
1 45139U 20008J   23001.75203287 -.00111737  00000-0 -32052+0 0  9995
2 45139  87.8937 271.8492 0001161  55.0097 305.1139 13.11118301145646
1 45139U 20008J   23002.13351442 -.00111332  00000-0 -31932+0 0  9992
2 45139  87.8883 271.7752 0002180  67.8369 292.2990 13.11123488146586
1 45139U 20008J   23002.43869164 -.00110690  00000-0 -31741+0 0  9994
2 45139  87.8891 271.7124 0001606  71.3016 288.8286 13.11134057146627
1 45139U 20008J   23002.59128933 -.00108698  00000-0 -31166+0 0  9999
2 45139  87.8909 271.6823 0002020  59.1558 300.9768 13.11127276145757
1 45139U 20008J   23002.74387692 -.00108194  00000-0 -31019+0 0  9993
2 45139  87.8880 271.6552 0001246  89.2892 270.8378 13.11129298145778
1 45139U 20008J   23002.74387692 -.00108194  00000-0 -31019+0 0  9993
2 45139  87.8880 271.6552 0001246  89.2892 270.8378 13.11129298146667
1 45139U 20008J   23002.97277660 -.00109268  00000-0 -31333+0 0  9993
2 45139  87.8931 271.6084 0001334  48.2033 311.9208 13.11123848146691
1 45139U 20008J   23003.43055220 -.00110215  00000-0 -31603+0 0  9995
2 45139  87.8868 271.5153 0001777  68.4940 291.6377 13.11134021145862
1 45139U 20008J   23003.43055220 -.00110215  00000-0 -31603+0 0  9995
2 45139  87.8868 271.5153 0001777  68.4940 291.6377 13.11134021146751
1 45139U 20008J   23003.65947701 -.00112088  00000-0 -32164+0 0  9996
2 45139  87.8883 271.4705 0001608  42.8982 317.2271 13.11096507146782
1 45139U 20008J   23004.49870872 -.00110454  00000-0 -31669+0 0  9997
2 45139  87.8900 271.3028 0002686  53.3230 306.8145 13.11140507146008
1 45139U 20008J   23004.49870872 -.00110454  00000-0 -31669+0 0  9997
2 45139  87.8900 271.3028 0002686  53.3230 306.8145 13.11140507146895
1 45139U 20008J   23004.65132062 -.00109839  00000-0 -31507+0 0  9993
2 45139  87.8930 271.2750 0000742  66.3352 293.7854 13.11106010146026
1 45139U 20008J   23005.03279803 -.00110244  00000-0 -31618+0 0  9996
2 45139  87.8930 271.1995 0001534  31.3211 328.8008 13.11119972146967
1 45139U 20008J   23005.49055846 -.00111831  00000-0 -32066+0 0  9996
2 45139  87.8852 271.1061 0001071  71.9247 288.1997 13.11147356146130
1 45139U 20008J   23005.49055846 -.00111831  00000-0 -32066+0 0  9996
2 45139  87.8852 271.1061 0001071  71.9247 288.1997 13.11147356147029
1 45139U 20008J   23006.17723257 -.00116956  00000-0 -33541+0 0  9992
2 45139  87.8845 270.9693 0001934  68.5567 291.5767 13.11173187147118
1 45139U 20008J   23006.48243416 -.00113617  00000-0 -32591+0 0  9995
2 45139  87.8849 270.9086 0002143  75.3707 284.7658 13.11132346146263
1 45139U 20008J   23006.48243416 -.00113617  00000-0 -32591+0 0  9995
2 45139  87.8849 270.9086 0002143  75.3707 284.7658 13.11132346147152
1 45139U 20008J   23007.01651674 -.00110470  00000-0 -31686+0 0  9992
2 45139  87.8936 270.8013 0002308  62.3089 297.8272 13.11113916147227
1 45139U 20008J   23007.16913200 -.00111675  00000-0 -32047+0 0  9994
2 45139  87.8907 270.7696 0003000  74.4506 285.6952 13.11089104146353
1 45139U 20008J   23007.47427106 -.00110708  00000-0 -31744+0 0  9992
2 45139  87.8884 270.7137 0000115 339.6957  20.4166 13.11138962147289
1 45139U 20008J   23007.70317090 -.00107190  00000-0 -30731+0 0  9994
2 45139  87.8904 270.6666 0001457  63.0218 297.1059 13.11122729146429
1 45139U 20008J   23007.70317090 -.00107190  00000-0 -30731+0 0  9994
2 45139  87.8904 270.6666 0001457  63.0218 297.1059 13.11122729147318
1 45139U 20008J   23008.00836329 -.00110012  00000-0 -31550+0 0  9996
2 45139  87.8925 270.6044 0001100  31.0226 329.0966 13.11121588147358
1 45139U 20008J   23008.46617671 -.00115121  00000-0 -33046+0 0  9991
2 45139  87.8901 270.5141 0003233  82.9401 277.2094 13.11093667146528
1 45139U 20008J   23008.46617671 -.00115121  00000-0 -33046+0 0  9991
2 45139  87.8901 270.5141 0003233  82.9401 277.2094 13.11093667147417
1 45139U 20008J   23009.15283522 -.00114837  00000-0 -32959+0 0  9997
2 45139  87.8822 270.3737 0002625  66.9280 293.2124 13.11103651147506
1 45139U 20008J   23009.45798011 -.00111697  00000-0 -32031+0 0  9996
2 45139  87.8865 270.3199 0000108 287.0398  73.0718 13.11139301146654
1 45139U 20008J   23009.45798011 -.00111697  00000-0 -32031+0 0  9996
2 45139  87.8865 270.3199 0000108 287.0398  73.0718 13.11139301147543
1 45139U 20008J   23009.68687429 -.00109207  00000-0 -31312+0 0  9996
2 45139  87.8834 270.2699 0001071  72.8111 287.3133 13.11131553146682
1 45139U 20008J   23009.68687429 -.00109207  00000-0 -31312+0 0  9996
2 45139  87.8834 270.2699 0001071  72.8111 287.3133 13.11131553147571
1 45139U 20008J   23010.14465978 -.00109158  00000-0 -31301+0 0  9995
2 45139  87.8884 270.1801 0001795  70.7245 289.4077 13.11123968147636
1 45139U 20008J   23010.44983792 -.00113888  00000-0 -32663+0 0  9994
2 45139  87.8850 270.1238 0000981  79.2957 280.8281 13.11147310146787
1 45139U 20008J   23010.44983792 -.00113888  00000-0 -32663+0 0  9994
2 45139  87.8850 270.1238 0000981  79.2957 280.8281 13.11147310147676
1 45139U 20008J   23011.13654014 -.00123472  00000-0 -35452+0 0  9992
2 45139  87.8850 269.9855 0001195  50.5842 309.5391 13.11139203147763
1 45139U 20008J   23011.44170485 -.00111720  00000-0 -32041+0 0  9995
2 45139  87.8811 269.9233 0001585  79.8148 280.3158 13.11131488146916
1 45139U 20008J   23011.44170485 -.00111720  00000-0 -32041+0 0  9995
2 45139  87.8811 269.9233 0001585  79.8148 280.3158 13.11131488147805
1 45139U 20008J   23011.67058849 -.00110159  00000-0 -31590+0 0  9992
2 45139  87.8888 269.8778 0000731  56.4433 303.6764 13.11127234146942
1 45139U 20008J   23011.67058849 -.00110159  00000-0 -31590+0 0  9992
2 45139  87.8888 269.8778 0000731  56.4433 303.6764 13.11127234147831
1 45139U 20008J   23011.97578936 -.00110313  00000-0 -31641+0 0  9998
2 45139  87.8882 269.8174 0001061  37.3033 322.8168 13.11113644147871
1 45139U 20008J   23012.66248162 -.00112260  00000-0 -32217+0 0  9993
2 45139  87.8868 269.6800 0001804  21.5285 338.5918 13.11089883147074
1 45139U 20008J   23012.66248162 -.00112260  00000-0 -32217+0 0  9993
2 45139  87.8868 269.6800 0001804  21.5285 338.5918 13.11089883147962
1 45139U 20008J   23012.96764228 -.00114037  00000-0 -32714+0 0  9998
2 45139  87.8890 269.6199 0001254  37.4242 322.6973 13.11130999148002
1 45139U 20008J   23013.12023054 -.00117600  00000-0 -33735+0 0  9995
2 45139  87.8894 269.5890 0002036  68.6277 291.5068 13.11158814148023
1 45139U 20008J   23013.42542007 -.00110970  00000-0 -31826+0 0  9994
2 45139  87.8853 269.5284 0001774  73.1490 286.9832 13.11125688147176
1 45139U 20008J   23013.42542007 -.00110970  00000-0 -31826+0 0  9994
2 45139  87.8853 269.5284 0001774  73.1490 286.9832 13.11125688148065
1 45139U 20008J   23014.11211988 -.00115248  00000-0 -33082+0 0  9991
2 45139  87.8888 269.3927 0001396  65.3033 294.8240 13.11096690148152
1 45139U 20008J   23014.41727105 -.00112263  00000-0 -32196+0 0  9996
2 45139  87.8863 269.3321 0000730  69.8499 290.2707 13.11137375148197
1 45139U 20008J   23014.64619974 -.00111658  00000-0 -32045+0 0  9995
2 45139  87.8906 269.2857 0000223 199.0323 161.0797 13.11084481148224
1 45139U 20008J   23015.10394206 -.00111075  00000-0 -31849+0 0  9999
2 45139  87.8917 269.1947 0001893  75.6335 284.5003 13.11141515147391
1 45139U 20008J   23015.10394206 -.00111075  00000-0 -31849+0 0  9999
2 45139  87.8917 269.1947 0001893  75.6335 284.5003 13.11141515148280
1 45139U 20008J   23015.79064033 -.00112333  00000-0 -32229+0 0  9997
2 45139  87.8936 269.0589 0000922  87.6895 272.4338 13.11110008147489
1 45139U 20008J   23015.79064033 -.00112333  00000-0 -32229+0 0  9997
2 45139  87.8936 269.0589 0000922  87.6895 272.4338 13.11110008148378
1 45139U 20008J   23016.09582067 -.00118622  00000-0 -34037+0 0  9999
2 45139  87.8899 268.9981 0001981  67.6842 292.4495 13.11148419148414
1 45139U 20008J   23016.40100122 -.00110533  00000-0 -31699+0 0  9996
2 45139  87.8835 268.9378 0001338  80.5802 279.5477 13.11126506147564
1 45139U 20008J   23016.40100122 -.00110533  00000-0 -31699+0 0  9996
2 45139  87.8835 268.9378 0001338  80.5802 279.5477 13.11126506148453
1 45139U 20008J   23016.70619017 -.00110846  00000-0 -31791+0 0  9997
2 45139  87.8928 268.8782 0000969  64.5814 295.5414 13.11123998148493
1 45139U 20008J   23016.93508259 -.00113385  00000-0 -32521+0 0  9990
2 45139  87.8861 268.8336 0002088  54.1253 306.0068 13.11138306147637
1 45139U 20008J   23017.08769049 -.00112661  00000-0 -32323+0 0  9999
2 45139  87.8912 268.8024 0002028  71.9628 288.1721 13.11112173148546
1 45139U 20008J   23017.39286133 -.00109852  00000-0 -31504+0 0  9999
2 45139  87.8865 268.7398 0000435  45.1126 315.0037 13.11120980147692
1 45139U 20008J   23017.39286133 -.00109852  00000-0 -31504+0 0  9999
2 45139  87.8865 268.7398 0000435  45.1126 315.0037 13.11120980148581
1 45139U 20008J   23017.69808459 -.00119815  00000-0 -34402+0 0  9993
2 45139  87.8888 268.6814 0000654 293.9145  66.1914 13.11112610147730
1 45139U 20008J   23017.69808459 -.00119815  00000-0 -34402+0 0  9993
2 45139  87.8888 268.6814 0000654 293.9145  66.1914 13.11112610148629
1 45139U 20008J   23018.07957837 -.00112882  00000-0 -32399+0 0  9991
2 45139  87.8896 268.6058 0003021  65.7351 294.4092 13.11086076148677
1 45139U 20008J   23018.38472143 -.00113376  00000-0 -32515+0 0  9996
2 45139  87.8824 268.5439 0001863  78.6343 281.4994 13.11145369147820
1 45139U 20008J   23018.38472143 -.00113376  00000-0 -32515+0 0  9996
2 45139  87.8824 268.5439 0001863  78.6343 281.4994 13.11145369148719
1 45139U 20008J   23018.76622064 -.00113613  00000-0 -32592+0 0  9996
2 45139  87.8932 268.4671 0001922  61.7184 298.4137 13.11128005148768
1 45139U 20008J   23018.91881002 -.00112075  00000-0 -32145+0 0  9997
2 45139  87.8839 268.4380 0001938  61.5411 298.5912 13.11129384147895
1 45139U 20008J   23019.07141647 -.00109653  00000-0 -31454+0 0  9999
2 45139  87.8918 268.4067 0002005  65.6316 294.5020 13.11103383148809
1 45139U 20008J   23019.37657999 -.00110334  00000-0 -31638+0 0  9996
2 45139  87.8848 268.3463 0000866  72.1293 287.9929 13.11133470147959
1 45139U 20008J   23019.37657999 -.00110334  00000-0 -31638+0 0  9996
2 45139  87.8848 268.3463 0000866  72.1293 287.9929 13.11133470148848
1 45139U 20008J   23019.60552472 -.00141651  00000-0 -40635+0 0  9995
2 45139  87.8866 268.3007 0001517  73.1824 286.9470 13.11335103148877
1 45139U 20008J   23020.06329715 -.00136002  00000-0 -39039+0 0  9999
2 45139  87.8879 268.2094 0001896  78.8444 281.2897 13.11250014148931
1 45139U 20008J   23020.44475271 -.00128175  00000-0 -36781+0 0  9993
2 45139  87.8875 268.1342 0000703  77.8474 282.2732 13.11214006148097
1 45139U 20008J   23020.44475271 -.00128175  00000-0 -36781+0 0  9993
2 45139  87.8875 268.1342 0000703  77.8474 282.2732 13.11214006148985
1 45139U 20008J   23020.67362948 -.00122173  00000-0 -35043+0 0  9996
2 45139  87.8861 268.0881 0001118  75.5344 284.5908 13.11200208149013
1 45139U 20008J   23021.13140090 -.00113197  00000-0 -32455+0 0  9990
2 45139  87.8870 267.9957 0000924  71.8553 288.2675 13.11163084149078
1 45139U 20008J   23021.43659022 -.00108496  00000-0 -31101+0 0  9996
2 45139  87.8896 267.9381 0001492  61.8002 298.3276 13.11142105149111
1 45139U 20008J   23021.66551576 -.00108372  00000-0 -31086+0 0  9991
2 45139  87.8899 267.8958 0001231  43.5825 316.5400 13.11095213149146
1 45139U 20008J   23022.42845297 -.00112007  00000-0 -32118+0 0  9999
2 45139  87.8883 267.7399 0001010  77.5095 282.6146 13.11145072149248
1 45139U 20008J   23022.65734699 -.00113611  00000-0 -32580+0 0  9992
2 45139  87.8881 267.6930 0001329  66.9275 293.1993 13.11152457149276
1 45139U 20008J   23023.11513924 -.00115623  00000-0 -33173+0 0  9994
2 45139  87.8814 267.6039 0001353  80.9580 279.1701 13.11133946149334
1 45139U 20008J   23023.42031726 -.00110226  00000-0 -31610+0 0  9991
2 45139  87.8872 267.5410 0000664  82.3007 277.8196 13.11126308149375
1 45139U 20008J   23024.10696947 -.00109694  00000-0 -31443+0 0  9990
2 45139  87.8877 267.4054 0001375  85.8138 274.3147 13.11153630149462
1 45139U 20008J   23024.41216780 -.00111207  00000-0 -31888+0 0  9993
2 45139  87.8871 267.3455 0001217  83.1682 276.9584 13.11140598149507
1 45139U 20008J   23024.71735367 -.00112211  00000-0 -32175+0 0  9999
2 45139  87.8893 267.2826 0001623  55.3859 304.7421 13.11149428149545
1 45139U 20008J   23025.09882913 -.00109189  00000-0 -31301+0 0  9991
2 45139  87.8856 267.2127 0001591  97.4012 262.7296 13.11144063149598
1 45139U 20008J   23025.40401746 -.00110236  00000-0 -31604+0 0  9998
2 45139  87.8876 267.1489 0001396  72.8270 287.3011 13.11145584148749
1 45139U 20008J   23025.40401746 -.00110236  00000-0 -31604+0 0  9998
2 45139  87.8876 267.1489 0001396  72.8270 287.3011 13.11145584149638
1 45139U 20008J   23025.70919537 -.00114185  00000-0 -32736+0 0  9997
2 45139  87.8873 267.0867 0001971  78.6479 281.4870 13.11174387148784
1 45139U 20008J   23025.70919537 -.00114185  00000-0 -32736+0 0  9997
2 45139  87.8873 267.0867 0001971  78.6479 281.4870 13.11174387149673
1 45139U 20008J   23026.09069311 -.00116332  00000-0 -33365+0 0  9991
2 45139  87.8873 267.0132 0001703  81.1363 278.9958 13.11162761148830
1 45139U 20008J   23026.09069311 -.00116332  00000-0 -33365+0 0  9991
2 45139  87.8873 267.0132 0001703  81.1363 278.9958 13.11162761149729
1 45139U 20008J   23026.77762175 -.00170469  00000-0 -49140+0 0  9993
2 45139  87.9046 266.8986 0001472  51.7611 308.3650 13.11213208149818
1 45139U 20008J   23027.08261670 -.00145161  00000-0 -41651+0 0  9992
2 45139  87.8853 266.8118 0001460  80.0652 280.0640 13.11346097149859
1 45139U 20008J   23027.15889591 -.00142599  00000-0 -40907+0 0  9993
2 45139  87.8871 266.7997 0001269  85.1957 274.9316 13.11342085148971
1 45139U 20008J   23027.15889591 -.00142599  00000-0 -40907+0 0  9993
2 45139  87.8871 266.7997 0001269  85.1957 274.9316 13.11342085149860
1 45139U 20008J   23027.69293440 -.00132624  00000-0 -38045+0 0  9992
2 45139  87.8878 266.6942 0001759 104.0383 256.0941 13.11269222149040
1 45139U 20008J   23027.69293440 -.00132624  00000-0 -38045+0 0  9992
2 45139  87.8878 266.6942 0001759 104.0383 256.0941 13.11269222149938
1 45139U 20008J   23028.07440591 -.00126159  00000-0 -36190+0 0  9991
2 45139  87.8858 266.6173 0001362  87.9617 272.1667 13.11222428149987
1 45139U 20008J   23028.15069109 -.00123637  00000-0 -35457+0 0  9995
2 45139  87.8860 266.6012 0001165  81.7883 278.3377 13.11222778149108
1 45139U 20008J   23028.15069109 -.00123637  00000-0 -35457+0 0  9995
2 45139  87.8860 266.6012 0001165  81.7883 278.3377 13.11222778149995
1 45139U 20008J   23028.76106827 -.00113610  00000-0 -32577+0 0  9991
2 45139  87.8857 266.4807 0001317  93.3894 266.7384 13.11158518150071
1 45139U 20008J   23028.91367417 -.00112342  00000-0 -32220+0 0  9998
2 45139  87.8864 266.4493 0001116  75.8049 284.3202 13.11134673149208
1 45139U 20008J   23029.06628496 -.00111429  00000-0 -31968+0 0  9995
2 45139  87.8868 266.4133 0002766  94.8037 265.3407 13.11105870150118
1 45139U 20008J   23029.21886982 -.00111128  00000-0 -31876+0 0  9992
2 45139  87.8900 266.3894 0001267  72.2775 287.8491 13.11117105150130
1 45139U 20008J   23029.75292848 -.00113596  00000-0 -32575+0 0  9991
2 45139  87.8846 266.2814 0002043 108.0366 252.0984 13.11153744150205
1 45139U 20008J   23029.90552416 -.00112889  00000-0 -32373+0 0  9998
2 45139  87.8866 266.2508 0000777  62.9411 297.1796 13.11147147149331
1 45139U 20008J   23030.05814687 -.00110688  00000-0 -31756+0 0  9996
2 45139  87.8875 266.2166 0001985  83.9970 276.1384 13.11099830150243
1 45139U 20008J   23030.21071846 -.00112062  00000-0 -32140+0 0  9992
2 45139  87.8861 266.1903 0001043  84.8872 275.2375 13.11132203150266
1 45139U 20008J   23030.59223757 -.00112734  00000-0 -32358+0 0  9990
2 45139  87.8872 266.1151 0001217 196.3721 163.7368 13.11083197149424
1 45139U 20008J   23030.59223757 -.00112734  00000-0 -32358+0 0  9990
2 45139  87.8872 266.1151 0001217 196.3721 163.7368 13.11083197150314
1 45139U 20008J   23030.89739480 -.00114311  00000-0 -32790+0 0  9991
2 45139  87.8827 266.0544 0001969  86.8836 273.2517 13.11137968149466
1 45139U 20008J   23031.05001847 -.00113923  00000-0 -32697+0 0  9993
2 45139  87.8849 266.0252 0002555  87.9281 272.2139 13.11096278150373
1 45139U 20008J   23031.43147207 -.00111820  00000-0 -32071+0 0  9996
2 45139  87.8845 265.9494 0001508  94.2970 265.8330 13.11129249149530
1 45139U 20008J   23031.43147207 -.00111820  00000-0 -32071+0 0  9996
2 45139  87.8845 265.9494 0001508  94.2970 265.8330 13.11129249150420
1 45139U 20008J   23031.66039317 -.00115311  00000-0 -33103+0 0  9999
2 45139  87.8874 265.9015 0001683 190.9135 169.1957 13.11091193150452
1 45139U 20008J   23031.88925316 -.00112663  00000-0 -32313+0 0  9995
2 45139  87.8818 265.8529 0002999  97.7186 262.4282 13.11134250149593
