1 45137U 20008G   22365.48120933  .00000551  00000-0  15433-2 0  9997
2 45137  87.8898 287.3967 0001743  75.7133 284.4188 13.10372082142743
1 45137U 20008G   22365.71028233  .00000518  00000-0  14483-2 0  9990
2 45137  87.8899 287.3512 0001738  75.4491 284.6829 13.10372305142773
1 45137U 20008G   23001.55021533  .00000652  00000-0  18308-2 0  9995
2 45137  87.8899 287.1846 0001734  75.1541 284.9778 13.10373293142885
1 45137U 20008G   23001.55021533  .00000652  00000-0  18308-2 0  9995
2 45137  87.8899 287.1846 0001734  75.1541 284.9778 13.10373293143639
1 45137U 20008G   23001.70293062  .00000626  00000-0  17567-2 0  9997
2 45137  87.8900 287.1543 0001734  75.0662 285.0657 13.10373253142902
1 45137U 20008G   23002.54286282  .00000624  00000-0  17523-2 0  9996
2 45137  87.8901 286.9876 0001742  74.8250 285.3070 13.10374281143015
1 45137U 20008G   23003.07736427  .00000688  00000-0  19353-2 0  9999
2 45137  87.8902 286.8816 0001731  74.3448 285.7870 13.10375043143830
1 45137U 20008G   23003.53550856  .00000679  00000-0  19080-2 0  9997
2 45137  87.8903 286.7907 0001727  74.3330 285.7988 13.10375172143143
1 45137U 20008G   23004.29908125  .00000646  00000-0  18138-2 0  9994
2 45137  87.8903 286.6392 0001728  74.4203 285.7115 13.10376024143241
1 45137U 20008G   23004.29908125  .00000646  00000-0  18138-2 0  9994
2 45137  87.8903 286.6392 0001728  74.4203 285.7115 13.10376024143993
1 45137U 20008G   23005.13901064  .00000501  00000-0  13986-2 0  9999
2 45137  87.8905 286.4726 0001741  74.4464 285.6856 13.10376788143356
1 45137U 20008G   23005.74986828  .00000333  00000-0  91680-3 0  9998
2 45137  87.8904 286.3515 0001739  74.4243 285.7076 13.10377086143438
1 45137U 20008G   23005.74986828  .00000333  00000-0  91680-3 0  9998
2 45137  87.8904 286.3515 0001739  74.4243 285.7076 13.10377086144181
1 45137U 20008G   23006.66615311  .00000150  00000-0  39388-3 0  9990
2 45137  87.8906 286.1696 0001718  73.7350 286.3966 13.10378199143550
1 45137U 20008G   23007.04793899  .00000082  00000-0  19759-3 0  9995
2 45137  87.8906 286.0937 0001700  73.0028 287.1286 13.10377705144358
1 45137U 20008G   23007.20065291  .00000087  00000-0  21164-3 0  9999
2 45137  87.8907 286.0635 0001717  73.6851 286.4465 13.10377865143629
1 45137U 20008G   23007.50608140  .00000017  00000-0  12657-4 0  9999
2 45137  87.8907 286.0031 0001709  73.9676 286.1640 13.10377694143664
1 45137U 20008G   23008.49872416 -.00000297  00000-0 -88628-3 0  9999
2 45137  87.8906 285.8062 0001694  74.1667 285.9647 13.10377176143793
1 45137U 20008G   23008.49872416 -.00000297  00000-0 -88628-3 0  9999
2 45137  87.8906 285.8062 0001694  74.1667 285.9647 13.10377176144547
1 45137U 20008G   23009.49136593 -.00000355  00000-0 -10520-2 0  9999
2 45137  87.8906 285.6096 0001661  73.8227 286.3083 13.10377410143925
1 45137U 20008G   23010.02586711 -.00000552  00000-0 -16187-2 0  9995
2 45137  87.8906 285.5037 0001652  73.6708 286.4601 13.10376369144741
1 45137U 20008G   23010.48401205 -.00000719  00000-0 -20953-2 0  9990
2 45137  87.8901 285.4127 0001684  74.2134 285.9179 13.10374319144051
1 45137U 20008G   23011.47665797 -.00000778  00000-0 -22661-2 0  9991
2 45137  87.8901 285.2157 0001689  74.4847 285.6467 13.10373120144180
1 45137U 20008G   23011.47665797 -.00000778  00000-0 -22661-2 0  9991
2 45137  87.8901 285.2157 0001689  74.4847 285.6467 13.10373120144933
1 45137U 20008G   23011.70572979 -.00000755  00000-0 -21989-2 0  9993
2 45137  87.8901 285.1703 0001691  74.4603 285.6710 13.10373569144211
1 45137U 20008G   23012.69837802 -.00000572  00000-0 -16759-2 0  9997
2 45137  87.8899 284.9733 0001681  74.4436 285.6877 13.10371270144345
1 45137U 20008G   23012.69837802 -.00000572  00000-0 -16759-2 0  9997
2 45137  87.8899 284.9733 0001681  74.4436 285.6877 13.10371270145098
1 45137U 20008G   23013.46195365 -.00000450  00000-0 -13264-2 0  9997
2 45137  87.8897 284.8217 0001670  74.4656 285.6655 13.10371146144448
1 45137U 20008G   23014.14917312 -.00000486  00000-0 -14288-2 0  9993
2 45137  87.8896 284.6854 0001664  74.6947 285.4364 13.10370721145286
1 45137U 20008G   23015.44725453 -.00000182  00000-0 -55852-3 0  9996
2 45137  87.8894 284.4279 0001653  74.6979 285.4331 13.10370226144706
1 45137U 20008G   23015.44725453 -.00000182  00000-0 -55852-3 0  9996
2 45137  87.8894 284.4279 0001653  74.6979 285.4331 13.10370226145459
1 45137U 20008G   23015.75268602 -.00000185  00000-0 -56610-3 0  9994
2 45137  87.8894 284.3673 0001658  74.8551 285.2759 13.10369881144747
1 45137U 20008G   23016.43990601  .00000041  00000-0  82529-4 0  9999
2 45137  87.8894 284.2309 0001643  74.6599 285.4710 13.10369854144835
1 45137U 20008G   23016.66897970  .00000008  00000-0 -13422-4 0  9999
2 45137  87.8894 284.1855 0001644  74.5751 285.5558 13.10369758145611
1 45137U 20008G   23016.74533738  .00000037  00000-0  68602-4 0  9998
2 45137  87.8894 284.1704 0001641  74.5392 285.5917 13.10369866144878
1 45137U 20008G   23017.43255755  .00000246  00000-0  66793-3 0  9995
2 45137  87.8894 284.0340 0001629  74.5420 285.5887 13.10369891144965
1 45137U 20008G   23018.11977747  .00000357  00000-0  98774-3 0  9990
2 45137  87.8894 283.8976 0001618  74.5483 285.5823 13.10370377145809
1 45137U 20008G   23018.42520882  .00000384  00000-0  10630-2 0  9992
2 45137  87.8895 283.8371 0001622  74.6198 285.5109 13.10370272145090
1 45137U 20008G   23018.80699680  .00000509  00000-0  14223-2 0  9998
2 45137  87.8895 283.7613 0001607  74.5340 285.5965 13.10371138145147
1 45137U 20008G   23019.41785903  .00000617  00000-0  17304-2 0  9993
2 45137  87.8894 283.6400 0001619  74.0911 286.0395 13.10370880145226
1 45137U 20008G   23019.41785903  .00000617  00000-0  17304-2 0  9993
2 45137  87.8894 283.6400 0001619  74.0911 286.0395 13.10370880145978
1 45137U 20008G   23020.48686583  .00000638  00000-0  17905-2 0  9996
2 45137  87.8896 283.4280 0001597  73.4737 286.6565 13.10372016145369
1 45137U 20008G   23020.48686583  .00000638  00000-0  17905-2 0  9996
2 45137  87.8896 283.4280 0001597  73.4737 286.6565 13.10372016146113
1 45137U 20008G   23021.70858615  .00000585  00000-0  16405-2 0  9994
2 45137  87.8896 283.1856 0001582  73.5658 286.5643 13.10373234146272
1 45137U 20008G   23023.08301784  .00000635  00000-0  17834-2 0  9990
2 45137  87.8898 282.9129 0001588  73.9066 286.2236 13.10375065146456
1 45137U 20008G   23024.22837556  .00000453  00000-0  12611-2 0  9994
2 45137  87.8896 282.6856 0001571  74.3833 285.7467 13.10376999146601
1 45137U 20008G   23025.45009032  .00000124  00000-0  31871-3 0  9995
2 45137  87.8895 282.4432 0001579  75.0313 285.0989 13.10377437146012
1 45137U 20008G   23025.45009032  .00000124  00000-0  31871-3 0  9995
2 45137  87.8895 282.4432 0001579  75.0313 285.0989 13.10377437146764
1 45137U 20008G   23025.67916176  .00000146  00000-0  38153-3 0  9999
2 45137  87.8897 282.3974 0001567  76.1935 283.9367 13.10377148146042
1 45137U 20008G   23026.13730441 -.00000071  00000-0 -24057-3 0  9997
2 45137  87.8892 282.3071 0001574  73.8420 286.2880 13.10377849146107
1 45137U 20008G   23026.74816152 -.00000044  00000-0 -16256-3 0  9990
2 45137  87.8894 282.1859 0001578  74.0798 286.0503 13.10376853146931
1 45137U 20008G   23027.12994689 -.00000086  00000-0 -28298-3 0  9990
2 45137  87.8892 282.1101 0001575  74.3887 285.7414 13.10377035146231
1 45137U 20008G   23027.74080531 -.00000490  00000-0 -14403-2 0  9991
2 45137  87.8891 281.9889 0001573  74.6430 285.4871 13.10376335146310
1 45137U 20008G   23028.12259234 -.00000581  00000-0 -17018-2 0  9998
2 45137  87.8890 281.9127 0001560  73.4588 286.6711 13.10375067147117
1 45137U 20008G   23028.19894955 -.00000581  00000-0 -17019-2 0  9991
2 45137  87.8888 281.8973 0001554  72.9193 287.2105 13.10375038146370
1 45137U 20008G   23028.73345122 -.00000569  00000-0 -16668-2 0  9993
2 45137  87.8886 281.7905 0001918  51.9550 308.1750 13.10374813146447
1 45137U 20008G   23029.19159740 -.00000984  00000-0 -28563-2 0  9991
2 45137  87.8895 281.7006 0001608  75.0251 285.1054 13.10372968147250
1 45137U 20008G   23029.95517041 -.00000531  00000-0 -15571-2 0  9990
2 45137  87.8885 281.5489 0001568  73.5828 286.5472 13.10372308146605
1 45137U 20008G   23030.26059967 -.00001456  00000-0 -42089-2 0  9995
2 45137  87.8884 281.4884 0001402  74.1028 286.0254 13.10376293146642
1 45137U 20008G   23030.26059967 -.00001456  00000-0 -42089-2 0  9995
2 45137  87.8884 281.4884 0001402  74.1028 286.0254 13.10376293147395
1 45137U 20008G   23030.94780013 -.00016640  00000-0 -47736-1 0  9997
2 45137  87.8883 281.3521 0001241  57.6638 302.4609 13.10450264146730
1 45137U 20008G   23031.10052118 -.00009199  00000-0 -26398-1 0  9996
2 45137  87.8883 281.3217 0001567  60.5043 299.6241 13.10412935146750
1 45137U 20008G   23031.10052118 -.00009199  00000-0 -26398-1 0  9996
2 45137  87.8883 281.3217 0001567  60.5043 299.6241 13.10412935147504
1 45137U 20008G   23031.63503746 -.00000636  00000-0 -18586-2 0  9990
2 45137  87.8881 281.2157 0001551  75.8256 284.3044 13.10370369147575
1 45137U 20008G   23031.94046831 -.00000576  00000-0 -16878-2 0  9996
2 45137  87.8881 281.1550 0001547  75.9600 284.1699 13.10369917146862
