1 45131U 20008A   22365.58535002  .00000483  00000-0  13686-2 0  9991
2 45131  87.9159 305.1512 0002290 102.1041 258.0342 13.09365762140702
1 45131U 20008A   22365.81459907  .00000290  00000-0  80605-3 0  9998
2 45131  87.9159 305.1064 0002291 102.0076 258.1308 13.09365486140731
1 45131U 20008A   23001.57875904  .00000189  00000-0  51275-3 0  9996
2 45131  87.9160 304.9568 0002308 101.4464 258.6922 13.09366369140831
1 45131U 20008A   23001.73159042  .00000245  00000-0  67681-3 0  9993
2 45131  87.9161 304.9270 0002300 101.5023 258.6362 13.09367052140856
1 45131U 20008A   23002.11367093  .00000103  00000-0  26346-3 0  9999
2 45131  87.9161 304.8523 0002312 101.0405 259.0982 13.09366934141669
1 45131U 20008A   23002.57216703 -.00000022  00000-0 -10103-3 0  9996
2 45131  87.9161 304.7625 0002320 100.6819 259.4569 13.09367027140965
1 45131U 20008A   23003.25991137 -.00000150  00000-0 -47172-3 0  9991
2 45131  87.9162 304.6280 0002326 100.1377 260.0012 13.09366856141817
1 45131U 20008A   23003.56557613 -.00000230  00000-0 -70607-3 0  9990
2 45131  87.9161 304.5682 0002344  99.7565 260.3827 13.09365981141098
1 45131U 20008A   23004.32973600 -.00000328  00000-0 -99003-3 0  9992
2 45131  87.9163 304.4187 0002360  99.0516 261.0878 13.09366408141950
1 45131U 20008A   23004.55898410 -.00000315  00000-0 -95354-3 0  9993
2 45131  87.9163 304.3739 0002368  98.9220 261.2175 13.09366217141220
1 45131U 20008A   23005.55239400 -.00000502  00000-0 -14946-2 0  9997
2 45131  87.9165 304.1795 0002404  97.9849 262.1550 13.09365173141350
1 45131U 20008A   23005.55239400 -.00000502  00000-0 -14946-2 0  9997
2 45131  87.9165 304.1795 0002404  97.9849 262.1550 13.09365173142115
1 45131U 20008A   23006.54580450 -.00000649  00000-0 -19243-2 0  9998
2 45131  87.9162 303.9852 0002438  97.1639 262.9765 13.09364381141484
1 45131U 20008A   23007.23355089 -.00000679  00000-0 -20115-2 0  9996
2 45131  87.9161 303.8504 0002443  96.6701 263.4704 13.09363576141570
1 45131U 20008A   23007.23355089 -.00000679  00000-0 -20115-2 0  9996
2 45131  87.9161 303.8504 0002443  96.6701 263.4704 13.09363576142335
1 45131U 20008A   23007.53921640 -.00000709  00000-0 -20983-2 0  9998
2 45131  87.9160 303.7907 0002452  96.4899 263.6507 13.09362981141618
1 45131U 20008A   23008.30337999 -.00000681  00000-0 -20172-2 0  9991
2 45131  87.9161 303.6412 0002477  95.8831 264.2578 13.09362285142472
1 45131U 20008A   23008.53262881 -.00000634  00000-0 -18788-2 0  9991
2 45131  87.9160 303.5964 0002489  95.8356 264.3055 13.09362464141746
1 45131U 20008A   23009.52604380 -.00000645  00000-0 -19117-2 0  9994
2 45131  87.9160 303.4019 0002472  95.0164 265.1245 13.09360496141874
1 45131U 20008A   23009.52604380 -.00000645  00000-0 -19117-2 0  9994
2 45131  87.9160 303.4019 0002472  95.0164 265.1245 13.09360496142639
1 45131U 20008A   23010.36662561 -.00000471  00000-0 -14056-2 0  9997
2 45131  87.9154 303.2377 0002550  94.3323 265.8095 13.09360341141989
1 45131U 20008A   23011.36004299 -.00000415  00000-0 -12444-2 0  9993
2 45131  87.9156 303.0429 0002602  92.5763 267.5662 13.09358728142877
1 45131U 20008A   23011.51287637 -.00000387  00000-0 -11607-2 0  9997
2 45131  87.9156 303.0130 0002602  92.4503 267.6922 13.09358637142135
1 45131U 20008A   23011.74212632 -.00000351  00000-0 -10571-2 0  9995
2 45131  87.9156 302.9682 0002593  92.3863 267.7560 13.09358570142160
1 45131U 20008A   23012.81196030 -.00000175  00000-0 -54597-3 0  9998
2 45131  87.9154 302.7590 0002568  91.8481 268.2940 13.09358018142307
1 45131U 20008A   23012.81196030 -.00000175  00000-0 -54597-3 0  9998
2 45131  87.9154 302.7590 0002568  91.8481 268.2940 13.09358018143061
1 45131U 20008A   23013.34687726 -.00000036  00000-0 -14035-3 0  9993
2 45131  87.9154 302.6543 0002596  91.5365 268.6059 13.09358397142375
1 45131U 20008A   23014.03462816  .00000042  00000-0  86918-4 0  9996
2 45131  87.9154 302.5197 0002596  90.7340 269.4084 13.09358330143222
1 45131U 20008A   23015.18087938  .00000308  00000-0  85988-3 0  9991
2 45131  87.9153 302.2954 0002601  89.6038 270.5387 13.09358596143376
1 45131U 20008A   23015.48654619  .00000348  00000-0  97425-3 0  9993
2 45131  87.9153 302.2356 0002610  89.2368 270.9058 13.09358924142658
1 45131U 20008A   23015.79221282  .00000415  00000-0  11690-2 0  9997
2 45131  87.9155 302.1758 0002580  88.6325 271.5098 13.09359061142695
1 45131U 20008A   23016.32712920  .00000573  00000-0  16297-2 0  9994
2 45131  87.9154 302.0710 0002577  87.8677 272.2745 13.09359753143526
1 45131U 20008A   23016.47996282  .00000563  00000-0  16007-2 0  9993
2 45131  87.9154 302.0410 0002580  87.8427 272.2995 13.09359586142788
1 45131U 20008A   23016.78562955  .00000559  00000-0  15885-2 0  9991
2 45131  87.9154 301.9813 0002589  87.4447 272.6976 13.09359770142823
1 45131U 20008A   23017.47337905  .00000693  00000-0  19773-2 0  9992
2 45131  87.9156 301.8466 0002595  86.7459 273.3964 13.09360234143676
1 45131U 20008A   23017.54979599  .00000557  00000-0  15812-2 0  9990
2 45131  87.9157 301.8317 0002614  86.8360 273.3066 13.09360381142929
1 45131U 20008A   23018.54320996  .00000703  00000-0  20064-2 0  9990
2 45131  87.9159 301.6373 0002642  86.2911 273.8518 13.09362225143059
1 45131U 20008A   23018.84887520  .00000759  00000-0  21704-2 0  9997
2 45131  87.9161 301.5775 0002630  85.9519 274.1908 13.09362989143092
1 45131U 20008A   23018.84887520  .00000759  00000-0  21704-2 0  9997
2 45131  87.9161 301.5775 0002630  85.9519 274.1908 13.09362989143856
1 45131U 20008A   23019.46020630  .00000862  00000-0  24687-2 0  9995
2 45131  87.9161 301.4579 0002648  85.1614 274.9815 13.09363601143176
1 45131U 20008A   23020.07153778  .00000645  00000-0  18379-2 0  9994
2 45131  87.9161 301.3384 0002618  83.7896 276.3529 13.09363850144010
1 45131U 20008A   23020.30078558  .00000843  00000-0  24137-2 0  9991
2 45131  87.9162 301.2936 0002620  83.3634 276.7791 13.09364707143287
1 45131U 20008A   23021.14136349  .00000805  00000-0  23021-2 0  9996
2 45131  87.9163 301.1291 0002609  82.4247 277.7176 13.09366100144152
1 45131U 20008A   23022.28760494  .00000707  00000-0  20170-2 0  9999
2 45131  87.9165 300.9050 0002607  81.5086 278.6336 13.09367269144305
1 45131U 20008A   23023.81592448  .00000353  00000-0  98959-3 0  9999
2 45131  87.9166 300.6060 0002592  80.2764 279.8656 13.09368780144505
1 45131U 20008A   23025.49707355  .00000072  00000-0  17284-3 0  9990
2 45131  87.9166 300.2770 0002585  78.8932 281.2486 13.09369544143967
1 45131U 20008A   23025.49707355  .00000072  00000-0  17284-3 0  9990
2 45131  87.9166 300.2770 0002585  78.8932 281.2486 13.09369544144722
1 45131U 20008A   23025.80273764 -.00000128  00000-0 -40781-3 0  9999
2 45131  87.9166 300.2170 0002591  78.8224 281.3194 13.09369403144009
1 45131U 20008A   23026.03198540 -.00000179  00000-0 -55755-3 0  9996
2 45131  87.9166 300.1726 0002609  77.6953 282.4466 13.09369317144032
1 45131U 20008A   23026.79614364 -.00000164  00000-0 -51306-3 0  9998
2 45131  87.9166 300.0233 0002634  77.1010 283.0410 13.09369048144892
1 45131U 20008A   23027.25463888 -.00000268  00000-0 -81655-3 0  9998
2 45131  87.9166 299.9336 0002632  76.5244 283.6176 13.09369068144192
1 45131U 20008A   23027.78955022 -.00000448  00000-0 -13402-2 0  9996
2 45131  87.9165 299.8290 0002628  76.0904 284.0515 13.09369063144267
1 45131U 20008A   23028.01879855 -.00000548  00000-0 -16282-2 0  9992
2 45131  87.9165 299.7842 0002623  75.8043 284.3375 13.09368397145059
1 45131U 20008A   23028.24804575 -.00000414  00000-0 -12407-2 0  9991
2 45131  87.9163 299.7389 0002627  75.2367 284.9051 13.09368462144329
1 45131U 20008A   23028.78295747 -.00000511  00000-0 -15227-2 0  9996
2 45131  87.9161 299.6343 0002631  74.8969 285.2449 13.09368102144397
1 45131U 20008A   23029.24145401 -.00000628  00000-0 -18631-2 0  9990
2 45131  87.9160 299.5446 0002618  74.4515 285.6901 13.09367196145218
1 45131U 20008A   23029.77636630 -.00000654  00000-0 -19386-2 0  9994
2 45131  87.9158 299.4400 0002609  74.1034 286.0380 13.09366631144529
1 45131U 20008A   23030.31127867 -.00000656  00000-0 -19427-2 0  9991
2 45131  87.9158 299.3355 0002617  73.8563 286.2852 13.09366532144592
1 45131U 20008A   23030.31127867 -.00000656  00000-0 -19427-2 0  9991
2 45131  87.9158 299.3355 0002617  73.8563 286.2852 13.09366532145357
1 45131U 20008A   23031.15185716 -.00000726  00000-0 -21457-2 0  9995
2 45131  87.9156 299.1712 0002612  73.1813 286.9600 13.09364972144708
1 45131U 20008A   23031.99243601 -.00000646  00000-0 -19135-2 0  9996
2 45131  87.9154 299.0069 0002609  72.6397 287.5015 13.09363941145575
