1 45132U 20008B   22365.51235417 -.00000606  00000-0 -17723-2 0  9997
2 45132  87.8813 287.3982 0001783  68.1744 291.9573 13.10373531142459
1 45132U 20008B   22365.74142628 -.00000561  00000-0 -16426-2 0  9992
2 45132  87.8812 287.3526 0001772  68.1280 292.0035 13.10373419142488
1 45132U 20008B   23001.04685626 -.00000707  00000-0 -20628-2 0  9994
2 45132  87.8813 287.2915 0001761  67.8457 292.2857 13.10373301143294
1 45132U 20008B   23001.50500071 -.00000580  00000-0 -16993-2 0  9994
2 45132  87.8812 287.2002 0001749  67.8344 292.2968 13.10372997142585
1 45132U 20008B   23001.73407355 -.00000598  00000-0 -17495-2 0  9997
2 45132  87.8811 287.1546 0001747  67.8954 292.2359 13.10372556142610
1 45132U 20008B   23002.49764892 -.00000481  00000-0 -14151-2 0  9990
2 45132  87.8809 287.0024 0001733  67.5450 292.5860 13.10372116142713
1 45132U 20008B   23002.49764892 -.00000481  00000-0 -14151-2 0  9990
2 45132  87.8809 287.0024 0001733  67.5450 292.5860 13.10372116143488
1 45132U 20008B   23003.49029828 -.00000340  00000-0 -10111-2 0  9990
2 45132  87.8808 286.8048 0001729  67.8451 292.2860 13.10371514142846
1 45132U 20008B   23004.48294840 -.00000160  00000-0 -49444-3 0  9990
2 45132  87.8807 286.6071 0001716  67.9417 292.1892 13.10371291142978
1 45132U 20008B   23004.48294840 -.00000160  00000-0 -49444-3 0  9990
2 45132  87.8807 286.6071 0001716  67.9417 292.1892 13.10371291143744
1 45132U 20008B   23005.47559930  .00000030  00000-0  51032-4 0  9995
2 45132  87.8807 286.4093 0001701  67.7783 292.3524 13.10370946143104
1 45132U 20008B   23006.46824978  .00000240  00000-0  65027-3 0  9993
2 45132  87.8809 286.2115 0001676  67.3393 292.7911 13.10371460143233
1 45132U 20008B   23006.46824978  .00000240  00000-0  65027-3 0  9993
2 45132  87.8809 286.2115 0001676  67.3393 292.7911 13.10371460144009
1 45132U 20008B   23007.15546968  .00000395  00000-0  10965-2 0  9991
2 45132  87.8811 286.0745 0001674  67.6102 292.5202 13.10371200143325
1 45132U 20008B   23007.46090022  .00000509  00000-0  14216-2 0  9990
2 45132  87.8812 286.0137 0001661  67.4661 292.6642 13.10371530143364
1 45132U 20008B   23008.14811939  .00000567  00000-0  15873-2 0  9998
2 45132  87.8813 285.8768 0001661  67.6483 292.4820 13.10372063143454
1 45132U 20008B   23008.14811939  .00000567  00000-0  15873-2 0  9998
2 45132  87.8813 285.8768 0001661  67.6483 292.4820 13.10372063144220
1 45132U 20008B   23009.52255549  .00000663  00000-0  18638-2 0  9999
2 45132  87.8813 285.6030 0001633  66.8059 293.3240 13.10373748143630
1 45132U 20008B   23009.52255549  .00000663  00000-0  18638-2 0  9999
2 45132  87.8813 285.6030 0001633  66.8059 293.3240 13.10373748144406
1 45132U 20008B   23010.28613003  .00000839  00000-0  23661-2 0  9994
2 45132  87.8812 285.4509 0001642  67.1125 293.0176 13.10374138143736
1 45132U 20008B   23011.12606316  .00000533  00000-0  14896-2 0  9998
2 45132  87.8814 285.2836 0001621  66.9877 293.1421 13.10373720144615
1 45132U 20008B   23011.50784835  .00000565  00000-0  15834-2 0  9991
2 45132  87.8814 285.2075 0001645  67.7133 292.4169 13.10375221143898
1 45132U 20008B   23011.66056196  .00000648  00000-0  18196-2 0  9996
2 45132  87.8813 285.1771 0001604  67.2702 292.8594 13.10376155143917
1 45132U 20008B   23012.50049124  .00000580  00000-0  16255-2 0  9992
2 45132  87.8813 285.0099 0001597  67.1670 292.9625 13.10376854144028
1 45132U 20008B   23012.50049124  .00000580  00000-0  16255-2 0  9992
2 45132  87.8813 285.0099 0001597  67.1670 292.9625 13.10376854144792
1 45132U 20008B   23013.49313423  .00000302  00000-0  82931-3 0  9994
2 45132  87.8813 284.8122 0001567  66.5086 293.6206 13.10377660144156
1 45132U 20008B   23013.72220635  .00000247  00000-0  67117-3 0  9999
2 45132  87.8814 284.7666 0001552  66.2077 293.9213 13.10376849144182
1 45132U 20008B   23013.72220635  .00000247  00000-0  67117-3 0  9999
2 45132  87.8814 284.7666 0001552  66.2077 293.9213 13.10376849144957
1 45132U 20008B   23015.02027590  .00000002  00000-0 -30067-4 0  9994
2 45132  87.8815 284.5079 0001555  66.7729 293.3562 13.10378263145129
1 45132U 20008B   23015.47841809 -.00000040  00000-0 -15143-3 0  9990
2 45132  87.8814 284.4167 0001547  66.9996 293.1294 13.10378121144418
1 45132U 20008B   23015.78384623 -.00000116  00000-0 -36921-3 0  9991
2 45132  87.8816 284.3559 0001545  67.1656 292.9634 13.10378363144455
1 45132U 20008B   23016.47106317 -.00000554  00000-0 -16231-2 0  9997
2 45132  87.8813 284.2191 0001537  67.6703 292.4588 13.10375200144542
1 45132U 20008B   23016.47106317 -.00000554  00000-0 -16231-2 0  9997
2 45132  87.8813 284.2191 0001537  67.6703 292.4588 13.10375200145318
1 45132U 20008B   23016.77649164 -.00000606  00000-0 -17719-2 0  9992
2 45132  87.8815 284.1584 0001529  67.7386 292.3903 13.10375652144583
1 45132U 20008B   23017.23463561 -.00000668  00000-0 -19500-2 0  9997
2 45132  87.8813 284.0672 0001532  68.0337 292.0953 13.10374836144644
1 45132U 20008B   23018.45635421 -.00000619  00000-0 -18102-2 0  9991
2 45132  87.8809 283.8238 0001520  68.5591 291.5698 13.10372407144808
1 45132U 20008B   23018.45635421 -.00000619  00000-0 -18102-2 0  9991
2 45132  87.8809 283.8238 0001520  68.5591 291.5698 13.10372407145573
1 45132U 20008B   23018.76178357 -.00000628  00000-0 -18350-2 0  9990
2 45132  87.8809 283.7627 0001493  68.0925 292.0361 13.10372855144848
1 45132U 20008B   23019.44900210 -.00000613  00000-0 -17924-2 0  9997
2 45132  87.8811 283.6253 0001500  68.0119 292.1168 13.10371368144933
1 45132U 20008B   23019.98350616 -.00000730  00000-0 -21266-2 0  9999
2 45132  87.8808 283.5189 0001464  67.9400 292.1882 13.10370185145778
1 45132U 20008B   23020.44165143 -.00000624  00000-0 -18254-2 0  9996
2 45132  87.8807 283.4278 0001464  68.2645 291.8638 13.10370445145066
1 45132U 20008B   23021.12887082 -.00000490  00000-0 -14403-2 0  9998
2 45132  87.8804 283.2908 0001443  68.3635 291.7646 13.10369529145922
1 45132U 20008B   23022.42695279 -.00000317  00000-0 -94355-3 0  9990
2 45132  87.8803 283.0322 0001400  68.8312 291.2965 13.10369202146095
1 45132U 20008B   23024.10682586  .00000075  00000-0  17870-3 0  9990
2 45132  87.8803 282.6973 0001379  68.8761 291.2514 13.10368405146314
1 45132U 20008B   23025.40490942  .00000324  00000-0  89287-3 0  9995
2 45132  87.8799 282.4389 0001383  70.8160 289.3117 13.10369143145718
1 45132U 20008B   23025.40490942  .00000324  00000-0  89287-3 0  9995
2 45132  87.8799 282.4389 0001383  70.8160 289.3117 13.10369143146483
1 45132U 20008B   23025.71034114  .00000373  00000-0  10320-2 0  9999
2 45132  87.8799 282.3781 0001378  70.4776 289.6500 13.10368812145751
1 45132U 20008B   23026.09212976  .00000390  00000-0  10812-2 0  9990
2 45132  87.8798 282.3020 0001375  70.4749 289.6527 13.10369942145803
1 45132U 20008B   23026.77934960  .00000613  00000-0  17190-2 0  9993
2 45132  87.8800 282.1650 0001375  71.1318 288.9958 13.10370046146666
1 45132U 20008B   23027.23749637  .00000680  00000-0  19129-2 0  9998
2 45132  87.8799 282.0737 0001359  71.3200 288.8075 13.10369985145952
1 45132U 20008B   23027.92471608  .00000572  00000-0  16011-2 0  9991
2 45132  87.8800 281.9367 0001348  71.7181 288.4092 13.10370473146042
1 45132U 20008B   23028.07743055  .00000672  00000-0  18889-2 0  9992
2 45132  87.8799 281.9063 0001363  71.5534 288.5741 13.10371505146835
1 45132U 20008B   23028.23014589  .00000774  00000-0  21803-2 0  9996
2 45132  87.8799 281.8758 0001354  70.8641 289.2633 13.10371098146088
1 45132U 20008B   23028.76464876  .00000720  00000-0  20256-2 0  9994
2 45132  87.8800 281.7693 0001354  70.7738 289.3536 13.10372329146153
1 45132U 20008B   23029.14643668  .00000725  00000-0  20419-2 0  9991
2 45132  87.8799 281.6932 0001351  71.3355 288.7918 13.10372344146978
1 45132U 20008B   23029.75729628  .00000731  00000-0  20584-2 0  9999
2 45132  87.8799 281.5714 0001352  72.0459 288.0816 13.10373197146280
1 45132U 20008B   23030.21544113  .00000687  00000-0  19327-2 0  9999
2 45132  87.8798 281.4801 0001347  71.8648 288.2626 13.10373435146349
1 45132U 20008B   23030.21544113  .00000687  00000-0  19327-2 0  9999
2 45132  87.8798 281.4801 0001347  71.8648 288.2626 13.10373435147115
1 45132U 20008B   23031.13172928  .00000580  00000-0  16256-2 0  9992
2 45132  87.8798 281.2975 0001342  72.1347 287.9927 13.10374603146465
