1 45144U 20008P   22365.35807405 -.00000572  00000-0 -16737-2 0  9990
2 45144  87.8817 287.3910 0001560  78.2172 281.9131 13.10371158143719
1 45144U 20008P   22365.51078936 -.00000583  00000-0 -17066-2 0  9995
2 45144  87.8816 287.3607 0001555  78.1374 281.9927 13.10370865142871
1 45144U 20008P   22365.73986252 -.00000590  00000-0 -17274-2 0  9997
2 45144  87.8816 287.3150 0001555  78.2769 281.8532 13.10370328142902
1 45144U 20008P   23001.50343879 -.00000533  00000-0 -15619-2 0  9990
2 45144  87.8815 287.1628 0001539  78.3665 281.7635 13.10369941143001
1 45144U 20008P   23001.50343879 -.00000533  00000-0 -15619-2 0  9990
2 45144  87.8815 287.1628 0001539  78.3665 281.7635 13.10369941143865
1 45144U 20008P   23001.73251232 -.00000565  00000-0 -16559-2 0  9995
2 45144  87.8815 287.1172 0001540  78.4968 281.6332 13.10369432143035
1 45144U 20008P   23002.49608937 -.00000427  00000-0 -12608-2 0  9995
2 45144  87.8814 286.9651 0001544  78.6024 281.5276 13.10369415143130
1 45144U 20008P   23003.03059484 -.00000457  00000-0 -13470-2 0  9994
2 45144  87.8814 286.8587 0001545  78.8375 281.2926 13.10368403144067
1 45144U 20008P   23003.48874126 -.00000256  00000-0 -76915-3 0  9992
2 45144  87.8813 286.7674 0001551  79.2996 280.8306 13.10368731143265
1 45144U 20008P   23004.48139394 -.00000100  00000-0 -32265-3 0  9992
2 45144  87.8812 286.5698 0001558  79.7325 280.3978 13.10368458143396
1 45144U 20008P   23004.48139394 -.00000100  00000-0 -32265-3 0  9992
2 45144  87.8812 286.5698 0001558  79.7325 280.3978 13.10368458144252
1 45144U 20008P   23005.47404724  .00000121  00000-0  31093-3 0  9993
2 45144  87.8812 286.3721 0001570  79.9029 280.2275 13.10367930143526
1 45144U 20008P   23006.46670003  .00000276  00000-0  75564-3 0  9990
2 45144  87.8814 286.1743 0001553  79.6004 280.5298 13.10368355143655
1 45144U 20008P   23006.46670003  .00000276  00000-0  75564-3 0  9990
2 45144  87.8814 286.1743 0001553  79.6004 280.5298 13.10368355144511
1 45144U 20008P   23007.15392030  .00000465  00000-0  12968-2 0  9996
2 45144  87.8815 286.0374 0001553  79.9296 280.2006 13.10369284143747
1 45144U 20008P   23007.68842521  .00000537  00000-0  15014-2 0  9994
2 45144  87.8816 285.9310 0001545  79.5414 280.5887 13.10369449143816
1 45144U 20008P   23007.68842521  .00000537  00000-0  15014-2 0  9994
2 45144  87.8816 285.9310 0001545  79.5414 280.5887 13.10369449144671
1 45144U 20008P   23008.52835977  .00000292  00000-0  80040-3 0  9995
2 45144  87.8816 285.7637 0001567  78.9418 281.1886 13.10372432143921
1 45144U 20008P   23009.13922224  .00001052  00000-0  29761-2 0  9992
2 45144  87.8815 285.6421 0002028  93.7264 266.4095 13.10369415144866
1 45144U 20008P   23009.52101002  .00000838  00000-0  23654-2 0  9994
2 45144  87.8818 285.5660 0001637  77.9560 282.1751 13.10371283144052
1 45144U 20008P   23010.28458427  .00000730  00000-0  20550-2 0  9998
2 45144  87.8818 285.4139 0001470  79.0022 281.1271 13.10373484145011
1 45144U 20008P   23010.51364982 -.00005133  00000-0 -14741-1 0  9994
2 45144  87.8819 285.3683 0001746  79.9545 280.1779 13.10403698144180
1 45144U 20008P   23010.51364982 -.00005133  00000-0 -14741-1 0  9994
2 45144  87.8819 285.3683 0001746  79.9545 280.1779 13.10403698145046
1 45144U 20008P   23011.12451965  .00000447  00000-0  12444-2 0  9990
2 45144  87.8824 285.2467 0001616  79.0488 281.0821 13.10371829145121
1 45144U 20008P   23011.50630383  .00000622  00000-0  17454-2 0  9996
2 45144  87.8818 285.1706 0001574  81.1000 279.0306 13.10374081144314
1 45144U 20008P   23012.72802112  .00000344  00000-0  94826-3 0  9992
2 45144  87.8818 284.9274 0001583  80.0116 280.1190 13.10375231144476
1 45144U 20008P   23012.72802112  .00000344  00000-0  94826-3 0  9992
2 45144  87.8818 284.9274 0001583  80.0116 280.1190 13.10375231145332
1 45144U 20008P   23013.49159319  .00000253  00000-0  68824-3 0  9999
2 45144  87.8818 284.7754 0001579  80.1914 279.9391 13.10375849144574
1 45144U 20008P   23013.72066536  .00000209  00000-0  56199-3 0  9996
2 45144  87.8819 284.7297 0001574  80.1149 280.0156 13.10375362144608
1 45144U 20008P   23014.10245111  .00000150  00000-0  39396-3 0  9992
2 45144  87.8819 284.6537 0001578  80.2801 279.8505 13.10375713145519
1 45144U 20008P   23015.47688051 -.00000135  00000-0 -42166-3 0  9991
2 45144  87.8819 284.3800 0001578  80.3564 279.7742 13.10375834144836
1 45144U 20008P   23015.47688051 -.00000135  00000-0 -42166-3 0  9991
2 45144  87.8819 284.3800 0001578  80.3564 279.7742 13.10375834145691
1 45144U 20008P   23015.78230911 -.00000241  00000-0 -72775-3 0  9990
2 45144  87.8820 284.3191 0001579  80.3928 279.7377 13.10376275144874
1 45144U 20008P   23016.46952464 -.00000320  00000-0 -95365-3 0  9998
2 45144  87.8819 284.1823 0001587  80.3565 279.7741 13.10375168144963
1 45144U 20008P   23016.69859593 -.00000407  00000-0 -12017-2 0  9990
2 45144  87.8821 284.1372 0001551  79.8808 280.2494 13.10375681145850
1 45144U 20008P   23016.77495276 -.00000325  00000-0 -96857-3 0  9997
2 45144  87.8819 284.1215 0001586  80.7707 279.3600 13.10376025145008
1 45144U 20008P   23017.23309718 -.00000452  00000-0 -13303-2 0  9999
2 45144  87.8818 284.0304 0001578  80.5300 279.6006 13.10374875145063
1 45144U 20008P   23018.45481501 -.00000647  00000-0 -18909-2 0  9998
2 45144  87.8814 283.7871 0001573  81.1952 278.9354 13.10373850145227
1 45144U 20008P   23018.45481501 -.00000647  00000-0 -18909-2 0  9998
2 45144  87.8814 283.7871 0001573  81.1952 278.9354 13.10373850146082
1 45144U 20008P   23018.76024403 -.00000638  00000-0 -18639-2 0  9996
2 45144  87.8814 283.7261 0001555  81.1363 278.9940 13.10374312145265
1 45144U 20008P   23019.44746186 -.00000629  00000-0 -18378-2 0  9991
2 45144  87.8814 283.5889 0001576  81.0891 279.0415 13.10372858145359
1 45144U 20008P   23019.98196458 -.00000588  00000-0 -17220-2 0  9990
2 45144  87.8812 283.4825 0001549  81.1693 278.9610 13.10372025146281
1 45144U 20008P   23020.28739426 -.00000492  00000-0 -14453-2 0  9992
2 45144  87.8811 283.4217 0001551  81.3944 278.7359 13.10372361145469
1 45144U 20008P   23021.12732869 -.00000465  00000-0 -13673-2 0  9993
2 45144  87.8808 283.2544 0001569  81.7782 278.3523 13.10371116146433
1 45144U 20008P   23022.42540913 -.00000257  00000-0 -77257-3 0  9992
2 45144  87.8806 282.9960 0001563  82.2488 277.8817 13.10370913146605
1 45144U 20008P   23023.79984868 -.00000043  00000-0 -15869-3 0  9998
2 45144  87.8808 282.7220 0001548  82.1174 278.0129 13.10370758146783
1 45144U 20008P   23025.09793016  .00000232  00000-0  62696-3 0  9994
2 45144  87.8806 282.4633 0001549  82.6889 277.4414 13.10371496146954
1 45144U 20008P   23025.40336100  .00000380  00000-0  10522-2 0  9990
2 45144  87.8805 282.4025 0001559  83.0053 277.1251 13.10371411146130
1 45144U 20008P   23025.70879223  .00000385  00000-0  10658-2 0  9996
2 45144  87.8807 282.3414 0001576  81.0827 279.0479 13.10371314146178
1 45144U 20008P   23026.09058043  .00000543  00000-0  15188-2 0  9997
2 45144  87.8806 282.2656 0001569  82.2590 277.8715 13.10371524146224
1 45144U 20008P   23026.77779921  .00000558  00000-0  15625-2 0  9999
2 45144  87.8805 282.1286 0001579  82.4204 277.7102 13.10372297147178
1 45144U 20008P   23027.23594435  .00000747  00000-0  21025-2 0  9997
2 45144  87.8804 282.0374 0001576  82.4406 277.6900 13.10372762146378
1 45144U 20008P   23027.77044728  .00000675  00000-0  18965-2 0  9990
2 45144  87.8805 281.9309 0001586  82.8274 277.3034 13.10373452146443
1 45144U 20008P   23028.07587759  .00000707  00000-0  19877-2 0  9999
2 45144  87.8803 281.8702 0001594  82.1016 278.0292 13.10373350147344
1 45144U 20008P   23028.22859232  .00000695  00000-0  19547-2 0  9994
2 45144  87.8803 281.8397 0001593  82.1404 277.9904 13.10373877146503
1 45144U 20008P   23028.76309404  .00000753  00000-0  21203-2 0  9991
2 45144  87.8804 281.7333 0001593  82.0553 278.0755 13.10374552146571
1 45144U 20008P   23029.14488126  .00000698  00000-0  19621-2 0  9992
2 45144  87.8803 281.6571 0001589  82.1803 277.9505 13.10374729147485
1 45144U 20008P   23029.75573973  .00000710  00000-0  19978-2 0  9994
2 45144  87.8803 281.5353 0001604  81.4422 278.6886 13.10375433146706
1 45144U 20008P   23030.21388358  .00000660  00000-0  18553-2 0  9990
2 45144  87.8803 281.4440 0001603  81.2643 278.8665 13.10375771146762
1 45144U 20008P   23030.21388358  .00000660  00000-0  18553-2 0  9990
2 45144  87.8803 281.4440 0001603  81.2643 278.8665 13.10375771147628
1 45144U 20008P   23031.13017031  .00000523  00000-0  14632-2 0  9991
2 45144  87.8803 281.2612 0001613  81.1474 278.9836 13.10376507146885
