1 45149U 20008U   22365.48743731  .00000298  00000-0  81716-3 0  9993
2 45149  87.8807 287.4076 0001438  86.9927 273.1365 13.10371148142681
1 45149U 20008U   22365.71651049  .00000285  00000-0  78033-3 0  9993
2 45149  87.8807 287.3620 0001439  86.8416 273.2876 13.10371339142712
1 45149U 20008U   23001.48008713  .00000446  00000-0  12426-2 0  9991
2 45149  87.8808 287.2097 0001445  87.1006 273.0286 13.10372052142813
1 45149U 20008U   23001.70916054  .00000427  00000-0  11862-2 0  9994
2 45149  87.8809 287.1641 0001442  87.0374 273.0918 13.10371781142845
1 45149U 20008U   23002.01459158  .00000450  00000-0  12528-2 0  9992
2 45149  87.8809 287.1033 0001440  87.2340 272.8952 13.10371492143668
1 45149U 20008U   23002.54909418  .00000535  00000-0  14975-2 0  9991
2 45149  87.8810 286.9968 0001460  87.3021 272.8274 13.10372775142956
1 45149U 20008U   23003.08359750  .00000607  00000-0  17037-2 0  9991
2 45149  87.8811 286.8904 0001462  87.1411 272.9884 13.10372661143806
1 45149U 20008U   23003.54174163  .00000655  00000-0  18387-2 0  9997
2 45149  87.8811 286.7991 0001481  87.4586 272.6711 13.10374309143085
1 45149U 20008U   23004.30531668  .00000725  00000-0  20409-2 0  9995
2 45149  87.8812 286.6470 0001484  87.4773 272.6524 13.10374005143960
1 45149U 20008U   23004.53438843  .00000675  00000-0  18969-2 0  9993
2 45149  87.8812 286.6013 0001484  87.7755 272.3543 13.10375005143213
1 45149U 20008U   23005.52703399  .00000575  00000-0  16099-2 0  9995
2 45149  87.8814 286.4035 0001513  87.6837 272.4464 13.10375891143340
1 45149U 20008U   23005.52703399  .00000575  00000-0  16099-2 0  9995
2 45149  87.8814 286.4035 0001513  87.6837 272.4464 13.10375891144127
1 45149U 20008U   23006.51967771  .00000479  00000-0  13351-2 0  9992
2 45149  87.8815 286.2059 0001495  87.6732 272.4566 13.10376879143472
1 45149U 20008U   23007.05417768  .00000409  00000-0  11356-2 0  9994
2 45149  87.8815 286.0994 0001494  87.7967 272.3331 13.10377511144326
1 45149U 20008U   23007.20689212  .00000404  00000-0  11217-2 0  9997
2 45149  87.8816 286.0690 0001507  87.9006 272.2294 13.10377290143567
1 45149U 20008U   23007.51232045  .00000344  00000-0  94847-3 0  9993
2 45149  87.8816 286.0081 0001505  88.0193 272.1106 13.10377661143606
1 45149U 20008U   23008.50496298  .00000140  00000-0  36371-3 0  9997
2 45149  87.8817 285.8104 0001544  88.2455 271.8849 13.10377766143736
1 45149U 20008U   23008.50496298  .00000140  00000-0  36371-3 0  9997
2 45149  87.8817 285.8104 0001544  88.2455 271.8849 13.10377766144513
1 45149U 20008U   23008.73403451  .00000050  00000-0  10794-3 0  9992
2 45149  87.8817 285.7648 0001546  88.3011 271.8293 13.10377731143767
1 45149U 20008U   23009.49760497 -.00000075  00000-0 -25139-3 0  9990
2 45149  87.8816 285.6127 0001537  88.3944 271.7360 13.10377819143864
1 45149U 20008U   23009.72667678 -.00000216  00000-0 -65494-3 0  9998
2 45149  87.8817 285.5671 0001538  88.3712 271.7592 13.10377522143893
1 45149U 20008U   23009.72667678 -.00000216  00000-0 -65494-3 0  9998
2 45149  87.8817 285.5671 0001538  88.3712 271.7592 13.10377522144670
1 45149U 20008U   23010.49024758 -.00000306  00000-0 -91184-3 0  9995
2 45149  87.8818 285.4150 0001579  88.7168 271.4140 13.10377286143993
1 45149U 20008U   23011.25381905 -.00000434  00000-0 -12798-2 0  9995
2 45149  87.8812 285.2629 0001583  89.2065 270.9244 13.10376754144093
1 45149U 20008U   23011.25381905 -.00000434  00000-0 -12798-2 0  9995
2 45149  87.8812 285.2629 0001583  89.2065 270.9244 13.10376754144879
1 45149U 20008U   23011.71196514 -.00000149  00000-0 -46267-3 0  9998
2 45149  87.8814 285.1716 0001586  89.6965 270.4344 13.10372223144157
1 45149U 20008U   23012.70460954 -.00000756  00000-0 -22012-2 0  9995
2 45149  87.8809 284.9739 0001646  89.4898 270.6418 13.10374157144289
1 45149U 20008U   23012.70460954 -.00000756  00000-0 -22012-2 0  9995
2 45149  87.8809 284.9739 0001646  89.4898 270.6418 13.10374157145066
1 45149U 20008U   23013.46818418 -.00000653  00000-0 -19063-2 0  9999
2 45149  87.8808 284.8221 0001653  89.9357 270.1960 13.10372529144385
1 45149U 20008U   23014.15540174 -.00000597  00000-0 -17478-2 0  9992
2 45149  87.8807 284.6850 0001653  90.0058 270.1259 13.10372285145258
1 45149U 20008U   23015.45348208 -.00000488  00000-0 -14350-2 0  9995
2 45149  87.8804 284.4264 0001692  89.9618 270.1703 13.10370639144641
1 45149U 20008U   23015.45348208 -.00000488  00000-0 -14350-2 0  9995
2 45149  87.8804 284.4264 0001692  89.9618 270.1703 13.10370639145428
1 45149U 20008U   23015.75891179 -.00000386  00000-0 -11424-2 0  9994
2 45149  87.8809 284.3655 0001653  89.8708 270.2609 13.10371432144687
1 45149U 20008U   23016.44613157 -.00000245  00000-0 -73734-3 0  9996
2 45149  87.8805 284.2284 0001644  89.7570 270.3746 13.10370705144771
1 45149U 20008U   23016.67520545 -.00000323  00000-0 -96067-3 0  9990
2 45149  87.8806 284.1828 0001649  89.6167 270.5149 13.10370161145586
1 45149U 20008U   23016.75156327 -.00000294  00000-0 -87957-3 0  9997
2 45149  87.8806 284.1676 0001643  89.5728 270.5588 13.10370001144818
1 45149U 20008U   23017.43878264 -.00000044  00000-0 -16271-3 0  9998
2 45149  87.8804 284.0307 0001645  89.7106 270.4210 13.10370458144907
1 45149U 20008U   23018.12600343  .00000029  00000-0  46637-4 0  9997
2 45149  87.8803 283.8938 0001653  89.7889 270.3427 13.10369757145775
1 45149U 20008U   23018.43143458  .00000085  00000-0  20637-3 0  9993
2 45149  87.8802 283.8330 0001665  89.8466 270.2852 13.10370065145039
1 45149U 20008U   23018.81322325  .00000219  00000-0  59153-3 0  9991
2 45149  87.8803 283.7569 0001663  89.8064 270.3253 13.10370252145084
1 45149U 20008U   23019.42408630  .00000351  00000-0  96805-3 0  9995
2 45149  87.8803 283.6351 0001697  89.2649 270.8672 13.10369683145167
1 45149U 20008U   23019.42408630  .00000351  00000-0  96805-3 0  9995
2 45149  87.8803 283.6351 0001697  89.2649 270.8672 13.10369683145943
1 45149U 20008U   23020.41673663  .00000454  00000-0  12640-2 0  9994
2 45149  87.8804 283.4372 0001689  88.7466 271.3855 13.10370898145294
1 45149U 20008U   23020.72216731  .00000509  00000-0  14208-2 0  9990
2 45149  87.8805 283.3764 0001696  88.6246 271.5075 13.10371366146111
1 45149U 20008U   23022.09660352  .00000765  00000-0  21537-2 0  9991
2 45149  87.8808 283.1026 0001697  88.5592 271.5729 13.10373383146293
1 45149U 20008U   23023.16560868  .00000670  00000-0  18834-2 0  9992
2 45149  87.8808 282.8891 0001704  91.4624 268.6699 13.10374321146439
1 45149U 20008U   23024.23461179  .00000636  00000-0  17868-2 0  9994
2 45149  87.8807 282.6761 0001716  90.6004 269.5320 13.10375354146571
1 45149U 20008U   23025.45632777  .00000446  00000-0  12420-2 0  9991
2 45149  87.8805 282.4329 0001735  89.1227 271.0099 13.10376598145951
1 45149U 20008U   23025.45632777  .00000446  00000-0  12420-2 0  9991
2 45149  87.8805 282.4329 0001735  89.1227 271.0099 13.10376598146738
1 45149U 20008U   23025.76175685  .00000396  00000-0  10986-2 0  9994
2 45149  87.8805 282.3722 0001736  88.4217 271.7109 13.10376387145998
1 45149U 20008U   23026.60168527  .00000189  00000-0  50391-3 0  9990
2 45149  87.8804 282.2049 0001743  87.5813 272.5514 13.10377344146105
1 45149U 20008U   23026.75439947  .00000278  00000-0  75906-3 0  9991
2 45149  87.8804 282.1745 0001753  87.5725 272.5603 13.10376912146907
1 45149U 20008U   23027.21254213  .00000181  00000-0  48257-3 0  9996
2 45149  87.8803 282.0832 0001752  87.4965 272.6363 13.10377156146181
1 45149U 20008U   23027.74704182 -.00000034  00000-0 -13499-3 0  9998
2 45149  87.8802 281.9767 0001756  87.5773 272.5555 13.10377668146255
1 45149U 20008U   23028.12882723 -.00000041  00000-0 -15249-3 0  9992
2 45149  87.8802 281.9005 0001758  87.1639 272.9689 13.10377507146309
1 45149U 20008U   23028.12882723 -.00000041  00000-0 -15249-3 0  9992
2 45149  87.8802 281.9005 0001758  87.1639 272.9689 13.10377507147085
1 45149U 20008U   23028.73968620 -.00000385  00000-0 -11380-2 0  9992
2 45149  87.8800 281.7788 0001775  87.5548 272.5782 13.10375723146381
1 45149U 20008U   23029.19782956 -.00000448  00000-0 -13202-2 0  9994
2 45149  87.8799 281.6873 0001784  86.7796 273.3536 13.10375593147223
1 45149U 20008U   23029.96140405 -.00000731  00000-0 -21295-2 0  9992
2 45149  87.8798 281.5351 0001819  86.8964 273.2371 13.10373708146545
1 45149U 20008U   23030.19047533 -.00000619  00000-0 -18109-2 0  9992
2 45149  87.8797 281.4894 0001824  86.9272 273.2064 13.10374082146572
1 45149U 20008U   23030.95405054 -.00000578  00000-0 -16926-2 0  9991
2 45149  87.8796 281.3373 0001841  86.9491 273.1847 13.10371820146670
1 45149U 20008U   23031.10676510 -.00000540  00000-0 -15828-2 0  9995
2 45149  87.8796 281.3069 0001841  87.0109 273.1229 13.10372091146697
1 45149U 20008U   23031.10676510 -.00000540  00000-0 -15828-2 0  9995
2 45149  87.8796 281.3069 0001841  87.0109 273.1229 13.10372091147474
1 45149U 20008U   23031.94669814 -.00000550  00000-0 -16116-2 0  9998
2 45149  87.8794 281.1394 0001872  86.9506 273.1835 13.10371104146807
