1 45143U 20008N   22365.52014885 -.00000458  00000-0 -13479-2 0  9993
2 45143  87.8813 287.4100 0001661  76.4514 283.6798 13.10375120142448
1 45143U 20008N   22365.74922089 -.00000502  00000-0 -14752-2 0  9996
2 45143  87.8813 287.3644 0001660  76.5127 283.6185 13.10374824142473
1 45143U 20008N   23001.51279334 -.00000553  00000-0 -16209-2 0  9992
2 45143  87.8812 287.2123 0001658  76.8114 283.3198 13.10374737142574
1 45143U 20008N   23001.74186566 -.00000604  00000-0 -17666-2 0  9996
2 45143  87.8813 287.1667 0001659  76.9003 283.2310 13.10374351142607
1 45143U 20008N   23002.04729546 -.00000650  00000-0 -18981-2 0  9993
2 45143  87.8813 287.1057 0001659  76.7795 283.3517 13.10373763143535
1 45143U 20008N   23002.50543976 -.00000650  00000-0 -18988-2 0  9992
2 45143  87.8812 287.0143 0001666  76.9122 283.2191 13.10373446142706
1 45143U 20008N   23003.19265693 -.00000599  00000-0 -17519-2 0  9996
2 45143  87.8812 286.8775 0001665  77.3108 282.8205 13.10372765143684
1 45143U 20008N   23003.49808712 -.00000660  00000-0 -19269-2 0  9997
2 45143  87.8812 286.8165 0001670  77.2500 282.8814 13.10372550142832
1 45143U 20008N   23004.49073516 -.00000482  00000-0 -14184-2 0  9997
2 45143  87.8811 286.6188 0001669  77.5231 282.6083 13.10372114142962
1 45143U 20008N   23004.49073516 -.00000482  00000-0 -14184-2 0  9997
2 45143  87.8811 286.6188 0001669  77.5231 282.6083 13.10372114143851
1 45143U 20008N   23005.48338507 -.00000346  00000-0 -10284-2 0  9997
2 45143  87.8811 286.4211 0001680  77.5628 282.5687 13.10371265143090
1 45143U 20008N   23005.78881610 -.00000290  00000-0 -86827-3 0  9993
2 45143  87.8810 286.3603 0001678  77.4180 282.7134 13.10370765143130
1 45143U 20008N   23005.78881610 -.00000290  00000-0 -86827-3 0  9993
2 45143  87.8810 286.3603 0001678  77.4180 282.7134 13.10370765144029
1 45143U 20008N   23006.47603554 -.00000176  00000-0 -54176-3 0  9994
2 45143  87.8809 286.2234 0001655  77.2882 282.8431 13.10370855143220
1 45143U 20008N   23007.01054011 -.00000107  00000-0 -34281-3 0  9992
2 45143  87.8809 286.1169 0001647  77.2420 282.8891 13.10370448144189
1 45143U 20008N   23007.16325553 -.00000028  00000-0 -11587-3 0  9996
2 45143  87.8809 286.0864 0001647  77.4563 282.6749 13.10370533143319
1 45143U 20008N   23007.69775973  .00000089  00000-0  21882-3 0  9993
2 45143  87.8809 285.9800 0001644  77.1758 282.9553 13.10370613143389
1 45143U 20008N   23008.46133736  .00000262  00000-0  71450-3 0  9993
2 45143  87.8809 285.8279 0001637  77.1457 282.9853 13.10370795143481
1 45143U 20008N   23008.46133736  .00000262  00000-0  71450-3 0  9993
2 45143  87.8809 285.8279 0001637  77.1457 282.9853 13.10370795144370
1 45143U 20008N   23009.45398761  .00000473  00000-0  13189-2 0  9992
2 45143  87.8811 285.6302 0001636  77.0717 283.0593 13.10371396143612
1 45143U 20008N   23010.14120651  .00000558  00000-0  15633-2 0  9991
2 45143  87.8811 285.4933 0001633  76.6094 283.5215 13.10372165144599
1 45143U 20008N   23010.52299510  .00000575  00000-0  16109-2 0  9992
2 45143  87.8810 285.4172 0001660  76.8226 283.3087 13.10372026143750
1 45143U 20008N   23011.28656995  .00000719  00000-0  20246-2 0  9997
2 45143  87.8811 285.2651 0001676  77.3851 282.7464 13.10373578144743
1 45143U 20008N   23011.51564270  .00000705  00000-0  19831-2 0  9990
2 45143  87.8812 285.2195 0001663  77.2192 282.9121 13.10373490143889
1 45143U 20008N   23012.50828927  .00000741  00000-0  20861-2 0  9997
2 45143  87.8812 285.0217 0001666  77.0300 283.1013 13.10374616144014
1 45143U 20008N   23012.50828927  .00000741  00000-0  20861-2 0  9997
2 45143  87.8812 285.0217 0001666  77.0300 283.1013 13.10374616144902
1 45143U 20008N   23013.27186254  .00000654  00000-0  18372-2 0  9999
2 45143  87.8813 284.8696 0001660  76.9758 283.1554 13.10375788144114
1 45143U 20008N   23014.11179246  .00000561  00000-0  15696-2 0  9999
2 45143  87.8813 284.7023 0001639  76.8730 283.2580 13.10376301145115
1 45143U 20008N   23015.48622092  .00000349  00000-0  96247-3 0  9998
2 45143  87.8813 284.4285 0001606  76.4436 283.6870 13.10377662144403
1 45143U 20008N   23015.79164973  .00000203  00000-0  54559-3 0  9990
2 45143  87.8814 284.3677 0001592  76.3041 283.8263 13.10377709144447
1 45143U 20008N   23015.79164973  .00000203  00000-0  54559-3 0  9990
2 45143  87.8814 284.3677 0001592  76.3041 283.8263 13.10377709145336
1 45143U 20008N   23016.47886339  .00000079  00000-0  19087-3 0  9991
2 45143  87.8813 284.2308 0001599  76.6676 283.4629 13.10377832144539
1 45143U 20008N   23016.78429169  .00000025  00000-0  34260-4 0  9991
2 45143  87.8812 284.1700 0001580  76.6451 283.4852 13.10377910144573
1 45143U 20008N   23017.16607686 -.00000047  00000-0 -17001-3 0  9995
2 45143  87.8812 284.0940 0001569  76.7235 283.4068 13.10378094145514
1 45143U 20008N   23017.24243361 -.00000028  00000-0 -11549-3 0  9990
2 45143  87.8812 284.0787 0001573  76.8560 283.2743 13.10378392144631
1 45143U 20008N   23018.23507683 -.00000352  00000-0 -10441-2 0  9999
2 45143  87.8810 283.8811 0001566  77.3175 282.8127 13.10377020144766
1 45143U 20008N   23018.23507683 -.00000352  00000-0 -10441-2 0  9999
2 45143  87.8810 283.8811 0001566  77.3175 282.8127 13.10377020145655
1 45143U 20008N   23018.76957946 -.00000687  00000-0 -20052-2 0  9998
2 45143  87.8810 283.7743 0001518  78.4837 281.6460 13.10374425144834
1 45143U 20008N   23019.45679509 -.00000784  00000-0 -22837-2 0  9992
2 45143  87.8807 283.6381 0001643  76.6946 283.4364 13.10374524144920
1 45143U 20008N   23019.45679509 -.00000784  00000-0 -22837-2 0  9992
2 45143  87.8807 283.6381 0001643  76.6946 283.4364 13.10374524145819
1 45143U 20008N   23020.44944090 -.00000576  00000-0 -16852-2 0  9992
2 45143  87.8808 283.4402 0001605  76.9214 283.2092 13.10372638145057
1 45143U 20008N   23020.67851310 -.00000587  00000-0 -17188-2 0  9994
2 45143  87.8808 283.3947 0001600  77.0801 283.0505 13.10372786145971
1 45143U 20008N   23022.43473784 -.00000532  00000-0 -15605-2 0  9997
2 45143  87.8802 283.0446 0001609  78.2642 281.8665 13.10370678146209
1 45143U 20008N   23024.11460827 -.00000353  00000-0 -10487-2 0  9992
2 45143  87.8801 282.7096 0001607  78.4904 281.6404 13.10369235146426
1 45143U 20008N   23025.41269132 -.00000124  00000-0 -39280-3 0  9991
2 45143  87.8799 282.4511 0001608  78.3987 281.7321 13.10368780145705
1 45143U 20008N   23025.41269132 -.00000124  00000-0 -39280-3 0  9991
2 45143  87.8799 282.4511 0001608  78.3987 281.7321 13.10368780146593
1 45143U 20008N   23025.71812203  .00000025  00000-0  35894-4 0  9993
2 45143  87.8799 282.3901 0001604  77.9716 282.1591 13.10369283145745
1 45143U 20008N   23026.09991153 -.00000018  00000-0 -88799-4 0  9993
2 45143  87.8799 282.3139 0001593  77.7264 282.4041 13.10369417145798
1 45143U 20008N   23026.78713209  .00000209  00000-0  56223-3 0  9999
2 45143  87.8799 282.1770 0001588  77.8441 282.2864 13.10369099146775
1 45143U 20008N   23027.24527890  .00000308  00000-0  84677-3 0  9994
2 45143  87.8798 282.0856 0001584  77.7229 282.4076 13.10369630145943
1 45143U 20008N   23027.93249983  .00000343  00000-0  94588-3 0  9995
2 45143  87.8799 281.9486 0001582  78.4550 281.6755 13.10369375146036
1 45143U 20008N   23028.08521486  .00000463  00000-0  12908-2 0  9991
2 45143  87.8799 281.9178 0001601  80.4198 279.7110 13.10369911146946
1 45143U 20008N   23028.23793056  .00000507  00000-0  14150-2 0  9992
2 45143  87.8799 281.8875 0001591  79.5904 280.5403 13.10369742146072
1 45143U 20008N   23028.92515034  .00000560  00000-0  15667-2 0  9999
2 45143  87.8798 281.7506 0001586  79.3177 280.8128 13.10370258146166
1 45143U 20008N   23029.23058111  .00000621  00000-0  17438-2 0  9998
2 45143  87.8798 281.6895 0001592  80.4349 279.6958 13.10370588147093
1 45143U 20008N   23029.76508465  .00000659  00000-0  18519-2 0  9990
2 45143  87.8798 281.5830 0001592  80.6583 279.4725 13.10371258146277
1 45143U 20008N   23030.22323023  .00000750  00000-0  21114-2 0  9995
2 45143  87.8796 281.4921 0001592  78.2353 281.8953 13.10371838146334
1 45143U 20008N   23031.06316402  .00000670  00000-0  18842-2 0  9996
2 45143  87.8796 281.3247 0001599  78.5753 281.5554 13.10372161146444
1 45143U 20008N   23031.06316402  .00000670  00000-0  18842-2 0  9996
2 45143  87.8796 281.3247 0001599  78.5753 281.5554 13.10372161147333
1 45143U 20008N   23031.67402310  .00000684  00000-0  19233-2 0  9997
2 45143  87.8797 281.2029 0001588  78.5878 281.5428 13.10373647146527
