1 45158U 20008AD  22365.28950262 -.00000614  00000-0 -17966-2 0  9999
2 45158  87.8811 287.4519 0001843  71.3906 288.7421 13.10373546142503
1 45158U 20008AD  22365.74764824 -.00000553  00000-0 -16214-2 0  9994
2 45158  87.8811 287.3607 0001841  71.1685 288.9642 13.10371551142567
1 45158U 20008AD  23001.20579253 -.00000495  00000-0 -14537-2 0  9994
2 45158  87.8812 287.2694 0001831  70.8475 289.2851 13.10371689143384
1 45158U 20008AD  23001.51122320 -.00000587  00000-0 -17193-2 0  9990
2 45158  87.8810 287.2084 0001833  71.0205 289.1121 13.10370942142661
1 45158U 20008AD  23001.74029596 -.00000596  00000-0 -17425-2 0  9994
2 45158  87.8810 287.1628 0001830  71.0607 289.0719 13.10370717142692
1 45158U 20008AD  23002.50387185 -.00000588  00000-0 -17212-2 0  9995
2 45158  87.8809 287.0104 0001832  70.6851 289.4474 13.10370143142792
1 45158U 20008AD  23002.50387185 -.00000588  00000-0 -17212-2 0  9995
2 45158  87.8809 287.0104 0001832  70.6851 289.4474 13.10370143143557
1 45158U 20008AD  23003.49652213 -.00000587  00000-0 -17174-2 0  9997
2 45158  87.8808 286.8125 0001818  70.5741 289.5582 13.10369068142922
1 45158U 20008AD  23004.48917319 -.00000422  00000-0 -12448-2 0  9995
2 45158  87.8807 286.6149 0001816  70.4770 289.6554 13.10368496143053
1 45158U 20008AD  23004.48917319 -.00000422  00000-0 -12448-2 0  9995
2 45158  87.8807 286.6149 0001816  70.4770 289.6554 13.10368496143817
1 45158U 20008AD  23005.48182594 -.00000309  00000-0 -92087-3 0  9997
2 45158  87.8806 286.4172 0001808  70.4120 289.7203 13.10367589143184
1 45158U 20008AD  23006.47447835 -.00000081  00000-0 -26691-3 0  9994
2 45158  87.8806 286.2194 0001775  70.0377 290.0941 13.10367880143312
1 45158U 20008AD  23006.47447835 -.00000081  00000-0 -26691-3 0  9994
2 45158  87.8806 286.2194 0001775  70.0377 290.0941 13.10367880144076
1 45158U 20008AD  23007.16170018  .00000081  00000-0  19711-3 0  9990
2 45158  87.8808 286.0824 0001775  70.2895 289.8424 13.10367361143405
1 45158U 20008AD  23007.69620571  .00000150  00000-0  39354-3 0  9994
2 45158  87.8808 285.9759 0001765  69.8417 290.2900 13.10367575143472
1 45158U 20008AD  23007.69620571  .00000150  00000-0  39354-3 0  9994
2 45158  87.8808 285.9759 0001765  69.8417 290.2900 13.10367575144237
1 45158U 20008AD  23008.45978462  .00000385  00000-0  10680-2 0  9994
2 45158  87.8808 285.8237 0001765  70.1657 289.9660 13.10368146143577
1 45158U 20008AD  23009.14700548  .00000514  00000-0  14375-2 0  9998
2 45158  87.8809 285.6868 0001761  70.3160 289.8157 13.10368623144428
1 45158U 20008AD  23009.45243635  .00000623  00000-0  17483-2 0  9995
2 45158  87.8810 285.6260 0001750  69.9740 290.1576 13.10369253143702
1 45158U 20008AD  23010.44508762  .00000699  00000-0  19663-2 0  9996
2 45158  87.8809 285.4282 0001747  69.7326 290.3989 13.10369976143832
1 45158U 20008AD  23010.44508762  .00000699  00000-0  19663-2 0  9996
2 45158  87.8809 285.4282 0001747  69.7326 290.3989 13.10369976144596
1 45158U 20008AD  23011.51409458  .00000697  00000-0  19598-2 0  9992
2 45158  87.8809 285.2152 0001733  69.2692 290.8621 13.10371628143972
1 45158U 20008AD  23011.66680984  .00000685  00000-0  19263-2 0  9999
2 45158  87.8809 285.1848 0001727  69.1177 291.0135 13.10371713143993
1 45158U 20008AD  23011.66680984  .00000685  00000-0  19263-2 0  9999
2 45158  87.8809 285.1848 0001727  69.1177 291.0135 13.10371713144758
1 45158U 20008AD  23012.27767010  .00000733  00000-0  20636-2 0  9993
2 45158  87.8810 285.0631 0001737  69.0328 291.0985 13.10372240144071
1 45158U 20008AD  23013.11760280  .00000530  00000-0  14822-2 0  9994
2 45158  87.8809 284.8958 0001712  68.9598 291.1712 13.10373026144946
1 45158U 20008AD  23013.27031634  .00000650  00000-0  18265-2 0  9993
2 45158  87.8810 284.8654 0001729  69.1094 291.0219 13.10374346144209
1 45158U 20008AD  23014.26296265  .00000496  00000-0  13854-2 0  9993
2 45158  87.8812 284.6673 0001728  67.2100 292.9209 13.10374197145097
1 45158U 20008AD  23015.48467894  .00000185  00000-0  49366-3 0  9999
2 45158  87.8811 284.4242 0001686  68.3054 291.8253 13.10375182144494
1 45158U 20008AD  23015.48467894  .00000185  00000-0  49366-3 0  9999
2 45158  87.8811 284.4242 0001686  68.3054 291.8253 13.10375182145259
1 45158U 20008AD  23015.79010731  .00000212  00000-0  57124-3 0  9999
2 45158  87.8811 284.3634 0001659  67.8969 292.2335 13.10375605144538
1 45158U 20008AD  23016.47732275  .00000006  00000-0 -18199-4 0  9991
2 45158  87.8811 284.2266 0001647  67.7945 292.3357 13.10375205144629
1 45158U 20008AD  23016.70639435 -.00000023  00000-0 -10249-3 0  9998
2 45158  87.8812 284.1810 0001634  67.5532 292.5768 13.10375285145414
1 45158U 20008AD  23016.78275111 -.00000023  00000-0 -10316-3 0  9998
2 45158  87.8813 284.1658 0001639  67.6280 292.5021 13.10375834144669
1 45158U 20008AD  23017.46996634 -.00000169  00000-0 -51953-3 0  9997
2 45158  87.8813 284.0290 0001626  67.4993 292.6307 13.10375276144753
1 45158U 20008AD  23018.46261091 -.00000403  00000-0 -11919-2 0  9998
2 45158  87.8810 283.8313 0001601  67.6618 292.4679 13.10374518144884
1 45158U 20008AD  23018.46261091 -.00000403  00000-0 -11919-2 0  9998
2 45158  87.8810 283.8313 0001601  67.6618 292.4679 13.10374518145649
1 45158U 20008AD  23018.76803954 -.00000451  00000-0 -13282-2 0  9999
2 45158  87.8811 283.7705 0001588  67.6244 292.5051 13.10375096144920
1 45158U 20008AD  23019.45525605 -.00000499  00000-0 -14670-2 0  9994
2 45158  87.8812 283.6334 0001634  68.1988 291.9313 13.10373851145013
1 45158U 20008AD  23019.98975752 -.00000609  00000-0 -17816-2 0  9992
2 45158  87.8808 283.5273 0001598  67.8798 292.2499 13.10373628145845
1 45158U 20008AD  23020.44790175 -.00000559  00000-0 -16389-2 0  9997
2 45158  87.8807 283.4360 0001577  67.9508 292.1787 13.10373305145141
1 45158U 20008AD  23021.13511853 -.00000492  00000-0 -14458-2 0  9999
2 45158  87.8804 283.2989 0001567  68.0510 292.0784 13.10372927145995
1 45158U 20008AD  23022.43319770 -.00000560  00000-0 -16416-2 0  9999
2 45158  87.8800 283.0400 0001541  69.0163 291.1129 13.10371378146166
1 45158U 20008AD  23023.73127797 -.00000365  00000-0 -10809-2 0  9992
2 45158  87.8801 282.7811 0001529  68.7163 291.4128 13.10370647146330
1 45158U 20008AD  23024.80028559 -.00000217  00000-0 -65903-3 0  9999
2 45158  87.8800 282.5681 0001519  68.6724 291.4565 13.10371279146475
1 45158U 20008AD  23025.41114878 -.00000041  00000-0 -15382-3 0  9998
2 45158  87.8798 282.4465 0001514  69.0641 291.0648 13.10369806145793
1 45158U 20008AD  23025.79293668  .00000041  00000-0  80271-4 0  9992
2 45158  87.8798 282.3701 0001495  67.2331 292.8954 13.10371061145840
1 45158U 20008AD  23026.09836797  .00000101  00000-0  25190-3 0  9997
2 45158  87.8798 282.3093 0001488  68.4408 291.6878 13.10370714145884
1 45158U 20008AD  23026.09836797  .00000101  00000-0  25190-3 0  9997
2 45158  87.8798 282.3093 0001488  68.4408 291.6878 13.10370714146649
1 45158U 20008AD  23027.24373434  .00000460  00000-0  12812-2 0  9993
2 45158  87.8796 282.0810 0001471  69.2655 290.8630 13.10370556146030
1 45158U 20008AD  23027.24373434  .00000460  00000-0  12812-2 0  9993
2 45158  87.8796 282.0810 0001471  69.2655 290.8630 13.10370556146793
1 45158U 20008AD  23027.93095385  .00000450  00000-0  12536-2 0  9997
2 45158  87.8797 281.9440 0001463  70.3205 289.8080 13.10371287146122
1 45158U 20008AD  23028.23638463  .00000571  00000-0  16004-2 0  9999
2 45158  87.8797 281.8828 0001465  72.2984 287.8303 13.10371168146166
1 45158U 20008AD  23028.77088767  .00000636  00000-0  17860-2 0  9997
2 45158  87.8797 281.7762 0001459  73.2256 286.9032 13.10372130146998
1 45158U 20008AD  23028.92360339  .00000581  00000-0  16287-2 0  9993
2 45158  87.8797 281.7458 0001450  73.3933 286.7354 13.10371835146259
1 45158U 20008AD  23029.91625163  .00000570  00000-0  15957-2 0  9993
2 45158  87.8796 281.5484 0001437  69.5768 290.5514 13.10373384146389
1 45158U 20008AD  23030.14532380  .00000714  00000-0  20082-2 0  9993
2 45158  87.8794 281.5027 0001448  69.8175 290.3108 13.10373590147171
1 45158U 20008AD  23030.22168097  .00000782  00000-0  22040-2 0  9993
2 45158  87.8795 281.4875 0001452  69.8895 290.2389 13.10373837146427
1 45158U 20008AD  23031.06161320  .00000720  00000-0  20252-2 0  9993
2 45158  87.8795 281.3201 0001453  70.5379 289.5905 13.10374229146539
1 45158U 20008AD  23031.67247216  .00000606  00000-0  16982-2 0  9997
2 45158  87.8795 281.1983 0001439  70.6244 289.5038 13.10375078146619
1 45158U 20008AD  23031.67247216  .00000606  00000-0  16982-2 0  9997
2 45158  87.8795 281.1983 0001439  70.6244 289.5038 13.10375078147373
