1 45150U 20008V   22365.51546723 -.00000583  00000-0 -17077-2 0  9998
2 45150  87.8810 287.4029 0001888  85.4317 274.7026 13.10375317142987
1 45150U 20008V   22365.74453901 -.00000565  00000-0 -16559-2 0  9992
2 45150  87.8809 287.3573 0001886  85.3687 274.7655 13.10375236143018
1 45150U 20008V   23001.04996866 -.00000694  00000-0 -20231-2 0  9990
2 45150  87.8810 287.2964 0001880  85.2124 274.9218 13.10374813143828
1 45150U 20008V   23001.50811232 -.00000594  00000-0 -17368-2 0  9990
2 45150  87.8809 287.2049 0001884  85.1698 274.9644 13.10374633143114
1 45150U 20008V   23001.73718484 -.00000648  00000-0 -18918-2 0  9992
2 45150  87.8809 287.1593 0001888  85.1921 274.9421 13.10374227143145
1 45150U 20008V   23002.50075928 -.00000610  00000-0 -17825-2 0  9992
2 45150  87.8808 287.0069 0001886  84.8235 275.3107 13.10373496143247
1 45150U 20008V   23002.50075928 -.00000610  00000-0 -17825-2 0  9992
2 45150  87.8808 287.0069 0001886  84.8235 275.3107 13.10373496144013
1 45150U 20008V   23003.49340699 -.00000475  00000-0 -13971-2 0  9998
2 45150  87.8807 286.8092 0001898  84.7520 275.3823 13.10372845143374
1 45150U 20008V   23004.33334091 -.00000380  00000-0 -11260-2 0  9995
2 45150  87.8807 286.6418 0001903  84.6863 275.4481 13.10372144143485
1 45150U 20008V   23004.33334091 -.00000380  00000-0 -11260-2 0  9995
2 45150  87.8807 286.6418 0001903  84.6863 275.4481 13.10372144144251
1 45150U 20008V   23005.47870612 -.00000128  00000-0 -40165-3 0  9992
2 45150  87.8805 286.4138 0001922  84.1614 275.9732 13.10371594144405
1 45150U 20008V   23005.55506412 -.00000189  00000-0 -57647-3 0  9995
2 45150  87.8805 286.3986 0001946  84.0145 276.1204 13.10371523143643
1 45150U 20008V   23006.47135653  .00000010  00000-0 -78272-5 0  9993
2 45150  87.8805 286.2161 0001934  83.6041 276.5307 13.10371607143768
1 45150U 20008V   23007.00586025  .00000208  00000-0  55987-3 0  9990
2 45150  87.8807 286.1095 0001890  82.8739 277.2603 13.10371466144605
1 45150U 20008V   23007.15857463 -.00000710  00000-0 -20716-2 0  9994
2 45150  87.8808 286.0791 0002148  86.7795 273.3578 13.10376038143854
1 45150U 20008V   23007.69307947  .00000279  00000-0  76378-3 0  9994
2 45150  87.8808 285.9725 0001912  83.5749 276.5596 13.10371989143924
1 45150U 20008V   23008.15122528  .00000428  00000-0  11885-2 0  9993
2 45150  87.8809 285.8813 0001907  82.9459 277.1885 13.10372345144754
1 45150U 20008V   23008.53301345  .00000470  00000-0  13111-2 0  9992
2 45150  87.8807 285.8052 0001923  82.7479 277.3867 13.10372733144039
1 45150U 20008V   23009.52566188  .00000569  00000-0  15933-2 0  9993
2 45150  87.8809 285.6074 0001945  82.3161 277.8187 13.10373969144167
1 45150U 20008V   23009.52566188  .00000569  00000-0  15933-2 0  9993
2 45150  87.8809 285.6074 0001945  82.3161 277.8187 13.10373969144932
1 45150U 20008V   23010.51830891  .00000723  00000-0  20342-2 0  9991
2 45150  87.8808 285.4096 0001914  81.3575 278.7769 13.10374778144291
1 45150U 20008V   23011.12916834  .00000684  00000-0  19230-2 0  9991
2 45150  87.8808 285.2879 0001915  81.3365 278.7979 13.10375271145143
1 45150U 20008V   23011.51095459  .00000710  00000-0  19976-2 0  9992
2 45150  87.8809 285.2118 0001911  81.1171 279.0173 13.10376060144426
1 45150U 20008V   23011.66366985  .00000638  00000-0  17926-2 0  9995
2 45150  87.8809 285.1814 0001921  81.1106 279.0239 13.10375722144446
1 45150U 20008V   23012.50359915  .00000626  00000-0  17560-2 0  9995
2 45150  87.8810 285.0142 0001969  80.7963 279.3387 13.10377235144559
1 45150U 20008V   23012.50359915  .00000626  00000-0  17560-2 0  9995
2 45150  87.8810 285.0142 0001969  80.7963 279.3387 13.10377235145325
1 45150U 20008V   23013.49624335  .00000346  00000-0  95588-3 0  9991
2 45150  87.8812 284.8164 0001988  80.3531 279.7821 13.10377327144683
1 45150U 20008V   23014.10709931  .00000425  00000-0  11822-2 0  9992
2 45150  87.8812 284.6947 0001982  80.2424 279.8927 13.10378182145537
1 45150U 20008V   23015.48153298 -.00000382  00000-0 -11318-2 0  9997
2 45150  87.8812 284.4209 0001981  79.5777 280.5574 13.10374102144946
1 45150U 20008V   23015.48153298 -.00000382  00000-0 -11318-2 0  9997
2 45150  87.8812 284.4209 0001981  79.5777 280.5574 13.10374102145712
1 45150U 20008V   23015.78696177 -.00000507  00000-0 -14901-2 0  9998
2 45150  87.8812 284.3600 0001978  79.3245 280.8105 13.10374904144981
1 45150U 20008V   23016.47417836 -.00000518  00000-0 -15215-2 0  9999
2 45150  87.8812 284.2232 0001987  79.2424 280.8926 13.10373114145073
1 45150U 20008V   23016.70325107 -.00000579  00000-0 -16947-2 0  9994
2 45150  87.8814 284.1777 0001971  79.0436 281.0913 13.10372383145876
1 45150U 20008V   23016.77960822 -.00000367  00000-0 -10882-2 0  9997
2 45150  87.8815 284.1626 0001960  79.1966 280.9382 13.10371720145116
1 45150U 20008V   23017.46682473 -.00000258  00000-0 -77574-3 0  9998
2 45150  87.8812 284.0256 0001964  78.7913 281.3435 13.10371572145201
1 45150U 20008V   23018.45947348 -.00000539  00000-0 -15799-2 0  9995
2 45150  87.8811 283.8279 0001972  78.8746 281.2603 13.10370197145338
1 45150U 20008V   23018.45947348 -.00000539  00000-0 -15799-2 0  9995
2 45150  87.8811 283.8279 0001972  78.8746 281.2603 13.10370197146104
1 45150U 20008V   23018.76490329 -.00000494  00000-0 -14529-2 0  9991
2 45150  87.8808 283.7671 0001945  78.7258 281.4088 13.10370302145377
1 45150U 20008V   23019.45212240 -.00000716  00000-0 -20864-2 0  9998
2 45150  87.8807 283.6300 0001956  78.7274 281.4073 13.10369632145462
1 45150U 20008V   23019.98662704 -.00000741  00000-0 -21586-2 0  9990
2 45150  87.8803 283.5236 0001923  78.1357 281.9985 13.10368120146307
1 45150U 20008V   23020.44477154 -.00000474  00000-0 -13941-2 0  9995
2 45150  87.8807 283.4321 0001941  77.8175 282.3169 13.10369179145593
1 45150U 20008V   23021.13199218 -.00000550  00000-0 -16118-2 0  9998
2 45150  87.8803 283.2950 0001955  77.5390 282.5956 13.10368097146456
1 45150U 20008V   23022.43007601 -.00000472  00000-0 -13873-2 0  9994
2 45150  87.8800 283.0365 0001951  77.4090 282.7255 13.10367217146629
1 45150U 20008V   23023.80451904 -.00000220  00000-0 -66695-3 0  9997
2 45150  87.8802 282.7625 0001922  76.6085 283.5256 13.10366819146806
1 45150U 20008V   23024.79714561  .00002913  00000-0  83025-2 0  9991
2 45150  87.8804 282.5643 0002765  94.0018 266.1426 13.10390635146935
1 45150U 20008V   23025.10258941  .00003583  00000-0  10224-1 0  9996
2 45150  87.8814 282.4990 0002299  71.1722 288.9654 13.10370819146971
1 45150U 20008V   23025.40802274  .00000828  00000-0  23365-2 0  9993
2 45150  87.8816 282.4392 0002463  67.1626 292.9761 13.10375780146246
1 45150U 20008V   23025.71345356  .00000759  00000-0  21366-2 0  9992
2 45150  87.8806 282.3784 0002480  66.2089 293.9298 13.10374922146288
1 45150U 20008V   23026.09524277  .00000184  00000-0  49199-3 0  9992
2 45150  87.8796 282.3057 0001895  81.8822 278.2520 13.10373078146337
1 45150U 20008V   23026.09524277  .00000184  00000-0  49199-3 0  9992
2 45150  87.8796 282.3057 0001895  81.8822 278.2520 13.10373078147103
1 45150U 20008V   23026.78245516 -.00002001  00000-0 -57675-2 0  9993
2 45150  87.8792 282.1689 0002081  78.8219 281.3142 13.10389842147192
1 45150U 20008V   23027.24060137 -.00000245  00000-0 -73917-3 0  9995
2 45150  87.8794 282.0775 0002030  76.4091 283.7262 13.10378540146488
1 45150U 20008V   23027.24060137 -.00000245  00000-0 -73917-3 0  9995
2 45150  87.8794 282.0775 0002030  76.4091 283.7262 13.10378540147254
1 45150U 20008V   23027.77510336  .00000558  00000-0  15620-2 0  9995
2 45150  87.8797 281.9711 0001973  75.1627 284.9719 13.10375711146550
1 45150U 20008V   23028.23324819  .00000636  00000-0  17846-2 0  9995
2 45150  87.8797 281.8798 0001972  75.0948 285.0397 13.10375547146616
1 45150U 20008V   23028.76774915  .00000661  00000-0  18562-2 0  9993
2 45150  87.8797 281.7732 0001962  74.9553 285.1791 13.10376850146686
1 45150U 20008V   23028.76774915  .00000661  00000-0  18562-2 0  9993
2 45150  87.8797 281.7732 0001962  74.9553 285.1791 13.10376850147452
1 45150U 20008V   23029.76039360  .00000736  00000-0  20731-2 0  9996
2 45150  87.8796 281.5754 0001966  73.2792 286.8551 13.10377995146816
1 45150U 20008V   23030.14218015  .00000699  00000-0  19653-2 0  9995
2 45150  87.8796 281.4993 0001961  73.0075 287.1268 13.10377781147630
1 45150U 20008V   23030.21853746  .00000691  00000-0  19419-2 0  9991
2 45150  87.8796 281.4841 0001959  72.9275 287.2067 13.10377708146871
1 45150U 20008V   23031.13482270  .00000691  00000-0  19415-2 0  9999
2 45150  87.8795 281.3013 0001960  72.5780 287.5562 13.10379031146996
