1 45178U 20012A   22365.02737960  .00005418  00000-0  38228-3 0  9996
2 45178  53.0522 234.9894 0001399 113.3408 246.7728 15.06406084158649
1 45178U 20012A   22365.35911488  .00009307  00000-0  64263-3 0  9990
2 45178  53.0510 233.5000 0001353 116.2731 243.8397 15.06415626159284
1 45178U 20012A   22365.62450330  .00007872  00000-0  54654-3 0  9992
2 45178  53.0508 232.3087 0001776 106.2917 253.8268 15.06416750159329
1 45178U 20012A   23001.02257982  .00003273  00000-0  23841-3 0  9997
2 45178  53.0512 230.5214 0001367 116.1156 243.9974 15.06412785158795
1 45178U 20012A   23001.35431727  .00000637  00000-0  61626-4 0  9999
2 45178  53.0516 229.0317 0001234 114.5167 245.5951 15.06403852158847
1 45178U 20012A   23001.61970762 -.00001870  00000-0 -10670-3 0  9999
2 45178  53.0515 227.8412 0001604 107.2048 252.9116 15.06399594159478
1 45178U 20012A   23001.88509467 -.00001469  00000-0 -79761-4 0  9999
2 45178  53.0514 226.6497 0001559 109.3013 250.8144 15.06399709159512
1 45178U 20012A   23002.34952088 -.00000509  00000-0 -15264-4 0  9994
2 45178  53.0516 224.5643 0001422 114.6156 245.4981 15.06399337158997
1 45178U 20012A   23002.61490891  .00001199  00000-0  99396-4 0  9995
2 45178  53.0515 223.3729 0001437 114.8086 245.3053 15.06399181159625
1 45178U 20012A   23002.88029583  .00002401  00000-0  18001-3 0  9990
2 45178  53.0516 222.1819 0001369 113.6841 246.4291 15.06401474159662
1 45178U 20012A   23003.07933574  .00003418  00000-0  24819-3 0  9999
2 45178  53.0516 221.2884 0001345 113.6543 246.4587 15.06403685159694
1 45178U 20012A   23003.74280859  .00002268  00000-0  17112-3 0  9994
2 45178  53.0514 218.3097 0001350 113.3165 246.7966 15.06396310159205
1 45178U 20012A   23004.53896914  .00001892  00000-0  14585-3 0  9990
2 45178  53.0512 214.7358 0001364 113.1898 246.9234 15.06400838159918
1 45178U 20012A   23004.87070189  .00001577  00000-0  12476-3 0  9992
2 45178  53.0511 213.2464 0001382 113.3341 246.7793 15.06402459159968
1 45178U 20012A   23005.26877939  .00001891  00000-0  14578-3 0  9998
2 45178  53.0511 211.4590 0001354 113.3334 246.7798 15.06406543159434
1 45178U 20012A   23005.53416509  .00002242  00000-0  16930-3 0  9995
2 45178  53.0511 210.2675 0001401 113.3710 246.7427 15.06408069160061
1 45178U 20012A   23005.79955381  .00002310  00000-0  17391-3 0  9997
2 45178  53.0512 209.0762 0001341 118.0918 242.0206 15.06403365160103
1 45178U 20012A   23006.26398440  .00000422  00000-0  47232-4 0  9997
2 45178  53.0513 206.9908 0001314 114.9735 245.1390 15.06397726159585
1 45178U 20012A   23006.52937152 -.00000026  00000-0  17138-4 0  9998
2 45178  53.0513 205.7993 0001327 115.6227 244.4899 15.06397737160214
1 45178U 20012A   23007.25918356  .00000815  00000-0  73557-4 0  9996
2 45178  53.0525 202.5229 0001272 115.2747 244.8374 15.06405256160326
1 45178U 20012A   23007.65727566 -.00000514  00000-0 -15641-4 0  9999
2 45178  53.0527 200.7357 0001425 112.7722 247.3418 15.06392814160383
1 45178U 20012A   23007.65727566 -.00000514  00000-0 -15641-4 0  9999
2 45178  53.0527 200.7357 0001425 112.7722 247.3418 15.06392814159796
1 45178U 20012A   23008.51978615  .00000698  00000-0  65746-4 0  9990
2 45178  53.0531 196.8642 0001336 116.7608 243.3518 15.06392521160515
1 45178U 20012A   23008.78517372  .00000840  00000-0  75294-4 0  9996
2 45178  53.0533 195.6729 0001318 115.8268 244.2857 15.06394399160557
1 45178U 20012A   23008.78517372  .00000840  00000-0  75294-4 0  9996
2 45178  53.0533 195.6729 0001318 115.8268 244.2857 15.06394399159960
1 45178U 20012A   23009.91307157  .00003279  00000-0  23892-3 0  9995
2 45178  53.0525 190.6095 0001288 111.1592 248.9535 15.06398587160720
1 45178U 20012A   23009.91307157  .00003279  00000-0  23892-3 0  9995
2 45178  53.0525 190.6095 0001288 111.1592 248.9535 15.06398587160135
1 45178U 20012A   23010.51018792  .00003761  00000-0  27120-3 0  9991
2 45178  53.0527 187.9286 0001267 112.8676 247.2447 15.06406832160818
1 45178U 20012A   23010.90826363  .00005049  00000-0  35744-3 0  9997
2 45178  53.0529 186.1415 0001245 111.1970 248.9152 15.06415797160877
1 45178U 20012A   23011.17365407  .00001057  00000-0  89806-4 0  9998
2 45178  53.0543 184.9489 0001394 106.0010 254.1133 15.06405016160324
1 45178U 20012A   23011.30634888 -.00000046  00000-0  15841-4 0  9991
2 45178  53.0506 184.3551 0001733  99.5856 260.5329 15.06404776160935
1 45178U 20012A   23011.77078082 -.00002060  00000-0 -11946-3 0  9990
2 45178  53.0533 182.2696 0001162 106.4693 253.6424 15.06393403160411
1 45178U 20012A   23011.83712771 -.00001280  00000-0 -67084-4 0  9995
2 45178  53.0532 181.9717 0001178 104.9870 255.1249 15.06394886161012
1 45178U 20012A   23012.23521146 -.00000734  00000-0 -30387-4 0  9993
2 45178  53.0532 180.1847 0001161 101.3055 258.8065 15.06391025161079
1 45178U 20012A   23013.16407394  .00005151  00000-0  36446-3 0  9991
2 45178  53.0532 176.0151 0001142  94.4263 265.6857 15.06395222161217
1 45178U 20012A   23013.16407394  .00005151  00000-0  36446-3 0  9991
2 45178  53.0532 176.0151 0001142  94.4263 265.6857 15.06395222160621
1 45178U 20012A   23013.76119380  .00008389  00000-0  58130-3 0  9992
2 45178  53.0529 173.3343 0001101  92.4424 267.6691 15.06406615161305
1 45178U 20012A   23014.49101415  .00000564  00000-0  56773-4 0  9992
2 45178  53.0527 170.0578 0001129  86.0691 274.0427 15.06392813160821
1 45178U 20012A   23015.55256021  .00002335  00000-0  17555-3 0  9996
2 45178  53.0529 165.2925 0001153  82.1237 277.9883 15.06404069160987
1 45178U 20012A   23015.61890617  .00002777  00000-0  20519-3 0  9992
2 45178  53.0526 164.9944 0001272  81.8716 278.2417 15.06406417161584
1 45178U 20012A   23015.68525049  .00003192  00000-0  23300-3 0  9996
2 45178  53.0524 164.6971 0001218  83.0563 277.0564 15.06410817161593
1 45178U 20012A   23016.41507346 -.00000496  00000-0 -14436-4 0  9995
2 45178  53.0525 161.4205 0001278  73.5297 286.5832 15.06392391161110
1 45178U 20012A   23016.54776732  .00000363  00000-0  43265-4 0  9999
2 45178  53.0530 160.8248 0001178  84.4606 275.6517 15.06392638161720
1 45178U 20012A   23016.68045957  .00001440  00000-0  11558-3 0  9998
2 45178  53.0543 160.2294 0001192  81.1419 278.9705 15.06395616161747
1 45178U 20012A   23017.47663133 -.00000420  00000-0 -93249-5 0  9996
2 45178  53.0545 156.6558 0001327  78.2489 281.8649 15.06390087161865
1 45178U 20012A   23017.47663133 -.00000420  00000-0 -93249-5 0  9996
2 45178  53.0545 156.6558 0001327  78.2489 281.8649 15.06390087161270
1 45178U 20012A   23017.74201083  .00000436  00000-0  48147-4 0  9999
2 45178  53.0539 155.4650 0001244  78.4251 281.6878 15.06401298161909
1 45178U 20012A   23017.74201083  .00000436  00000-0  48147-4 0  9999
2 45178  53.0539 155.4650 0001244  78.4251 281.6878 15.06401298161314
1 45178U 20012A   23018.53817339  .00004237  00000-0  30316-3 0  9995
2 45178  53.0535 151.8901 0001246  86.0380 274.0752 15.06402641162028
1 45178U 20012A   23018.67086238  .00006824  00000-0  47636-3 0  9993
2 45178  53.0534 151.2942 0001200  91.9438 268.1688 15.06413482162044
1 45178U 20012A   23018.67086238  .00006824  00000-0  47636-3 0  9993
2 45178  53.0534 151.2942 0001200  91.9438 268.1688 15.06413482161458
1 45178U 20012A   23019.66607245  .00001950  00000-0  14978-3 0  9998
2 45178  53.0527 146.8260 0001519  88.5984 271.5179 15.06401223161604
1 45178U 20012A   23020.32954341  .00000874  00000-0  77592-4 0  9991
2 45178  53.0541 143.8499 0001576  85.1878 274.9291 15.06397606162296
1 45178U 20012A   23020.32954341  .00000874  00000-0  77592-4 0  9991
2 45178  53.0541 143.8499 0001576  85.1878 274.9291 15.06397606161701
1 45178U 20012A   23020.72761626  .00005311  00000-0  37505-3 0  9997
2 45178  53.0534 142.0599 0001407  95.9888 264.1261 15.06414550161760
1 45178U 20012A   23021.05935785  .00000632  00000-0  61352-4 0  9992
2 45178  53.0558 140.5710 0002072  92.2595 267.8631 15.06396350161812
1 45178U 20012A   23021.65646991  .00003643  00000-0  26324-3 0  9990
2 45178  53.0536 137.8912 0001062 104.6012 255.5095 15.06413616161904
1 45178U 20012A   23022.58533526  .00003330  00000-0  24229-3 0  9997
2 45178  53.0542 133.7228 0001428  73.0505 287.0641 15.06402872162043
1 45178U 20012A   23023.31515563  .00014526  00000-0  99212-3 0  9993
2 45178  53.0545 130.4459 0001195  62.7871 297.3240 15.06397342162154
1 45178U 20012A   23023.71323086  .00033168  00000-0  22331-2 0  9994
2 45178  53.0544 128.6595 0001357  61.3168 298.7957 15.06433495162214
1 45178U 20012A   23024.24401398  .00014997  00000-0  10237-2 0  9997
2 45178  53.0542 126.2749 0002461  79.7565 280.3701 15.06394687162299
1 45178U 20012A   23025.50460466  .00001220  00000-0  10082-3 0  9992
2 45178  53.0550 120.6191 0001530  96.6662 263.4501 15.06395834162485
1 45178U 20012A   23025.57095114  .00003087  00000-0  22604-3 0  9999
2 45178  53.0542 120.3207 0001393  87.8040 272.3109 15.06399094163082
1 45178U 20012A   23026.56615206  .00006584  00000-0  46034-3 0  9997
2 45178  53.0552 115.8559 0001853  69.6014 290.5174 15.06411481163238
1 45178U 20012A   23026.56615206  .00006584  00000-0  46034-3 0  9997
2 45178  53.0552 115.8559 0001853  69.6014 290.5174 15.06411481162642
1 45178U 20012A   23026.96424089 -.00000160  00000-0  81745-5 0  9993
2 45178  53.0549 114.0658 0001801  76.0847 284.0342 15.06390987162707
1 45178U 20012A   23027.56137034 -.00001426  00000-0 -76878-4 0  9998
2 45178  53.0536 111.3839 0001550  76.5354 283.5807 15.06383949162792
1 45178U 20012A   23027.95944893  .00004626  00000-0  32922-3 0  9994
2 45178  53.0539 109.5988 0001447  72.2808 287.8339 15.06399575162857
1 45178U 20012A   23028.49021919  .00028846  00000-0  19456-2 0  9995
2 45178  53.0535 107.2155 0001601  61.3380 298.7770 15.06436502163527
1 45178U 20012A   23028.49021919  .00028846  00000-0  19456-2 0  9995
2 45178  53.0535 107.2155 0001601  61.3380 298.7770 15.06436502162931
1 45178U 20012A   23028.62290884  .00028718  00000-0  19367-2 0  9998
2 45178  53.0534 106.6191 0001574  63.2375 296.8775 15.06444317163542
1 45178U 20012A   23029.22002866  .00010266  00000-0  70681-3 0  9992
2 45178  53.0537 103.9388 0001189  56.4885 303.6217 15.06414667163043
1 45178U 20012A   23029.88350042  .00022362  00000-0  15157-2 0  9992
2 45178  53.0538 100.9600 0001965  67.3549 292.7648 15.06392544163739
1 45178U 20012A   23030.21523359 -.00000833  00000-0 -37010-4 0  9999
2 45178  53.0543  99.4709 0001834  87.2557 272.8642 15.06401933163198
1 45178U 20012A   23030.48062079 -.00000198  00000-0  55817-5 0  9994
2 45178  53.0545  98.2800 0001598  82.4979 277.6192 15.06399002163827
1 45178U 20012A   23030.87869797 -.00000073  00000-0  13993-4 0  9999
2 45178  53.0544  96.4903 0000972  71.5619 288.5475 15.06401165163880
1 45178U 20012A   23031.14409164  .00000078  00000-0  24135-4 0  9992
2 45178  53.0547  95.3013 0001314  84.5140 275.5999 15.06393532163332
1 45178U 20012A   23031.47582204  .00003201  00000-0  23365-3 0  9999
2 45178  53.0551  93.8124 0001410  86.8208 273.2942 15.06404285163971
1 45178U 20012A   23031.47582204  .00003201  00000-0  23365-3 0  9999
2 45178  53.0551  93.8124 0001410  86.8208 273.2942 15.06404285163386
1 45178U 20012A   23031.87390228  .00002974  00000-0  21844-3 0  9992
2 45178  53.0545  92.0251 0001369  85.0172 275.0973 15.06404494164034
