1 45184U 20012G   22365.30935373  .00001550  00000-0  12290-3 0  9996
2 45184  53.0545 213.7386 0001259 114.1372 245.9749 15.06400795158654
1 45184U 20012G   22365.30935373  .00001550  00000-0  12290-3 0  9996
2 45184  53.0545 213.7386 0001259 114.1372 245.9749 15.06400795158946
1 45184U 20012G   22365.84012691  .00003231  00000-0  23571-3 0  9996
2 45184  53.0541 211.3556 0001198 114.9879 245.1234 15.06401009158734
1 45184U 20012G   23001.30455913  .00001800  00000-0  13967-3 0  9991
2 45184  53.0540 209.2706 0001143 110.9425 249.1686 15.06399231159097
1 45184U 20012G   23001.56994901  .00001485  00000-0  11856-3 0  9998
2 45184  53.0552 208.0791 0001258 117.4907 242.6210 15.06396583158845
1 45184U 20012G   23001.83533545  .00001180  00000-0  98104-4 0  9995
2 45184  53.0540 206.8879 0001248 112.7530 247.3591 15.06399369158887
1 45184U 20012G   23002.56514468  .00000685  00000-0  64881-4 0  9993
2 45184  53.0538 203.6119 0001182 111.2948 248.8167 15.06406114158994
1 45184U 20012G   23002.83054565 -.00001542  00000-0 -84692-4 0  9997
2 45184  53.0535 202.4200 0001330 111.2779 248.8352 15.06389811159324
1 45184U 20012G   23002.89689239 -.00001968  00000-0 -11331-3 0  9996
2 45184  53.0543 202.1221 0001219 111.3109 248.8010 15.06390958159041
1 45184U 20012G   23003.56037077 -.00000706  00000-0 -28496-4 0  9998
2 45184  53.0535 199.1442 0001249 109.4892 250.6232 15.06381824159142
1 45184U 20012G   23003.82576052 -.00000709  00000-0 -28729-4 0  9990
2 45184  53.0535 197.9527 0001273 109.6881 250.4246 15.06381936159472
1 45184U 20012G   23004.48923272  .00000690  00000-0  65260-4 0  9991
2 45184  53.0538 194.9739 0001344 110.2743 249.8390 15.06383074159287
1 45184U 20012G   23004.82095539  .00003854  00000-0  27750-3 0  9991
2 45184  53.0547 193.4862 0001700 114.3131 245.8035 15.06397372159334
1 45184U 20012G   23004.82095539  .00003854  00000-0  27750-3 0  9991
2 45184  53.0547 193.4862 0001700 114.3131 245.8035 15.06397372159626
1 45184U 20012G   23005.48442550  .00005622  00000-0  39597-3 0  9990
2 45184  53.0526 190.5062 0001261 110.3676 249.7449 15.06405121159438
1 45184U 20012G   23005.61711765  .00005399  00000-0  38098-3 0  9998
2 45184  53.0526 189.9104 0001262 110.4218 249.6906 15.06407299159458
1 45184U 20012G   23006.47963263  .00010385  00000-0  71520-3 0  9993
2 45184  53.0526 186.0386 0001066 117.8139 242.2958 15.06390413159874
1 45184U 20012G   23006.87769678  .00000041  00000-0  21659-4 0  9998
2 45184  53.0526 184.2514 0001190 110.1862 249.9255 15.06410988159643
1 45184U 20012G   23006.87769678  .00000041  00000-0  21659-4 0  9998
2 45184  53.0526 184.2514 0001190 110.1862 249.9255 15.06410988159935
1 45184U 20012G   23007.20942583  .00000819  00000-0  73829-4 0  9993
2 45184  53.0526 182.7623 0001164 110.8320 249.2794 15.06415114159696
1 45184U 20012G   23007.87289974 -.00001027  00000-0 -50031-4 0  9998
2 45184  53.0543 179.7831 0001453 106.8810 253.2338 15.06406728159793
1 45184U 20012G   23007.87289974 -.00001027  00000-0 -50031-4 0  9998
2 45184  53.0543 179.7831 0001453 106.8810 253.2338 15.06406728160087
1 45184U 20012G   23008.53636188  .00000689  00000-0  65158-4 0  9992
2 45184  53.0541 176.8054 0001370 107.1611 252.9528 15.06406027159897
1 45184U 20012G   23009.46521804  .00001010  00000-0  86716-4 0  9995
2 45184  53.0541 172.6357 0001315 105.9250 254.1884 15.06398574160035
1 45184U 20012G   23009.46521804  .00001010  00000-0  86716-4 0  9995
2 45184  53.0541 172.6357 0001315 105.9250 254.1884 15.06398574160327
1 45184U 20012G   23009.73060207  .00001500  00000-0  11954-3 0  9995
2 45184  53.0541 171.4442 0001273 106.6992 253.4137 15.06402544160071
1 45184U 20012G   23010.52676159 -.00004148  00000-0 -25961-3 0  9999
2 45184  53.0538 167.8703 0001400 100.0044 260.1103 15.06417046160198
1 45184U 20012G   23010.72580400  .00000270  00000-0  37012-4 0  9995
2 45184  53.0538 166.9773 0001265 102.8984 257.2146 15.06402216160228
1 45184U 20012G   23010.72580400  .00000270  00000-0  37012-4 0  9995
2 45184  53.0538 166.9773 0001265 102.8984 257.2146 15.06402216160510
1 45184U 20012G   23011.52196578  .00000487  00000-0  51563-4 0  9990
2 45184  53.0538 163.4037 0001129  98.9309 261.1808 15.06400493160345
1 45184U 20012G   23012.11908465  .00000886  00000-0  78371-4 0  9991
2 45184  53.0573 160.7212 0001053  90.5143 269.5967 15.06402329160729
1 45184U 20012G   23012.78258418  .00000982  00000-0  84882-4 0  9991
2 45184  53.0505 157.7421 0002613  85.9814 274.1473 15.06369988160534
1 45184U 20012G   23012.78258418  .00000982  00000-0  84882-4 0  9991
2 45184  53.0505 157.7421 0002613  85.9814 274.1473 15.06369988160826
1 45184U 20012G   23013.11431620 -.00000636  00000-0 -23788-4 0  9993
2 45184  53.0502 156.2540 0002451  93.1389 266.9880 15.06379958160871
1 45184U 20012G   23013.51240709 -.00000905  00000-0 -41814-4 0  9992
2 45184  53.0485 154.4673 0003227  80.7318 279.4036 15.06378718160644
1 45184U 20012G   23014.10956345 -.00002135  00000-0 -12466-3 0  9995
2 45184  53.0501 151.7863 0002236  96.3632 263.7612 15.06341794161028
1 45184U 20012G   23014.37491113  .00005097  00000-0  36085-3 0  9992
2 45184  53.0493 150.5946 0002049  90.8264 269.2960 15.06395733161062
1 45184U 20012G   23014.77298301  .00006311  00000-0  44208-3 0  9996
2 45184  53.0525 148.8053 0002077  97.4958 262.6267 15.06409779161121
1 45184U 20012G   23015.37012115  .00007073  00000-0  49317-3 0  9992
2 45184  53.0475 146.1274 0002550  89.9456 270.1825 15.06404797161215
1 45184U 20012G   23015.63550039  .00009200  00000-0  63544-3 0  9995
2 45184  53.0519 144.9357 0001259  84.5123 275.6010 15.06415225160964
1 45184U 20012G   23016.49801182 -.00002853  00000-0 -17265-3 0  9996
2 45184  53.0516 141.0628 0001530  86.8759 273.2405 15.06406636161387
1 45184U 20012G   23016.63070330 -.00001949  00000-0 -11193-3 0  9994
2 45184  53.0514 140.4681 0001447  69.4649 290.6495 15.06409049161113
1 45184U 20012G   23016.69704726 -.00001230  00000-0 -63696-4 0  9992
2 45184  53.0519 140.1709 0001355  69.2612 290.8522 15.06414341161127
1 45184U 20012G   23017.36052381 -.00004668  00000-0 -29473-3 0  9992
2 45184  53.0522 137.1919 0001436  73.8206 286.2941 15.06394290161517
1 45184U 20012G   23017.62591208  .00000318  00000-0  40270-4 0  9992
2 45184  53.0522 136.0045 0001720  81.3600 278.7583 15.06399103161261
1 45184U 20012G   23017.69225189 -.00000726  00000-0 -29839-4 0  9994
2 45184  53.0522 135.7027 0001418  68.7558 291.3582 15.06406380161279
1 45184U 20012G   23017.69225189 -.00000726  00000-0 -29839-4 0  9994
2 45184  53.0522 135.7027 0001418  68.7558 291.3582 15.06406380161561
1 45184U 20012G   23018.35572808  .00002686  00000-0  19916-3 0  9990
2 45184  53.0526 132.7258 0001525  63.7783 296.3363 15.06396709161668
1 45184U 20012G   23018.55475928  .00005358  00000-0  37817-3 0  9996
2 45184  53.0524 131.8307 0001394  71.9691 288.1449 15.06413443161405
1 45184U 20012G   23018.62110872  .00005314  00000-0  37528-3 0  9999
2 45184  53.0530 131.5364 0001748  55.2835 304.8319 15.06409935161414
1 45184U 20012G   23018.62110872  .00005314  00000-0  37528-3 0  9999
2 45184  53.0530 131.5364 0001748  55.2835 304.8319 15.06409935161706
1 45184U 20012G   23019.28458177  .00001963  00000-0  15063-3 0  9991
2 45184  53.0528 128.5590 0001919  81.5953 278.5254 15.06400628161809
1 45184U 20012G   23019.54996820  .00001721  00000-0  13441-3 0  9992
2 45184  53.0519 127.3662 0001387  77.4689 282.6455 15.06398713161557
1 45184U 20012G   23020.47879341  .00007175  00000-0  49952-3 0  9999
2 45184  53.0533 123.1935 0001756 104.3284 255.7900 15.06441701161698
1 45184U 20012G   23020.47879341  .00007175  00000-0  49952-3 0  9999
2 45184  53.0533 123.1935 0001756 104.3284 255.7900 15.06441701161980
1 45184U 20012G   23021.00958139 -.00000131  00000-0  10105-4 0  9997
2 45184  53.0529 120.8102 0001631  85.3587 274.7588 15.06405320162061
1 45184U 20012G   23021.47401273 -.00004043  00000-0 -25278-3 0  9993
2 45184  53.0528 118.7269 0001001  79.6319 280.4783 15.06382568162137
1 45184U 20012G   23021.60671334  .00051051  00000-0  34234-2 0  9995
2 45184  53.0526 118.1308 0000979  65.7804 294.3287 15.06378799162157
1 45184U 20012G   23022.40288299  .00022620  00000-0  15326-2 0  9999
2 45184  53.0525 114.5561 0000993  75.1327 284.9772 15.06400445162279
1 45184U 20012G   23022.60192123  .00027470  00000-0  18551-2 0  9992
2 45184  53.0522 113.6632 0001066  62.8946 297.2151 15.06416107162301
1 45184U 20012G   23023.26539286  .00015239  00000-0  10396-2 0  9999
2 45184  53.0523 110.6852 0000694  62.6108 297.4952 15.06403929162407
1 45184U 20012G   23024.45964104  .00029129  00000-0  19658-2 0  9995
2 45184  53.0509 105.3226 0001462  66.9622 293.1521 15.06410420162587
1 45184U 20012G   23024.52598788  .00018708  00000-0  12714-2 0  9991
2 45184  53.0513 105.0254 0001525  74.7882 285.3276 15.06403150162598
1 45184U 20012G   23025.45484698  .00011117  00000-0  76398-3 0  9994
2 45184  53.0514 100.8548 0001657  97.2787 262.8390 15.06402939162735
1 45184U 20012G   23025.52119369  .00013622  00000-0  93144-3 0  9993
2 45184  53.0514 100.5570 0001608  90.5944 269.5229 15.06407030162455
1 45184U 20012G   23025.91927677  .00011316  00000-0  77730-3 0  9996
2 45184  53.0519  98.7708 0001943  76.9733 283.1473 15.06402162162800
1 45184U 20012G   23026.38370555  .00005234  00000-0  37000-3 0  9993
2 45184  53.0520  96.6870 0001881  75.4374 284.6823 15.06399455162585
1 45184U 20012G   23026.38370555  .00005234  00000-0  37000-3 0  9993
2 45184  53.0520  96.6870 0001881  75.4374 284.6823 15.06399455162877
1 45184U 20012G   23027.37890781  .00002372  00000-0  17809-3 0  9996
2 45184  53.0515  92.2184 0001965  76.6712 283.4496 15.06399142162734
1 45184U 20012G   23027.37890781  .00002372  00000-0  17809-3 0  9996
2 45184  53.0515  92.2184 0001965  76.6712 283.4496 15.06399142163027
1 45184U 20012G   23028.50679733  .00001353  00000-0  10972-3 0  9996
2 45184  53.0523  87.1533 0001703  92.0115 268.1069 15.06405066163193
1 45184U 20012G   23028.57314183  .00001059  00000-0  89982-4 0  9999
2 45184  53.0524  86.8544 0001648  95.7512 264.3665 15.06406433162919
1 45184U 20012G   23028.63948401  .00001638  00000-0  12877-3 0  9993
2 45184  53.0521  86.5565 0001559  96.0100 264.1067 15.06411162162924
1 45184U 20012G   23028.63948401  .00001638  00000-0  12877-3 0  9993
2 45184  53.0521  86.5565 0001559  96.0100 264.1067 15.06411162163217
1 45184U 20012G   23029.17027744  .00000036  00000-0  21352-4 0  9991
2 45184  53.0524  84.1755 0001535  87.0644 273.0520 15.06387758163296
1 45184U 20012G   23029.56834922  .00001488  00000-0  11874-3 0  9997
2 45184  53.0529  82.3874 0001673  95.6892 264.4288 15.06400893163354
1 45184U 20012G   23029.83373899  .00000246  00000-0  35413-4 0  9995
2 45184  53.0512  81.1945 0001623  95.6606 264.4568 15.06395710163105
1 45184U 20012G   23030.09912873 -.00000783  00000-0 -33701-4 0  9992
2 45184  53.0517  80.0041 0001591  92.8857 267.2314 15.06392130163435
1 45184U 20012G   23030.36451911 -.00000015  00000-0  17909-4 0  9992
2 45184  53.0530  78.8127 0001647  98.4007 261.7169 15.06393969163181
1 45184U 20012G   23030.82894375  .00000168  00000-0  30150-4 0  9999
2 45184  53.0528  76.7279 0001618 104.7442 255.3726 15.06398352163252
1 45184U 20012G   23031.16068033  .00001086  00000-0  91794-4 0  9992
2 45184  53.0526  75.2385 0001592  95.6379 264.4792 15.06394629163594
1 45184U 20012G   23031.49240841  .00001797  00000-0  13953-3 0  9996
2 45184  53.0528  73.7490 0001617  97.0148 263.1025 15.06402830163357
1 45184U 20012G   23031.49240841  .00001797  00000-0  13953-3 0  9996
2 45184  53.0528  73.7490 0001617  97.0148 263.1025 15.06402830163649
1 45184U 20012G   23031.82414342  .00000888  00000-0  78533-4 0  9998
2 45184  53.0523  72.2600 0001751  88.9347 271.1843 15.06403527163405
