1 45181U 20012D   22365.01630365 -.00001830  00000-0 -10398-3 0  9994
2 45181  53.0533 235.0438 0001259 101.8533 258.2597 15.06410143158640
1 45181U 20012D   22365.34803222 -.00000670  00000-0 -26084-4 0  9995
2 45181  53.0534 233.5545 0001237  92.4033 267.7098 15.06413647159340
1 45181U 20012D   22365.67978159  .00003894  00000-0  28024-3 0  9997
2 45181  53.0529 232.0654 0001406  89.2718 270.8432 15.06392881159399
1 45181U 20012D   23001.34325517 -.00000053  00000-0  15333-4 0  9998
2 45181  53.0525 229.0870 0001429  88.7622 271.3531 15.06388018158846
1 45181U 20012D   23001.60864407 -.00000606  00000-0 -21798-4 0  9990
2 45181  53.0523 227.8950 0001430  89.5542 270.5610 15.06387669159538
1 45181U 20012D   23001.87403206 -.00000281  00000-0  15010-7 0  9996
2 45181  53.0524 226.7040 0001438  89.1959 270.9195 15.06389414159579
1 45181U 20012D   23002.60384638  .00000905  00000-0  79654-4 0  9998
2 45181  53.0530 223.4274 0001396  90.3071 269.8078 15.06397837159688
1 45181U 20012D   23002.86923060  .00001213  00000-0  10033-3 0  9992
2 45181  53.0529 222.2360 0001394  90.3856 269.7293 15.06401172159077
1 45181U 20012D   23003.33366283  .00001147  00000-0  95871-4 0  9993
2 45181  53.0526 220.1510 0001398  94.5450 265.5699 15.06397381159146
1 45181U 20012D   23003.59905736  .00001211  00000-0  10023-3 0  9990
2 45181  53.0529 218.9598 0001418  89.2359 270.8792 15.06388804159831
1 45181U 20012D   23003.73175128  .00001226  00000-0  10121-3 0  9995
2 45181  53.0525 218.3639 0001389  90.1546 269.9602 15.06389210159205
1 45181U 20012D   23004.06348489  .00000973  00000-0  84233-4 0  9998
2 45181  53.0526 216.8745 0001379  90.6350 269.4797 15.06391896159904
1 45181U 20012D   23004.85964023  .00001132  00000-0  94843-4 0  9999
2 45181  53.0521 213.3002 0001431  90.6357 269.4796 15.06403474160023
1 45181U 20012D   23005.25771739  .00001342  00000-0  10893-3 0  9999
2 45181  53.0527 211.5133 0001329  89.8764 270.2377 15.06407018159438
1 45181U 20012D   23005.58945675  .00001780  00000-0  13836-3 0  9993
2 45181  53.0530 210.0245 0001320  91.6254 268.4886 15.06397943159480
1 45181U 20012D   23005.85484981  .00000932  00000-0  81497-4 0  9998
2 45181  53.0530 208.8329 0001290  91.1787 268.9349 15.06391964160174
1 45181U 20012D   23006.65101346 -.00003344  00000-0 -20581-3 0  9996
2 45181  53.0514 205.2580 0001287  89.0163 271.0973 15.06385952159644
1 45181U 20012D   23006.91640911 -.00001552  00000-0 -85376-4 0  9994
2 45181  53.0523 204.0664 0001266  88.8183 271.2951 15.06386556160337
1 45181U 20012D   23007.24814153 -.00000968  00000-0 -46145-4 0  9993
2 45181  53.0525 202.5773 0001259  90.1408 269.9725 15.06391135160388
1 45181U 20012D   23007.91161361  .00000399  00000-0  45692-4 0  9995
2 45181  53.0525 199.5987 0001296  91.6331 268.4806 15.06387367160489
1 45181U 20012D   23007.91161361  .00000399  00000-0  45692-4 0  9995
2 45181  53.0525 199.5987 0001296  91.6331 268.4806 15.06387367159836
1 45181U 20012D   23008.50873744  .00001294  00000-0  10579-3 0  9996
2 45181  53.0526 196.9183 0001269  92.1019 268.0115 15.06386204160576
1 45181U 20012D   23008.77412486  .00001535  00000-0  12196-3 0  9992
2 45181  53.0526 195.7269 0001278  91.8396 268.2739 15.06388794160617
1 45181U 20012D   23009.76937198 -.00001700  00000-0 -95384-4 0  9991
2 45181  53.0570 191.2619 0000597  37.7008 322.4023 15.06359072160119
1 45181U 20012D   23009.90204270  .00002066  00000-0  15761-3 0  9999
2 45181  53.0526 190.6635 0001419  79.6211 280.4938 15.06391907160780
1 45181U 20012D   23009.90204270  .00002066  00000-0  15761-3 0  9999
2 45181  53.0526 190.6635 0001419  79.6211 280.4938 15.06391907160139
1 45181U 20012D   23010.49916232  .00002286  00000-0  17234-3 0  9994
2 45181  53.0525 187.9829 0001450  78.7395 281.3756 15.06399364160874
1 45181U 20012D   23010.63185415  .00002502  00000-0  18680-3 0  9998
2 45181  53.0525 187.3870 0001416  80.3118 279.8031 15.06401158160893
1 45181U 20012D   23010.63185415  .00002502  00000-0  18680-3 0  9998
2 45181  53.0525 187.3870 0001416  80.3118 279.8031 15.06401158160242
1 45181U 20012D   23011.75973765  .00002981  00000-0  21881-3 0  9993
2 45181  53.0525 182.3236 0001532  72.5259 287.5897 15.06422743160419
1 45181U 20012D   23011.89243109  .00002915  00000-0  21440-3 0  9998
2 45181  53.0525 181.7282 0001518  70.8670 289.2483 15.06422235161085
1 45181U 20012D   23012.15783649 -.00003833  00000-0 -23859-3 0  9994
2 45181  53.0514 180.5346 0002197  79.3755 280.7481 15.06392814160478
1 45181U 20012D   23012.82130831 -.00005263  00000-0 -33484-3 0  9991
2 45181  53.0516 177.5584 0001422  79.8039 280.3110 15.06385551161229
1 45181U 20012D   23013.41841897  .00001734  00000-0  13526-3 0  9990
2 45181  53.0529 174.8772 0001230  75.3621 284.7505 15.06408314161316
1 45181U 20012D   23013.41841897  .00001734  00000-0  13526-3 0  9990
2 45181  53.0529 174.8772 0001230  75.3621 284.7505 15.06408314160663
1 45181U 20012D   23013.61745181 -.00003237  00000-0 -19837-3 0  9994
2 45181  53.0526 173.9838 0001276  71.3132 288.7995 15.06422958161349
1 45181U 20012D   23013.61745181 -.00003237  00000-0 -19837-3 0  9994
2 45181  53.0526 173.9838 0001276  71.3132 288.7995 15.06422958160696
1 45181U 20012D   23014.14823358  .00012068  00000-0  82723-3 0  9990
2 45181  53.0526 171.6014 0001233  78.5896 281.5231 15.06418857160772
1 45181U 20012D   23015.14342084  .00004121  00000-0  29520-3 0  9990
2 45181  53.0521 167.1330 0001098  86.1969 273.9145 15.06422177160929
1 45181U 20012D   23015.47515916 -.00002651  00000-0 -15913-3 0  9991
2 45181  53.0524 165.6451 0001322  82.8691 277.2448 15.06404394160973
1 45181U 20012D   23015.60785061 -.00000243  00000-0  25981-5 0  9998
2 45181  53.0521 165.0489 0001341  85.7914 274.3228 15.06409609161649
1 45181U 20012D   23015.74054241  .00002053  00000-0  15663-3 0  9996
2 45181  53.0519 164.4528 0001268  89.3447 270.7688 15.06411031161666
1 45181U 20012D   23016.60305299 -.00000552  00000-0 -18157-4 0  9990
2 45181  53.0529 160.5810 0001375  93.3580 266.7566 15.06401693161797
1 45181U 20012D   23016.80208959 -.00000088  00000-0  12996-4 0  9995
2 45181  53.0523 159.6865 0001292  98.6730 261.4406 15.06408344161822
1 45181U 20012D   23016.80208959 -.00000088  00000-0  12996-4 0  9995
2 45181  53.0523 159.6865 0001292  98.6730 261.4406 15.06408344161170
1 45181U 20012D   23017.39922007 -.00000993  00000-0 -47767-4 0  9997
2 45181  53.0518 157.0054 0001476 105.8667 254.2485 15.06393761161915
1 45181U 20012D   23017.39922007 -.00000993  00000-0 -47767-4 0  9997
2 45181  53.0518 157.0054 0001476 105.8667 254.2485 15.06393761161263
1 45181U 20012D   23017.66460952  .00000635  00000-0  61551-4 0  9991
2 45181  53.0525 155.8159 0001042  98.2008 261.9099 15.06392088161959
1 45181U 20012D   23018.59346127  .00003820  00000-0  27514-3 0  9990
2 45181  53.0522 151.6455 0001316 103.1858 256.9277 15.06405367162095
1 45181U 20012D   23018.59346127  .00003820  00000-0  27514-3 0  9990
2 45181  53.0522 151.6455 0001316 103.1858 256.9277 15.06405367161443
1 45181U 20012D   23018.65980598  .00006290  00000-0  44062-3 0  9994
2 45181  53.0519 151.3482 0001101 101.3090 258.8023 15.06413217162103
1 45181U 20012D   23018.65980598  .00006290  00000-0  44062-3 0  9994
2 45181  53.0519 151.3482 0001101 101.3090 258.8023 15.06413217161450
1 45181U 20012D   23019.32328243  .00002369  00000-0  17788-3 0  9990
2 45181  53.0527 148.3704 0001249  99.0180 261.0950 15.06397639161553
1 45181U 20012D   23019.52232433 -.00000301  00000-0 -12906-5 0  9992
2 45181  53.0524 147.4759 0001080 101.1925 258.9186 15.06391644162237
1 45181U 20012D   23019.72136542  .00003604  00000-0  26069-3 0  9998
2 45181  53.0519 146.5821 0001063  72.2880 287.8224 15.06398912162262
1 45181U 20012D   23020.65021552  .00019932  00000-0  13522-2 0  9996
2 45181  53.0522 142.4127 0001213  63.8201 296.2912 15.06427653161756
1 45181U 20012D   23021.04829541  .00009203  00000-0  63561-3 0  9993
2 45181  53.0528 140.6258 0001246  70.4450 289.6674 15.06419329161812
1 45181U 20012D   23021.31368528  .00005636  00000-0  39686-3 0  9993
2 45181  53.0523 139.4347 0001857  72.8557 287.2635 15.06410281161857
1 45181U 20012D   23022.57427716  .00009575  00000-0  66071-3 0  9991
2 45181  53.0527 133.7767 0001427  80.6263 279.4888 15.06405371162047
1 45181U 20012D   23023.30409379  .00002521  00000-0  18809-3 0  9998
2 45181  53.0519 130.5006 0001268  76.1112 284.0018 15.06398098162151
1 45181U 20012D   23024.43198989  .00003264  00000-0  23792-3 0  9997
2 45181  53.0527 125.4353 0001039  96.0219 264.0889 15.06402050162320
1 45181U 20012D   23025.49354433  .00001063  00000-0  90225-4 0  9993
2 45181  53.0539 120.6702 0001291 115.2089 244.9033 15.06394217162487
1 45181U 20012D   23025.55989002  .00002543  00000-0  18956-3 0  9990
2 45181  53.0538 120.3726 0001138 109.2717 250.8395 15.06398666163143
1 45181U 20012D   23026.55509086  .00004110  00000-0  29459-3 0  9993
2 45181  53.0543 115.9054 0001078  95.6379 264.4733 15.06405572163296
1 45181U 20012D   23026.62143800  .00004587  00000-0  32655-3 0  9999
2 45181  53.0543 115.6075 0001102  95.0705 265.0410 15.06407697162659
1 45181U 20012D   23026.95317240  .00002348  00000-0  17645-3 0  9991
2 45181  53.0533 114.1170 0000960  88.4672 271.6427 15.06401316162707
1 45181U 20012D   23027.55029753  .00001937  00000-0  14892-3 0  9991
2 45181  53.0532 111.4367 0001192  90.1590 269.9536 15.06399405163449
1 45181U 20012D   23027.55029753  .00001937  00000-0  14892-3 0  9991
2 45181  53.0532 111.4367 0001192  90.1590 269.9536 15.06399405162796
1 45181U 20012D   23028.47915337  .00002371  00000-0  17803-3 0  9993
2 45181  53.0542 107.2680 0001381  79.0739 281.0405 15.06403171163583
1 45181U 20012D   23028.67818887  .00004483  00000-0  31959-3 0  9991
2 45181  53.0521 106.3720 0001140  95.2656 264.8463 15.06410402163618
1 45181U 20012D   23028.67818887  .00004483  00000-0  31959-3 0  9991
2 45181  53.0521 106.3720 0001140  95.2656 264.8463 15.06410402162965
1 45181U 20012D   23029.20897444  .00000264  00000-0  36597-4 0  9994
2 45181  53.0544 103.9915 0001374  78.2091 281.9052 15.06392488163049
1 45181U 20012D   23029.67339838  .00002930  00000-0  21551-3 0  9998
2 45181  53.0528 101.9047 0001277  86.3845 273.7290 15.06402280163768
1 45181U 20012D   23029.67339838  .00002930  00000-0  21551-3 0  9998
2 45181  53.0528 101.9047 0001277  86.3845 273.7290 15.06402280163117
1 45181U 20012D   23030.20417602  .00001326  00000-0  10791-3 0  9997
2 45181  53.0523  99.5218 0001319  84.0379 276.0761 15.06395986163199
1 45181U 20012D   23030.53590732  .00003273  00000-0  23852-3 0  9994
2 45181  53.0525  98.0329 0001336  81.3962 278.7178 15.06404393163896
1 45181U 20012D   23030.86764279  .00001978  00000-0  15163-3 0  9995
2 45181  53.0523  96.5441 0001274  82.6756 277.4377 15.06400521163940
1 45181U 20012D   23031.53110988  .00003015  00000-0  22116-3 0  9992
2 45181  53.0537  93.5675 0001391  83.1612 276.9535 15.06404645163398
1 45181U 20012D   23031.59745576  .00003287  00000-0  23944-3 0  9996
2 45181  53.0531  93.2679 0001397  81.8281 278.2866 15.06406255164051
1 45181U 20012D   23031.86284436  .00001039  00000-0  88634-4 0  9990
2 45181  53.0534  92.0748 0001335  78.2157 281.8982 15.06400463164090
