1 45182U 20012E   22365.56736529  .00003634  00000-0  26270-3 0  9992
2 45182  53.0539 212.5643 0001696  83.5268 276.5914 15.06404741159500
1 45182U 20012E   22365.83274511  .00004941  00000-0  35025-3 0  9990
2 45182  53.0542 211.3725 0001537  83.3837 276.7327 15.06414629159546
1 45182U 20012E   22365.89908741  .00008526  00000-0  59013-3 0  9991
2 45182  53.0541 211.0749 0001482  84.8135 275.3023 15.06427095159060
1 45182U 20012E   23001.56255693  .00002028  00000-0  15499-3 0  9995
2 45182  53.0540 208.0980 0001592  83.1264 276.9906 15.06411183159652
1 45182U 20012E   23001.82794403  .00000283  00000-0  37888-4 0  9999
2 45182  53.0547 206.9051 0001554  83.2936 276.8230 15.06407734159690
1 45182U 20012E   23001.82794403  .00000283  00000-0  37888-4 0  9999
2 45182  53.0547 206.9051 0001554  83.2936 276.8230 15.06407734159207
1 45182U 20012E   23002.35871978 -.00000298  00000-0 -10991-5 0  9996
2 45182  53.0543 204.5234 0001289  80.7672 279.3463 15.06403746159287
1 45182U 20012E   23002.55776071  .00000763  00000-0  70135-4 0  9996
2 45182  53.0542 203.6294 0001145  82.3683 277.7436 15.06400995159806
1 45182U 20012E   23002.82315315 -.00001982  00000-0 -11423-3 0  9996
2 45182  53.0526 202.4384 0001390  82.9375 277.1772 15.06391795159849
1 45182U 20012E   23002.82315315 -.00001982  00000-0 -11423-3 0  9996
2 45182  53.0526 202.4384 0001390  82.9375 277.1772 15.06391795159355
1 45182U 20012E   23003.55297763 -.00000038  00000-0  16336-4 0  9992
2 45182  53.0534 199.1614 0001152  80.5018 279.6101 15.06383864159953
1 45182U 20012E   23003.55297763 -.00000038  00000-0  16336-4 0  9992
2 45182  53.0534 199.1614 0001152  80.5018 279.6101 15.06383864159469
1 45182U 20012E   23004.21645275  .00002548  00000-0  18995-3 0  9990
2 45182  53.0536 196.1832 0001198  83.4770 276.6356 15.06384473160050
1 45182U 20012E   23004.81357481  .00001835  00000-0  14211-3 0  9990
2 45182  53.0534 193.5026 0001205  81.3646 278.7480 15.06391437159655
1 45182U 20012E   23004.87992172  .00001570  00000-0  12428-3 0  9992
2 45182  53.0536 193.2048 0001191  81.3425 278.7699 15.06391991160151
1 45182U 20012E   23005.54339351  .00003314  00000-0  24129-3 0  9990
2 45182  53.0534 190.2262 0001237  81.1102 279.0027 15.06395185160254
1 45182U 20012E   23005.80878006  .00003760  00000-0  27116-3 0  9998
2 45182  53.0532 189.0348 0001238  80.7125 279.4004 15.06398756160294
1 45182U 20012E   23006.20685920  .00004204  00000-0  30090-3 0  9993
2 45182  53.0532 187.2477 0001244  80.5576 279.5553 15.06403824159866
1 45182U 20012E   23006.87032218  .00004478  00000-0  31924-3 0  9992
2 45182  53.0532 184.2691 0001210  80.8805 279.2321 15.06411054160453
1 45182U 20012E   23007.20205276  .00004980  00000-0  35281-3 0  9994
2 45182  53.0532 182.7798 0001225  78.9433 281.1694 15.06415149160505
1 45182U 20012E   23007.46744253  .00002811  00000-0  20751-3 0  9992
2 45182  53.0523 181.5883 0002064  82.5516 277.5707 15.06410017160055
1 45182U 20012E   23007.73283073 -.00000154  00000-0  85301-5 0  9993
2 45182  53.0530 180.3965 0001359  84.0016 276.1128 15.06401066160099
1 45182U 20012E   23007.86552465  .00000175  00000-0  30660-4 0  9990
2 45182  53.0536 179.8007 0001325  84.7138 275.4002 15.06401939160609
1 45182U 20012E   23008.46264099  .00001191  00000-0  98835-4 0  9997
2 45182  53.0537 177.1206 0001308  82.5282 277.5856 15.06407511160690
1 45182U 20012E   23008.86072201  .00000603  00000-0  59342-4 0  9990
2 45182  53.0539 175.3335 0001328  81.6554 278.4585 15.06405564160751
1 45182U 20012E   23008.86072201  .00000603  00000-0  59342-4 0  9990
2 45182  53.0539 175.3335 0001328  81.6554 278.4585 15.06405564160267
1 45182U 20012E   23009.45784658  .00001412  00000-0  11365-3 0  9993
2 45182  53.0541 172.6529 0001343  82.0496 278.0645 15.06398473160849
1 45182U 20012E   23009.85592288  .00002460  00000-0  18392-3 0  9994
2 45182  53.0541 170.8663 0001381  80.1833 279.9311 15.06406193160900
1 45182U 20012E   23010.45304422  .00000823  00000-0  74166-4 0  9996
2 45182  53.0540 168.1852 0001439  82.6190 277.4962 15.06403190160994
1 45182U 20012E   23010.45304422  .00000823  00000-0  74166-4 0  9996
2 45182  53.0540 168.1852 0001439  82.6190 277.4962 15.06403190160501
1 45182U 20012E   23010.78478388  .00000190  00000-0  31647-4 0  9999
2 45182  53.0544 166.6968 0001432  81.2713 278.8438 15.06395234160552
1 45182U 20012E   23010.85113193  .00000044  00000-0  21869-4 0  9990
2 45182  53.0547 166.3993 0001399  80.0379 280.0768 15.06394849161055
1 45182U 20012E   23011.51459418  .00001113  00000-0  93594-4 0  9999
2 45182  53.0547 163.4209 0001449  81.1251 278.9902 15.06402920161157
1 45182U 20012E   23011.77998477  .00000094  00000-0  25180-4 0  9993
2 45182  53.0554 162.2288 0001257  72.7888 287.3239 15.06400307161196
1 45182U 20012E   23012.11171897  .00000110  00000-0  26297-4 0  9990
2 45182  53.0549 160.7406 0001385  80.1351 279.9794 15.06400531160758
1 45182U 20012E   23012.77517387  .00003155  00000-0  23052-3 0  9997
2 45182  53.0556 157.7618 0001286  74.3370 285.7761 15.06410367161346
1 45182U 20012E   23012.77517387  .00003155  00000-0  23052-3 0  9997
2 45182  53.0556 157.7618 0001286  74.3370 285.7761 15.06410367160851
1 45182U 20012E   23013.50501855 -.00001396  00000-0 -74860-4 0  9993
2 45182  53.0542 154.4845 0002145  70.8153 289.3068 15.06385465160969
1 45182U 20012E   23013.77040174 -.00000595  00000-0 -21075-4 0  9994
2 45182  53.0546 153.2942 0001386  83.2825 276.8322 15.06386960161492
1 45182U 20012E   23014.36750510 -.00015555  00000-0 -10262-2 0  9998
2 45182  53.0546 150.6132 0000558  43.2240 316.8793 15.06452130161097
1 45182U 20012E   23014.76560525  .00002938  00000-0  21612-3 0  9998
2 45182  53.0537 148.8285 0001389  84.9659 275.1488 15.06385614161151
1 45182U 20012E   23015.62812177  .00003317  00000-0  24152-3 0  9991
2 45182  53.0537 144.9551 0001226  96.9093 263.2035 15.06392504161779
1 45182U 20012E   23015.76081213  .00004990  00000-0  35366-3 0  9992
2 45182  53.0531 144.3595 0001249  93.4551 266.6581 15.06400398161797
1 45182U 20012E   23016.49063297  .00002857  00000-0  21061-3 0  9992
2 45182  53.0539 141.0819 0001260  90.0596 270.0538 15.06396522161416
1 45182U 20012E   23016.62332539  .00002655  00000-0  19705-3 0  9993
2 45182  53.0532 140.4892 0001289  79.3432 280.7702 15.06399726161929
1 45182U 20012E   23016.75601733  .00004100  00000-0  29394-3 0  9994
2 45182  53.0544 139.8918 0001261  80.4177 279.6954 15.06404928161941
1 45182U 20012E   23017.02141454 -.00000572  00000-0 -19474-4 0  9994
2 45182  53.0532 138.7007 0001942  72.9268 287.1934 15.06387630161490
1 45182U 20012E   23017.61853680  .00001260  00000-0  10347-3 0  9992
2 45182  53.0536 136.0204 0001566  89.0802 271.0366 15.06392763162078
1 45182U 20012E   23017.68488406  .00001067  00000-0  90559-4 0  9998
2 45182  53.0530 135.7234 0001339  86.0527 274.0615 15.06392313162082
1 45182U 20012E   23018.14931404  .00005152  00000-0  36456-3 0  9995
2 45182  53.0531 133.6383 0001405  85.7799 274.3351 15.06397659161667
1 45182U 20012E   23018.61373597  .00019595  00000-0  13298-2 0  9994
2 45182  53.0539 131.5528 0001091  84.2658 275.8455 15.06425775162227
1 45182U 20012E   23018.61373597  .00019595  00000-0  13298-2 0  9994
2 45182  53.0539 131.5528 0001091  84.2658 275.8455 15.06425775161732
1 45182U 20012E   23019.07816248  .00007239  00000-0  50418-3 0  9998
2 45182  53.0531 129.4688 0001250  90.5425 269.5707 15.06414013161807
1 45182U 20012E   23019.40989784 -.00000494  00000-0 -14285-4 0  9992
2 45182  53.0535 127.9792 0001238  94.6961 265.4169 15.06401714162347
1 45182U 20012E   23019.40989784 -.00000494  00000-0 -14285-4 0  9992
2 45182  53.0535 127.9792 0001238  94.6961 265.4169 15.06401714161852
1 45182U 20012E   23019.54258945  .00008795  00000-0  60836-3 0  9997
2 45182  53.0540 127.3832 0001095  95.1684 264.9430 15.06413078161879
1 45182U 20012E   23020.47145048  .00023598  00000-0  15973-2 0  9999
2 45182  53.0546 123.2142 0001258  64.8534 295.2586 15.06412602162504
1 45182U 20012E   23020.47145048  .00023598  00000-0  15973-2 0  9999
2 45182  53.0546 123.2142 0001258  64.8534 295.2586 15.06412602162010
1 45182U 20012E   23021.00222465  .00021580  00000-0  14627-2 0  9992
2 45182  53.0545 120.8334 0001372  61.3769 298.7358 15.06413163162090
1 45182U 20012E   23021.46665517  .00026599  00000-0  17977-2 0  9997
2 45182  53.0547 118.7462 0001276  91.4876 268.6259 15.06403643162162
1 45182U 20012E   23022.52820327  .00025689  00000-0  17363-2 0  9995
2 45182  53.0552 113.9810 0001430  87.6748 272.4404 15.06419513162325
1 45182U 20012E   23023.52340614  .00008078  00000-0  56044-3 0  9995
2 45182  53.0548 109.5138 0001511  95.7773 264.3388 15.06407957162478
1 45182U 20012E   23024.25322489  .00009399  00000-0  64912-3 0  9996
2 45182  53.0550 106.2362 0001802  92.8725 267.2470 15.06395149162587
1 45182U 20012E   23025.18208395  .00000855  00000-0  76292-4 0  9991
2 45182  53.0548 102.0672 0000856  60.5758 299.5317 15.06384719162723
1 45182U 20012E   23025.51381834  .00009310  00000-0  64312-3 0  9992
2 45182  53.0541 100.5787 0001299  82.9410 277.1727 15.06396351163263
1 45182U 20012E   23025.51381834  .00009310  00000-0  64312-3 0  9992
2 45182  53.0541 100.5787 0001299  82.9410 277.1727 15.06396351162778
1 45182U 20012E   23026.50901956  .00012320  00000-0  84422-3 0  9994
2 45182  53.0542  96.1118 0001390  81.4353 278.6793 15.06412757163419
1 45182U 20012E   23026.90709957  .00007362  00000-0  51251-3 0  9999
2 45182  53.0553  94.3244 0001354  87.0144 273.1000 15.06408563162983
1 45182U 20012E   23027.37153010  .00000191  00000-0  31711-4 0  9997
2 45182  53.0543  92.2409 0001472  76.3992 283.7161 15.06397533163547
1 45182U 20012E   23027.37153010  .00000191  00000-0  31711-4 0  9997
2 45182  53.0543  92.2409 0001472  76.3992 283.7161 15.06397533163053
1 45182U 20012E   23027.90229318  .00006129  00000-0  42980-3 0  9997
2 45182  53.0544  89.8566 0001307  89.4162 270.6977 15.06418979163622
1 45182U 20012E   23028.56577320 -.00002933  00000-0 -17815-3 0  9999
2 45182  53.0553  86.8766 0001669 114.6532 245.4631 15.06389539163721
1 45182U 20012E   23028.56577320 -.00002933  00000-0 -17815-3 0  9999
2 45182  53.0553  86.8766 0001669 114.6532 245.4631 15.06389539163237
1 45182U 20012E   23029.22924228  .00010190  00000-0  70192-3 0  9995
2 45182  53.0547  83.8993 0001485 111.9475 248.1672 15.06403435163339
1 45182U 20012E   23029.82636221  .00008266  00000-0  57298-3 0  9997
2 45182  53.0552  81.2186 0001449 112.6099 247.5043 15.06409997163919
1 45182U 20012E   23030.22444791  .00000690  00000-0  65231-4 0  9992
2 45182  53.0549  79.4320 0001434 113.9573 246.1566 15.06392554163486
1 45182U 20012E   23030.35714106  .00000935  00000-0  81653-4 0  9994
2 45182  53.0549  78.8362 0001429 113.9383 246.1756 15.06394635163997
1 45182U 20012E   23030.82156851  .00001048  00000-0  89248-4 0  9997
2 45182  53.0549  76.7521 0001352 106.4776 253.6361 15.06397948164063
1 45182U 20012E   23031.08695538  .00002050  00000-0  15644-3 0  9998
2 45182  53.0551  75.5603 0001278 102.2881 257.8251 15.06400475164101
1 45182U 20012E   23031.08695538  .00002050  00000-0  15644-3 0  9998
2 45182  53.0551  75.5603 0001278 102.2881 257.8251 15.06400475163616
1 45182U 20012E   23031.81677281  .00003719  00000-0  26842-3 0  9999
2 45182  53.0551  72.2843 0001245  98.3127 261.8003 15.06399991164215
