1 45186U 20012J   22365.06055853  .00015918  00000-0  10847-2 0  9995
2 45186  53.0492 234.8531 0001559  91.9246 268.1922 15.06413751159240
1 45186U 20012J   22365.98940279  .00004877  00000-0  34587-3 0  9991
2 45186  53.0503 230.6828 0001551  92.9202 267.1964 15.06418969158791
1 45186U 20012J   23001.32114016 -.00002276  00000-0 -13394-3 0  9995
2 45186  53.0512 229.1940 0001571  90.4479 269.6690 15.06401215159431
1 45186U 20012J   23001.32114016 -.00002276  00000-0 -13394-3 0  9995
2 45186  53.0512 229.1940 0001571  90.4479 269.6690 15.06401215158845
1 45186U 20012J   23001.91827020 -.00006005  00000-0 -38479-3 0  9991
2 45186  53.0504 226.5127 0001548  91.5599 268.5567 15.06381361159529
1 45186U 20012J   23001.98461879 -.00005108  00000-0 -32440-3 0  9999
2 45186  53.0502 226.2153 0001522  90.1276 269.9887 15.06383180158948
1 45186U 20012J   23002.31635670 -.00003339  00000-0 -20545-3 0  9996
2 45186  53.0504 224.7263 0001495  91.7143 268.4017 15.06386651159580
1 45186U 20012J   23002.71445262  .00013810  00000-0  94620-3 0  9994
2 45186  53.0511 222.9390 0001891  89.4022 270.7183 15.06320437159646
1 45186U 20012J   23002.71445262  .00013810  00000-0  94620-3 0  9994
2 45186  53.0511 222.9390 0001891  89.4022 270.7183 15.06320437159051
1 45186U 20012J   23003.04617796  .00000066  00000-0  23325-4 0  9998
2 45186  53.0509 221.4496 0001470  92.3536 267.7621 15.06388926159101
1 45186U 20012J   23003.31156632  .00000840  00000-0  75334-4 0  9992
2 45186  53.0508 220.2584 0001469  95.3760 264.7396 15.06389164159735
1 45186U 20012J   23003.90869013  .00002490  00000-0  18604-3 0  9990
2 45186  53.0508 217.5771 0001426  97.5221 262.5930 15.06388017159827
1 45186U 20012J   23004.83754097  .00002894  00000-0  21311-3 0  9995
2 45186  53.0506 213.4070 0001436  97.4571 262.6581 15.06400940159968
1 45186U 20012J   23004.83754097  .00002894  00000-0  21311-3 0  9995
2 45186  53.0506 213.4070 0001436  97.4571 262.6581 15.06400940159373
1 45186U 20012J   23005.56734977  .00004183  00000-0  29941-3 0  9991
2 45186  53.0493 210.1306 0001494  96.3211 263.7948 15.06413912160078
1 45186U 20012J   23005.83273457  .00003813  00000-0  27463-3 0  9998
2 45186  53.0492 208.9394 0001509  95.4258 264.6903 15.06415032160118
1 45186U 20012J   23005.83273457  .00003813  00000-0  27463-3 0  9998
2 45186  53.0492 208.9394 0001509  95.4258 264.6903 15.06415032159521
1 45186U 20012J   23006.36350956  .00000474  00000-0  50695-4 0  9991
2 45186  53.0490 206.5567 0001465  95.3317 264.7839 15.06406120159607
1 45186U 20012J   23006.62889904 -.00002692  00000-0 -16189-3 0  9995
2 45186  53.0493 205.3657 0001229  90.7202 269.3928 15.06400039160231
1 45186U 20012J   23006.62889904 -.00002692  00000-0 -16189-3 0  9995
2 45186  53.0493 205.3657 0001229  90.7202 269.3928 15.06400039159644
1 45186U 20012J   23007.62410262 -.00002626  00000-0 -15743-3 0  9995
2 45186  53.0503 200.8970 0001378  92.5747 267.5399 15.06406959160385
1 45186U 20012J   23007.95583704 -.00001180  00000-0 -60356-4 0  9998
2 45186  53.0503 199.4075 0001315  94.2387 265.8753 15.06402132159847
1 45186U 20012J   23008.55295975  .00001933  00000-0  14864-3 0  9991
2 45186  53.0503 196.7264 0001241  97.9041 262.2088 15.06392339160528
1 45186U 20012J   23008.88469229  .00002097  00000-0  15967-3 0  9999
2 45186  53.0504 195.2370 0001237  97.8465 262.2664 15.06397106160577
1 45186U 20012J   23009.48180975  .00002192  00000-0  16601-3 0  9996
2 45186  53.0505 192.5561 0001206  98.9483 261.1642 15.06403727160669
1 45186U 20012J   23009.61450272  .00002297  00000-0  17300-3 0  9994
2 45186  53.0505 191.9603 0001208  98.8934 261.2191 15.06404749160688
1 45186U 20012J   23009.61450272  .00002297  00000-0  17300-3 0  9994
2 45186  53.0505 191.9603 0001208  98.8934 261.2191 15.06404749160093
1 45186U 20012J   23010.47702095  .00000092  00000-0  25067-4 0  9994
2 45186  53.0505 188.0882 0001179  98.3707 261.7416 15.06394672160817
1 45186U 20012J   23010.47702095  .00000092  00000-0  25067-4 0  9994
2 45186  53.0505 188.0882 0001179  98.3707 261.7416 15.06394672160222
1 45186U 20012J   23010.74240698 -.00000006  00000-0  18459-4 0  9993
2 45186  53.0505 186.8966 0001158  98.3481 261.7639 15.06395298160858
1 45186U 20012J   23011.20682563  .00001021  00000-0  87423-4 0  9990
2 45186  53.0503 184.8115 0001270  97.1742 262.9392 15.06406287160335
1 45186U 20012J   23011.87029443  .00000976  00000-0  84430-4 0  9998
2 45186  53.0502 181.8350 0001185  83.9182 276.1942 15.06400915161025
1 45186U 20012J   23011.87029443  .00000976  00000-0  84430-4 0  9998
2 45186  53.0502 181.8350 0001185  83.9182 276.1942 15.06400915160439
1 45186U 20012J   23012.86548650  .00001883  00000-0  14522-3 0  9996
2 45186  53.0505 177.3656 0001196  86.7934 273.3192 15.06410948161174
1 45186U 20012J   23012.86548650  .00001883  00000-0  14522-3 0  9996
2 45186  53.0505 177.3656 0001196  86.7934 273.3192 15.06410948160588
1 45186U 20012J   23013.72801991 -.00002078  00000-0 -12068-3 0  9994
2 45186  53.0511 173.4930 0001188  80.9403 279.1720 15.06387055161309
1 45186U 20012J   23013.72801991 -.00002078  00000-0 -12068-3 0  9994
2 45186  53.0511 173.4930 0001188  80.9403 279.1720 15.06387055160713
1 45186U 20012J   23014.52418109 -.00001110  00000-0 -55607-4 0  9991
2 45186  53.0501 169.9181 0001722  87.3352 272.7834 15.06395722160836
1 45186U 20012J   23014.72321598  .00000723  00000-0  67424-4 0  9995
2 45186  53.0494 169.0259 0001270  85.4504 274.6630 15.06399506160862
1 45186U 20012J   23015.12130641  .00001710  00000-0  13373-3 0  9997
2 45186  53.0494 167.2387 0001614  87.2205 272.8968 15.06387907160927
1 45186U 20012J   23015.58574053  .00001669  00000-0  13098-3 0  9993
2 45186  53.0503 165.1535 0001231  83.9560 276.1569 15.06382759161589
1 45186U 20012J   23015.78477495  .00003771  00000-0  27195-3 0  9996
2 45186  53.0487 164.2600 0001352  85.7277 274.3866 15.06396294161615
1 45186U 20012J   23016.44824619  .00000675  00000-0  64235-4 0  9991
2 45186  53.0487 161.2819 0001334  88.9933 271.1208 15.06395913161126
1 45186U 20012J   23016.58093722  .00000820  00000-0  73917-4 0  9998
2 45186  53.0516 160.6822 0001105  78.0331 282.0782 15.06399268161736
1 45186U 20012J   23016.77997504  .00002430  00000-0  18192-3 0  9992
2 45186  53.0498 159.7911 0001245  86.2129 273.9002 15.06405138161765
1 45186U 20012J   23016.77997504  .00002430  00000-0  18192-3 0  9992
2 45186  53.0498 159.7911 0001245  86.2129 273.9002 15.06405138161170
1 45186U 20012J   23017.11171523  .00001390  00000-0  11219-3 0  9993
2 45186  53.0508 158.3013 0001345  91.2903 268.8240 15.06394768161226
1 45186U 20012J   23017.64249402  .00001054  00000-0  89690-4 0  9999
2 45186  53.0505 155.9189 0001266  96.6448 263.4685 15.06392055161899
1 45186U 20012J   23018.57134527  .00004107  00000-0  29439-3 0  9999
2 45186  53.0508 151.7490 0001247 102.2321 257.8807 15.06406381162032
1 45186U 20012J   23018.63769148  .00004407  00000-0  31452-3 0  9990
2 45186  53.0502 151.4510 0001172  92.5420 267.5703 15.06408592161458
1 45186U 20012J   23018.70403496  .00005139  00000-0  36346-3 0  9999
2 45186  53.0503 151.1529 0001202  91.3823 268.7303 15.06415570162054
1 45186U 20012J   23019.36751387  .00002722  00000-0  20160-3 0  9999
2 45186  53.0509 148.1752 0000932 101.8354 258.2740 15.06396308161560
1 45186U 20012J   23019.56655193  .00003782  00000-0  27260-3 0  9994
2 45186  53.0505 147.2808 0001183 110.8189 249.2927 15.06402482162180
1 45186U 20012J   23020.49540551  .00006663  00000-0  46566-3 0  9990
2 45186  53.0510 143.1112 0001262 109.9155 250.1970 15.06408030162329
1 45186U 20012J   23020.49540551  .00006663  00000-0  46566-3 0  9990
2 45186  53.0510 143.1112 0001262 109.9155 250.1970 15.06408030161733
1 45186U 20012J   23021.49061024 -.00001187  00000-0 -60832-4 0  9995
2 45186  53.0516 138.6447 0001144  87.7485 272.3635 15.06393795161888
1 45186U 20012J   23021.62329981  .00012467  00000-0  85414-3 0  9992
2 45186  53.0517 138.0491 0001076  91.7202 268.3910 15.06410070161908
1 45186U 20012J   23022.48580560  .00008335  00000-0  57757-3 0  9997
2 45186  53.0516 134.1764 0001115  76.1926 283.9187 15.06414095162036
1 45186U 20012J   23023.01658032  .00002654  00000-0  19698-3 0  9997
2 45186  53.0515 131.7932 0001253  70.1974 289.9149 15.06405048162116
1 45186U 20012J   23023.54735943  .00004891  00000-0  34706-3 0  9994
2 45186  53.0525 129.4121 0001729  69.9931 290.1244 15.06398505162195
1 45186U 20012J   23024.47622430  .00006761  00000-0  47245-3 0  9993
2 45186  53.0512 125.2425 0001262  62.6843 297.4275 15.06393598162333
1 45186U 20012J   23025.47143129  .00004003  00000-0  28750-3 0  9994
2 45186  53.0509 120.7732 0001298  83.6157 276.4980 15.06393642162486
1 45186U 20012J   23025.53777680  .00004164  00000-0  29831-3 0  9995
2 45186  53.0501 120.4743 0001281  84.9305 275.1830 15.06396662163080
1 45186U 20012J   23026.46663024  .00003663  00000-0  26467-3 0  9999
2 45186  53.0506 116.3043 0001200  86.5943 273.5183 15.06404055163224
1 45186U 20012J   23026.93105692  .00002575  00000-0  19166-3 0  9992
2 45186  53.0504 114.2194 0001148  84.3875 275.7245 15.06403969162705
1 45186U 20012J   23027.52818302  .00001828  00000-0  14161-3 0  9997
2 45186  53.0530 111.5421 0001323  91.0126 269.1015 15.06395822162795
1 45186U 20012J   23028.58973083  .00001076  00000-0  91106-4 0  9992
2 45186  53.0522 106.7726 0001394  91.9690 268.1459 15.06401144163543
1 45186U 20012J   23028.65607707  .00001136  00000-0  95160-4 0  9998
2 45186  53.0518 106.4744 0001395  90.4189 269.6959 15.06401965163556
1 45186U 20012J   23028.65607707  .00001136  00000-0  95160-4 0  9998
2 45186  53.0518 106.4744 0001395  90.4189 269.6959 15.06401965162960
1 45186U 20012J   23029.25320652  .00001700  00000-0  13303-3 0  9991
2 45186  53.0502 103.7927 0001312  89.6835 270.4304 15.06389135163052
1 45186U 20012J   23029.58493329  .00001364  00000-0  11042-3 0  9993
2 45186  53.0520 102.3050 0001423  91.8567 268.2585 15.06402914163107
1 45186U 20012J   23029.91667105  .00000907  00000-0  79793-4 0  9995
2 45186  53.0520 100.8152 0001454  85.7528 274.3627 15.06398313163748
1 45186U 20012J   23030.18205958  .00001763  00000-0  13725-3 0  9993
2 45186  53.0517  99.6237 0001432  87.8321 272.2832 15.06394664163192
1 45186U 20012J   23030.44744481  .00001313  00000-0  10700-3 0  9992
2 45186  53.0521  98.4325 0001420  91.1153 268.9999 15.06399321163821
1 45186U 20012J   23030.91187128  .00000280  00000-0  37694-4 0  9997
2 45186  53.0519  96.3476 0001388  85.9704 274.1443 15.06402013163891
1 45186U 20012J   23031.44264940  .00000453  00000-0  49315-4 0  9999
2 45186  53.0521  93.9654 0001436  86.7587 273.3566 15.06398442163973
1 45186U 20012J   23031.44264940  .00000453  00000-0  49315-4 0  9999
2 45186  53.0521  93.9654 0001436  86.7587 273.3566 15.06398442163388
