1 45193U 20012R   22365.03843706  .00003611  00000-0  26117-3 0  9997
2 45193  53.0537 234.9504 0001377  75.6722 284.4420 15.06402722158367
1 45193U 20012R   22365.37016644  .00004429  00000-0  31598-3 0  9994
2 45193  53.0538 233.4612 0001344  74.2328 285.8810 15.06407283159291
1 45193U 20012R   22365.63555827  .00004074  00000-0  29225-3 0  9994
2 45193  53.0532 232.2694 0001247  79.6307 280.4823 15.06400985159332
1 45193U 20012R   23001.36538133  .00001257  00000-0  10330-3 0  9990
2 45193  53.0538 228.9933 0001426  74.2150 285.8996 15.06396183158560
1 45193U 20012R   23001.63077347 -.00001153  00000-0 -58544-4 0  9992
2 45193  53.0531 227.8028 0001508  74.5972 285.5183 15.06396674159484
1 45193U 20012R   23001.89616139 -.00001130  00000-0 -56981-4 0  9996
2 45193  53.0531 226.6113 0001525  75.0738 285.0420 15.06396118159528
1 45193U 20012R   23002.62597283 -.00000688  00000-0 -27320-4 0  9998
2 45193  53.0539 223.3351 0001424  75.0698 285.0449 15.06398236159633
1 45193U 20012R   23002.89135686 -.00000180  00000-0  68213-5 0  9995
2 45193  53.0538 222.1435 0001437  75.5933 284.5216 15.06401705159679
1 45193U 20012R   23002.89135686 -.00000180  00000-0  68213-5 0  9995
2 45193  53.0538 222.1435 0001437  75.5933 284.5216 15.06401705158791
1 45193U 20012R   23003.62117686  .00002216  00000-0  16764-3 0  9990
2 45193  53.0532 218.8667 0001385  74.7166 285.3976 15.06391326158907
1 45193U 20012R   23004.01926404  .00001044  00000-0  89027-4 0  9991
2 45193  53.0532 217.0795 0001354  72.9749 287.1388 15.06387611158968
1 45193U 20012R   23004.28465054  .00001193  00000-0  98998-4 0  9991
2 45193  53.0531 215.8882 0001354  74.0513 286.0625 15.06391983159883
1 45193U 20012R   23005.27984541  .00001291  00000-0  10551-3 0  9995
2 45193  53.0528 211.4206 0001360  75.9315 284.1825 15.06404426159156
1 45193U 20012R   23005.54523170  .00001353  00000-0  10967-3 0  9992
2 45193  53.0532 210.2290 0001355  77.4488 282.6652 15.06404658160074
1 45193U 20012R   23005.61157889  .00001734  00000-0  13524-3 0  9995
2 45193  53.0530 209.9308 0001327  77.0770 283.0367 15.06403196160081
1 45193U 20012R   23006.27504748  .00002138  00000-0  16235-3 0  9999
2 45193  53.0516 206.9523 0001489  74.6099 285.5054 15.06402912159305
1 45193U 20012R   23006.93851670  .00000157  00000-0  29440-4 0  9993
2 45193  53.0513 203.9735 0001552  76.3433 283.7728 15.06399742160289
1 45193U 20012R   23006.93851670  .00000157  00000-0  29440-4 0  9993
2 45193  53.0513 203.9735 0001552  76.3433 283.7728 15.06399742159401
1 45193U 20012R   23007.27024926  .00000686  00000-0  64930-4 0  9997
2 45193  53.0516 202.4844 0001561  76.3227 283.7936 15.06402173160338
1 45193U 20012R   23007.80102345  .00000133  00000-0  27798-4 0  9996
2 45193  53.0524 200.1010 0001589  77.9380 282.1787 15.06402248160413
1 45193U 20012R   23008.53084864 -.00000074  00000-0  13927-4 0  9996
2 45193  53.0533 196.8250 0001337  77.4075 282.7063 15.06388387160529
1 45193U 20012R   23008.53084864 -.00000074  00000-0  13927-4 0  9996
2 45193  53.0533 196.8250 0001337  77.4075 282.7063 15.06388387159640
1 45193U 20012R   23008.92892674  .00000092  00000-0  25060-4 0  9995
2 45193  53.0532 195.0383 0001346  74.0054 286.1083 15.06395046160582
1 45193U 20012R   23008.92892674  .00000092  00000-0  25060-4 0  9995
2 45193  53.0532 195.0383 0001346  74.0054 286.1083 15.06395046159704
1 45193U 20012R   23009.92412325 -.00001632  00000-0 -90690-4 0  9991
2 45193  53.0529 190.5704 0001360  74.9973 285.1167 15.06410157160730
1 45193U 20012R   23010.18951390  .00002439  00000-0  18255-3 0  9991
2 45193  53.0531 189.3791 0001382  73.4629 286.6512 15.06398325160777
1 45193U 20012R   23010.18951390  .00002439  00000-0  18255-3 0  9991
2 45193  53.0531 189.3791 0001382  73.4629 286.6512 15.06398325159898
1 45193U 20012R   23010.78664314  .00000587  00000-0  58301-4 0  9993
2 45193  53.0533 186.6980 0001438  74.6306 285.4842 15.06392136159984
1 45193U 20012R   23010.85299006  .00000753  00000-0  69425-4 0  9997
2 45193  53.0533 186.4003 0001439  74.4905 285.6243 15.06393308160871
1 45193U 20012R   23011.18472283  .00000901  00000-0  79417-4 0  9991
2 45193  53.0534 184.9109 0001447  74.6296 285.4853 15.06395802160928
1 45193U 20012R   23011.58280011  .00000622  00000-0  60660-4 0  9991
2 45193  53.0530 183.1237 0001488  74.7412 285.3741 15.06402619160989
1 45193U 20012R   23011.58280011  .00000622  00000-0  60660-4 0  9991
2 45193  53.0530 183.1237 0001488  74.7412 285.3741 15.06402619160103
1 45193U 20012R   23012.77703556  .00002120  00000-0  16116-3 0  9998
2 45193  53.0536 177.7617 0001451  72.6589 287.4559 15.06403358161160
1 45193U 20012R   23012.77703556  .00002120  00000-0  16116-3 0  9998
2 45193  53.0536 177.7617 0001451  72.6589 287.4559 15.06403358160282
1 45193U 20012R   23013.17511405  .00002219  00000-0  16781-3 0  9990
2 45193  53.0536 175.9748 0001460  72.9636 287.1513 15.06406659161222
1 45193U 20012R   23013.70589695  .00004862  00000-0  34516-3 0  9997
2 45193  53.0533 173.5893 0001531  88.7763 271.3402 15.06387843161303
1 45193U 20012R   23013.70589695  .00004862  00000-0  34516-3 0  9997
2 45193  53.0533 173.5893 0001531  88.7763 271.3402 15.06387843160425
1 45193U 20012R   23014.17030809  .00002023  00000-0  15463-3 0  9994
2 45193  53.0526 171.5054 0001668  87.9365 272.1815 15.06410891160498
1 45193U 20012R   23014.50204846  .00000879  00000-0  77898-4 0  9993
2 45193  53.0512 170.0165 0001598  80.2473 279.8697 15.06402349160545
1 45193U 20012R   23014.83378649 -.00000415  00000-0 -89565-5 0  9995
2 45193  53.0527 168.5287 0001545  74.5471 285.5688 15.06395995160591
1 45193U 20012R   23015.56359680  .00000620  00000-0  60514-4 0  9998
2 45193  53.0530 165.2533 0001438  70.0533 290.0611 15.06398547161587
1 45193U 20012R   23015.69629341 -.00000986  00000-0 -47272-4 0  9999
2 45193  53.0526 164.6578 0001515  68.3855 291.7295 15.06399307161601
1 45193U 20012R   23016.09437269 -.00000661  00000-0 -25462-4 0  9997
2 45193  53.0532 162.8696 0001410  70.2262 289.8879 15.06401170160783
1 45193U 20012R   23016.42611463 -.00000660  00000-0 -25434-4 0  9992
2 45193  53.0528 161.3794 0001379  68.4333 291.6802 15.06390303160831
1 45193U 20012R   23016.55880771 -.00000564  00000-0 -18947-4 0  9990
2 45193  53.0531 160.7850 0001466  66.1776 293.9366 15.06392262161730
1 45193U 20012R   23016.69149727  .00000057  00000-0  22734-4 0  9998
2 45193  53.0532 160.1899 0001483  67.5168 292.5978 15.06397380161759
1 45193U 20012R   23016.69149727  .00000057  00000-0  22734-4 0  9998
2 45193  53.0532 160.1899 0001483  67.5168 292.5978 15.06397380160871
1 45193U 20012R   23017.08959226 -.00000778  00000-0 -33375-4 0  9990
2 45193  53.0543 158.4049 0001442  76.2729 283.8420 15.06383319160934
1 45193U 20012R   23017.48768719 -.00001931  00000-0 -11083-3 0  9992
2 45193  53.0531 156.6173 0001513  67.2334 292.8815 15.06372723161879
1 45193U 20012R   23017.48768719 -.00001931  00000-0 -11083-3 0  9992
2 45193  53.0531 156.6173 0001513  67.2334 292.8815 15.06372723160991
1 45193U 20012R   23018.54923143  .00001549  00000-0  12288-3 0  9995
2 45193  53.0532 151.8501 0001646  71.6611 288.4557 15.06389410162030
1 45193U 20012R   23018.54923143  .00001549  00000-0  12288-3 0  9995
2 45193  53.0532 151.8501 0001646  71.6611 288.4557 15.06389410161152
1 45193U 20012R   23018.68192673  .00001747  00000-0  13619-3 0  9995
2 45193  53.0526 151.2517 0001978  85.6211 274.5004 15.06387542162052
1 45193U 20012R   23019.08000269  .00000676  00000-0  64290-4 0  9991
2 45193  53.0538 149.4659 0001409  80.3135 279.8013 15.06399361161236
1 45193U 20012R   23019.34539666  .00002996  00000-0  22004-3 0  9991
2 45193  53.0534 148.2765 0001324  88.2558 271.8583 15.06384244161271
1 45193U 20012R   23019.47808994  .00003219  00000-0  23500-3 0  9999
2 45193  53.0529 147.6821 0001199  89.1560 270.9566 15.06386321162173
1 45193U 20012R   23020.07520513  .00000242  00000-0  35140-4 0  9992
2 45193  53.0525 145.0015 0001205  93.5587 266.5540 15.06412121161385
1 45193U 20012R   23020.47328764 -.00000545  00000-0 -17717-4 0  9998
2 45193  53.0527 143.2127 0001179 109.8311 250.2805 15.06406409162328
1 45193U 20012R   23021.46849291  .00000277  00000-0  37508-4 0  9991
2 45193  53.0525 138.7455 0001358  91.9267 268.1878 15.06398023161597
1 45193U 20012R   23021.66752554  .00000555  00000-0  56111-4 0  9998
2 45193  53.0536 137.8504 0001040  99.5985 260.5122 15.06408399161623
1 45193U 20012R   23022.59638540  .00001195  00000-0  99091-4 0  9994
2 45193  53.0525 133.6831 0001073  93.1730 266.9382 15.06402075161760
1 45193U 20012R   23023.59157698  .00002373  00000-0  17805-3 0  9996
2 45193  53.0543 129.2126 0000832  69.6993 290.4086 15.06415254161912
1 45193U 20012R   23024.52045723 -.00000496  00000-0 -14413-4 0  9994
2 45193  53.0547 125.0423 0001098  71.3550 288.7558 15.06393204162054
1 45193U 20012R   23025.58200293 -.00000382  00000-0 -67568-5 0  9990
2 45193  53.0532 120.2796 0001038  81.0662 279.0444 15.06404844163099
1 45193U 20012R   23025.58200293 -.00000382  00000-0 -67568-5 0  9990
2 45193  53.0532 120.2796 0001038  81.0662 279.0444 15.06404844162212
1 45193U 20012R   23026.57720059  .00002671  00000-0  19811-3 0  9994
2 45193  53.0541 115.8100 0001296  90.5168 269.5969 15.06406642163241
1 45193U 20012R   23026.97528818  .00001592  00000-0  12573-3 0  9996
2 45193  53.0548 114.0209 0001488  90.4046 269.7113 15.06398517162429
1 45193U 20012R   23027.50606450  .00000204  00000-0  32582-4 0  9997
2 45193  53.0534 111.6400 0001521 103.1582 256.9577 15.06400496163383
1 45193U 20012R   23028.50126724 -.00001240  00000-0 -64371-4 0  9993
2 45193  53.0535 107.1735 0001372  92.4378 267.6768 15.06404429163530
1 45193U 20012R   23028.50126724 -.00001240  00000-0 -64371-4 0  9993
2 45193  53.0535 107.1735 0001372  92.4378 267.6768 15.06404429162652
1 45193U 20012R   23028.89934929 -.00001409  00000-0 -75722-4 0  9998
2 45193  53.0535 105.3863 0001390  93.8894 266.2254 15.06401557163590
1 45193U 20012R   23029.16474307  .00000479  00000-0  51076-4 0  9998
2 45193  53.0533 104.1951 0001626  95.5062 264.6113 15.06388417162753
1 45193U 20012R   23029.89455605  .00000735  00000-0  68227-4 0  9999
2 45193  53.0535 100.9193 0001544  97.1532 262.9632 15.06393941163741
1 45193U 20012R   23029.89455605  .00000735  00000-0  68227-4 0  9999
2 45193  53.0535 100.9193 0001544  97.1532 262.9632 15.06393941162863
1 45193U 20012R   23030.49168152  .00000378  00000-0  44285-4 0  9996
2 45193  53.0537  98.2389 0001594  96.7795 263.3375 15.06392388163833
1 45193U 20012R   23030.88976022  .00000804  00000-0  72867-4 0  9993
2 45193  53.0538  96.4522 0001483  93.2481 266.8678 15.06395884163898
1 45193U 20012R   23031.08880589  .00002453  00000-0  18359-3 0  9995
2 45193  53.0537  95.5587 0001487  88.9701 271.1459 15.06382673163043
1 45193U 20012R   23031.48688086  .00001100  00000-0  92736-4 0  9997
2 45193  53.0535  93.7707 0001455  92.8399 267.2756 15.06397893163100
1 45193U 20012R   23031.88496268  .00000643  00000-0  62043-4 0  9999
2 45193  53.0545  91.9835 0001442  84.7051 275.4102 15.06398123164041
