1 45190U 20012N   22365.55078729  .00001921  00000-0  14786-3 0  9997
2 45190  53.0528 192.6470 0001318  93.2448 266.8692 15.06397132159838
1 45190U 20012N   22365.81617331  .00002162  00000-0  16397-3 0  9992
2 45190  53.0528 191.4557 0001321  93.0459 267.0681 15.06399652159879
1 45190U 20012N   23001.54598921  .00000903  00000-0  79518-4 0  9999
2 45190  53.0521 188.1796 0001390  93.7335 266.3813 15.06399731159985
1 45190U 20012N   23001.81138073 -.00000965  00000-0 -45887-4 0  9999
2 45190  53.0523 186.9879 0001376  92.9971 267.1175 15.06392496160024
1 45190U 20012N   23001.81138073 -.00000965  00000-0 -45887-4 0  9999
2 45190  53.0523 186.9879 0001376  92.9971 267.1175 15.06392496159145
1 45190U 20012N   23002.47485132  .00000299  00000-0  38960-4 0  9995
2 45190  53.0534 184.0094 0001385  95.2159 264.8988 15.06396259160126
1 45190U 20012N   23002.67389175 -.00000164  00000-0  78623-5 0  9990
2 45190  53.0532 183.1157 0001374  94.4740 265.6406 15.06396732160152
1 45190U 20012N   23003.20466341  .00000162  00000-0  29785-4 0  9992
2 45190  53.0532 180.7329 0001390  94.3594 265.7554 15.06400984160239
1 45190U 20012N   23003.20466341  .00000162  00000-0  29785-4 0  9992
2 45190  53.0532 180.7329 0001390  94.3594 265.7554 15.06400984159350
1 45190U 20012N   23004.46524660  .00002003  00000-0  15333-3 0  9999
2 45190  53.0530 175.0734 0001387  94.9503 265.1645 15.06404869160428
1 45190U 20012N   23004.46524660  .00002003  00000-0  15333-3 0  9999
2 45190  53.0530 175.0734 0001387  94.9503 265.1645 15.06404869159549
1 45190U 20012N   23004.73062888  .00002457  00000-0  18373-3 0  9998
2 45190  53.0530 173.8821 0001388  95.0169 265.0978 15.06409585160464
1 45190U 20012N   23005.19505274  .00002028  00000-0  15498-3 0  9999
2 45190  53.0530 171.7974 0001379  94.1550 265.9597 15.06411717160538
1 45190U 20012N   23005.72582750  .00001059  00000-0  89950-4 0  9990
2 45190  53.0525 169.4143 0001399  95.2397 264.8751 15.06408017160615
1 45190U 20012N   23005.72582750  .00001059  00000-0  89950-4 0  9990
2 45190  53.0525 169.4143 0001399  95.2397 264.8751 15.06408017159736
1 45190U 20012N   23006.45564908 -.00001064  00000-0 -52563-4 0  9994
2 45190  53.0526 166.1377 0001299  91.7157 268.3981 15.06400559159843
1 45190U 20012N   23006.58834410 -.00001298  00000-0 -68301-4 0  9992
2 45190  53.0535 165.5426 0001154  87.6107 272.5014 15.06398459160740
1 45190U 20012N   23007.11911960 -.00001609  00000-0 -89177-4 0  9998
2 45190  53.0532 163.1592 0001204  88.0947 272.0180 15.06397742160820
1 45190U 20012N   23007.71623998 -.00000101  00000-0  12129-4 0  9993
2 45190  53.0540 160.4773 0001209  91.9358 268.1770 15.06396397160910
1 45190U 20012N   23007.71623998 -.00000101  00000-0  12129-4 0  9993
2 45190  53.0540 160.4773 0001209  91.9358 268.1770 15.06396397160033
1 45190U 20012N   23008.51240503  .00001873  00000-0  14459-3 0  9992
2 45190  53.0547 156.9033 0001223  73.6160 286.4963 15.06393071161037
1 45190U 20012N   23008.77778920  .00002494  00000-0  18624-3 0  9997
2 45190  53.0544 155.7121 0001231  75.9620 284.1505 15.06398118160194
1 45190U 20012N   23008.84413593  .00002657  00000-0  19719-3 0  9994
2 45190  53.0544 155.4143 0001234  76.0134 284.0992 15.06399100161080
1 45190U 20012N   23010.10472774  .00001944  00000-0  14934-3 0  9994
2 45190  53.0535 149.7563 0001285  82.4773 277.6361 15.06398788161278
1 45190U 20012N   23010.10472774  .00001944  00000-0  14934-3 0  9994
2 45190  53.0535 149.7563 0001285  82.4773 277.6361 15.06398788160390
1 45190U 20012N   23010.70185789 -.00000653  00000-0 -24930-4 0  9993
2 45190  53.0525 147.0762 0001604  83.8892 276.2280 15.06393431161366
1 45190U 20012N   23010.70185789 -.00000653  00000-0 -24930-4 0  9993
2 45190  53.0525 147.0762 0001604  83.8892 276.2280 15.06393431160488
1 45190U 20012N   23011.63069762  .00003401  00000-0  24710-3 0  9995
2 45190  53.0532 142.9044 0001430  89.5195 270.5957 15.06402243161503
1 45190U 20012N   23011.63069762  .00003401  00000-0  24710-3 0  9995
2 45190  53.0532 142.9044 0001430  89.5195 270.5957 15.06402243160625
1 45190U 20012N   23012.75861762 -.00002844  00000-0 -17216-3 0  9994
2 45190  53.0548 137.8413 0001190  89.4447 270.6678 15.06383815161677
1 45190U 20012N   23012.75861762 -.00002844  00000-0 -17216-3 0  9994
2 45190  53.0548 137.8413 0001190  89.4447 270.6678 15.06383815160799
1 45190U 20012N   23013.55477408  .00002815  00000-0  20782-3 0  9991
2 45190  53.0538 134.2674 0001508 101.6633 258.4525 15.06401534160913
1 45190U 20012N   23013.62111934  .00004040  00000-0  28992-3 0  9991
2 45190  53.0528 133.9708 0001235  78.9530 281.1598 15.06406695161800
1 45190U 20012N   23013.68746495  .00004335  00000-0  30963-3 0  9991
2 45190  53.0527 133.6727 0001330  81.0255 279.0885 15.06408785161810
1 45190U 20012N   23014.01921166  .00002895  00000-0  21320-3 0  9995
2 45190  53.0534 132.1821 0001403  81.9851 278.1297 15.06391874160983
1 45190U 20012N   23015.08076315  .00001799  00000-0  13964-3 0  9997
2 45190  53.0520 127.4196 0001334  83.6489 276.4652 15.06394670161141
1 45190U 20012N   23015.61153428 -.00000302  00000-0 -13854-5 0  9998
2 45190  53.0527 125.0347 0001245  71.7377 288.3747 15.06403485162104
1 45190U 20012N   23016.14231410  .00000311  00000-0  39762-4 0  9998
2 45190  53.0520 122.6518 0001345  91.4126 268.7017 15.06393776161306
1 45190U 20012N   23016.47404125  .00002080  00000-0  15846-3 0  9990
2 45190  53.0537 121.1638 0001262  96.4553 263.6579 15.06403681161357
1 45190U 20012N   23016.54038556  .00001636  00000-0  12869-3 0  9997
2 45190  53.0536 120.8651 0001149 111.2148 248.8964 15.06407320162243
1 45190U 20012N   23016.60673003  .00002309  00000-0  17381-3 0  9998
2 45190  53.0536 120.5680 0001102 104.0678 256.0433 15.06410192162253
1 45190U 20012N   23017.07117033 -.00000200  00000-0  54735-5 0  9991
2 45190  53.0517 118.4825 0001253  99.0032 261.1098 15.06393240161441
1 45190U 20012N   23017.53561868  .00001176  00000-0  97864-4 0  9992
2 45190  53.0546 116.3980 0000880 120.7878 239.3198 15.06368152162394
1 45190U 20012N   23017.53561868  .00001176  00000-0  97864-4 0  9992
2 45190  53.0546 116.3980 0000880 120.7878 239.3198 15.06368152161517
1 45190U 20012N   23017.60195835 -.00001281  00000-0 -67142-4 0  9992
2 45190  53.0532 116.1014 0001092  92.1880 267.9234 15.06385558162405
1 45190U 20012N   23017.60195835 -.00001281  00000-0 -67142-4 0  9992
2 45190  53.0532 116.1014 0001092  92.1880 267.9234 15.06385558161527
1 45190U 20012N   23018.13272357  .00001672  00000-0  13109-3 0  9991
2 45190  53.0536 113.7177 0001062 106.9442 253.1663 15.06395316161604
1 45190U 20012N   23018.39810317  .00003382  00000-0  24576-3 0  9993
2 45190  53.0538 112.5270 0001021 102.2938 257.8166 15.06406761162529
1 45190U 20012N   23018.39810317  .00003382  00000-0  24576-3 0  9993
2 45190  53.0538 112.5270 0001021 102.2938 257.8166 15.06406761161641
1 45190U 20012N   23019.26061869  .00004947  00000-0  35077-3 0  9996
2 45190  53.0535 108.6551 0000916 103.6502 256.4589 15.06400125161776
1 45190U 20012N   23019.45966653  .00002322  00000-0  17481-3 0  9996
2 45190  53.0545 107.7603 0001029 103.5852 256.5251 15.06385053162688
1 45190U 20012N   23019.59235512  .00000922  00000-0  80773-4 0  9993
2 45190  53.0533 107.1633 0001156  96.4483 263.6638 15.06394339161823
1 45190U 20012N   23020.05677187  .00003421  00000-0  24834-3 0  9996
2 45190  53.0526 105.0799 0001262  80.6482 279.4650 15.06413708161895
1 45190U 20012N   23020.52121675 -.00004579  00000-0 -28886-3 0  9992
2 45190  53.0539 102.9960 0001175  84.8360 275.2763 15.06384013162840
1 45190U 20012N   23020.52121675 -.00004579  00000-0 -28886-3 0  9992
2 45190  53.0539 102.9960 0001175  84.8360 275.2763 15.06384013161962
1 45190U 20012N   23021.11833203  .00007667  00000-0  53290-3 0  9991
2 45190  53.0536 100.3146 0001371  81.3163 278.7982 15.06408044162051
1 45190U 20012N   23021.45006283  .00037778  00000-0  25388-2 0  9990
2 45190  53.0533  98.8261 0001499  89.9235 270.1926 15.06440195162105
1 45190U 20012N   23022.57796110  .00021067  00000-0  14288-2 0  9990
2 45190  53.0529  93.7632 0001716  96.5039 263.6145 15.06404050162272
1 45190U 20012N   23023.17508889  .00025261  00000-0  17083-2 0  9997
2 45190  53.0526  91.0825 0002548  98.0709 262.0569 15.06407051162366
1 45190U 20012N   23024.17029337  .00022037  00000-0  14933-2 0  9993
2 45190  53.0523  86.6136 0002066 117.9850 242.1348 15.06409073162518
1 45190U 20012N   23024.43568028  .00009383  00000-0  64792-3 0  9995
2 45190  53.0522  85.4227 0001679 110.9710 249.1459 15.06403929162550
1 45190U 20012N   23025.16549999  .00002124  00000-0  16148-3 0  9990
2 45190  53.0535  82.1485 0001861 106.0440 254.0754 15.06393841162669
1 45190U 20012N   23025.43088926  .00002077  00000-0  15833-3 0  9995
2 45190  53.0520  80.9545 0001423  97.1665 262.9486 15.06394025163586
1 45190U 20012N   23026.49243245  .00006445  00000-0  45104-3 0  9996
2 45190  53.0529  76.1882 0001581  94.0707 266.0463 15.06413352163747
1 45190U 20012N   23026.49243245  .00006445  00000-0  45104-3 0  9996
2 45190  53.0529  76.1882 0001581  94.0707 266.0463 15.06413352162869
1 45190U 20012N   23026.82417718 -.00000804  00000-0 -35058-4 0  9994
2 45190  53.0540  74.6983 0002192  87.6211 272.5029 15.06389397162911
1 45190U 20012N   23027.35495843 -.00003053  00000-0 -18622-3 0  9994
2 45190  53.0539  72.3185 0001417  95.7651 264.3500 15.06379941163878
1 45190U 20012N   23027.35495843 -.00003053  00000-0 -18622-3 0  9994
2 45190  53.0539  72.3185 0001417  95.7651 264.3500 15.06379941162990
1 45190U 20012N   23027.81938554  .00000552  00000-0  55956-4 0  9997
2 45190  53.0546  70.2344 0001363 101.5706 258.5436 15.06390794163060
1 45190U 20012N   23028.48285162  .00014504  00000-0  99028-3 0  9990
2 45190  53.0529  67.2526 0001206  94.4220 265.6907 15.06412185164046
1 45190U 20012N   23028.48285162  .00014504  00000-0  99028-3 0  9990
2 45190  53.0529  67.2526 0001206  94.4220 265.6907 15.06412185163168
1 45190U 20012N   23028.81458316  .00009815  00000-0  67662-3 0  9998
2 45190  53.0529  65.7636 0001216  97.3876 262.7251 15.06415553164098
1 45190U 20012N   23029.07996821  .00007393  00000-0  51443-3 0  9994
2 45190  53.0530  64.5725 0001261  97.2594 262.8538 15.06416400163250
1 45190U 20012N   23029.80977946  .00002005  00000-0  15341-3 0  9994
2 45190  53.0546  61.2945 0001416  93.5264 266.5887 15.06407534164246
1 45190U 20012N   23030.07516778 -.00000453  00000-0 -11497-4 0  9993
2 45190  53.0532  60.1045 0001577  91.0277 269.0893 15.06403703163401
1 45190U 20012N   23030.34055621 -.00000326  00000-0 -29978-5 0  9991
2 45190  53.0539  58.9126 0001437  92.6078 267.5076 15.06399562164329
1 45190U 20012N   23030.67228917  .00001303  00000-0  10632-3 0  9996
2 45190  53.0538  57.4232 0001383  93.4044 266.7103 15.06403654164377
1 45190U 20012N   23031.07037105  .00000940  00000-0  82010-4 0  9994
2 45190  53.0528  55.6365 0001284  90.4619 269.6517 15.06401315164438
