1 45199U 20012X   22365.00711651  .00001313  00000-0  10704-3 0  9995
2 45199  53.0536 215.0935 0001409  89.7815 270.3336 15.06393250159574
1 45199U 20012X   22365.73693593  .00002288  00000-0  17250-3 0  9994
2 45199  53.0536 211.8171 0001468  91.2707 268.8450 15.06390299159684
1 45199U 20012X   23001.26772464  .00000876  00000-0  77742-4 0  9999
2 45199  53.0536 209.4345 0001545  90.3870 269.7296 15.06381972158828
1 45199U 20012X   23001.86484639 -.00000469  00000-0 -12561-4 0  9997
2 45199  53.0528 206.7537 0001582  88.6978 271.4192 15.06386485159855
1 45199U 20012X   23002.52831959 -.00000160  00000-0  81453-5 0  9996
2 45199  53.0541 203.7753 0001613  91.0732 269.0442 15.06391455159010
1 45199U 20012X   23002.59466760  .00001856  00000-0  14355-3 0  9994
2 45199  53.0539 203.4776 0001645  91.1178 268.9999 15.06383301159969
1 45199U 20012X   23003.58987342  .00002020  00000-0  15452-3 0  9991
2 45199  53.0535 199.0097 0001638  92.1748 267.9429 15.06391503160116
1 45199U 20012X   23003.58987342  .00002020  00000-0  15452-3 0  9991
2 45199  53.0535 199.0097 0001638  92.1748 267.9429 15.06391503159170
1 45199U 20012X   23004.51872619  .00002373  00000-0  17815-3 0  9991
2 45199  53.0535 194.8399 0001653  92.3592 267.7587 15.06401026160250
1 45199U 20012X   23004.78411055  .00002695  00000-0  19973-3 0  9997
2 45199  53.0535 193.6485 0001655  92.5646 267.5532 15.06404629160291
1 45199U 20012X   23004.78411055  .00002695  00000-0  19973-3 0  9997
2 45199  53.0535 193.6485 0001655  92.5646 267.5532 15.06404629159356
1 45199U 20012X   23005.51392140  .00003422  00000-0  24843-3 0  9993
2 45199  53.0525 190.3723 0001675  91.6827 268.4354 15.06411131160403
1 45199U 20012X   23005.77930473  .00003917  00000-0  28159-3 0  9991
2 45199  53.0524 189.1809 0001680  91.8146 268.3035 15.06415176160447
1 45199U 20012X   23006.50911559  .00000870  00000-0  77256-4 0  9995
2 45199  53.0516 185.9041 0001678  92.2409 267.8772 15.06410464159618
1 45199U 20012X   23006.90719309  .00000790  00000-0  71896-4 0  9993
2 45199  53.0520 184.1172 0001678  92.5144 267.6037 15.06410831160610
1 45199U 20012X   23007.17258243 -.00001007  00000-0 -48689-4 0  9996
2 45199  53.0518 182.9258 0001662  92.0144 268.1035 15.06403641160655
1 45199U 20012X   23007.50431999 -.00001107  00000-0 -55397-4 0  9999
2 45199  53.0532 181.4365 0001663  98.0795 262.0383 15.06402070159767
1 45199U 20012X   23007.90239896 -.00001106  00000-0 -55346-4 0  9998
2 45199  53.0538 179.6497 0001566  95.0605 265.0563 15.06403234160765
1 45199U 20012X   23008.49952278 -.00000629  00000-0 -23357-4 0  9995
2 45199  53.0538 176.9690 0001596  97.4879 262.6291 15.06396764160852
1 45199U 20012X   23008.83125454 -.00000279  00000-0  17838-6 0  9990
2 45199  53.0538 175.4798 0001588  97.3619 262.7551 15.06399331159960
1 45199U 20012X   23008.89760154 -.00000302  00000-0 -13497-5 0  9992
2 45199  53.0538 175.1820 0001583  97.3683 262.7486 15.06399178160912
1 45199U 20012X   23009.49472413  .00000873  00000-0  77493-4 0  9993
2 45199  53.0540 172.5013 0001531  96.8035 263.3128 15.06394849161009
1 45199U 20012X   23010.15819337  .00000577  00000-0  57667-4 0  9990
2 45199  53.0539 169.5227 0001529  93.1016 267.0147 15.06395929160164
1 45199U 20012X   23010.42357945 -.00000096  00000-0  12478-4 0  9990
2 45199  53.0534 168.3310 0001517  92.0668 268.0495 15.06399672161142
1 45199U 20012X   23010.68896646  .00001038  00000-0  88574-4 0  9990
2 45199  53.0533 167.1396 0001489  92.5311 267.5848 15.06397257161187
1 45199U 20012X   23011.55148395 -.00000601  00000-0 -21476-4 0  9993
2 45199  53.0532 163.2676 0001509  91.5793 268.5368 15.06390586161311
1 45199U 20012X   23011.68417585 -.00000633  00000-0 -23637-4 0  9993
2 45199  53.0531 162.6725 0001459  92.0225 268.0931 15.06393415160390
1 45199U 20012X   23011.81686675 -.00000021  00000-0  17513-4 0  9992
2 45199  53.0524 162.0755 0001505  98.9616 261.1544 15.06396553161357
1 45199U 20012X   23012.81206586  .00000483  00000-0  51332-4 0  9990
2 45199  53.0520 157.6094 0001730  89.1739 270.9449 15.06401206161508
1 45199U 20012X   23012.81206586  .00000483  00000-0  51332-4 0  9990
2 45199  53.0520 157.6094 0001730  89.1739 270.9449 15.06401206160563
1 45199U 20012X   23013.54188321  .00001174  00000-0  97727-4 0  9993
2 45199  53.0535 154.3320 0001405  91.1997 268.9153 15.06396100161615
1 45199U 20012X   23013.67456894  .00002502  00000-0  18674-3 0  9999
2 45199  53.0524 153.7378 0001369  94.0468 266.0677 15.06405575161632
1 45199U 20012X   23014.07265194  .00001358  00000-0  11003-3 0  9992
2 45199  53.0531 151.9509 0001313  90.6371 269.4768 15.06403909160759
1 45199U 20012X   23015.06785955 -.00000150  00000-0  87988-5 0  9991
2 45199  53.0513 147.4837 0001161  88.7189 271.3933 15.06399016160905
1 45199U 20012X   23015.53229743  .00007532  00000-0  52465-3 0  9991
2 45199  53.0521 145.3987 0001500  94.1903 265.9257 15.06355388160978
1 45199U 20012X   23015.59863892 -.00001084  00000-0 -53878-4 0  9994
2 45199  53.0526 145.1008 0001298  89.8199 270.2939 15.06398572161921
1 45199U 20012X   23015.79766859  .00000292  00000-0  38463-4 0  9992
2 45199  53.0542 144.2053 0001246  81.9214 278.1917 15.06409904161951
1 45199U 20012X   23015.79766859  .00000292  00000-0  38463-4 0  9992
2 45199  53.0542 144.2053 0001246  81.9214 278.1917 15.06409904161018
1 45199U 20012X   23016.06306244 -.00001214  00000-0 -62646-4 0  9998
2 45199  53.0526 143.0119 0000878  78.8664 281.2423 15.06402370161055
1 45199U 20012X   23016.59383653  .00001127  00000-0  94542-4 0  9996
2 45199  53.0534 140.6335 0001352  94.7615 265.3528 15.06400005162073
1 45199U 20012X   23016.66018151  .00000919  00000-0  80578-4 0  9994
2 45199  53.0527 140.3342 0001112  85.3488 274.7628 15.06402755162088
1 45199U 20012X   23017.58905389  .00000420  00000-0  47076-4 0  9997
2 45199  53.0530 136.1649 0001136 104.4090 255.7025 15.06383931162223
1 45199U 20012X   23017.58905389  .00000420  00000-0  47076-4 0  9997
2 45199  53.0530 136.1649 0001136 104.4090 255.7025 15.06383931161288
1 45199U 20012X   23018.58424620  .00001471  00000-0  11761-3 0  9990
2 45199  53.0535 131.6975 0001039  93.7163 266.3944 15.06400270162373
1 45199U 20012X   23018.58424620  .00001471  00000-0  11761-3 0  9990
2 45199  53.0535 131.6975 0001039  93.7163 266.3944 15.06400270161439
1 45199U 20012X   23018.65058038  .00002003  00000-0  15325-3 0  9996
2 45199  53.0538 131.3986 0001094  91.5522 268.5593 15.06420493162385
1 45199U 20012X   23018.65058038  .00002003  00000-0  15325-3 0  9996
2 45199  53.0538 131.3986 0001094  91.5522 268.5593 15.06420493161441
1 45199U 20012X   23019.31406837  .00001896  00000-0  14620-3 0  9990
2 45199  53.0529 128.4191 0001364 110.4447 249.6689 15.06390153161549
1 45199U 20012X   23019.57945518  .00002353  00000-0  17681-3 0  9991
2 45199  53.0530 127.2287 0001164 109.5700 250.5414 15.06392917162529
1 45199U 20012X   23019.64579909  .00001633  00000-0  12848-3 0  9996
2 45199  53.0541 126.9296 0001166 106.2081 253.9037 15.06399546161594
1 45199U 20012X   23020.50830435  .00000222  00000-0  33760-4 0  9997
2 45199  53.0541 123.0604 0001244  89.2553 270.8578 15.06410771162667
1 45199U 20012X   23020.57464730  .00000737  00000-0  68313-4 0  9998
2 45199  53.0533 122.7637 0001113  88.7130 271.3986 15.06415088161732
1 45199U 20012X   23020.97273216 -.00001378  00000-0 -73666-4 0  9990
2 45199  53.0526 120.9752 0001075  84.7503 275.3609 15.06401709161796
1 45199U 20012X   23021.43717300 -.00001768  00000-0 -99887-4 0  9995
2 45199  53.0531 118.8890 0001376  89.6034 270.5113 15.06385774161866
1 45199U 20012X   23021.63620650  .00001880  00000-0  14509-3 0  9998
2 45199  53.0522 117.9963 0001380  97.0516 263.0630 15.06400598161896
1 45199U 20012X   23023.02949402  .00002308  00000-0  17381-3 0  9999
2 45199  53.0526 111.7429 0001755  90.8936 269.2254 15.06396418162102
1 45199U 20012X   23024.09104225  .00001522  00000-0  12102-3 0  9996
2 45199  53.0520 106.9753 0001425  91.4001 268.7151 15.06400712162266
1 45199U 20012X   23025.48432986  .00001089  00000-0  91981-4 0  9999
2 45199  53.0528 100.7206 0001355  92.5953 267.5191 15.06394191163411
1 45199U 20012X   23025.48432986  .00001089  00000-0  91981-4 0  9999
2 45199  53.0528 100.7206 0001355  92.5953 267.5191 15.06394191162476
1 45199U 20012X   23026.47952641  .00002110  00000-0  16050-3 0  9993
2 45199  53.0530  96.2530 0001251  94.9577 265.1555 15.06404074163562
1 45199U 20012X   23026.47952641  .00002110  00000-0  16050-3 0  9993
2 45199  53.0530  96.2530 0001251  94.9577 265.1555 15.06404074162628
1 45199U 20012X   23027.34204756  .00001093  00000-0  92311-4 0  9991
2 45199  53.0528  92.3809 0001284  98.4627 261.6507 15.06389188163696
1 45199U 20012X   23027.34204756  .00001093  00000-0  92311-4 0  9991
2 45199  53.0528  92.3809 0001284  98.4627 261.6507 15.06389188162752
1 45199U 20012X   23027.87281977  .00000724  00000-0  67517-4 0  9999
2 45199  53.0529  89.9983 0001282  96.2616 263.8519 15.06393967163770
1 45199U 20012X   23028.46993952  .00000232  00000-0  34440-4 0  9991
2 45199  53.0535  87.3183 0001242  97.2729 262.8401 15.06398104163860
1 45199U 20012X   23028.46993952  .00000232  00000-0  34440-4 0  9991
2 45199  53.0535  87.3183 0001242  97.2729 262.8401 15.06398104162926
1 45199U 20012X   23028.86801692 -.00000142  00000-0  93659-5 0  9993
2 45199  53.0529  85.5306 0001217  96.2864 263.8264 15.06403432163927
1 45199U 20012X   23029.13341156  .00002108  00000-0  16039-3 0  9996
2 45199  53.0528  84.3390 0001246  88.4192 271.6940 15.06386313163022
1 45199U 20012X   23029.86322172 -.00004373  00000-0 -27472-3 0  9994
2 45199  53.0532  81.0628 0001426  82.9394 277.1757 15.06421132164070
1 45199U 20012X   23030.12860987 -.00003193  00000-0 -19547-3 0  9999
2 45199  53.0532  79.8718 0001394  84.4487 275.6661 15.06410604163178
1 45199U 20012X   23030.39400012  .00000808  00000-0  73161-4 0  9998
2 45199  53.0530  78.6805 0001336  83.4880 276.6261 15.06394892163214
1 45199U 20012X   23030.46034508  .00001678  00000-0  13154-3 0  9990
2 45199  53.0533  78.3822 0001359  85.9091 274.2054 15.06395321164166
1 45199U 20012X   23030.85842337  .00000418  00000-0  46978-4 0  9992
2 45199  53.0533  76.5948 0001315  90.4087 269.7053 15.06401210164223
1 45199U 20012X   23031.32285522  .00000335  00000-0  41388-4 0  9990
2 45199  53.0531  74.5098 0001426  84.7581 275.3571 15.06396885164299
