1 45206U 20012AE  22365.22274065  .00000285  00000-0  38049-4 0  9991
2 45206  53.0543 194.1111 0001305  85.6672 274.4466 15.06390258158938
1 45206U 20012AE  22365.55447726  .00001657  00000-0  13014-3 0  9991
2 45206  53.0545 192.6218 0001196  83.9767 276.1358 15.06386079158985
1 45206U 20012AE  22365.81986512  .00001883  00000-0  14532-3 0  9998
2 45206  53.0546 191.4305 0001212  84.2604 275.8524 15.06388611159024
1 45206U 20012AE  23001.48333311  .00002080  00000-0  15849-3 0  9994
2 45206  53.0549 188.4520 0001217  84.2765 275.8363 15.06394845159123
1 45206U 20012AE  23001.48333311  .00002080  00000-0  15849-3 0  9994
2 45206  53.0549 188.4520 0001217  84.2765 275.8363 15.06394845159123
1 45206U 20012AE  23001.81506631  .00001897  00000-0  14623-3 0  9992
2 45206  53.0548 186.9627 0001220  84.0065 276.1063 15.06398680159175
1 45206U 20012AE  23002.47853035  .00002156  00000-0  16359-3 0  9995
2 45206  53.0549 183.9841 0001210  86.1102 274.0026 15.06404925159272
1 45206U 20012AE  23002.67756959  .00002243  00000-0  16940-3 0  9997
2 45206  53.0549 183.0905 0001209  85.9137 274.1990 15.06405670159300
1 45206U 20012AE  23002.67756959  .00002243  00000-0  16940-3 0  9997
2 45206  53.0549 183.0905 0001209  85.9137 274.1990 15.06405670159300
1 45206U 20012AE  23003.20833755  .00002710  00000-0  20067-3 0  9991
2 45206  53.0550 180.7077 0001213  83.6343 276.4784 15.06413330159381
1 45206U 20012AE  23003.73911726  .00000161  00000-0  29679-4 0  9991
2 45206  53.0539 178.3249 0001397  84.4371 275.6777 15.06402036159468
1 45206U 20012AE  23004.46892833  .00000931  00000-0  81359-4 0  9997
2 45206  53.0550 175.0490 0001265  85.5570 274.5564 15.06407899159576
1 45206U 20012AE  23004.73431406  .00000879  00000-0  77905-4 0  9995
2 45206  53.0551 173.8576 0001274  85.2997 274.8138 15.06408197159615
1 45206U 20012AE  23005.72952113  .00001619  00000-0  12754-3 0  9991
2 45206  53.0538 169.3897 0001369  82.4417 277.6727 15.06399041159765
1 45206U 20012AE  23006.26029209  .00002265  00000-0  17087-3 0  9994
2 45206  53.0535 167.0073 0001377  83.5712 276.5433 15.06405202159840
1 45206U 20012AE  23006.52568143 -.00000056  00000-0  15162-4 0  9998
2 45206  53.0536 165.8159 0001442  82.6050 277.5103 15.06400360159889
1 45206U 20012AE  23007.12279970  .00002832  00000-0  20893-3 0  9991
2 45206  53.0537 163.1353 0001373  79.6887 280.4257 15.06404570159974
1 45206U 20012AE  23007.45454018  .00002938  00000-0  21613-3 0  9993
2 45206  53.0531 161.6447 0001477  86.7764 273.3394 15.06389528160029
1 45206U 20012AE  23007.52088342 -.00000243  00000-0  26025-5 0  9996
2 45206  53.0540 161.3479 0001405  83.3128 276.8021 15.06397631160039
1 45206U 20012AE  23008.18436353 -.00000878  00000-0 -40077-4 0  9995
2 45206  53.0552 158.3706 0001423  81.1554 278.9596 15.06389739160131
1 45206U 20012AE  23008.51609408  .00000608  00000-0  59687-4 0  9991
2 45206  53.0553 156.8813 0001384  80.8653 279.2493 15.06392982160185
1 45206U 20012AE  23008.78147706  .00001113  00000-0  93629-4 0  9994
2 45206  53.0552 155.6899 0001407  81.0401 279.0747 15.06399119160229
1 45206U 20012AE  23008.78147706  .00001113  00000-0  93629-4 0  9994
2 45206  53.0552 155.6899 0001407  81.0401 279.0747 15.06399119160229
1 45206U 20012AE  23009.44494687 -.00000096  00000-0  12483-4 0  9990
2 45206  53.0551 152.7119 0001460  85.0890 275.0266 15.06399164160329
1 45206U 20012AE  23009.64398536  .00001297  00000-0  10594-3 0  9991
2 45206  53.0555 151.8184 0001371  76.8758 283.2383 15.06399528160355
1 45206U 20012AE  23010.10841244  .00002904  00000-0  21381-3 0  9995
2 45206  53.0552 149.7333 0001448  80.1375 279.9778 15.06398523160424
1 45206U 20012AE  23010.50650357  .00003855  00000-0  27769-3 0  9994
2 45206  53.0552 147.9433 0001259  90.1814 269.9319 15.06381773160489
1 45206U 20012AE  23010.63919670  .00000512  00000-0  53251-4 0  9997
2 45206  53.0550 147.3501 0001505  81.7053 278.4106 15.06391126160507
1 45206U 20012AE  23011.50169293  .00002123  00000-0  16134-3 0  9990
2 45206  53.0552 143.4781 0001435  79.2557 280.8593 15.06405407160638
1 45206U 20012AE  23011.50169293  .00002123  00000-0  16134-3 0  9990
2 45206  53.0552 143.4781 0001435  79.2557 280.8593 15.06405407160638
1 45206U 20012AE  23011.63438679  .00002187  00000-0  16563-3 0  9997
2 45206  53.0552 142.8826 0001389  76.8009 283.3135 15.06405067160658
1 45206U 20012AE  23012.69593599  .00002261  00000-0  17064-3 0  9997
2 45206  53.0548 138.1180 0001374  65.6974 294.4158 15.06403324160815
1 45206U 20012AE  23012.69593599  .00002261  00000-0  17064-3 0  9997
2 45206  53.0548 138.1180 0001374  65.6974 294.4158 15.06403324160815
1 45206U 20012AE  23013.55844896 -.00000752  00000-0 -31588-4 0  9995
2 45206  53.0551 134.2462 0001412  66.7099 293.4039 15.06400879160945
1 45206U 20012AE  23013.62480262  .00006325  00000-0  44347-3 0  9992
2 45206  53.0548 133.9488 0001518  74.1210 285.9946 15.06368665160950
1 45206U 20012AE  23013.69113388  .00000834  00000-0  74886-4 0  9992
2 45206  53.0546 133.6509 0001314  68.1812 291.9317 15.06408598160964
1 45206U 20012AE  23013.69113388  .00000834  00000-0  74886-4 0  9992
2 45206  53.0546 133.6509 0001314  68.1812 291.9317 15.06408598160964
1 45206U 20012AE  23014.02288072 -.00000734  00000-0 -30353-4 0  9995
2 45206  53.0548 132.1614 0001672  66.3630 293.7534 15.06394612161011
1 45206U 20012AE  23014.68634335  .00001534  00000-0  12188-3 0  9996
2 45206  53.0554 129.1831 0001486  67.6949 292.4197 15.06398379161111
1 45206U 20012AE  23015.01809500 -.00000880  00000-0 -40193-4 0  9995
2 45206  53.0562 127.6936 0001445  71.4289 288.6857 15.06380986161164
1 45206U 20012AE  23015.61522191 -.00001133  00000-0 -57226-4 0  9996
2 45206  53.0561 125.0170 0001396  68.1519 291.9619 15.06385157161257
1 45206U 20012AE  23016.47772585  .00000395  00000-0  45415-4 0  9999
2 45206  53.0566 121.1451 0001819  79.3992 280.7202 15.06398903161381
1 45206U 20012AE  23016.54407144  .00001200  00000-0  99468-4 0  9996
2 45206  53.0551 120.8434 0001386  86.6662 273.4485 15.06397195161391
1 45206U 20012AE  23016.61041407  .00001560  00000-0  12360-3 0  9994
2 45206  53.0556 120.5442 0001968 104.2954 255.8254 15.06403226161402
1 45206U 20012AE  23016.61041407  .00001560  00000-0  12360-3 0  9994
2 45206  53.0556 120.5442 0001968 104.2954 255.8254 15.06403226161402
1 45206U 20012AE  23017.00850840  .00002417  00000-0  18120-3 0  9999
2 45206  53.0553 118.7615 0001381  79.3919 280.7225 15.06384906161466
1 45206U 20012AE  23017.53929254  .00001198  00000-0  99335-4 0  9996
2 45206  53.0552 116.3774 0002046  85.0666 275.0557 15.06385124161544
1 45206U 20012AE  23017.67198718  .00000090  00000-0  24951-4 0  9996
2 45206  53.0559 115.7787 0001383 105.6955 254.4187 15.06384667161564
1 45206U 20012AE  23018.26910093 -.00000037  00000-0  16389-4 0  9998
2 45206  53.0557 113.0993 0001333 107.0098 253.1037 15.06405122161651
1 45206U 20012AE  23018.40178512  .00001275  00000-0  10443-3 0  9994
2 45206  53.0563 112.5045 0001462 108.5812 251.5336 15.06415108161674
1 45206U 20012AE  23018.40178512  .00001275  00000-0  10443-3 0  9994
2 45206  53.0563 112.5045 0001462 108.5812 251.5336 15.06415108161674
1 45206U 20012AE  23019.26430379  .00003173  00000-0  23184-3 0  9996
2 45206  53.0548 108.6356 0001350  94.6093 265.5050 15.06395959161804
1 45206U 20012AE  23019.39699652  .00003229  00000-0  23558-3 0  9998
2 45206  53.0553 108.0399 0001268  93.7132 266.4002 15.06397577161820
1 45206U 20012AE  23019.59603021  .00002665  00000-0  19768-3 0  9996
2 45206  53.0557 107.1419 0001384 114.6770 245.4363 15.06408486161859
1 45206U 20012AE  23019.92776893  .00001984  00000-0  15203-3 0  9994
2 45206  53.0564 105.6520 0001418  77.7651 282.3497 15.06404341161908
1 45206U 20012AE  23020.52489998 -.00000996  00000-0 -47951-4 0  9999
2 45206  53.0585 102.9815 0001604 109.9693 250.1469 15.06396730161992
1 45206U 20012AE  23020.52489998 -.00000996  00000-0 -47951-4 0  9999
2 45206  53.0585 102.9815 0001604 109.9693 250.1469 15.06396730161992
1 45206U 20012AE  23020.59123807 -.00000197  00000-0  56581-5 0  9992
2 45206  53.0558 102.6759 0001172  90.4517 269.6607 15.06407761162004
1 45206U 20012AE  23020.92298207 -.00000537  00000-0 -17190-4 0  9997
2 45206  53.0543 101.1871 0001154  93.1646 266.9475 15.06392524162058
1 45206U 20012AE  23021.58644226  .00000444  00000-0  48667-4 0  9994
2 45206  53.0560  98.2072 0001275  92.0068 268.1067 15.06405506162153
1 45206U 20012AE  23023.17877778  .00000793  00000-0  72168-4 0  9991
2 45206  53.0562  91.0622 0001607  79.6825 280.4345 15.06392929162394
1 45206U 20012AE  23024.37301573  .00001468  00000-0  11744-3 0  9991
2 45206  53.0561  85.7003 0001187  81.8729 278.2395 15.06400815162571
1 45206U 20012AE  23025.16918683  .00005317  00000-0  37580-3 0  9998
2 45206  53.0570  82.1270 0001419  84.5084 275.6067 15.06379676162690
1 45206U 20012AE  23025.43456822  .00001826  00000-0  14143-3 0  9991
2 45206  53.0556  80.9345 0001346  88.5296 271.5847 15.06395994162738
1 45206U 20012AE  23025.56725900  .00001541  00000-0  12234-3 0  9994
2 45206  53.0559  80.3380 0001380  89.3891 270.7256 15.06401192162757
1 45206U 20012AE  23025.83265108  .00000774  00000-0  70870-4 0  9991
2 45206  53.0546  79.1451 0001253  84.1157 275.9975 15.06395644162798
1 45206U 20012AE  23026.09804272 -.00000502  00000-0 -14839-4 0  9995
2 45206  53.0563  77.9545 0001453  94.5018 265.6137 15.06393954162833
1 45206U 20012AE  23026.36338454  .00006758  00000-0  47154-3 0  9991
2 45206  53.0558  76.7636 0001662 123.1839 236.9310 15.06445664162871
1 45206U 20012AE  23026.36338454  .00006758  00000-0  47154-3 0  9991
2 45206  53.0558  76.7636 0001662 123.1839 236.9310 15.06445664162871
1 45206U 20012AE  23026.82783206  .00003447  00000-0  25009-3 0  9998
2 45206  53.0554  74.6782 0001419  82.6949 277.4201 15.06417602162945
1 45206U 20012AE  23027.15959548 -.00001811  00000-0 -10277-3 0  9995
2 45206  53.0551  73.1891 0001090 101.5041 258.6071 15.06381645162994
1 45206U 20012AE  23027.49132764 -.00001079  00000-0 -53599-4 0  9996
2 45206  53.0565  71.7008 0001318 106.8942 253.2192 15.06386763163042
1 45206U 20012AE  23027.49132764 -.00001079  00000-0 -53599-4 0  9996
2 45206  53.0565  71.7008 0001318 106.8942 253.2192 15.06386763163042
1 45206U 20012AE  23027.82305982 -.00001195  00000-0 -61380-4 0  9993
2 45206  53.0574  70.2130 0001231  95.4767 264.6362 15.06393305163094
1 45206U 20012AE  23028.48652738  .00001084  00000-0  91671-4 0  9991
2 45206  53.0564  67.2336 0001087  84.8595 275.2518 15.06397815163199
1 45206U 20012AE  23028.48652738  .00001084  00000-0  91671-4 0  9991
2 45206  53.0564  67.2336 0001087  84.8595 275.2518 15.06397815163199
1 45206U 20012AE  23028.81826029 -.00001368  00000-0 -73004-4 0  9991
2 45206  53.0561  65.7436 0001252  80.1359 279.9771 15.06396180163243
1 45206U 20012AE  23029.08365432  .00003705  00000-0  26756-3 0  9993
2 45206  53.0560  64.5523 0000916  84.9839 275.1255 15.06385179163282
1 45206U 20012AE  23029.48173302  .00004329  00000-0  30935-3 0  9997
2 45206  53.0557  62.7652 0001040  86.7696 273.3412 15.06395152163345
1 45206U 20012AE  23029.81346729  .00002853  00000-0  21035-3 0  9990
2 45206  53.0556  61.2760 0000969  80.4317 279.6782 15.06396508163398
1 45206U 20012AE  23030.47693596  .00002381  00000-0  17865-3 0  9993
2 45206  53.0554  58.2982 0001058  77.3044 282.8063 15.06400409163495
1 45206U 20012AE  23031.07406019  .00004040  00000-0  29001-3 0  9991
2 45206  53.0549  55.6169 0001085  88.8098 271.3015 15.06395065163584
1 45206U 20012AE  23031.47213513  .00002363  00000-0  17743-3 0  9996
2 45206  53.0549  53.8306 0001213  81.0219 279.0908 15.06405802163644
1 45206U 20012AE  23031.47213513  .00002363  00000-0  17743-3 0  9996
2 45206  53.0549  53.8306 0001213  81.0219 279.0908 15.06405802163644
