1 45202U 20012AA  22365.27474689  .00058406  00000-0  20630-2 0  9999
2 45202  52.9643 198.7855 0004630 143.9704 216.1606 15.28664942159787
1 45202U 20012AA  22365.53626051  .00054941  00000-0  19403-2 0  9996
2 45202  52.9644 197.5686 0004458 144.2598 215.8699 15.28698431159823
1 45202U 20012AA  22365.53626051  .00054941  00000-0  19403-2 0  9996
2 45202  52.9644 197.5686 0004458 144.2598 215.8699 15.28698431158877
1 45202U 20012AA  23001.51687994  .00056124  00000-0  19733-2 0  9996
2 45202  52.9642 193.0029 0004295 145.7419 214.3857 15.28834536159974
1 45202U 20012AA  23001.51687994  .00056124  00000-0  19733-2 0  9996
2 45202  52.9642 193.0029 0004295 145.7419 214.3857 15.28834536159020
1 45202U 20012AA  23001.97447434  .00052462  00000-0  18431-2 0  9994
2 45202  52.9643 190.8717 0004218 147.5105 212.6153 15.28890846160047
1 45202U 20012AA  23002.49742087  .00047007  00000-0  16512-2 0  9991
2 45202  52.9638 188.4373 0004042 147.8378 212.2867 15.28945682160128
1 45202U 20012AA  23002.69352072  .00044215  00000-0  15534-2 0  9995
2 45202  52.9638 187.5232 0004076 149.4914 210.6322 15.28967315160151
1 45202U 20012AA  23002.69352072  .00044215  00000-0  15534-2 0  9995
2 45202  52.9638 187.5232 0004076 149.4914 210.6322 15.28967315159205
1 45202U 20012AA  23003.21643939  .00047365  00000-0  16594-2 0  9995
2 45202  52.9634 185.0874 0004022 149.9301 210.1928 15.29028393159282
1 45202U 20012AA  23003.93542182  .00049077  00000-0  17145-2 0  9997
2 45202  52.9629 181.7379 0003909 151.5052 208.6160 15.29105656160341
1 45202U 20012AA  23003.93542182  .00049077  00000-0  17145-2 0  9997
2 45202  52.9629 181.7379 0003909 151.5052 208.6160 15.29105656159394
1 45202U 20012AA  23004.85042589  .00060891  00000-0  21119-2 0  9998
2 45202  52.9629 177.4745 0003743 151.0013 209.1193 15.29244400160486
1 45202U 20012AA  23004.98113251  .00060237  00000-0  20880-2 0  9995
2 45202  52.9624 176.8658 0003652 155.1750 204.9424 15.29268483160509
1 45202U 20012AA  23004.98113251  .00060237  00000-0  20880-2 0  9995
2 45202  52.9624 176.8658 0003652 155.1750 204.9424 15.29268483159552
1 45202U 20012AA  23006.54948437  .00059258  00000-0  20388-2 0  9995
2 45202  52.9607 169.5563 0003149 159.0404 201.0724 15.29520187160743
1 45202U 20012AA  23006.54948437  .00059258  00000-0  20388-2 0  9995
2 45202  52.9607 169.5563 0003149 159.0404 201.0724 15.29520187159796
1 45202U 20012AA  23007.72557549  .00074218  00000-0  25303-2 0  9991
2 45202  52.9616 164.0743 0002919 160.9346 199.1762 15.29712678160920
1 45202U 20012AA  23007.72557549  .00074218  00000-0  25303-2 0  9991
2 45202  52.9616 164.0743 0002919 160.9346 199.1762 15.29712678159973
1 45202U 20012AA  23008.11757206  .00074647  00000-0  25394-2 0  9993
2 45202  52.9620 162.2470 0002847 160.4327 199.6781 15.29780660160984
1 45202U 20012AA  23008.11757206  .00074647  00000-0  25394-2 0  9993
2 45202  52.9620 162.2470 0002847 160.4327 199.6781 15.29780660160030
1 45202U 20012AA  23009.68537699  .00067617  00000-0  22846-2 0  9996
2 45202  52.9650 154.9388 0003581 140.8227 219.3031 15.30047032161227
1 45202U 20012AA  23009.68537699  .00067617  00000-0  22846-2 0  9996
2 45202  52.9650 154.9388 0003581 140.8227 219.3031 15.30047032160271
1 45202U 20012AA  23011.77531966  .00108686  00000-0  35956-2 0  9998
2 45202  52.9627 145.1801 0001416 165.6455 194.4584 15.30489554160590
1 45202U 20012AA  23011.84061992  .00116867  00000-0  38585-2 0  9994
2 45202  52.9628 144.8754 0001399 165.6206 194.4832 15.30511235161553
1 45202U 20012AA  23012.75476853  .00102515  00000-0  33731-2 0  9994
2 45202  52.9631 140.6069 0001058 161.3053 198.7984 15.30698046161691
1 45202U 20012AA  23013.08122275  .00107466  00000-0  35254-2 0  9999
2 45202  52.9631 139.0833 0000909 156.9617 203.1422 15.30768232160795
1 45202U 20012AA  23013.60352002  .00101962  00000-0  33371-2 0  9993
2 45202  52.9629 136.6439 0000724 151.3093 208.7945 15.30872689161827
1 45202U 20012AA  23013.73408838  .00101376  00000-0  33152-2 0  9992
2 45202  52.9627 136.0341 0000717 145.3870 214.7175 15.30902498161845
1 45202U 20012AA  23014.58271870  .00108531  00000-0  35230-2 0  9999
2 45202  52.9630 132.0690 0000521 118.9634 241.1417 15.31102235161024
1 45202U 20012AA  23015.03962984  .00148394  00000-0  47706-2 0  9995
2 45202  52.9629 129.9341 0000582  95.2282 264.8783 15.31212020161092
1 45202U 20012AA  23015.56176446  .00126043  00000-0  40464-2 0  9994
2 45202  52.9629 127.4933 0000589  71.9139 288.1924 15.31367871162127
1 45202U 20012AA  23015.69229020  .00122208  00000-0  39210-2 0  9991
2 45202  52.9629 126.8836 0000611  58.4996 301.6063 15.31406082162144
1 45202U 20012AA  23016.01858992  .00156495  00000-0  49784-2 0  9996
2 45202  52.9629 125.3583 0000763  55.5240 304.5830 15.31511173161247
1 45202U 20012AA  23016.54062048  .00137256  00000-0  43569-2 0  9992
2 45202  52.9629 122.9167 0000790  46.1263 313.9801 15.31674580162277
1 45202U 20012AA  23016.60587090  .00135485  00000-0  42996-2 0  9993
2 45202  52.9629 122.6116 0000799  45.2847 314.8217 15.31691486162281
1 45202U 20012AA  23016.99735877  .00133418  00000-0  42225-2 0  9992
2 45202  52.9626 120.7814 0000999  38.6666 321.4404 15.31789008161390
1 45202U 20012AA  23017.32358008  .00111764  00000-0  35414-2 0  9999
2 45202  52.9626 119.2552 0001095  37.0905 323.0169 15.31861171162398
1 45202U 20012AA  23017.32358008  .00111764  00000-0  35414-2 0  9999
2 45202  52.9626 119.2552 0001095  37.0905 323.0169 15.31861171161443
1 45202U 20012AA  23018.30214720  .00151991  00000-0  47498-2 0  9991
2 45202  52.9630 114.6771 0001490  39.0209 321.0897 15.32103886161593
1 45202U 20012AA  23018.43261110  .00150763  00000-0  47074-2 0  9996
2 45202  52.9630 114.0663 0001535  40.6653 319.4461 15.32137029162560
1 45202U 20012AA  23018.95443979  .00134302  00000-0  41879-2 0  9996
2 45202  52.9625 111.6240 0001655  39.7578 320.3542 15.32259408161696
1 45202U 20012AA  23019.28056149  .00108747  00000-0  33975-2 0  9994
2 45202  52.9625 110.0977 0001749  39.7775 320.3352 15.32328512161747
1 45202U 20012AA  23019.41100583  .00127511  00000-0  39673-2 0  9992
2 45202  52.9629 109.4869 0001768  39.6934 320.4194 15.32364152162713
1 45202U 20012AA  23019.54144722  .00131557  00000-0  40866-2 0  9990
2 45202  52.9625 108.8759 0001785  40.4093 319.7039 15.32395586161785
1 45202U 20012AA  23019.93275724  .00122183  00000-0  37910-2 0  9991
2 45202  52.9630 107.0446 0001877  43.3637 316.7510 15.32479611161843
1 45202U 20012AA  23020.51968087  .00107910  00000-0  33428-2 0  9999
2 45202  52.9627 104.2959 0001990  42.3633 317.7520 15.32604125162885
1 45202U 20012AA  23020.51968087  .00107910  00000-0  33428-2 0  9999
2 45202  52.9627 104.2959 0001990  42.3633 317.7520 15.32604125161930
1 45202U 20012AA  23021.49777501  .00124791  00000-0  38270-2 0  9992
2 45202  52.9627  99.7144 0002272  43.0888 317.0289 15.32838251162089
1 45202U 20012AA  23022.60609851  .00112216  00000-0  34200-2 0  9996
2 45202  52.9629  94.5206 0002607  45.3810 314.7402 15.33099971162254
1 45202U 20012AA  23024.17048392  .00116551  00000-0  35111-2 0  9995
2 45202  52.9632  87.1868 0003150  47.8605 312.2661 15.33445464162491
1 45202U 20012AA  23025.14804984  .00109890  00000-0  32935-2 0  9999
2 45202  52.9631  82.6016 0003433  50.5408 309.5895 15.33641814162643
1 45202U 20012AA  23025.47387726  .00093771  00000-0  28125-2 0  9991
2 45202  52.9633  81.0727 0003487  51.1968 308.9343 15.33704546163648
1 45202U 20012AA  23025.47387726  .00093771  00000-0  28125-2 0  9991
2 45202  52.9633  81.0727 0003487  51.1968 308.9343 15.33704546162692
1 45202U 20012AA  23026.12549306  .00112715  00000-0  33556-2 0  9992
2 45202  52.9631  78.0160 0003690  52.7504 307.3831 15.33838903162797
1 45202U 20012AA  23026.45127825  .00099086  00000-0  29503-2 0  9998
2 45202  52.9632  76.4869 0003767  54.8368 305.2985 15.33905567163791
1 45202U 20012AA  23027.16795554  .00099048  00000-0  29355-2 0  9990
2 45202  52.9628  73.1236 0003946  56.7728 303.3650 15.34052116162957
1 45202U 20012AA  23027.36340163  .00085463  00000-0  25364-2 0  9996
2 45202  52.9629  72.2058 0003943  58.0659 302.0724 15.34084420163935
1 45202U 20012AA  23027.36340163  .00085463  00000-0  25364-2 0  9996
2 45202  52.9629  72.2058 0003943  58.0659 302.0724 15.34084420162989
1 45202U 20012AA  23028.40571267  .00088216  00000-0  26020-2 0  9992
2 45202  52.9623  67.3124 0004097  62.3557 297.7859 15.34262720164092
1 45202U 20012AA  23028.40571267  .00088216  00000-0  26020-2 0  9992
2 45202  52.9623  67.3124 0004097  62.3557 297.7859 15.34262720163147
1 45202U 20012AA  23028.79654858  .00076468  00000-0  22562-2 0  9995
2 45202  52.9624  65.4777 0004188  63.8276 296.3155 15.34322576164158
1 45202U 20012AA  23029.12223278  .00074656  00000-0  21999-2 0  9991
2 45202  52.9621  63.9482 0004199  64.4191 295.7242 15.34374470163256
1 45202U 20012AA  23029.77356897  .00072709  00000-0  21367-2 0  9992
2 45202  52.9625  60.8892 0004281  67.4988 292.6465 15.34472547164304
1 45202U 20012AA  23030.22948060  .00067474  00000-0  19809-2 0  9994
2 45202  52.9625  58.7478 0004282  69.2404 290.9054 15.34538260163426
1 45202U 20012AA  23030.35973699  .00071010  00000-0  20817-2 0  9996
2 45202  52.9627  58.1358 0004301  70.4022 289.7442 15.34560004164396
1 45202U 20012AA  23031.07612202  .00068909  00000-0  20147-2 0  9995
2 45202  52.9629  54.7710 0004417  71.9768 288.1713 15.34657845164500
1 45202U 20012AA  23031.07612202  .00068909  00000-0  20147-2 0  9995
2 45202  52.9629  54.7710 0004417  71.9768 288.1713 15.34657845163554
