1 45207U 20012AF  22365.54895387  .00000162  00000-0  29796-4 0  9996
2 45207  53.0543 212.6552 0001287  82.8059 277.3077 15.06379257159657
1 45207U 20012AF  22365.54895387  .00000162  00000-0  29796-4 0  9996
2 45207  53.0543 212.6552 0001287  82.8059 277.3077 15.06379257158713
1 45207U 20012AF  22365.74799439 -.00000042  00000-0  16068-4 0  9995
2 45207  53.0544 211.7615 0001356  80.6999 279.4144 15.06383955159685
1 45207U 20012AF  23001.01338132  .00000341  00000-0  41795-4 0  9998
2 45207  53.0544 210.5702 0001383  80.4497 279.6648 15.06387210158789
1 45207U 20012AF  23001.27876908  .00000358  00000-0  42930-4 0  9994
2 45207  53.0542 209.3789 0001383  80.7983 279.3163 15.06389353159769
1 45207U 20012AF  23001.74319659 -.00000152  00000-0  86927-5 0  9999
2 45207  53.0543 207.2939 0001388  81.6739 278.4407 15.06395427159836
1 45207U 20012AF  23002.00858255  .00000261  00000-0  36401-4 0  9990
2 45207  53.0543 206.1025 0001386  81.3033 278.8113 15.06397730158939
1 45207U 20012AF  23002.53936001  .00002061  00000-0  15726-3 0  9990
2 45207  53.0543 203.7196 0001437  80.6583 279.4568 15.06391873159956
1 45207U 20012AF  23002.80474698  .00002100  00000-0  15986-3 0  9991
2 45207  53.0543 202.5283 0001447  80.7711 279.3441 15.06394563159997
1 45207U 20012AF  23003.53455870  .00001852  00000-0  14318-3 0  9994
2 45207  53.0544 199.2518 0001485  80.7464 279.3693 15.06402038160109
1 45207U 20012AF  23003.53455870  .00001852  00000-0  14318-3 0  9994
2 45207  53.0544 199.2518 0001485  80.7464 279.3693 15.06402038159163
1 45207U 20012AF  23004.52975081  .00002164  00000-0  16409-3 0  9995
2 45207  53.0543 194.7842 0001517  80.9733 279.1427 15.06411928160252
1 45207U 20012AF  23004.79513951  .00001472  00000-0  11768-3 0  9992
2 45207  53.0546 193.5928 0001526  80.9294 279.1868 15.06408234160298
1 45207U 20012AF  23004.79513951  .00001472  00000-0  11768-3 0  9992
2 45207  53.0546 193.5928 0001526  80.9294 279.1868 15.06408234159353
1 45207U 20012AF  23004.92783692  .00000362  00000-0  43195-4 0  9995
2 45207  53.0551 192.9970 0001465  82.9334 277.1822 15.06402969159377
1 45207U 20012AF  23005.52495709  .00000119  00000-0  26914-4 0  9991
2 45207  53.0554 190.3170 0001400  79.7342 280.3805 15.06401620160402
1 45207U 20012AF  23005.79034031  .00000475  00000-0  50793-4 0  9994
2 45207  53.0553 189.1256 0001408  79.8520 280.2628 15.06405090160440
1 45207U 20012AF  23006.18841962 -.00001484  00000-0 -80704-4 0  9995
2 45207  53.0547 187.3385 0001271  79.0597 281.0535 15.06408449159568
1 45207U 20012AF  23006.45381247 -.00001200  00000-0 -61660-4 0  9996
2 45207  53.0550 186.1474 0001415  80.4749 279.6400 15.06398624159605
1 45207U 20012AF  23006.91824099 -.00001791  00000-0 -10137-3 0  9991
2 45207  53.0547 184.0623 0001452  82.6128 277.5025 15.06399508160615
1 45207U 20012AF  23007.18362938  .00000191  00000-0  31750-4 0  9996
2 45207  53.0548 182.8710 0001432  80.2781 279.8370 15.06394069160655
1 45207U 20012AF  23007.51536036  .00000163  00000-0  29854-4 0  9996
2 45207  53.0548 181.3815 0001399  80.1291 279.9856 15.06399770159766
1 45207U 20012AF  23007.84709286  .00000321  00000-0  40439-4 0  9999
2 45207  53.0546 179.8921 0001368  78.1748 281.9394 15.06401370160755
1 45207U 20012AF  23008.51056348  .00001249  00000-0  10275-3 0  9992
2 45207  53.0551 176.9131 0001368  76.5942 283.5200 15.06392935160851
1 45207U 20012AF  23008.84228626  .00002289  00000-0  17250-3 0  9993
2 45207  53.0546 175.4234 0001180  83.6151 276.4972 15.06405726160902
1 45207U 20012AF  23008.84228626  .00002289  00000-0  17250-3 0  9993
2 45207  53.0546 175.4234 0001180  83.6151 276.4972 15.06405726159966
1 45207U 20012AF  23009.43941333  .00000184  00000-0  31227-4 0  9999
2 45207  53.0555 172.7437 0001453  77.9706 282.1446 15.06398152160995
1 45207U 20012AF  23009.43941333  .00000184  00000-0  31227-4 0  9999
2 45207  53.0555 172.7437 0001453  77.9706 282.1446 15.06398152160052
1 45207U 20012AF  23009.83749351 -.00000418  00000-0 -91801-5 0  9996
2 45207  53.0555 170.9568 0001275  77.2482 282.8650 15.06399279161059
1 45207U 20012AF  23010.43462065 -.00000620  00000-0 -22713-4 0  9998
2 45207  53.0548 168.2761 0001130  77.7876 282.3240 15.06390176161145
1 45207U 20012AF  23010.43462065 -.00000620  00000-0 -22713-4 0  9998
2 45207  53.0548 168.2761 0001130  77.7876 282.3240 15.06390176160201
1 45207U 20012AF  23010.70000095 -.00001137  00000-0 -57418-4 0  9993
2 45207  53.0519 167.0852 0001807  77.7527 282.3664 15.06404388160246
1 45207U 20012AF  23010.83269127  .00001700  00000-0  13298-3 0  9991
2 45207  53.0528 166.4888 0001577  64.8950 295.2203 15.06401540161205
1 45207U 20012AF  23011.56248697  .00002364  00000-0  17746-3 0  9990
2 45207  53.0541 163.2126 0001123  93.1600 266.9517 15.06411592161317
1 45207U 20012AF  23011.69520392 -.00001449  00000-0 -78467-4 0  9992
2 45207  53.0547 162.6174 0001243  90.3701 269.7430 15.06383809160394
1 45207U 20012AF  23011.82789844 -.00001174  00000-0 -59986-4 0  9996
2 45207  53.0544 162.0220 0001233  89.1819 270.9311 15.06383350161352
1 45207U 20012AF  23012.69041793 -.00002496  00000-0 -14881-3 0  9998
2 45207  53.0539 158.1506 0001728  90.8402 269.2785 15.06384240161484
1 45207U 20012AF  23013.08849781 -.00003958  00000-0 -24698-3 0  9996
2 45207  53.0542 156.3636 0001384  92.5986 267.5161 15.06394377160600
1 45207U 20012AF  23013.55293412  .00000898  00000-0  79214-4 0  9995
2 45207  53.0542 154.2787 0001378 102.0471 258.0673 15.06370167160674
1 45207U 20012AF  23013.75197618  .00001146  00000-0  95912-4 0  9998
2 45207  53.0547 153.3848 0001390 101.6383 258.4762 15.06372636161642
1 45207U 20012AF  23014.48179244  .00002633  00000-0  19569-3 0  9999
2 45207  53.0538 150.1091 0001469  95.3782 264.7374 15.06383198160818
1 45207U 20012AF  23015.54335185  .00001698  00000-0  13289-3 0  9998
2 45207  53.0531 145.3448 0001232  89.1907 270.9223 15.06384846160971
1 45207U 20012AF  23015.60969598  .00001591  00000-0  12570-3 0  9990
2 45207  53.0524 145.0465 0001247  85.2681 274.8450 15.06390072161920
1 45207U 20012AF  23015.67603377  .00002549  00000-0  18993-3 0  9996
2 45207  53.0543 144.7460 0001257  87.1707 272.9426 15.06401513161939
1 45207U 20012AF  23015.67603377  .00002549  00000-0  18993-3 0  9996
2 45207  53.0543 144.7460 0001257  87.1707 272.9426 15.06401513160994
1 45207U 20012AF  23016.07412390  .00001725  00000-0  13470-3 0  9994
2 45207  53.0543 142.9611 0001364  77.5349 282.5792 15.06394229161052
1 45207U 20012AF  23016.60489599  .00001421  00000-0  11426-3 0  9990
2 45207  53.0539 140.5779 0001413  81.2359 278.8790 15.06400256162071
1 45207U 20012AF  23016.73758357  .00001826  00000-0  14141-3 0  9991
2 45207  53.0545 139.9813 0001332  78.3608 281.7530 15.06407635162098
1 45207U 20012AF  23016.73758357  .00001826  00000-0  14141-3 0  9991
2 45207  53.0545 139.9813 0001332  78.3608 281.7530 15.06407635161154
1 45207U 20012AF  23017.06932888  .00001082  00000-0  91521-4 0  9993
2 45207  53.0538 138.4937 0001438  80.5189 279.5962 15.06391780161206
1 45207U 20012AF  23017.60010881  .00000557  00000-0  56277-4 0  9998
2 45207  53.0541 136.1121 0001214  80.4185 279.6941 15.06388731162220
1 45207U 20012AF  23017.73279419  .00000163  00000-0  29842-4 0  9997
2 45207  53.0549 135.5131 0001432  85.6631 274.4522 15.06403419162248
1 45207U 20012AF  23017.73279419  .00000163  00000-0  29842-4 0  9997
2 45207  53.0549 135.5131 0001432  85.6631 274.4522 15.06403419161304
1 45207U 20012AF  23018.32992433  .00000528  00000-0  54361-4 0  9990
2 45207  53.0537 132.8339 0001596  80.9771 279.1399 15.06392180161390
1 45207U 20012AF  23018.52895607  .00001514  00000-0  12051-3 0  9992
2 45207  53.0548 131.9415 0001710  85.5549 274.5635 15.06403899162369
1 45207U 20012AF  23018.52895607  .00001514  00000-0  12051-3 0  9992
2 45207  53.0548 131.9415 0001710  85.5549 274.5635 15.06403899161425
1 45207U 20012AF  23018.59529611  .00001469  00000-0  11745-3 0  9996
2 45207  53.0551 131.6415 0001372  88.5178 271.5968 15.06413083162378
1 45207U 20012AF  23018.59529611  .00001469  00000-0  11745-3 0  9996
2 45207  53.0551 131.6415 0001372  88.5178 271.5968 15.06413083161434
1 45207U 20012AF  23018.99338559 -.00000299  00000-0 -11555-5 0  9992
2 45207  53.0550 129.8553 0001340  77.9142 282.1997 15.06402551161497
1 45207U 20012AF  23019.32513367  .00000664  00000-0  63516-4 0  9999
2 45207  53.0558 128.3680 0001148  87.9449 272.1671 15.06381572161540
1 45207U 20012AF  23019.45782478  .00001326  00000-0  10790-3 0  9995
2 45207  53.0558 127.7733 0001392  96.3192 263.7955 15.06386901162501
1 45207U 20012AF  23019.65685532  .00001128  00000-0  94630-4 0  9996
2 45207  53.0543 126.8776 0001336  88.3793 271.7349 15.06403097161598
1 45207U 20012AF  23019.98859571  .00000898  00000-0  79215-4 0  9993
2 45207  53.0546 125.3878 0001506  92.6839 267.4322 15.06395222161645
1 45207U 20012AF  23020.45302064  .00000182  00000-0  31073-4 0  9993
2 45207  53.0555 123.3031 0001031  93.9311 266.1796 15.06402459162650
1 45207U 20012AF  23020.58570639  .00001520  00000-0  12090-3 0  9996
2 45207  53.0542 122.7082 0001201  92.9297 267.1830 15.06411861161731
1 45207U 20012AF  23021.44823511  .00001157  00000-0  96609-4 0  9997
2 45207  53.0549 118.8375 0001353  75.2053 284.9086 15.06388642161865
1 45207U 20012AF  23021.64727097  .00000913  00000-0  80149-4 0  9992
2 45207  53.0546 117.9411 0001283  91.1288 268.9847 15.06396858161890
1 45207U 20012AF  23023.23959289  .00001427  00000-0  11468-3 0  9997
2 45207  53.0557 110.7921 0001583  79.7572 280.3596 15.06398091162138
1 45207U 20012AF  23024.43383513 -.00000520  00000-0 -16027-4 0  9993
2 45207  53.0538 105.4336 0001274  71.6865 288.4262 15.06405114162315
1 45207U 20012AF  23025.49538921  .00001196  00000-0  99164-4 0  9996
2 45207  53.0538 100.6678 0001299  83.4059 276.7077 15.06395152163410
1 45207U 20012AF  23025.49538921  .00001196  00000-0  99164-4 0  9996
2 45207  53.0538 100.6678 0001299  83.4059 276.7077 15.06395152162475
1 45207U 20012AF  23026.42424222  .00001228  00000-0  10132-3 0  9991
2 45207  53.0539  96.4981 0001184  93.3122 266.8002 15.06402752163552
1 45207U 20012AF  23026.88866826  .00002837  00000-0  20926-3 0  9990
2 45207  53.0541  94.4134 0001201  91.1439 268.9687 15.06401675162688
1 45207U 20012AF  23027.48579652  .00001567  00000-0  12411-3 0  9994
2 45207  53.0543  91.7332 0001393  93.9000 266.2148 15.06394725163711
1 45207U 20012AF  23027.48579652  .00001567  00000-0  12411-3 0  9994
2 45207  53.0543  91.7332 0001393  93.9000 266.2148 15.06394725162776
1 45207U 20012AF  23027.88387616  .00000966  00000-0  83754-4 0  9996
2 45207  53.0549  89.9462 0001127  90.7820 269.3298 15.06397615163777
1 45207U 20012AF  23028.54734324  .00000252  00000-0  35808-4 0  9997
2 45207  53.0544  86.9666 0001201  94.4372 265.6754 15.06400806162931
1 45207U 20012AF  23028.87908020 -.00000199  00000-0  55524-5 0  9998
2 45207  53.0545  85.4785 0001234  77.6840 282.4287 15.06398119163928
1 45207U 20012AF  23029.14446903  .00000897  00000-0  79102-4 0  9997
2 45207  53.0548  84.2868 0001193  78.0638 282.0485 15.06393596163025
1 45207U 20012AF  23029.87428322  .00000751  00000-0  69283-4 0  9990
2 45207  53.0542  81.0094 0001155  83.5360 276.5760 15.06395602164076
1 45207U 20012AF  23030.33871183  .00001003  00000-0  86203-4 0  9992
2 45207  53.0538  78.9249 0001257  82.7583 277.3548 15.06395707164146
1 45207U 20012AF  23030.33871183  .00001003  00000-0  86203-4 0  9992
2 45207  53.0538  78.9249 0001257  82.7583 277.3548 15.06395707163202
1 45207U 20012AF  23031.53295309  .00000901  00000-0  79373-4 0  9991
2 45207  53.0537  73.5630 0001280  85.1459 274.9676 15.06399375163380
1 45207U 20012AF  23031.79833973  .00000828  00000-0  74463-4 0  9997
2 45207  53.0537  72.3717 0001284  83.9951 276.1184 15.06400273164367
