1 45205U 20012AD  22365.85855576  .00002877  00000-0  21195-3 0  9993
2 45205  53.0540 211.2550 0001249  76.5705 283.5423 15.06401568159724
1 45205U 20012AD  22365.99124904  .00002512  00000-0  18747-3 0  9997
2 45205  53.0543 210.6594 0001237  75.7464 284.3662 15.06403324159746
1 45205U 20012AD  23001.85376610  .00000463  00000-0  49944-4 0  9990
2 45205  53.0540 206.7872 0001294  78.1599 281.9535 15.06397649159875
1 45205U 20012AD  23001.98645871  .00000145  00000-0  28596-4 0  9999
2 45205  53.0542 206.1913 0001237  75.5324 284.5803 15.06399940158941
1 45205U 20012AD  23002.58357515 -.00000316  00000-0 -23452-5 0  9990
2 45205  53.0548 203.5108 0001205  75.5356 284.5767 15.06406639159982
1 45205U 20012AD  23002.91532009 -.00001649  00000-0 -91833-4 0  9997
2 45205  53.0537 202.0219 0001212  77.4485 282.6640 15.06392845160039
1 45205U 20012AD  23002.91532009 -.00001649  00000-0 -91833-4 0  9997
2 45205  53.0537 202.0219 0001212  77.4485 282.6640 15.06392845159082
1 45205U 20012AD  23003.57879092 -.00000473  00000-0 -12841-4 0  9992
2 45205  53.0547 199.0432 0001147  75.1633 284.9483 15.06390567160139
1 45205U 20012AD  23004.24225931 -.00000073  00000-0  14013-4 0  9992
2 45205  53.0546 196.0648 0001159  75.2078 284.9039 15.06393878160237
1 45205U 20012AD  23004.24225931 -.00000073  00000-0  14013-4 0  9992
2 45205  53.0546 196.0648 0001159  75.2078 284.9039 15.06393878159280
1 45205U 20012AD  23004.77302643 -.00003580  00000-0 -22149-3 0  9991
2 45205  53.0544 193.6819 0001239  72.3120 287.8004 15.06413533159360
1 45205U 20012AD  23004.90572710  .00001703  00000-0  13323-3 0  9997
2 45205  53.0544 193.0862 0001139  75.1710 284.9405 15.06392453160336
1 45205U 20012AD  23005.23746030  .00001845  00000-0  14273-3 0  9994
2 45205  53.0547 191.5971 0001145  74.5046 285.6069 15.06395539159436
1 45205U 20012AD  23005.50285211  .00001246  00000-0  10254-3 0  9993
2 45205  53.0548 190.4074 0000782  66.1927 293.9144 15.06390128160426
1 45205U 20012AD  23005.76824628  .00000181  00000-0  31073-4 0  9992
2 45205  53.0553 189.2152 0001215  76.8843 283.2281 15.06386981160462
1 45205U 20012AD  23006.23267632  .00000121  00000-0  27038-4 0  9991
2 45205  53.0550 187.1305 0001233  75.3516 284.7610 15.06388178159580
1 45205U 20012AD  23006.89614093  .00000189  00000-0  31550-4 0  9998
2 45205  53.0551 184.1508 0001117  77.1573 282.9541 15.06396766160630
1 45205U 20012AD  23006.89614093  .00000189  00000-0  31550-4 0  9998
2 45205  53.0551 184.1508 0001117  77.1573 282.9541 15.06396766159683
1 45205U 20012AD  23007.89133872  .00002477  00000-0  18509-3 0  9990
2 45205  53.0547 179.6833 0001053  74.3586 285.7519 15.06401514160787
1 45205U 20012AD  23008.15672324  .00002804  00000-0  20705-3 0  9995
2 45205  53.0548 178.4921 0001053  73.9129 286.1975 15.06405118159874
1 45205U 20012AD  23008.42210821  .00002857  00000-0  21057-3 0  9994
2 45205  53.0545 177.3008 0001031  74.4480 285.6622 15.06407697160865
1 45205U 20012AD  23008.75384221  .00003071  00000-0  22488-3 0  9994
2 45205  53.0536 175.8098 0001316  75.5861 284.5274 15.06411140160913
1 45205U 20012AD  23009.48365299  .00000340  00000-0  41726-4 0  9992
2 45205  53.0537 172.5351 0001014  66.6062 293.5034 15.06409082161028
1 45205U 20012AD  23009.48365299  .00000340  00000-0  41726-4 0  9992
2 45205  53.0537 172.5351 0001014  66.6062 293.5034 15.06409082160072
1 45205U 20012AD  23009.88173180  .00001131  00000-0  94764-4 0  9991
2 45205  53.0549 170.7486 0000994  72.7136 287.3961 15.06410897161088
1 45205U 20012AD  23010.14712452 -.00000188  00000-0  62531-5 0  9993
2 45205  53.0541 169.5569 0001138  74.8463 285.2652 15.06403692160173
1 45205U 20012AD  23010.47886064 -.00000887  00000-0 -40629-4 0  9990
2 45205  53.0546 168.0677 0001408  66.4521 293.6616 15.06402305161178
1 45205U 20012AD  23010.81060201 -.00003109  00000-0 -18995-3 0  9995
2 45205  53.0559 166.5784 0001158  61.2300 298.8805 15.06395268161226
1 45205U 20012AD  23010.81060201 -.00003109  00000-0 -18995-3 0  9995
2 45205  53.0559 166.5784 0001158  61.2300 298.8805 15.06395268160270
1 45205U 20012AD  23011.54041168 -.00000061  00000-0  14812-4 0  9995
2 45205  53.0556 163.3025 0001012  72.5049 287.6051 15.06399227161330
1 45205U 20012AD  23011.80579269  .00000829  00000-0  74553-4 0  9991
2 45205  53.0549 162.1104 0001378  80.4882 279.6263 15.06407807161379
1 45205U 20012AD  23011.80579269  .00000829  00000-0  74553-4 0  9991
2 45205  53.0549 162.1104 0001378  80.4882 279.6263 15.06407807160424
1 45205U 20012AD  23012.80098132  .00009800  00000-0  67534-3 0  9995
2 45205  53.0542 157.6423 0001397  73.8575 286.2568 15.06429662161523
1 45205U 20012AD  23012.80098132  .00009800  00000-0  67534-3 0  9995
2 45205  53.0542 157.6423 0001397  73.8575 286.2568 15.06429662160577
1 45205U 20012AD  23013.13272933 -.00000158  00000-0  83367-5 0  9997
2 45205  53.0536 156.1542 0002690  80.3438 279.7854 15.06401343160621
1 45205U 20012AD  23013.53081013 -.00005869  00000-0 -37554-3 0  9998
2 45205  53.0543 154.3659 0001411  91.2203 268.8948 15.06390892161630
1 45205U 20012AD  23013.66350296 -.00005619  00000-0 -35874-3 0  9990
2 45205  53.0535 153.7717 0001356  80.6731 279.4412 15.06391028161653
1 45205U 20012AD  23013.66350296 -.00005619  00000-0 -35874-3 0  9990
2 45205  53.0535 153.7717 0001356  80.6731 279.4412 15.06391028160708
1 45205U 20012AD  23014.79141193  .00016265  00000-0  11082-2 0  9990
2 45205  53.0541 148.7084 0001238  83.5352 276.5778 15.06402239160874
1 45205U 20012AD  23015.05680447  .00009577  00000-0  66101-3 0  9991
2 45205  53.0541 147.5159 0001583  88.8327 271.2843 15.06396607160918
1 45205U 20012AD  23015.58757908  .00008531  00000-0  59095-3 0  9999
2 45205  53.0535 145.1341 0001453 100.9579 259.1574 15.06399717161944
1 45205U 20012AD  23015.65392481  .00012863  00000-0  88070-3 0  9996
2 45205  53.0538 144.8373 0001279  94.1407 265.9728 15.06406983161959
1 45205U 20012AD  23016.05200605  .00012757  00000-0  87358-3 0  9997
2 45205  53.0528 143.0497 0001078  78.5519 281.5591 15.06407634161061
1 45205U 20012AD  23016.45008967  .00006001  00000-0  42147-3 0  9990
2 45205  53.0537 141.2622 0001106  75.5580 284.5532 15.06395409161129
1 45205U 20012AD  23016.58278397  .00001987  00000-0  15227-3 0  9997
2 45205  53.0543 140.6670 0001576  85.2426 274.8743 15.06395581162094
1 45205U 20012AD  23016.78182034  .00010010  00000-0  68978-3 0  9999
2 45205  53.0542 139.7723 0001175  70.1114 290.0002 15.06409851162121
1 45205U 20012AD  23017.04721556  .00000366  00000-0  43494-4 0  9997
2 45205  53.0535 138.5807 0001687  83.7241 276.3940 15.06387518161214
1 45205U 20012AD  23017.57799250  .00003116  00000-0  22801-3 0  9995
2 45205  53.0539 136.2009 0001189  86.3749 273.7376 15.06391541162245
1 45205U 20012AD  23018.30780985  .00013274  00000-0  90820-3 0  9994
2 45205  53.0542 132.9242 0001232  84.3442 275.7687 15.06404506161408
1 45205U 20012AD  23018.57319271  .00021807  00000-0  14774-2 0  9993
2 45205  53.0536 131.7324 0000944  82.6979 277.4117 15.06424386162398
1 45205U 20012AD  23018.57319271  .00021807  00000-0  14774-2 0  9993
2 45205  53.0536 131.7324 0000944  82.6979 277.4117 15.06424386161443
1 45205U 20012AD  23019.30300453 -.00001956  00000-0 -11242-3 0  9990
2 45205  53.0534 128.4553 0000739  87.4464 272.6610 15.06420378161556
1 45205U 20012AD  23019.43570056  .00003839  00000-0  27640-3 0  9991
2 45205  53.0518 127.8579 0001059  97.9827 262.1282 15.06406234162526
1 45205U 20012AD  23019.56839442  .00004223  00000-0  30216-3 0  9993
2 45205  53.0539 127.2631 0001486 104.1895 255.9259 15.06406206161591
1 45205U 20012AD  23020.49724900  .00000860  00000-0  76605-4 0  9995
2 45205  53.0539 123.0946 0001150  89.5478 270.5643 15.06404078162681
1 45205U 20012AD  23020.49724900  .00000860  00000-0  76605-4 0  9995
2 45205  53.0539 123.0946 0001150  89.5478 270.5643 15.06404078161736
1 45205U 20012AD  23021.42610712  .00001461  00000-0  11693-3 0  9997
2 45205  53.0543 118.9256 0001204  98.2985 261.8141 15.06399376161873
1 45205U 20012AD  23022.55400160  .00000454  00000-0  49333-4 0  9990
2 45205  53.0551 113.8626 0001083  86.7824 273.3289 15.06405793162048
1 45205U 20012AD  23023.01843265  .00001677  00000-0  13145-3 0  9998
2 45205  53.0562 111.7803 0001238  79.0707 281.0421 15.06399430162113
1 45205U 20012AD  23023.35017844  .00000652  00000-0  62713-4 0  9999
2 45205  53.0545 110.2887 0001300  79.0718 281.0418 15.06383914162163
1 45205U 20012AD  23023.61555888  .00000903  00000-0  79543-4 0  9991
2 45205  53.0548 109.0971 0001221  82.8168 277.2959 15.06394346162202
1 45205U 20012AD  23024.21268628  .00000890  00000-0  78674-4 0  9990
2 45205  53.0539 106.4170 0001392  67.2484 292.8652 15.06388097162299
1 45205U 20012AD  23024.47806724  .00001409  00000-0  11346-3 0  9992
2 45205  53.0553 105.2250 0001149  92.1612 267.9509 15.06396777162334
1 45205U 20012AD  23025.47327143  .00001226  00000-0  10120-3 0  9992
2 45205  53.0548 100.7579 0001206  90.6529 269.4598 15.06395842163435
1 45205U 20012AD  23025.93770217  .00005614  00000-0  39566-3 0  9997
2 45205  53.0549  98.6727 0001079 100.0919 260.0191 15.06381644162556
1 45205U 20012AD  23026.46846701 -.00000855  00000-0 -38509-4 0  9999
2 45205  53.0548  96.2897 0001530 103.9944 256.1216 15.06413299163589
1 45205U 20012AD  23026.46846701 -.00000855  00000-0 -38509-4 0  9999
2 45205  53.0548  96.2897 0001530 103.9944 256.1216 15.06413299162634
1 45205U 20012AD  23026.99924898  .00000228  00000-0  34187-4 0  9991
2 45205  53.0558  93.9084 0001192  98.1348 261.9776 15.06400197162711
1 45205U 20012AD  23027.33098271  .00000174  00000-0  30560-4 0  9998
2 45205  53.0559  92.4196 0001197  96.0064 264.1061 15.06400037163713
1 45205U 20012AD  23027.86176061  .00000981  00000-0  84742-4 0  9997
2 45205  53.0558  90.0370 0001366  99.7726 260.3417 15.06394066163798
1 45205U 20012AD  23028.12714715 -.00001536  00000-0 -84205-4 0  9994
2 45205  53.0556  88.8457 0001587  96.5417 263.5753 15.06404629162888
1 45205U 20012AD  23028.39253657 -.00000352  00000-0 -47431-5 0  9992
2 45205  53.0569  87.6533 0001525 104.5073 255.6085 15.06395743163870
1 45205U 20012AD  23028.39253657 -.00000352  00000-0 -47431-5 0  9992
2 45205  53.0569  87.6533 0001525 104.5073 255.6085 15.06395743162925
1 45205U 20012AD  23028.85696285 -.00000524  00000-0 -16259-4 0  9995
2 45205  53.0575  85.5690 0001474  87.4552 272.6606 15.06399871163944
1 45205U 20012AD  23029.45408544  .00000767  00000-0  70363-4 0  9994
2 45205  53.0574  82.8880 0001373 108.9090 251.2048 15.06394907163081
1 45205U 20012AD  23029.52043035 -.00000724  00000-0 -29689-4 0  9992
2 45205  53.0576  82.5902 0001863 105.7042 254.4153 15.06403101164047
1 45205U 20012AD  23030.51563508  .00000586  00000-0  58234-4 0  9997
2 45205  53.0556  78.1207 0001274  91.6855 268.4280 15.06398269164195
1 45205U 20012AD  23030.51563508  .00000586  00000-0  58234-4 0  9997
2 45205  53.0556  78.1207 0001274  91.6855 268.4280 15.06398269163240
1 45205U 20012AD  23030.84737363 -.00000119  00000-0  10923-4 0  9991
2 45205  53.0556  76.6317 0001335  84.9586 275.1556 15.06394595164249
1 45205U 20012AD  23031.11276261  .00000240  00000-0  35019-4 0  9994
2 45205  53.0562  75.4411 0001410  87.1105 273.0045 15.06392190163332
1 45205U 20012AD  23031.51083935  .00000317  00000-0  40201-4 0  9996
2 45205  53.0553  73.6530 0001344  88.6834 271.4309 15.06398957164349
1 45205U 20012AD  23031.51083935  .00000317  00000-0  40201-4 0  9996
2 45205  53.0553  73.6530 0001344  88.6834 271.4309 15.06398957163393
1 45205U 20012AD  23031.84257268  .00000366  00000-0  43451-4 0  9998
2 45205  53.0555  72.1644 0001357  88.9636 271.1509 15.06399803164393
