1 45217U 20012AR  22365.86225091  .00002771  00000-0  20486-3 0  9995
2 45217  53.0530 211.2495 0001527  85.4948 274.6216 15.06397146159706
1 45217U 20012AR  23001.26033447  .00002442  00000-0  18278-3 0  9990
2 45217  53.0529 209.4622 0001509  85.0117 275.1044 15.06396680159762
1 45217U 20012AR  23001.85746256  .00000838  00000-0  75139-4 0  9991
2 45217  53.0532 206.7817 0001576  86.9228 273.1941 15.06393722159857
1 45217U 20012AR  23001.99015573  .00000554  00000-0  56062-4 0  9996
2 45217  53.0532 206.1859 0001533  85.4576 274.6588 15.06395219158934
1 45217U 20012AR  23002.25554140  .00000634  00000-0  61474-4 0  9996
2 45217  53.0536 204.9946 0001558  86.1120 274.0047 15.06398139159918
1 45217U 20012AR  23002.85265808  .00000057  00000-0  22724-4 0  9996
2 45217  53.0535 202.3138 0001524  87.6820 272.4343 15.06405059160001
1 45217U 20012AR  23002.85265808  .00000057  00000-0  22724-4 0  9996
2 45217  53.0535 202.3138 0001524  87.6820 272.4343 15.06405059159065
1 45217U 20012AR  23003.25073621  .00000735  00000-0  68250-4 0  9998
2 45217  53.0532 200.5261 0001402  87.0453 273.0696 15.06406207160066
1 45217U 20012AR  23004.31230558 -.00001721  00000-0 -96718-4 0  9998
2 45217  53.0528 195.7610 0001340  92.6369 267.4774 15.06380201160220
1 45217U 20012AR  23004.31230558 -.00001721  00000-0 -96718-4 0  9998
2 45217  53.0528 195.7610 0001340  92.6369 267.4774 15.06380201159284
1 45217U 20012AR  23004.77673481 -.00001331  00000-0 -70536-4 0  9991
2 45217  53.0526 193.6758 0001391  92.6547 267.4601 15.06382595160296
1 45217U 20012AR  23005.24116515 -.00000515  00000-0 -15673-4 0  9998
2 45217  53.0536 191.5918 0001387  88.9874 271.1274 15.06382778159422
1 45217U 20012AR  23005.50655230 -.00001159  00000-0 -58981-4 0  9993
2 45217  53.0528 190.3996 0001210  94.4682 265.6445 15.06385866160409
1 45217U 20012AR  23005.77194086 -.00000917  00000-0 -42670-4 0  9998
2 45217  53.0528 189.2081 0001332  93.5390 266.5751 15.06387234160447
1 45217U 20012AR  23006.23636526  .00000176  00000-0  30691-4 0  9995
2 45217  53.0517 187.1234 0001278 103.1177 256.9954 15.06397107159572
1 45217U 20012AR  23006.50175991  .00005294  00000-0  37412-3 0  9992
2 45217  53.0517 185.9321 0001401  95.1829 264.9320 15.06390571159616
1 45217U 20012AR  23006.89983927  .00005771  00000-0  40601-3 0  9994
2 45217  53.0518 184.1452 0001398  93.5631 266.5518 15.06398940160618
1 45217U 20012AR  23007.49695683  .00006952  00000-0  48501-3 0  9999
2 45217  53.0524 181.4640 0001448  95.3243 264.7911 15.06411412159760
1 45217U 20012AR  23007.89503058  .00007875  00000-0  54661-3 0  9996
2 45217  53.0522 179.6769 0001442  94.1221 265.9933 15.06422791160767
1 45217U 20012AR  23008.49215105 -.00001180  00000-0 -60325-4 0  9996
2 45217  53.0520 176.9962 0001568  94.7429 265.3739 15.06405964160856
1 45217U 20012AR  23008.49215105 -.00001180  00000-0 -60325-4 0  9996
2 45217  53.0520 176.9962 0001568  94.7429 265.3739 15.06405964159911
1 45217U 20012AR  23008.89023013  .00000550  00000-0  55832-4 0  9990
2 45217  53.0522 175.2094 0001564  94.5709 265.5458 15.06407822160913
1 45217U 20012AR  23009.42100930  .00002005  00000-0  15348-3 0  9998
2 45217  53.0535 172.8266 0001519  96.2740 263.8422 15.06399546160998
1 45217U 20012AR  23009.42100930  .00002005  00000-0  15348-3 0  9998
2 45217  53.0535 172.8266 0001519  96.2740 263.8422 15.06399546160055
1 45217U 20012AR  23009.88542227  .00000805  00000-0  72893-4 0  9992
2 45217  53.0522 170.7418 0001160  70.3100 289.8014 15.06416981161062
1 45217U 20012AR  23010.48255727  .00000245  00000-0  35352-4 0  9993
2 45217  53.0534 168.0610 0001569  93.6045 266.5123 15.06394826161154
1 45217U 20012AR  23010.48255727  .00000245  00000-0  35352-4 0  9993
2 45217  53.0534 168.0610 0001569  93.6045 266.5123 15.06394826160210
1 45217U 20012AR  23010.81428978  .00000086  00000-0  24707-4 0  9995
2 45217  53.0532 166.5714 0001604  92.7707 267.3466 15.06397784161206
1 45217U 20012AR  23011.14602589  .00000023  00000-0  20440-4 0  9995
2 45217  53.0522 165.0813 0001564  92.1234 267.9934 15.06397610161252
1 45217U 20012AR  23011.80949238  .00001657  00000-0  13016-3 0  9997
2 45217  53.0519 162.1042 0002492  99.8255 260.3015 15.06397728161356
1 45217U 20012AR  23011.80949238  .00001657  00000-0  13016-3 0  9997
2 45217  53.0519 162.1042 0002492  99.8255 260.3015 15.06397728160412
1 45217U 20012AR  23012.67199764  .00003532  00000-0  25586-3 0  9993
2 45217  53.0515 158.2305 0001399  95.6566 264.4582 15.06403134161481
1 45217U 20012AR  23013.53450033 -.00007013  00000-0 -45219-3 0  9993
2 45217  53.0530 154.3600 0001325  80.2732 279.8406 15.06413495160673
1 45217U 20012AR  23013.66720446  .00002887  00000-0  21265-3 0  9992
2 45217  53.0534 153.7633 0001065  93.2296 266.8814 15.06396288161632
1 45217U 20012AR  23013.66720446  .00002887  00000-0  21265-3 0  9992
2 45217  53.0534 153.7633 0001065  93.2296 266.8814 15.06396288160697
1 45217U 20012AR  23014.79509562  .00002994  00000-0  21975-3 0  9998
2 45217  53.0532 148.7007 0001165  91.3223 268.7900 15.06405416160864
1 45217U 20012AR  23015.19318096  .00000830  00000-0  74601-4 0  9995
2 45217  53.0509 146.9153 0001574  88.1107 272.0063 15.06397637160929
1 45217U 20012AR  23015.59126056  .00001382  00000-0  11162-3 0  9997
2 45217  53.0533 145.1274 0001101  84.9634 275.1481 15.06400666161922
1 45217U 20012AR  23015.65760538  .00001621  00000-0  12769-3 0  9993
2 45217  53.0533 144.8294 0001142  85.3077 274.8042 15.06402924161930
1 45217U 20012AR  23016.58645671  .00002425  00000-0  18163-3 0  9993
2 45217  53.0532 140.6598 0001063  82.8616 277.2494 15.06406005162071
1 45217U 20012AR  23016.71914666  .00002565  00000-0  19093-3 0  9999
2 45217  53.0531 140.0627 0001185  80.4836 279.6287 15.06414067162095
1 45217U 20012AR  23016.71914666  .00002565  00000-0  19093-3 0  9999
2 45217  53.0531 140.0627 0001185  80.4836 279.6287 15.06414067161151
1 45217U 20012AR  23017.05089268 -.00001639  00000-0 -91217-4 0  9990
2 45217  53.0523 138.5743 0001352  99.8734 260.2407 15.06390247161209
1 45217U 20012AR  23017.58168881 -.00000852  00000-0 -38341-4 0  9992
2 45217  53.0535 136.1928 0001152  98.3346 261.7773 15.06374346162229
1 45217U 20012AR  23017.58168881 -.00000852  00000-0 -38341-4 0  9992
2 45217  53.0535 136.1928 0001152  98.3346 261.7773 15.06374346161284
1 45217U 20012AR  23018.24514291  .00000419  00000-0  47043-4 0  9992
2 45217  53.0519 133.2124 0001435 109.8974 250.2169 15.06396993161386
1 45217U 20012AR  23018.57687963  .00017968  00000-0  12217-2 0  9995
2 45217  53.0523 131.7234 0001187 103.1422 256.9699 15.06410828162370
1 45217U 20012AR  23018.57687963  .00017968  00000-0  12217-2 0  9995
2 45217  53.0523 131.7234 0001187 103.1422 256.9699 15.06410828161436
1 45217U 20012AR  23019.30669285  .00006737  00000-0  47055-3 0  9995
2 45217  53.0530 128.4490 0000776  93.3694 266.7384 15.06412624161543
1 45217U 20012AR  23019.43938634  .00004352  00000-0  31080-3 0  9998
2 45217  53.0530 127.8524 0000923  96.2048 263.9046 15.06407729162504
1 45217U 20012AR  23020.50093208  .00006227  00000-0  43648-3 0  9993
2 45217  53.0529 123.0835 0001449 112.5301 247.5841 15.06407883162662
1 45217U 20012AR  23020.50093208  .00006227  00000-0  43648-3 0  9993
2 45217  53.0529 123.0835 0001449 112.5301 247.5841 15.06407883161728
1 45217U 20012AR  23020.96536202  .00006381  00000-0  44684-3 0  9991
2 45217  53.0536 120.9997 0001282  77.8936 282.2196 15.06403102161799
1 45217U 20012AR  23021.42979336 -.00001142  00000-0 -57830-4 0  9992
2 45217  53.0542 118.9145 0001262  82.9154 277.1978 15.06393657161867
1 45217U 20012AR  23021.56248407  .00003384  00000-0  24593-3 0  9992
2 45217  53.0524 118.3235 0001258  87.4264 272.6869 15.06405208161885
1 45217U 20012AR  23022.49134646  .00002392  00000-0  17942-3 0  9992
2 45217  53.0523 114.1539 0001121  92.4212 267.6906 15.06395629162021
1 45217U 20012AR  23024.21636773  .00002189  00000-0  16579-3 0  9991
2 45217  53.0527 106.4089 0001445  57.7386 302.3742 15.06399431162282
1 45217U 20012AR  23025.47695861  .00001013  00000-0  86901-4 0  9995
2 45217  53.0542 100.7493 0001287  62.4239 297.6880 15.06398058163418
1 45217U 20012AR  23025.47695861  .00001013  00000-0  86901-4 0  9995
2 45217  53.0542 100.7493 0001287  62.4239 297.6880 15.06398058162473
1 45217U 20012AR  23026.47215449  .00002489  00000-0  18587-3 0  9998
2 45217  53.0540  96.2814 0001345  72.3789 287.7347 15.06406334163568
1 45217U 20012AR  23026.47215449  .00002489  00000-0  18587-3 0  9998
2 45217  53.0540  96.2814 0001345  72.3789 287.7347 15.06406334162624
1 45217U 20012AR  23027.00293454  .00002111  00000-0  16056-3 0  9991
2 45217  53.0536  93.8991 0001362  94.3452 265.7693 15.06397856162705
1 45217U 20012AR  23027.33467261  .00001331  00000-0  10827-3 0  9999
2 45217  53.0551  92.4120 0001303  80.1832 279.9304 15.06392931163695
1 45217U 20012AR  23027.33467261  .00001331  00000-0  10827-3 0  9999
2 45217  53.0551  92.4120 0001303  80.1832 279.9304 15.06392931162751
1 45217U 20012AR  23027.86544505  .00000339  00000-0  41658-4 0  9998
2 45217  53.0541  90.0271 0001367  85.1857 274.9288 15.06398512163773
1 45217U 20012AR  23028.46256646  .00000289  00000-0  38285-4 0  9997
2 45217  53.0541  87.3463 0001302  89.3510 270.7629 15.06398626163865
1 45217U 20012AR  23028.46256646  .00000289  00000-0  38285-4 0  9997
2 45217  53.0541  87.3463 0001302  89.3510 270.7629 15.06398626162921
1 45217U 20012AR  23028.86064555 -.00000569  00000-0 -19325-4 0  9994
2 45217  53.0542  85.5597 0001290  92.9930 267.1207 15.06402794163927
1 45217U 20012AR  23029.12603967  .00000571  00000-0  57259-4 0  9999
2 45217  53.0543  84.3676 0001436  99.4865 260.6286 15.06390333163025
1 45217U 20012AR  23029.85585455  .00001455  00000-0  11657-3 0  9993
2 45217  53.0543  81.0909 0001294  87.8095 272.3042 15.06390598164075
1 45217U 20012AR  23030.38663080  .00000961  00000-0  83407-4 0  9998
2 45217  53.0540  78.7080 0001349  90.7648 269.3495 15.06392562164153
1 45217U 20012AR  23030.38663080  .00000961  00000-0  83407-4 0  9998
2 45217  53.0540  78.7080 0001349  90.7648 269.3495 15.06392562163219
1 45217U 20012AR  23030.85105891 -.00000035  00000-0  16523-4 0  9999
2 45217  53.0539  76.6226 0001309  98.1665 261.9473 15.06395042164225
1 45217U 20012AR  23031.51452420  .00001558  00000-0  12349-3 0  9997
2 45217  53.0539  73.6436 0001343  88.4057 271.7086 15.06397517163384
1 45217U 20012AR  23031.84625728  .00000115  00000-0  26636-4 0  9999
2 45217  53.0537  72.1540 0001326  90.4108 269.7033 15.06401971164372
