1 45212U 20012AL  22365.32040783  .00005392  00000-0  38050-3 0  9992
2 45212  53.0530 213.6899 0001393  91.2899 268.8250 15.06408991159575
1 45212U 20012AL  22365.32040783  .00005392  00000-0  38050-3 0  9992
2 45212  53.0530 213.6899 0001393  91.2899 268.8250 15.06408991158686
1 45212U 20012AL  22365.85118608  .00002017  00000-0  15429-3 0  9998
2 45212  53.0529 211.3072 0001545  92.5815 267.5350 15.06401095159656
1 45212U 20012AL  23001.58100409 -.00001336  00000-0 -70804-4 0  9990
2 45212  53.0524 208.0305 0001607  93.9832 266.1341 15.06394838159769
1 45212U 20012AL  23001.84639325 -.00001816  00000-0 -10308-3 0  9998
2 45212  53.0524 206.8392 0001606  93.8388 266.2784 15.06391967159802
1 45212U 20012AL  23001.84639325 -.00001816  00000-0 -10308-3 0  9998
2 45212  53.0524 206.8392 0001606  93.8388 266.2784 15.06391967158913
1 45212U 20012AL  23002.57621287  .00000034  00000-0  21182-4 0  9999
2 45212  53.0539 203.5626 0001458  93.0577 267.0578 15.06391167159913
1 45212U 20012AL  23002.90794684  .00000237  00000-0  34819-4 0  9994
2 45212  53.0537 202.0733 0001424  92.3336 267.7816 15.06392838159965
1 45212U 20012AL  23002.90794684  .00000237  00000-0  34819-4 0  9994
2 45212  53.0537 202.0733 0001424  92.3336 267.7816 15.06392838159077
1 45212U 20012AL  23003.57141813  .00001585  00000-0  12533-3 0  9993
2 45212  53.0539 199.0951 0001376  93.1130 267.0016 15.06390355160061
1 45212U 20012AL  23003.90315165  .00001765  00000-0  13741-3 0  9995
2 45212  53.0540 197.6060 0001386  93.0815 267.0333 15.06393010160117
1 45212U 20012AL  23004.89834975  .00001876  00000-0  14482-3 0  9995
2 45212  53.0539 193.1383 0001371  94.6190 265.4956 15.06402185160264
1 45212U 20012AL  23005.23007993  .00002160  00000-0  16381-3 0  9993
2 45212  53.0539 191.6491 0001366  94.8390 265.2754 15.06406478159424
1 45212U 20012AL  23005.49546546  .00002179  00000-0  16511-3 0  9998
2 45212  53.0539 190.4576 0001356  95.3006 264.8138 15.06407690160356
1 45212U 20012AL  23005.76085162  .00002039  00000-0  15570-3 0  9999
2 45212  53.0542 189.2662 0001374  95.1728 264.9417 15.06408076160395
1 45212U 20012AL  23006.22528129  .00000310  00000-0  39685-4 0  9990
2 45212  53.0523 187.1812 0001229  95.7290 264.3839 15.06402426159570
1 45212U 20012AL  23006.88874606  .00000399  00000-0  45676-4 0  9990
2 45212  53.0522 184.2052 0001375  83.9466 276.1680 15.06406043160564
1 45212U 20012AL  23007.48586909 -.00000659  00000-0 -25328-4 0  9996
2 45212  53.0535 181.5225 0001606  91.0877 269.0296 15.06406051159766
1 45212U 20012AL  23007.88394706 -.00004605  00000-0 -29032-3 0  9992
2 45212  53.0539 179.7350 0001502  97.3603 262.7557 15.06415041160715
1 45212U 20012AL  23008.48107333  .00000520  00000-0  53831-4 0  9992
2 45212  53.0540 177.0542 0001463  95.9951 264.1205 15.06398897160802
1 45212U 20012AL  23008.48107333  .00000520  00000-0  53831-4 0  9992
2 45212  53.0540 177.0542 0001463  95.9951 264.1205 15.06398897159912
1 45212U 20012AL  23009.47628048  .00000991  00000-0  85434-4 0  9999
2 45212  53.0545 172.5870 0001264  92.1441 267.9693 15.06393117160951
1 45212U 20012AL  23009.47628048  .00000991  00000-0  85434-4 0  9999
2 45212  53.0545 172.5870 0001264  92.1441 267.9693 15.06393117160063
1 45212U 20012AL  23009.87435977  .00001319  00000-0  10745-3 0  9997
2 45212  53.0547 170.7999 0001302  91.9288 268.1850 15.06396957161015
1 45212U 20012AL  23010.47147923  .00001788  00000-0  13890-3 0  9990
2 45212  53.0547 168.1196 0001433  98.8958 261.2193 15.06399048161108
1 45212U 20012AL  23010.80321659  .00001267  00000-0  10397-3 0  9998
2 45212  53.0542 166.6298 0001197  91.6926 268.4200 15.06396501160267
1 45212U 20012AL  23010.86956275  .00001637  00000-0  12877-3 0  9998
2 45212  53.0539 166.3318 0001167  90.7928 269.3194 15.06398766161169
1 45212U 20012AL  23011.79844417 -.00000294  00000-0 -80983-6 0  9991
2 45212  53.0540 162.1623 0003352  68.4554 291.6792 15.06385928160414
1 45212U 20012AL  23011.86477616 -.00001888  00000-0 -10792-3 0  9990
2 45212  53.0541 161.8620 0000815  95.5849 264.5233 15.06385291161319
1 45212U 20012AL  23012.13016383  .00000526  00000-0  54227-4 0  9999
2 45212  53.0550 160.6734 0001283  94.5247 265.5889 15.06395384160460
1 45212U 20012AL  23012.79362912  .00004391  00000-0  31343-3 0  9990
2 45212  53.0522 157.6940 0001286  93.3173 266.7963 15.06404373161457
1 45212U 20012AL  23013.52345250  .00003596  00000-0  26022-3 0  9992
2 45212  53.0507 154.4179 0001478  91.0644 269.0515 15.06397583161565
1 45212U 20012AL  23013.52345250  .00003596  00000-0  26022-3 0  9992
2 45212  53.0507 154.4179 0001478  91.0644 269.0515 15.06397583160676
1 45212U 20012AL  23013.65614573  .00003222  00000-0  23510-3 0  9998
2 45212  53.0506 153.8221 0001447  90.8474 269.2681 15.06397617161585
1 45212U 20012AL  23014.78403652  .00006510  00000-0  45540-3 0  9997
2 45212  53.0514 148.7593 0001357  83.5646 276.5497 15.06412632160860
1 45212U 20012AL  23015.51385651  .00001582  00000-0  12508-3 0  9999
2 45212  53.0491 145.4797 0001473 101.6654 258.4500 15.06399367160979
1 45212U 20012AL  23015.64654919  .00004227  00000-0  30245-3 0  9996
2 45212  53.0511 144.8873 0001203  84.6590 275.4536 15.06405812161882
1 45212U 20012AL  23015.77924247  .00011198  00000-0  76926-3 0  9995
2 45212  53.0516 144.2916 0001250  88.1258 271.9874 15.06409629161900
1 45212U 20012AL  23016.04463506  .00005585  00000-0  39365-3 0  9991
2 45212  53.0508 143.0992 0001847  86.7325 273.3875 15.06390638161055
1 45212U 20012AL  23016.57541145  .00004358  00000-0  31134-3 0  9998
2 45212  53.0518 140.7150 0001405  95.4835 264.6314 15.06393615162026
1 45212U 20012AL  23016.77445004  .00012413  00000-0  85058-3 0  9992
2 45212  53.0523 139.8232 0001340  92.3712 267.7430 15.06406428162053
1 45212U 20012AL  23017.30523202  .00009462  00000-0  65331-3 0  9991
2 45212  53.0508 137.4409 0002248  83.4050 276.7195 15.06398056162134
1 45212U 20012AL  23017.30523202  .00009462  00000-0  65331-3 0  9991
2 45212  53.0508 137.4409 0002248  83.4050 276.7195 15.06398056161245
1 45212U 20012AL  23018.30043764  .00011865  00000-0  81402-3 0  9999
2 45212  53.0518 132.9748 0001871  80.9210 279.1991 15.06403612161395
1 45212U 20012AL  23018.56582152  .00009721  00000-0  67045-3 0  9991
2 45212  53.0517 131.7841 0001394  83.8917 276.2231 15.06408261162325
1 45212U 20012AL  23018.63216751  .00012042  00000-0  82565-3 0  9992
2 45212  53.0524 131.4867 0001444  79.9767 280.1385 15.06413347162339
1 45212U 20012AL  23019.03024623  .00007430  00000-0  51700-3 0  9994
2 45212  53.0524 129.6966 0001215  93.5281 266.5847 15.06410006161505
1 45212U 20012AL  23019.29563701  .00001051  00000-0  89420-4 0  9991
2 45212  53.0521 128.5084 0001422  83.3530 276.7621 15.06398136162430
1 45212U 20012AL  23019.29563701  .00001051  00000-0  89420-4 0  9991
2 45212  53.0521 128.5084 0001422  83.3530 276.7621 15.06398136161541
1 45212U 20012AL  23020.48987865  .00003254  00000-0  23722-3 0  9994
2 45212  53.0520 123.1455 0001526  81.4083 278.7079 15.06405543162619
1 45212U 20012AL  23020.48987865  .00003254  00000-0  23722-3 0  9994
2 45212  53.0520 123.1455 0001526  81.4083 278.7079 15.06405543161720
1 45212U 20012AL  23021.48508255  .00004217  00000-0  30180-3 0  9993
2 45212  53.0532 118.6795 0001430  85.8155 274.2997 15.06404397161873
1 45212U 20012AL  23022.54663181  .00007206  00000-0  50211-3 0  9999
2 45212  53.0524 113.9127 0001317  96.5488 263.5651 15.06405267162037
1 45212U 20012AL  23022.94471422  .00005931  00000-0  41677-3 0  9997
2 45212  53.0521 112.1215 0001282  84.9987 275.1148 15.06397319162093
1 45212U 20012AL  23023.27645208  .00003288  00000-0  23962-3 0  9999
2 45212  53.0523 110.6338 0001494 102.1830 257.9327 15.06388379162148
1 45212U 20012AL  23024.47069425  .00002984  00000-0  21912-3 0  9998
2 45212  53.0515 105.2734 0001332 104.0923 256.0214 15.06400312162321
1 45212U 20012AL  23025.46590605  .00002202  00000-0  16672-3 0  9997
2 45212  53.0528 100.8065 0001465 106.7388 253.3762 15.06396126163364
1 45212U 20012AL  23025.46590605  .00002202  00000-0  16672-3 0  9997
2 45212  53.0528 100.8065 0001465 106.7388 253.3762 15.06396126162475
1 45212U 20012AL  23025.59859419  .00003147  00000-0  23004-3 0  9998
2 45212  53.0517 100.2092 0001382 103.5227 256.5916 15.06402715163381
1 45212U 20012AL  23025.59859419  .00003147  00000-0  23004-3 0  9998
2 45212  53.0517 100.2092 0001382 103.5227 256.5916 15.06402715162492
1 45212U 20012AL  23025.99667816  .00001908  00000-0  14694-3 0  9998
2 45212  53.0509  98.4201 0001207 105.7479 254.3643 15.06395861162555
1 45212U 20012AL  23026.46110208  .00002555  00000-0  19033-3 0  9990
2 45212  53.0512  96.3373 0001285  88.4485 271.6651 15.06403988163514
1 45212U 20012AL  23026.46110208  .00002555  00000-0  19033-3 0  9990
2 45212  53.0512  96.3373 0001285  88.4485 271.6651 15.06403988162625
1 45212U 20012AL  23027.52265065  .00002762  00000-0  20420-3 0  9992
2 45212  53.0512  91.5721 0001206  86.9661 273.1466 15.06404585162783
1 45212U 20012AL  23028.51785686 -.00000236  00000-0  30889-5 0  9995
2 45212  53.0549  87.1072 0001745 105.5548 254.5634 15.06400248162932
1 45212U 20012AL  23028.58420004  .00000283  00000-0  37889-4 0  9999
2 45212  53.0539  86.8056 0001339 107.2548 252.8587 15.06402980163830
1 45212U 20012AL  23028.84959060  .00000443  00000-0  48658-4 0  9991
2 45212  53.0533  85.6136 0001355 100.3085 259.8057 15.06398445163871
1 45212U 20012AL  23029.18132996 -.00000131  00000-0  10070-4 0  9992
2 45212  53.0536  84.1250 0001303 101.2420 258.8715 15.06392897163034
1 45212U 20012AL  23029.84479595  .00000758  00000-0  69786-4 0  9996
2 45212  53.0527  81.1468 0001342 111.5131 248.6002 15.06394769164024
1 45212U 20012AL  23030.44191794  .00000973  00000-0  84181-4 0  9991
2 45212  53.0534  78.4666 0001329  99.9300 260.1839 15.06397593164118
1 45212U 20012AL  23030.44191794  .00000973  00000-0  84181-4 0  9991
2 45212  53.0534  78.4666 0001329  99.9300 260.1839 15.06397593163229
1 45212U 20012AL  23030.83999779  .00000496  00000-0  52169-4 0  9994
2 45212  53.0525  76.6786 0001239  93.7125 266.4006 15.06400043164174
1 45212U 20012AL  23031.50346603  .00002070  00000-0  15781-3 0  9999
2 45212  53.0525  73.7007 0001328  90.4008 269.7134 15.06397937163388
1 45212U 20012AL  23031.83520417  .00000322  00000-0  40517-4 0  9996
2 45212  53.0518  72.2116 0001378  81.8307 278.2838 15.06396113164322
