1 45219U 20012AT  22365.52868609  .00001583  00000-0  12514-3 0  9991
2 45219  53.0535 192.7375 0001471  83.5681 276.5475 15.06391441159940
1 45219U 20012AT  22365.52868609  .00001583  00000-0  12514-3 0  9991
2 45219  53.0535 192.7375 0001471  83.5681 276.5475 15.06391441158983
1 45219U 20012AT  22365.79407279  .00001758  00000-0  13691-3 0  9993
2 45219  53.0535 191.5460 0001471  84.0018 276.1139 15.06393727159988
1 45219U 20012AT  23001.52388483  .00001386  00000-0  11189-3 0  9994
2 45219  53.0538 188.2698 0001474  83.1702 276.9455 15.06401360160096
1 45219U 20012AT  23001.85561642  .00001691  00000-0  13239-3 0  9997
2 45219  53.0538 186.7807 0001479  82.9153 277.2004 15.06404202160141
1 45219U 20012AT  23001.92196279  .00001747  00000-0  13615-3 0  9995
2 45219  53.0538 186.4828 0001477  82.9140 277.2017 15.06404680159192
1 45219U 20012AT  23002.51907810  .00001948  00000-0  14957-3 0  9995
2 45219  53.0538 183.8021 0001468  83.1062 277.0094 15.06410105160244
1 45219U 20012AT  23002.78447035  .00000743  00000-0  68783-4 0  9991
2 45219  53.0541 182.6103 0001544  87.0982 273.0183 15.06403245160281
1 45219U 20012AT  23003.18255412  .00000139  00000-0  28205-4 0  9996
2 45219  53.0541 180.8240 0001401  83.3734 276.7415 15.06400490159385
1 45219U 20012AT  23003.58063189  .00000050  00000-0  22252-4 0  9996
2 45219  53.0543 179.0365 0001407  83.3310 276.7839 15.06404151160404
1 45219U 20012AT  23004.17774829  .00000558  00000-0  56348-4 0  9998
2 45219  53.0542 176.3560 0001385  83.6412 276.4735 15.06407521160496
1 45219U 20012AT  23004.17774829  .00000558  00000-0  56348-4 0  9998
2 45219  53.0542 176.3560 0001385  83.6412 276.4735 15.06407521159539
1 45219U 20012AT  23004.84120577  .00000765  00000-0  70213-4 0  9994
2 45219  53.0541 173.3773 0001364  81.5121 278.6022 15.06416582160590
1 45219U 20012AT  23005.17293669  .00003172  00000-0  23169-3 0  9996
2 45219  53.0541 171.8877 0001361  80.5494 279.5648 15.06414086160644
1 45219U 20012AT  23005.17293669  .00003172  00000-0  23169-3 0  9996
2 45219  53.0541 171.8877 0001361  80.5494 279.5648 15.06414086159686
1 45219U 20012AT  23005.70371464  .00001482  00000-0  11837-3 0  9996
2 45219  53.0527 169.5045 0001424  81.8948 278.2203 15.06407791160724
1 45219U 20012AT  23006.16814583 -.00000949  00000-0 -44795-4 0  9990
2 45219  53.0534 167.4194 0001255  81.7755 278.3376 15.06398493159831
1 45219U 20012AT  23006.43354706 -.00005690  00000-0 -36360-3 0  9992
2 45219  53.0534 166.2289 0001802  80.3166 279.8026 15.06377558159873
1 45219U 20012AT  23006.56624286 -.00005731  00000-0 -36641-3 0  9997
2 45219  53.0522 165.6335 0001617  81.5432 278.5740 15.06375793160856
1 45219U 20012AT  23007.16335711 -.00000930  00000-0 -43554-4 0  9994
2 45219  53.0540 162.9518 0001066  83.6072 276.5038 15.06393294160944
1 45219U 20012AT  23007.16335711 -.00000930  00000-0 -43554-4 0  9994
2 45219  53.0540 162.9518 0001066  83.6072 276.5038 15.06393294159986
1 45219U 20012AT  23007.82682923  .00006330  00000-0  44342-3 0  9990
2 45219  53.0532 159.9723 0001434  83.3315 276.7837 15.06401958161043
1 45219U 20012AT  23008.42395070  .00005717  00000-0  40234-3 0  9995
2 45219  53.0520 157.2930 0001740  75.9436 284.1746 15.06404301160172
1 45219U 20012AT  23008.49029651  .00005166  00000-0  36539-3 0  9992
2 45219  53.0523 156.9948 0001660  80.8076 279.3101 15.06405379161141
1 45219U 20012AT  23008.82202648  .00005285  00000-0  37330-3 0  9990
2 45219  53.0528 155.5061 0001563  78.4761 281.6403 15.06412279161196
1 45219U 20012AT  23009.55184290 -.00000285  00000-0 -22673-6 0  9997
2 45219  53.0532 152.2305 0001702  60.8835 299.2324 15.06400054161306
1 45219U 20012AT  23009.68453543  .00000364  00000-0  43346-4 0  9995
2 45219  53.0529 151.6342 0001511  74.4199 285.6956 15.06402265160369
1 45219U 20012AT  23010.54704549  .00000343  00000-0  41932-4 0  9993
2 45219  53.0530 147.7619 0001553  75.6262 284.4899 15.06396882161455
1 45219U 20012AT  23010.74608639  .00000086  00000-0  24645-4 0  9994
2 45219  53.0532 146.8688 0001527  73.0644 287.0512 15.06396880161482
1 45219U 20012AT  23010.74608639  .00000086  00000-0  24645-4 0  9994
2 45219  53.0532 146.8688 0001527  73.0644 287.0512 15.06396880160526
1 45219U 20012AT  23011.14416307  .00004419  00000-0  31530-3 0  9992
2 45219  53.0532 145.0821 0001466  73.3632 286.7518 15.06408437160588
1 45219U 20012AT  23011.54224268  .00003911  00000-0  28126-3 0  9992
2 45219  53.0532 143.2951 0001465  74.7743 285.3408 15.06408822161604
1 45219U 20012AT  23012.13936505  .00001579  00000-0  12489-3 0  9995
2 45219  53.0536 140.6147 0001446  73.2272 286.8876 15.06402581160730
1 45219U 20012AT  23012.60379064  .00001985  00000-0  15207-3 0  9990
2 45219  53.0535 138.5297 0001466  72.9234 287.1915 15.06405006161764
1 45219U 20012AT  23013.59899508 -.00001336  00000-0 -70828-4 0  9992
2 45219  53.0543 134.0641 0001373  49.0771 311.0337 15.06396490160956
1 45219U 20012AT  23013.66534132  .00000614  00000-0  60088-4 0  9992
2 45219  53.0533 133.7663 0001580  56.4334 303.6805 15.06399670161920
1 45219U 20012AT  23014.59419202  .00001509  00000-0  12018-3 0  9998
2 45219  53.0538 129.5950 0001503  61.8161 298.2979 15.06406485161104
1 45219U 20012AT  23015.52305147  .00000586  00000-0  58270-4 0  9999
2 45219  53.0535 125.4265 0001692  40.6142 319.4973 15.06396025161241
1 45219U 20012AT  23016.45189583  .00003518  00000-0  25484-3 0  9994
2 45219  53.0538 121.2551 0001425  57.3842 302.7284 15.06413998161386
1 45219U 20012AT  23016.51824026  .00004878  00000-0  34595-3 0  9992
2 45219  53.0538 120.9579 0001497  55.2661 304.8469 15.06419359162350
1 45219U 20012AT  23017.38076696 -.00003819  00000-0 -23777-3 0  9996
2 45219  53.0555 117.0846 0001087  53.2446 306.8642 15.06374939162480
1 45219U 20012AT  23017.38076696 -.00003819  00000-0 -23777-3 0  9996
2 45219  53.0555 117.0846 0001087  53.2446 306.8642 15.06374939161524
1 45219U 20012AT  23017.64615772 -.00006549  00000-0 -42149-3 0  9996
2 45219  53.0560 115.8932 0001063  40.9200 319.1868 15.06371517162524
1 45219U 20012AT  23018.24330111 -.00004199  00000-0 -26349-3 0  9997
2 45219  53.0562 113.2122 0001052  36.8733 323.2328 15.06355513161650
1 45219U 20012AT  23018.50868436 -.00001424  00000-0 -76749-4 0  9990
2 45219  53.0540 112.0227 0001664  55.7343 304.3804 15.06377186162655
1 45219U 20012AT  23018.50868436 -.00001424  00000-0 -76749-4 0  9990
2 45219  53.0540 112.0227 0001664  55.7343 304.3804 15.06377186161698
1 45219U 20012AT  23018.57502847  .00000064  00000-0  23189-4 0  9995
2 45219  53.0533 111.7234 0001694  56.1182 303.9968 15.06384868162662
1 45219U 20012AT  23019.10581155  .00015954  00000-0  10876-2 0  9995
2 45219  53.0536 109.3408 0001763  48.3605 311.7535 15.06397819161780
1 45219U 20012AT  23019.57023895  .00011006  00000-0  75645-3 0  9998
2 45219  53.0545 107.2567 0001800  45.2712 314.8423 15.06408345162812
1 45219U 20012AT  23020.10101628  .00005279  00000-0  37303-3 0  9994
2 45219  53.0542 104.8738 0001861  47.5180 312.5966 15.06398909161936
1 45219U 20012AT  23020.49910131  .00003065  00000-0  22459-3 0  9990
2 45219  53.0539 103.0874 0001894  46.7750 313.3397 15.06392615162952
1 45219U 20012AT  23020.49910131  .00003065  00000-0  22459-3 0  9990
2 45219  53.0539 103.0874 0001894  46.7750 313.3397 15.06392615161995
1 45219U 20012AT  23021.49429476  .00001929  00000-0  14834-3 0  9993
2 45219  53.0544  98.6192 0001897  37.0743 323.0377 15.06403532162146
1 45219U 20012AT  23022.55584087  .00001139  00000-0  95389-4 0  9999
2 45219  53.0540  93.8538 0002124  40.0078 320.1067 15.06400977162304
1 45219U 20012AT  23023.55104999 -.00000194  00000-0  58639-5 0  9999
2 45219  53.0547  89.3864 0002047  41.1987 318.9156 15.06391875162454
1 45219U 20012AT  23024.47990021  .00000179  00000-0  30914-4 0  9997
2 45219  53.0545  85.2161 0002115  41.2517 318.8631 15.06400177162591
1 45219U 20012AT  23025.40876211  .00000945  00000-0  82365-4 0  9993
2 45219  53.0551  81.0469 0002146  42.3780 317.7374 15.06391295162739
1 45219U 20012AT  23025.47510939  .00001084  00000-0  91670-4 0  9996
2 45219  53.0548  80.7484 0002191  37.3858 322.7283 15.06391035163703
1 45219U 20012AT  23026.47031237  .00001203  00000-0  99699-4 0  9998
2 45219  53.0559  76.2823 0002616  35.5697 324.5466 15.06398639163851
1 45219U 20012AT  23026.47031237  .00001203  00000-0  99699-4 0  9998
2 45219  53.0559  76.2823 0002616  35.5697 324.5466 15.06398639162894
1 45219U 20012AT  23027.33281941  .00000735  00000-0  68293-4 0  9998
2 45219  53.0568  72.4101 0002497  32.6372 327.4771 15.06399256163984
1 45219U 20012AT  23028.12898978 -.00000483  00000-0 -13523-4 0  9998
2 45219  53.0567  68.8361 0002384  34.0850 326.0292 15.06392439163149
1 45219U 20012AT  23028.46072332 -.00000738  00000-0 -30669-4 0  9996
2 45219  53.0559  67.3441 0002072  47.3329 312.7835 15.06393731164158
1 45219U 20012AT  23028.79245053  .00000560  00000-0  56534-4 0  9994
2 45219  53.0545  65.8583 0002285  33.8311 326.2823 15.06401562164205
1 45219U 20012AT  23028.79245053  .00000560  00000-0  56534-4 0  9994
2 45219  53.0545  65.8583 0002285  33.8311 326.2823 15.06401562163248
1 45219U 20012AT  23029.12418149 -.00006008  00000-0 -38446-3 0  9996
2 45219  53.0546  64.3690 0002688  38.8920 321.2262 15.06426545163295
1 45219U 20012AT  23029.32322660 -.00000474  00000-0 -12917-4 0  9997
2 45219  53.0554  63.4754 0002338  39.2738 320.8421 15.06401655163320
1 45219U 20012AT  23029.45591540 -.00002310  00000-0 -13617-3 0  9994
2 45219  53.0543  62.8791 0002362  38.9347 321.1811 15.06412515163347
1 45219U 20012AT  23029.78766197  .00000317  00000-0  40206-4 0  9990
2 45219  53.0547  61.3884 0002317  39.2660 320.8497 15.06389346164353
1 45219U 20012AT  23029.98669992  .00000839  00000-0  75283-4 0  9999
2 45219  53.0540  60.4938 0002348  35.4226 324.6918 15.06392638163421
1 45219U 20012AT  23030.45112357  .00001229  00000-0  10144-3 0  9999
2 45219  53.0549  58.4089 0002261  39.1978 320.9174 15.06398513164458
1 45219U 20012AT  23030.45112357  .00001229  00000-0  10144-3 0  9999
2 45219  53.0549  58.4089 0002261  39.1978 320.9174 15.06398513163491
1 45219U 20012AT  23031.44632408  .00000813  00000-0  73500-4 0  9997
2 45219  53.0545  53.9415 0002348  38.1663 321.9492 15.06402484164607
1 45219U 20012AT  23031.77805810  .00000255  00000-0  36050-4 0  9991
2 45219  53.0547  52.4529 0002304  36.8868 323.2279 15.06402655164656
1 45219U 20012AT  23031.77805810  .00000255  00000-0  36050-4 0  9991
2 45219  53.0547  52.4529 0002304  36.8868 323.2279 15.06402655163699
