1 45222U 20012AW  22365.53973660  .00001511  00000-0  12031-3 0  9995
2 45222  53.0548 192.7002 0001434  82.2045 277.9107 15.06391232159938
1 45222U 20012AW  22365.80512357  .00001682  00000-0  13183-3 0  9995
2 45222  53.0548 191.5088 0001434  82.4493 277.6659 15.06393347159970
1 45222U 20012AW  23001.80032142  .00001721  00000-0  13439-3 0  9990
2 45222  53.0547 187.0411 0001422  81.2361 278.8789 15.06401782160126
1 45222U 20012AW  23001.80032142  .00001721  00000-0  13439-3 0  9990
2 45222  53.0547 187.0411 0001422  81.2361 278.8789 15.06401782159180
1 45222U 20012AW  23002.19839821  .00001799  00000-0  13961-3 0  9997
2 45222  53.0549 185.2539 0001411  80.6005 279.5144 15.06406740160183
1 45222U 20012AW  23002.79552441 -.00001670  00000-0 -93200-4 0  9998
2 45222  53.0547 182.5732 0001422  80.0125 280.1025 15.06405967160271
1 45222U 20012AW  23003.19360823 -.00000113  00000-0  11343-4 0  9992
2 45222  53.0552 180.7861 0001402  81.2328 278.8820 15.06397981160336
1 45222U 20012AW  23003.19360823 -.00000113  00000-0  11343-4 0  9992
2 45222  53.0552 180.7861 0001402  81.2328 278.8820 15.06397981159390
1 45222U 20012AW  23003.59168831  .00005359  00000-0  37864-3 0  9992
2 45222  53.0551 178.9992 0001493  83.4470 276.6689 15.06373412159454
1 45222U 20012AW  23003.85707042 -.00000950  00000-0 -44882-4 0  9997
2 45222  53.0550 177.8079 0001360  80.8196 279.2947 15.06407082159497
1 45222U 20012AW  23004.45418789  .00000931  00000-0  81379-4 0  9990
2 45222  53.0554 175.1270 0001288  82.8991 277.2144 15.06403178160524
1 45222U 20012AW  23004.85226251  .00002001  00000-0  15317-3 0  9993
2 45222  53.0551 173.3404 0001300  82.3816 277.7321 15.06406747160589
1 45222U 20012AW  23005.18399301  .00001938  00000-0  14889-3 0  9998
2 45222  53.0552 171.8512 0001298  81.3252 278.7884 15.06409546160633
1 45222U 20012AW  23005.18399301  .00001938  00000-0  14889-3 0  9998
2 45222  53.0552 171.8512 0001298  81.3252 278.7884 15.06409546159697
1 45222U 20012AW  23005.71477309  .00000444  00000-0  48667-4 0  9995
2 45222  53.0550 169.4686 0001352  83.4151 276.6992 15.06401640160711
1 45222U 20012AW  23005.71477309  .00000444  00000-0  48667-4 0  9995
2 45222  53.0550 169.4686 0001352  83.4151 276.6992 15.06401640159775
1 45222U 20012AW  23006.57728195 -.00000984  00000-0 -47165-4 0  9995
2 45222  53.0544 165.5962 0001439  83.4781 276.6372 15.06400316160848
1 45222U 20012AW  23007.37343901  .00000200  00000-0  32319-4 0  9996
2 45222  53.0545 162.0213 0001573  87.2576 272.8593 15.06401113160022
1 45222U 20012AW  23007.70517966 -.00000694  00000-0 -27699-4 0  9991
2 45222  53.0548 160.5331 0001469  81.5238 278.5917 15.06393522161012
1 45222U 20012AW  23007.70517966 -.00000694  00000-0 -27699-4 0  9991
2 45222  53.0548 160.5331 0001469  81.5238 278.5917 15.06393522160077
1 45222U 20012AW  23008.50134511 -.00000066  00000-0  14460-4 0  9995
2 45222  53.0550 156.9596 0001430  77.9787 282.1362 15.06393390161134
1 45222U 20012AW  23009.09846092  .00001021  00000-0  87444-4 0  9997
2 45222  53.0555 154.2789 0001526  74.1121 286.0036 15.06401372160287
1 45222U 20012AW  23009.49656127 -.00001103  00000-0 -55222-4 0  9991
2 45222  53.0561 152.4912 0001395  69.4358 290.6780 15.06379839161285
1 45222U 20012AW  23009.49656127 -.00001103  00000-0 -55222-4 0  9991
2 45222  53.0561 152.4912 0001395  69.4358 290.6780 15.06379839160341
1 45222U 20012AW  23010.55810567  .00005149  00000-0  36444-3 0  9996
2 45222  53.0548 147.7283 0001217  81.4124 278.7003 15.06382752160503
1 45222U 20012AW  23011.61964522  .00003353  00000-0  24386-3 0  9992
2 45222  53.0554 142.9611 0001453  70.7027 289.4119 15.06399582161605
1 45222U 20012AW  23011.61964522  .00003353  00000-0  24386-3 0  9992
2 45222  53.0554 142.9611 0001453  70.7027 289.4119 15.06399582160660
1 45222U 20012AW  23012.74752206  .00001602  00000-0  12636-3 0  9991
2 45222  53.0557 137.8976 0001454  67.4168 292.6975 15.06422887161774
1 45222U 20012AW  23012.74752206  .00001602  00000-0  12636-3 0  9991
2 45222  53.0557 137.8976 0001454  67.4168 292.6975 15.06422887160830
1 45222U 20012AW  23013.61007024 -.00002713  00000-0 -16342-3 0  9993
2 45222  53.0553 134.0274 0001324  56.6626 303.4490 15.06379221160961
1 45222U 20012AW  23013.74276236 -.00003303  00000-0 -20303-3 0  9998
2 45222  53.0548 133.4292 0001423  76.6395 283.4752 15.06384218161920
1 45222U 20012AW  23014.47257130 -.00001071  00000-0 -52988-4 0  9996
2 45222  53.0530 130.1555 0001461  72.0909 288.0239 15.06396212161096
1 45222U 20012AW  23014.60525920  .00002296  00000-0  17300-3 0  9992
2 45222  53.0534 129.5575 0001424  70.5674 289.5469 15.06402265161115
1 45222U 20012AW  23015.00334803 -.00000156  00000-0  84166-5 0  9995
2 45222  53.0533 127.7704 0001372  66.9857 293.1277 15.06389543161179
1 45222U 20012AW  23015.53413325  .00004354  00000-0  31108-3 0  9999
2 45222  53.0515 125.3908 0001161  91.2761 268.8361 15.06388800162191
1 45222U 20012AW  23016.46298658  .00002495  00000-0  18632-3 0  9993
2 45222  53.0524 121.2188 0001250  84.0707 276.0424 15.06402890161393
1 45222U 20012AW  23016.52933479  .00004692  00000-0  33364-3 0  9997
2 45222  53.0522 120.9208 0001420  85.7435 274.3716 15.06402082162349
1 45222U 20012AW  23016.66202192  .00005778  00000-0  40631-3 0  9994
2 45222  53.0524 120.3252 0001249  89.7989 270.3143 15.06413866162365
1 45222U 20012AW  23016.66202192  .00005778  00000-0  40631-3 0  9994
2 45222  53.0524 120.3252 0001249  89.7989 270.3143 15.06413866161421
1 45222U 20012AW  23016.99376809 -.00000177  00000-0  70028-5 0  9991
2 45222  53.0508 118.8387 0001326  95.9141 264.1999 15.06390924161473
1 45222U 20012AW  23017.52455470 -.00001459  00000-0 -79123-4 0  9992
2 45222  53.0522 116.4548 0000904 112.0411 248.0674 15.06377215162496
1 45222U 20012AW  23017.52455470 -.00001459  00000-0 -79123-4 0  9992
2 45222  53.0522 116.4548 0000904 112.0411 248.0674 15.06377215161552
1 45222U 20012AW  23017.65724468 -.00001416  00000-0 -76194-4 0  9990
2 45222  53.0517 115.8600 0001446 100.5014 259.6138 15.06385461162513
1 45222U 20012AW  23017.65724468 -.00001416  00000-0 -76194-4 0  9990
2 45222  53.0517 115.8600 0001446 100.5014 259.6138 15.06385461161578
1 45222U 20012AW  23018.25436231  .00002644  00000-0  19634-3 0  9992
2 45222  53.0532 113.1778 0001313 104.9554 255.1580 15.06398935161664
1 45222U 20012AW  23018.51974896  .00024617  00000-0  16647-2 0  9999
2 45222  53.0524 111.9863 0001329 108.3647 251.7486 15.06423080162640
1 45222U 20012AW  23018.51974896  .00024617  00000-0  16647-2 0  9999
2 45222  53.0524 111.9863 0001329 108.3647 251.7486 15.06423080161706
1 45222U 20012AW  23018.58609386  .00030868  00000-0  20802-2 0  9998
2 45222  53.0524 111.6882 0001304 107.4859 252.6273 15.06434197162652
1 45222U 20012AW  23018.98417811  .00022455  00000-0  15208-2 0  9999
2 45222  53.0527 109.9007 0001990  88.1132 272.0084 15.06418150161773
1 45222U 20012AW  23019.44860234  .00022082  00000-0  14963-2 0  9995
2 45222  53.0531 107.8168 0001206  87.8729 272.2398 15.06410402162785
1 45222U 20012AW  23019.44860234  .00022082  00000-0  14963-2 0  9995
2 45222  53.0531 107.8168 0001206  87.8729 272.2398 15.06410402161841
1 45222U 20012AW  23020.51015054  .00019492  00000-0  13233-2 0  9997
2 45222  53.0531 103.0510 0001237  80.7926 279.3203 15.06415050162944
1 45222U 20012AW  23020.51015054  .00019492  00000-0  13233-2 0  9997
2 45222  53.0531 103.0510 0001237  80.7926 279.3203 15.06415050162001
1 45222U 20012AW  23021.17361977  .00010515  00000-0  72365-3 0  9997
2 45222  53.0523 100.0773 0001137  88.8833 271.2287 15.06403713162102
1 45222U 20012AW  23022.43421106  .00010954  00000-0  75291-3 0  9996
2 45222  53.0530  94.4182 0001058  99.8694 260.2415 15.06410282162299
1 45222U 20012AW  23023.23037584  .00000491  00000-0  51849-4 0  9997
2 45222  53.0535  90.8405 0001477 108.1734 251.9415 15.06391684162411
1 45222U 20012AW  23024.42462188  .00002437  00000-0  18244-3 0  9994
2 45222  53.0534  85.4787 0001364 103.2968 256.8173 15.06400642162592
1 45222U 20012AW  23025.41982740  .00003220  00000-0  23494-3 0  9999
2 45222  53.0516  81.0107 0001284  81.1634 278.9500 15.06400501163689
1 45222U 20012AW  23025.41982740  .00003220  00000-0  23494-3 0  9999
2 45222  53.0516  81.0107 0001284  81.1634 278.9500 15.06400501162745
1 45222U 20012AW  23026.41502790  .00002804  00000-0  20705-3 0  9992
2 45222  53.0518  76.5431 0001392  78.7332 281.3814 15.06405041163834
1 45222U 20012AW  23027.14484639 -.00000805  00000-0 -35171-4 0  9999
2 45222  53.0522  73.2661 0001205  84.8812 275.2315 15.06394206163009
1 45222U 20012AW  23027.47658171  .00000215  00000-0  33354-4 0  9993
2 45222  53.0536  71.7781 0001225  83.1634 276.9494 15.06396724163997
1 45222U 20012AW  23028.53813127  .00000417  00000-0  46882-4 0  9999
2 45222  53.0529  67.0109 0001288  86.7539 273.3598 15.06398859163215
1 45222U 20012AW  23028.80351897 -.00000336  00000-0 -36721-5 0  9994
2 45222  53.0528  65.8195 0001279  81.0616 279.0518 15.06399774164199
1 45222U 20012AW  23029.79872083  .00000350  00000-0  42365-4 0  9992
2 45222  53.0534  61.3507 0001337  88.4674 271.6468 15.06402184164343
1 45222U 20012AW  23030.06411271  .00000752  00000-0  69396-4 0  9991
2 45222  53.0533  60.1594 0001359  87.2362 272.8782 15.06396408163443
1 45222U 20012AW  23030.39584618  .00000717  00000-0  67034-4 0  9991
2 45222  53.0536  58.6701 0001365  86.7451 273.3694 15.06397634164438
1 45222U 20012AW  23031.45739067  .00001924  00000-0  14799-3 0  9999
2 45222  53.0532  53.9055 0001179  78.9511 281.1611 15.06400791164599
1 45222U 20012AW  23031.45739067  .00001924  00000-0  14799-3 0  9999
2 45222  53.0532  53.9055 0001179  78.9511 281.1611 15.06400791163655
1 45222U 20012AW  23031.78912880  .00000215  00000-0  33343-4 0  9990
2 45222  53.0539  52.4161 0001624  76.4819 283.6350 15.06398969164643
