1 45227U 20012BB  22365.41070879  .00002006  00000-0  15348-3 0  9991
2 45227  53.0532 193.2844 0001549  73.6203 286.4957 15.06406042159836
1 45227U 20012BB  22365.41070879  .00002006  00000-0  15348-3 0  9991
2 45227  53.0532 193.2844 0001549  73.6203 286.4957 15.06406042158947
1 45227U 20012BB  22365.80879766  .00000459  00000-0  49692-4 0  9996
2 45227  53.0531 191.4975 0001384  70.3679 289.7459 15.06395758159898
1 45227U 20012BB  23001.20687801  .00000261  00000-0  36416-4 0  9996
2 45227  53.0534 189.7095 0001505  75.0934 285.0221 15.06397450159959
1 45227U 20012BB  23001.87034354  .00000504  00000-0  52703-4 0  9995
2 45227  53.0536 186.7311 0001491  72.4659 287.6493 15.06401296160054
1 45227U 20012BB  23001.87034354  .00000504  00000-0  52703-4 0  9995
2 45227  53.0536 186.7311 0001491  72.4659 287.6493 15.06401296159164
1 45227U 20012BB  23002.20207540  .00000682  00000-0  64643-4 0  9995
2 45227  53.0541 185.2419 0001530  71.8471 288.2685 15.06404124160101
1 45227U 20012BB  23002.79920951 -.00001235  00000-0 -64036-4 0  9990
2 45227  53.0542 182.5607 0001398  66.5910 293.5226 15.06390553160191
1 45227U 20012BB  23002.79920951 -.00001235  00000-0 -64036-4 0  9990
2 45227  53.0542 182.5607 0001398  66.5910 293.5226 15.06390553159302
1 45227U 20012BB  23003.19729250  .00000624  00000-0  60796-4 0  9992
2 45227  53.0538 180.7742 0001429  71.1413 288.9731 15.06388789160255
1 45227U 20012BB  23003.86076263  .00000242  00000-0  35139-4 0  9994
2 45227  53.0538 177.7960 0001453  72.2621 287.8526 15.06391700159461
1 45227U 20012BB  23004.45788519  .00002396  00000-0  17971-3 0  9999
2 45227  53.0538 175.1154 0001367  71.2341 288.8797 15.06390254160444
1 45227U 20012BB  23004.72326924  .00003061  00000-0  22433-3 0  9996
2 45227  53.0537 173.9244 0001359  72.0829 288.0308 15.06396396160487
1 45227U 20012BB  23005.18769679  .00004267  00000-0  30515-3 0  9994
2 45227  53.0528 171.8396 0001423  70.8179 289.2964 15.06403418159661
1 45227U 20012BB  23005.45308173  .00004444  00000-0  31695-3 0  9999
2 45227  53.0529 170.6481 0001402  70.3099 289.8041 15.06407406160594
1 45227U 20012BB  23005.71846560  .00006414  00000-0  44890-3 0  9995
2 45227  53.0516 169.4563 0001455  71.3177 288.7970 15.06415374160630
1 45227U 20012BB  23006.24923901  .00002451  00000-0  18335-3 0  9991
2 45227  53.0519 167.0732 0001414  74.5567 285.5578 15.06408723159826
1 45227U 20012BB  23006.58097725 -.00001931  00000-0 -11079-3 0  9996
2 45227  53.0522 165.5841 0001492  77.9971 282.1185 15.06397854160760
1 45227U 20012BB  23006.58097725 -.00001931  00000-0 -11079-3 0  9996
2 45227  53.0522 165.5841 0001492  77.9971 282.1185 15.06397854159870
1 45227U 20012BB  23007.44348090 -.00000224  00000-0  38739-5 0  9993
2 45227  53.0534 161.7139 0001875  58.7090 301.4083 15.06408586160009
1 45227U 20012BB  23007.70887158 -.00001062  00000-0 -52401-4 0  9998
2 45227  53.0531 160.5216 0001509  69.7914 290.3237 15.06400662160936
1 45227U 20012BB  23007.70887158 -.00001062  00000-0 -52401-4 0  9998
2 45227  53.0531 160.5216 0001509  69.7914 290.3237 15.06400662160048
1 45227U 20012BB  23008.43869111  .00001128  00000-0  94635-4 0  9994
2 45227  53.0533 157.2448 0001666  70.9602 289.1567 15.06388062160155
1 45227U 20012BB  23008.50504053  .00000445  00000-0  48787-4 0  9991
2 45227  53.0535 156.9467 0001570  71.3404 288.7755 15.06385981161054
1 45227U 20012BB  23009.10215125  .00001242  00000-0  10222-3 0  9995
2 45227  53.0534 154.2672 0001464  60.5400 299.5735 15.06403431160250
1 45227U 20012BB  23009.50023685  .00001815  00000-0  14076-3 0  9994
2 45227  53.0539 152.4797 0001526  72.0359 288.0796 15.06395568161200
1 45227U 20012BB  23009.50023685  .00001815  00000-0  14076-3 0  9994
2 45227  53.0539 152.4797 0001526  72.0359 288.0796 15.06395568160311
1 45227U 20012BB  23010.62813941  .00006253  00000-0  43856-3 0  9990
2 45227  53.0543 147.4165 0001192  64.5625 295.5488 15.06379618160487
1 45227U 20012BB  23011.62333008  .00000941  00000-0  82038-4 0  9996
2 45227  53.0539 142.9486 0001455  61.3690 298.7446 15.06400746161529
1 45227U 20012BB  23011.75601675 -.00001904  00000-0 -10887-3 0  9992
2 45227  53.0538 142.3533 0001584  61.2360 298.8788 15.06418500161540
1 45227U 20012BB  23011.75601675 -.00001904  00000-0 -10887-3 0  9992
2 45227  53.0538 142.3533 0001584  61.2360 298.8788 15.06418500160651
1 45227U 20012BB  23012.08775271  .00001924  00000-0  14798-3 0  9998
2 45227  53.0540 140.8639 0001523  63.4227 296.6918 15.06405856160700
1 45227U 20012BB  23012.75122514  .00000228  00000-0  34191-4 0  9994
2 45227  53.0536 137.8856 0001422  63.6463 296.4672 15.06398606161692
1 45227U 20012BB  23012.75122514  .00000228  00000-0  34191-4 0  9994
2 45227  53.0536 137.8856 0001422  63.6463 296.4672 15.06398606160804
1 45227U 20012BB  23013.61371990  .00002309  00000-0  17376-3 0  9991
2 45227  53.0530 134.0149 0001498  54.8986 305.2143 15.06415200161822
1 45227U 20012BB  23013.61371990  .00002309  00000-0  17376-3 0  9991
2 45227  53.0530 134.0149 0001498  54.8986 305.2143 15.06415200160933
1 45227U 20012BB  23014.01181410  .00000073  00000-0  23797-4 0  9993
2 45227  53.0526 132.2282 0001339  39.0519 321.0566 15.06398828160994
1 45227U 20012BB  23014.60895562 -.00001126  00000-0 -56719-4 0  9990
2 45227  53.0540 129.5473 0001239  53.8173 306.2931 15.06381558161084
1 45227U 20012BB  23015.53779024 -.00017383  00000-0 -11486-2 0  9999
2 45227  53.0505 125.3760 0000913 144.1864 215.9186 15.06476147161220
1 45227U 20012BB  23015.60415346 -.00000159  00000-0  82453-5 0  9998
2 45227  53.0531 125.0792 0001282  55.6448 304.4662 15.06404366162122
1 45227U 20012BB  23015.73684665 -.00000030  00000-0  16884-4 0  9996
2 45227  53.0531 124.4835 0001305  56.5185 303.5928 15.06404837162147
1 45227U 20012BB  23015.73684665 -.00000030  00000-0  16884-4 0  9996
2 45227  53.0531 124.4835 0001305  56.5185 303.5928 15.06404837161258
1 45227U 20012BB  23016.00223946  .00001468  00000-0  11741-3 0  9999
2 45227  53.0522 123.2920 0001079  51.2381 308.8704 15.06394243161291
1 45227U 20012BB  23016.59935703  .00004450  00000-0  31739-3 0  9997
2 45227  53.0542 120.6093 0001394  52.1017 308.0098 15.06403842162274
1 45227U 20012BB  23016.66570238  .00004594  00000-0  32708-3 0  9999
2 45227  53.0538 120.3116 0001221  61.7233 298.3879 15.06405017162282
1 45227U 20012BB  23016.66570238  .00004594  00000-0  32708-3 0  9999
2 45227  53.0538 120.3116 0001221  61.7233 298.3879 15.06405017161393
1 45227U 20012BB  23016.99745688  .00001901  00000-0  14653-3 0  9996
2 45227  53.0545 118.8220 0001053  69.1416 290.9686 15.06382555161448
1 45227U 20012BB  23017.52824138  .00000598  00000-0  59038-4 0  9992
2 45227  53.0540 116.4422 0001097  79.2132 280.8980 15.06379891162418
1 45227U 20012BB  23017.66093192 -.00000932  00000-0 -43718-4 0  9997
2 45227  53.0527 115.8454 0001220  77.8543 282.2583 15.06389998162435
1 45227U 20012BB  23018.25804584  .00001443  00000-0  11576-3 0  9990
2 45227  53.0556 113.1619 0000979  85.8557 274.2544 15.06398438161633
1 45227U 20012BB  23018.52341867  .00003328  00000-0  24209-3 0  9991
2 45227  53.0543 111.9731 0000768  72.0191 288.0881 15.06415076162566
1 45227U 20012BB  23018.52341867  .00003328  00000-0  24209-3 0  9991
2 45227  53.0543 111.9731 0000768  72.0191 288.0881 15.06415076161677
1 45227U 20012BB  23018.58976034  .00002133  00000-0  16195-3 0  9995
2 45227  53.0539 111.6736 0001214  82.7222 277.3905 15.06425950162574
1 45227U 20012BB  23018.58976034  .00002133  00000-0  16195-3 0  9995
2 45227  53.0539 111.6736 0001214  82.7222 277.3905 15.06425950161685
1 45227U 20012BB  23018.98784876  .00000220  00000-0  33635-4 0  9994
2 45227  53.0539 109.8881 0001097  83.5677 276.5436 15.06412337161749
1 45227U 20012BB  23019.45228922  .00002728  00000-0  20196-3 0  9994
2 45227  53.0533 107.8008 0001621 114.0568 246.0591 15.06396544162706
1 45227U 20012BB  23019.58498257  .00001378  00000-0  11139-3 0  9995
2 45227  53.0530 107.2044 0001440 113.6456 246.4684 15.06398543161838
1 45227U 20012BB  23020.51383281 -.00000489  00000-0 -13903-4 0  9996
2 45227  53.0533 103.0368 0001370  81.6830 278.4314 15.06408003162868
1 45227U 20012BB  23020.58017878  .00000059  00000-0  22849-4 0  9999
2 45227  53.0534 102.7386 0001363  81.9055 278.2088 15.06409566161982
1 45227U 20012BB  23020.91191666 -.00001524  00000-0 -83412-4 0  9997
2 45227  53.0534 101.2471 0001301  83.6469 276.4668 15.06400360162035
1 45227U 20012BB  23022.50424509  .00000840  00000-0  75247-4 0  9994
2 45227  53.0518  94.1030 0001403  90.3309 269.7841 15.06401235162275
1 45227U 20012BB  23023.16772016  .00001154  00000-0  96398-4 0  9995
2 45227  53.0517  91.1247 0001619  76.5643 283.5526 15.06391780162375
1 45227U 20012BB  23024.42830826  .00002321  00000-0  17466-3 0  9994
2 45227  53.0509  85.4651 0001606  62.8206 297.2946 15.06401320162561
1 45227U 20012BB  23025.09177966  .00000243  00000-0  35239-4 0  9997
2 45227  53.0510  82.4833 0001500  84.3750 275.7409 15.06393408162661
1 45227U 20012BB  23025.42351530  .00001715  00000-0  13400-3 0  9995
2 45227  53.0522  80.9955 0001489  74.2751 285.8402 15.06393591163600
1 45227U 20012BB  23026.15332720  .00001882  00000-0  14522-3 0  9997
2 45227  53.0520  77.7190 0001523  79.3183 280.7977 15.06397674162827
1 45227U 20012BB  23026.41870938  .00002617  00000-0  19449-3 0  9994
2 45227  53.0519  76.5277 0001562  80.9319 279.1846 15.06403939163752
1 45227U 20012BB  23027.14853797  .00000822  00000-0  74091-4 0  9990
2 45227  53.0516  73.2522 0001631  75.8522 284.2648 15.06386281162972
1 45227U 20012BB  23027.34757753  .00000509  00000-0  53081-4 0  9995
2 45227  53.0523  72.3579 0001536  92.8062 267.3102 15.06388023163899
1 45227U 20012BB  23027.81200428 -.00000074  00000-0  13949-4 0  9996
2 45227  53.0524  70.2739 0001504  87.0958 273.0203 15.06393762163072
1 45227U 20012BB  23028.40912457 -.00000168  00000-0  76284-5 0  9990
2 45227  53.0526  67.5934 0001527  85.1532 274.9631 15.06397508164058
1 45227U 20012BB  23028.80720158 -.00000844  00000-0 -37736-4 0  9999
2 45227  53.0525  65.8067 0001495  91.8681 268.2479 15.06404420164113
1 45227U 20012BB  23028.80720158 -.00000844  00000-0 -37736-4 0  9999
2 45227  53.0525  65.8067 0001495  91.8681 268.2479 15.06404420163224
1 45227U 20012BB  23029.07259371  .00001498  00000-0  11944-3 0  9999
2 45227  53.0525  64.6143 0001483  88.1518 271.9640 15.06392072163265
1 45227U 20012BB  23029.80241010  .00000898  00000-0  79191-4 0  9993
2 45227  53.0527  61.3371 0001505  88.0037 272.1125 15.06394519164264
1 45227U 20012BB  23030.33318724  .00000359  00000-0  43012-4 0  9995
2 45227  53.0521  58.9541 0001526  89.2541 270.8623 15.06393589164348
1 45227U 20012BB  23030.33318724  .00000359  00000-0  43012-4 0  9995
2 45227  53.0521  58.9541 0001526  89.2541 270.8623 15.06393589163459
1 45227U 20012BB  23031.46107317 -.00000372  00000-0 -60883-5 0  9997
2 45227  53.0519  53.8904 0001547  83.9593 276.1573 15.06409479164511
1 45227U 20012BB  23031.46107317 -.00000372  00000-0 -60883-5 0  9997
2 45227  53.0519  53.8904 0001547  83.9593 276.1573 15.06409479163622
1 45227U 20012BB  23031.79281497 -.00000074  00000-0  13918-4 0  9999
2 45227  53.0516  52.3989 0001471  93.3212 266.7945 15.06395578164561
1 45227U 20012BB  23031.79281497 -.00000074  00000-0  13918-4 0  9999
2 45227  53.0516  52.3989 0001471  93.3212 266.7945 15.06395578163672
