1 45230U 20012BE  22365.24117506  .00000717  00000-0  67029-4 0  9996
2 45230  53.0542 194.0416 0001528  86.4027 273.7136 15.06386886159907
1 45230U 20012BE  22365.70560480  .00000707  00000-0  66388-4 0  9996
2 45230  53.0540 191.9565 0001513  86.4257 273.6905 15.06388678159976
1 45230U 20012BE  23001.23637912  .00000570  00000-0  57187-4 0  9992
2 45230  53.0541 189.5739 0001510  88.3404 271.7758 15.06393011159102
1 45230U 20012BE  23001.56811276  .00000372  00000-0  43897-4 0  9998
2 45230  53.0542 188.0842 0001479  89.7623 270.3536 15.06395821160106
1 45230U 20012BE  23001.76715278  .00000453  00000-0  49306-4 0  9996
2 45230  53.0542 187.1907 0001482  89.8490 270.2669 15.06396692160131
1 45230U 20012BE  23002.49696629  .00001483  00000-0  11845-3 0  9995
2 45230  53.0544 183.9149 0001468  89.0305 271.0852 15.06397653160249
1 45230U 20012BE  23002.49696629  .00001483  00000-0  11845-3 0  9995
2 45230  53.0544 183.9149 0001468  89.0305 271.0852 15.06397653159292
1 45230U 20012BE  23002.76235230  .00001612  00000-0  12709-3 0  9996
2 45230  53.0542 182.7235 0001466  89.3640 270.7517 15.06399349160285
1 45230U 20012BE  23003.49216113  .00001681  00000-0  13170-3 0  9995
2 45230  53.0544 179.4471 0001482  89.5197 270.5962 15.06406967160398
1 45230U 20012BE  23003.75754770  .00001474  00000-0  11779-3 0  9993
2 45230  53.0544 178.2557 0001482  89.3313 270.7845 15.06406404159484
1 45230U 20012BE  23004.48736924 -.00000190  00000-0  61678-5 0  9995
2 45230  53.0547 174.9795 0001435  90.0990 270.0163 15.06399031160544
1 45230U 20012BE  23004.48736924 -.00000190  00000-0  61678-5 0  9995
2 45230  53.0547 174.9795 0001435  90.0990 270.0163 15.06399031159597
1 45230U 20012BE  23004.75275071  .00000573  00000-0  57384-4 0  9998
2 45230  53.0546 173.7885 0001424  88.4186 271.6966 15.06404904160584
1 45230U 20012BE  23005.15082664  .00000631  00000-0  61215-4 0  9990
2 45230  53.0551 172.0020 0001517  89.5992 270.5171 15.06409364159694
1 45230U 20012BE  23005.54890098  .00000996  00000-0  85722-4 0  9994
2 45230  53.0548 170.2140 0001522  90.2804 269.8359 15.06414778160708
1 45230U 20012BE  23005.74794524  .00000260  00000-0  36330-4 0  9998
2 45230  53.0554 169.3203 0001495  90.4046 269.7114 15.06408910160735
1 45230U 20012BE  23006.34507415  .00000459  00000-0  49701-4 0  9992
2 45230  53.0550 166.6408 0001461  89.8481 270.2675 15.06396791159871
1 45230U 20012BE  23006.87584844  .00000071  00000-0  23670-4 0  9998
2 45230  53.0550 164.2560 0001339  88.9660 271.1483 15.06398053160903
1 45230U 20012BE  23007.14123136  .00000305  00000-0  39389-4 0  9996
2 45230  53.0553 163.0666 0001389  88.7836 271.3312 15.06403474160949
1 45230U 20012BE  23007.80469946 -.00004036  00000-0 -25211-3 0  9996
2 45230  53.0554 160.0883 0001378  90.7120 269.4027 15.06412208161043
1 45230U 20012BE  23007.80469946 -.00004036  00000-0 -25211-3 0  9996
2 45230  53.0554 160.0883 0001378  90.7120 269.4027 15.06412208160097
1 45230U 20012BE  23008.13643695  .00001767  00000-0  13753-3 0  9992
2 45230  53.0555 158.5993 0001301  87.5460 272.5678 15.06395182161098
1 45230U 20012BE  23008.13643695  .00001767  00000-0  13753-3 0  9992
2 45230  53.0555 158.5993 0001301  87.5460 272.5678 15.06395182160143
1 45230U 20012BE  23008.79990172  .00001888  00000-0  14562-3 0  9992
2 45230  53.0553 155.6208 0001297  87.3139 272.7998 15.06400503161190
1 45230U 20012BE  23009.13163544  .00000982  00000-0  84799-4 0  9990
2 45230  53.0549 154.1316 0001312  86.6170 273.4969 15.06402658161249
1 45230U 20012BE  23009.66241663  .00000778  00000-0  71125-4 0  9999
2 45230  53.0568 151.7487 0001337  87.9585 272.1557 15.06394312161328
1 45230U 20012BE  23009.66241663  .00000778  00000-0  71125-4 0  9999
2 45230  53.0568 151.7487 0001337  87.9585 272.1557 15.06394312160372
1 45230U 20012BE  23010.52491988  .00000428  00000-0  47608-4 0  9994
2 45230  53.0564 147.8786 0001429  81.0082 279.1069 15.06402755160506
1 45230U 20012BE  23010.65762347 -.00001102  00000-0 -55093-4 0  9997
2 45230  53.0552 147.2835 0001430  80.9549 279.1601 15.06391265161472
1 45230U 20012BE  23010.65762347 -.00001102  00000-0 -55093-4 0  9997
2 45230  53.0552 147.2835 0001430  80.9549 279.1601 15.06391265160527
1 45230U 20012BE  23011.52012357  .00001194  00000-0  99024-4 0  9994
2 45230  53.0548 143.4082 0001465  83.8913 276.2243 15.06401111161601
1 45230U 20012BE  23011.65281798  .00001281  00000-0  10488-3 0  9998
2 45230  53.0544 142.8131 0001427  82.9975 277.1176 15.06400192161626
1 45230U 20012BE  23011.65281798  .00001281  00000-0  10488-3 0  9998
2 45230  53.0544 142.8131 0001427  82.9975 277.1176 15.06400192160670
1 45230U 20012BE  23012.78071343 -.00000820  00000-0 -36199-4 0  9994
2 45230  53.0534 137.7502 0001267  71.1995 288.9132 15.06398256161791
1 45230U 20012BE  23012.78071343 -.00000820  00000-0 -36199-4 0  9994
2 45230  53.0534 137.7502 0001267  71.1995 288.9132 15.06398256160846
1 45230U 20012BE  23013.04611431 -.00003329  00000-0 -20480-3 0  9994
2 45230  53.0533 136.5589 0001873  79.3592 280.7608 15.06379989160887
1 45230U 20012BE  23013.51054439 -.00003482  00000-0 -21511-3 0  9991
2 45230  53.0537 134.4733 0001172  76.9034 283.2086 15.06379426161903
1 45230U 20012BE  23014.10766683  .00000245  00000-0  35337-4 0  9992
2 45230  53.0520 131.7938 0001440  83.6622 276.4531 15.06389948161042
1 45230U 20012BE  23015.56730585  .00003136  00000-0  22937-3 0  9998
2 45230  53.0517 125.2403 0001144 112.6861 247.4249 15.06393955162219
1 45230U 20012BE  23015.56730585  .00003136  00000-0  22937-3 0  9998
2 45230  53.0517 125.2403 0001144 112.6861 247.4249 15.06393955161263
1 45230U 20012BE  23016.56250044  .00002631  00000-0  19543-3 0  9994
2 45230  53.0533 120.7732 0001301  99.4673 260.6463 15.06404402162361
1 45230U 20012BE  23016.69519535  .00003232  00000-0  23569-3 0  9992
2 45230  53.0523 120.1776 0001195 101.7164 258.3959 15.06408165162381
1 45230U 20012BE  23016.69519535  .00003232  00000-0  23569-3 0  9992
2 45230  53.0523 120.1776 0001195 101.7164 258.3959 15.06408165161436
1 45230U 20012BE  23017.09329075 -.00000041  00000-0  16164-4 0  9995
2 45230  53.0520 118.3898 0001152  69.8471 290.2642 15.06384775161495
1 45230U 20012BE  23017.55772663 -.00001160  00000-0 -59058-4 0  9994
2 45230  53.0547 116.3075 0000839  66.4595 293.6482 15.06376940162518
1 45230U 20012BE  23017.55772663 -.00001160  00000-0 -59058-4 0  9994
2 45230  53.0547 116.3075 0000839  66.4595 293.6482 15.06376940161562
1 45230U 20012BE  23017.62407169 -.00001549  00000-0 -85170-4 0  9993
2 45230  53.0520 116.0058 0001112  81.1461 278.9654 15.06381302162524
1 45230U 20012BE  23018.28753568  .00002972  00000-0  21832-3 0  9996
2 45230  53.0527 113.0294 0001161  83.7393 276.3728 15.06398314161676
1 45230U 20012BE  23018.55291747  .00014099  00000-0  96294-3 0  9999
2 45230  53.0528 111.8380 0001237  76.5254 283.5873 15.06422103162664
1 45230U 20012BE  23018.55291747  .00014099  00000-0  96294-3 0  9999
2 45230  53.0528 111.8380 0001237  76.5254 283.5873 15.06422103161719
1 45230U 20012BE  23018.95100111  .00010811  00000-0  74338-3 0  9990
2 45230  53.0540 110.0495 0001295  95.0440 265.0697 15.06409325161774
1 45230U 20012BE  23019.41543178  .00002295  00000-0  17289-3 0  9995
2 45230  53.0543 107.9680 0001432  84.2231 275.8921 15.06398176161847
1 45230U 20012BE  23019.54812424  .00002455  00000-0  18362-3 0  9993
2 45230  53.0535 107.3726 0001560  83.5857 276.5310 15.06400773162816
1 45230U 20012BE  23020.47699777 -.00002577  00000-0 -15424-3 0  9994
2 45230  53.0535 103.2006 0001493  85.4432 274.6727 15.06388859162953
1 45230U 20012BE  23020.47699777 -.00002577  00000-0 -15424-3 0  9994
2 45230  53.0535 103.2006 0001493  85.4432 274.6727 15.06388859162009
1 45230U 20012BE  23021.00775592 -.00001076  00000-0 -53346-4 0  9993
2 45230  53.0524 100.8174 0001311  86.5459 273.5680 15.06404314162085
1 45230U 20012BE  23021.60487679  .00020486  00000-0  13891-2 0  9998
2 45230  53.0520  98.1369 0001361  90.7723 269.3422 15.06428753162172
1 45230U 20012BE  23022.46738667  .00020051  00000-0  13606-2 0  9991
2 45230  53.0524  94.2657 0001872  72.1519 287.9674 15.06414746162304
1 45230U 20012BE  23023.19720416  .00022712  00000-0  15382-2 0  9994
2 45230  53.0522  90.9887 0001584  58.1512 301.9631 15.06412346162413
1 45230U 20012BE  23023.39624417  .00015849  00000-0  10804-2 0  9997
2 45230  53.0518  90.0944 0001538  81.5945 278.5219 15.06403081162442
1 45230U 20012BE  23024.19240939  .00001621  00000-0  12770-3 0  9997
2 45230  53.0519  86.5231 0001582  59.5695 300.5450 15.06395654162560
1 45230U 20012BE  23025.45299187  .00000048  00000-0  22100-4 0  9997
2 45230  53.0533  80.8629 0001530  96.8180 263.2983 15.06409977163707
1 45230U 20012BE  23025.45299187  .00000048  00000-0  22100-4 0  9997
2 45230  53.0533  80.8629 0001530  96.8180 263.2983 15.06409977162751
1 45230U 20012BE  23026.11646827  .00001094  00000-0  92314-4 0  9994
2 45230  53.0531  77.8842 0001421  95.4313 264.6838 15.06395776162850
1 45230U 20012BE  23026.44819902  .00002372  00000-0  17808-3 0  9990
2 45230  53.0533  76.3954 0001487  96.5766 263.5392 15.06402369163857
1 45230U 20012BE  23027.50975227 -.00000412  00000-0 -87985-5 0  9991
2 45230  53.0526  71.6272 0001271  87.6033 272.5102 15.06399051163064
1 45230U 20012BE  23027.84148453 -.00000142  00000-0  93789-5 0  9999
2 45230  53.0526  70.1376 0001235  90.8975 269.2156 15.06399808164067
1 45230U 20012BE  23028.50494953  .00000845  00000-0  75591-4 0  9991
2 45230  53.0528  67.1591 0001374  80.7594 279.3550 15.06403682164160
1 45230U 20012BE  23028.83668908  .00000189  00000-0  31557-4 0  9995
2 45230  53.0527  65.6698 0001331  93.4942 266.6199 15.06396225164219
1 45230U 20012BE  23029.10207956  .00000941  00000-0  82048-4 0  9995
2 45230  53.0525  64.4789 0001450  88.5892 271.5263 15.06390431163305
1 45230U 20012BE  23029.36746635  .00001386  00000-0  11197-3 0  9995
2 45230  53.0538  63.2852 0001049 104.8809 255.2296 15.06389883164294
1 45230U 20012BE  23030.22997876  .00000146  00000-0  28677-4 0  9992
2 45230  53.0533  59.4157 0001293  87.4348 272.6789 15.06393438163479
1 45230U 20012BE  23030.49536166  .00000453  00000-0  49318-4 0  9998
2 45230  53.0534  58.2231 0001207  93.6357 266.4770 15.06399532164466
1 45230U 20012BE  23030.76075098 -.00000245  00000-0  24690-5 0  9997
2 45230  53.0536  57.0314 0001307  95.3176 264.7962 15.06398199164503
1 45230U 20012BE  23031.49056229  .00000688  00000-0  65099-4 0  9990
2 45230  53.0542  53.7554 0001404  94.1060 266.0089 15.06405377163664
1 45230U 20012BE  23031.75595868  .00001281  00000-0  10493-3 0  9993
2 45230  53.0547  52.5638 0001649  88.5254 271.5924 15.06393135164659
1 45230U 20012BE  23031.75595868  .00001281  00000-0  10493-3 0  9993
2 45230  53.0547  52.5638 0001649  88.5254 271.5924 15.06393135163704
