1 45235U 20012BK  22365.05685489  .00002618  00000-0  19457-3 0  9993
2 45235  53.0533 234.8659 0001532  82.1910 277.9253 15.06398598159328
1 45235U 20012BK  22365.05685489  .00002618  00000-0  19457-3 0  9993
2 45235  53.0533 234.8659 0001532  82.1910 277.9253 15.06398598158394
1 45235U 20012BK  22365.91936646  .00002580  00000-0  19207-3 0  9993
2 45235  53.0530 230.9931 0001483  82.9785 277.1373 15.06395770158523
1 45235U 20012BK  23001.31746141  .00000527  00000-0  54274-4 0  9997
2 45235  53.0531 229.2062 0001483  81.2379 278.8777 15.06383444158588
1 45235U 20012BK  23001.58284885  .00000140  00000-0  28331-4 0  9994
2 45235  53.0526 228.0140 0001379  83.8444 276.2702 15.06385937159558
1 45235U 20012BK  23001.91457573 -.00000998  00000-0 -48131-4 0  9990
2 45235  53.0528 226.5253 0001605  81.5606 278.5564 15.06401404159600
1 45235U 20012BK  23001.98092298  .00000064  00000-0  23162-4 0  9995
2 45235  53.0528 226.2273 0001474  81.0581 279.0575 15.06398790158688
1 45235U 20012BK  23002.57804676 -.00001035  00000-0 -50581-4 0  9998
2 45235  53.0529 223.5475 0001512  84.2653 275.8508 15.06396993159708
1 45235U 20012BK  23002.90978823  .00000341  00000-0  41788-4 0  9997
2 45235  53.0531 222.0581 0001553  83.8552 276.2614 15.06383525159756
1 45235U 20012BK  23002.90978823  .00000341  00000-0  41788-4 0  9997
2 45235  53.0531 222.0581 0001553  83.8552 276.2614 15.06383525158823
1 45235U 20012BK  23003.30786992  .00001086  00000-0  91843-4 0  9990
2 45235  53.0531 220.2711 0001513  83.2013 276.9148 15.06386502159817
1 45235U 20012BK  23004.10403081  .00000404  00000-0  45993-4 0  9992
2 45235  53.0529 216.6968 0001511  83.1726 276.9435 15.06394966159008
1 45235U 20012BK  23004.30307745 -.00000504  00000-0 -14957-4 0  9993
2 45235  53.0528 215.8034 0001507  84.0793 276.0367 15.06390077159960
1 45235U 20012BK  23004.30307745 -.00000504  00000-0 -14957-4 0  9993
2 45235  53.0528 215.8034 0001507  84.0793 276.0367 15.06390077159038
1 45235U 20012BK  23004.83386041 -.00000208  00000-0  49096-5 0  9990
2 45235  53.0528 213.4200 0001423  86.1797 273.9355 15.06381517160046
1 45235U 20012BK  23004.83386041 -.00000208  00000-0  49096-5 0  9990
2 45235  53.0528 213.4200 0001423  86.1797 273.9355 15.06381517159112
1 45235U 20012BK  23005.56367500 -.00000076  00000-0  13820-4 0  9998
2 45235  53.0528 210.1439 0001461  86.5256 273.5900 15.06390054159226
1 45235U 20012BK  23005.82906142  .00000206  00000-0  32723-4 0  9995
2 45235  53.0527 208.9526 0001465  86.2674 273.8482 15.06392356160195
1 45235U 20012BK  23006.89061302  .00001153  00000-0  96305-4 0  9991
2 45235  53.0532 204.1865 0001460  88.4030 271.7126 15.06393191160358
1 45235U 20012BK  23006.89061302  .00001153  00000-0  96305-4 0  9991
2 45235  53.0532 204.1865 0001460  88.4030 271.7126 15.06393191159424
1 45235U 20012BK  23007.81947042  .00000761  00000-0  69957-4 0  9995
2 45235  53.0531 200.0168 0001486  89.2584 270.8575 15.06395632160494
1 45235U 20012BK  23007.95216138  .00000848  00000-0  75795-4 0  9998
2 45235  53.0531 199.4207 0001470  89.1299 270.9858 15.06399770159584
1 45235U 20012BK  23008.54928338  .00000802  00000-0  72720-4 0  9991
2 45235  53.0525 196.7402 0001490  90.8072 269.3088 15.06397806160604
1 45235U 20012BK  23008.88101453  .00001144  00000-0  95650-4 0  9996
2 45235  53.0529 195.2510 0001529  91.3259 268.7905 15.06401629160653
1 45235U 20012BK  23009.47813840  .00000317  00000-0  40164-4 0  9993
2 45235  53.0532 192.5705 0001539  91.0098 269.1067 15.06399951160740
1 45235U 20012BK  23009.47813840  .00000317  00000-0  40164-4 0  9993
2 45235  53.0532 192.5705 0001539  91.0098 269.1067 15.06399951159816
1 45235U 20012BK  23009.87621862  .00000290  00000-0  38346-4 0  9997
2 45235  53.0530 190.7833 0001532  90.4819 269.6346 15.06400337160800
1 45235U 20012BK  23010.20795321  .00000193  00000-0  31880-4 0  9996
2 45235  53.0530 189.2939 0001531  89.2248 270.8916 15.06399472160850
1 45235U 20012BK  23010.73872732  .00000206  00000-0  32761-4 0  9990
2 45235  53.0520 186.9108 0001540  89.6212 270.4954 15.06398827160004
1 45235U 20012BK  23010.87142066  .00000074  00000-0  23871-4 0  9990
2 45235  53.0521 186.3149 0001514  89.8126 270.3036 15.06400384160957
1 45235U 20012BK  23011.20315583  .00000207  00000-0  32823-4 0  9999
2 45235  53.0523 184.8251 0001519  89.5115 270.6048 15.06397605161000
1 45235U 20012BK  23011.86662195  .00000548  00000-0  55714-4 0  9997
2 45235  53.0518 181.8464 0001507  89.5338 270.5824 15.06399734161108
1 45235U 20012BK  23011.86662195  .00000548  00000-0  55714-4 0  9997
2 45235  53.0518 181.8464 0001507  89.5338 270.5824 15.06399734160174
1 45235U 20012BK  23012.86182552  .00000477  00000-0  50934-4 0  9992
2 45235  53.0514 177.3788 0001501  88.4418 271.6743 15.06397725161250
1 45235U 20012BK  23013.72433353  .00000885  00000-0  78272-4 0  9994
2 45235  53.0527 173.5064 0001409  89.1177 270.9974 15.06397782161381
1 45235U 20012BK  23013.72433353  .00000885  00000-0  78272-4 0  9994
2 45235  53.0527 173.5064 0001409  89.1177 270.9974 15.06397782160458
1 45235U 20012BK  23015.11762016  .00000121  00000-0  27042-4 0  9992
2 45235  53.0521 167.2541 0001341  91.1690 268.9452 15.06396549160661
1 45235U 20012BK  23015.58205387 -.00000725  00000-0 -29814-4 0  9997
2 45235  53.0527 165.1680 0001164  91.5577 268.5545 15.06392350161665
1 45235U 20012BK  23015.71474043  .00000385  00000-0  44716-4 0  9997
2 45235  53.0529 164.5723 0001104  90.7907 269.3209 15.06400587161680
1 45235U 20012BK  23016.44455736  .00000822  00000-0  74037-4 0  9991
2 45235  53.0528 161.2965 0001109  97.7677 262.3438 15.06397317160869
1 45235U 20012BK  23016.57724865  .00001391  00000-0  11227-3 0  9990
2 45235  53.0531 160.7002 0001018  94.6197 265.4909 15.06398738161812
1 45235U 20012BK  23016.77628272  .00001443  00000-0  11571-3 0  9997
2 45235  53.0530 159.8067 0001101  93.0722 267.0392 15.06407775161840
1 45235U 20012BK  23016.77628272  .00001443  00000-0  11571-3 0  9997
2 45235  53.0530 159.8067 0001101  93.0722 267.0392 15.06407775160917
1 45235U 20012BK  23017.10803369 -.00000459  00000-0 -11895-4 0  9995
2 45235  53.0529 158.3161 0001694  79.5375 280.5804 15.06390323160967
1 45235U 20012BK  23017.63880720  .00000932  00000-0  81472-4 0  9991
2 45235  53.0528 155.9364 0001402  78.4514 281.6633 15.06391132161977
1 45235U 20012BK  23018.56765580  .00001360  00000-0  11019-3 0  9995
2 45235  53.0531 151.7660 0000920  77.8023 282.3069 15.06402638162118
1 45235U 20012BK  23018.63400118  .00001472  00000-0  11766-3 0  9999
2 45235  53.0537 151.4676 0000935  80.7432 279.3663 15.06405080161198
1 45235U 20012BK  23019.36382868  .00001114  00000-0  93705-4 0  9998
2 45235  53.0521 148.1917 0001308  67.4613 292.6514 15.06390810161300
1 45235U 20012BK  23019.49652439  .00000864  00000-0  76888-4 0  9990
2 45235  53.0526 147.5964 0001294  70.3516 289.7612 15.06389140162254
1 45235U 20012BK  23020.49171833  .00000220  00000-0  33673-4 0  9997
2 45235  53.0539 143.1260 0000934  88.6715 271.4381 15.06406301162409
1 45235U 20012BK  23020.49171833  .00000220  00000-0  33673-4 0  9997
2 45235  53.0539 143.1260 0000934  88.6715 271.4381 15.06406301161475
1 45235U 20012BK  23020.62437572  .00005826  00000-0  40917-3 0  9992
2 45235  53.0537 142.5317 0003900  98.7968 261.3463 15.06448393161495
1 45235U 20012BK  23021.02246812  .00002371  00000-0  17786-3 0  9992
2 45235  53.0542 140.7484 0000734  73.2732 286.8337 15.06427455161550
1 45235U 20012BK  23021.61962574  .00004531  00000-0  32308-3 0  9994
2 45235  53.0544 138.0678 0001731  92.2717 267.8470 15.06375672161649
1 45235U 20012BK  23022.08400654  .00044735  00000-0  30145-2 0  9998
2 45235  53.0547 135.9838 0002018  69.9836 290.1370 15.06259394161716
1 45235U 20012BK  23022.48213252  .00040605  00000-0  27389-2 0  9996
2 45235  53.0547 134.1969 0002005  75.7261 284.3951 15.06268229161778
1 45235U 20012BK  23022.68121591  .00031321  00000-0  21208-2 0  9991
2 45235  53.0546 133.3032 0002084  78.6977 281.4246 15.06249203161802
1 45235U 20012BK  23023.01281206 -.00056170  00000-0 -37580-2 0  9990
2 45235  53.0546 131.8107 0002873  63.0718 297.0565 15.06630349161852
1 45235U 20012BK  23023.54367943  .00001751  00000-0  13641-3 0  9997
2 45235  53.0536 129.4290 0000875  97.5677 262.5411 15.06391732161939
1 45235U 20012BK  23025.53408820  .00000665  00000-0  63518-4 0  9990
2 45235  53.0534 120.4911 0001208  97.1554 262.9572 15.06395358163166
1 45235U 20012BK  23025.53408820  .00000665  00000-0  63518-4 0  9990
2 45235  53.0534 120.4911 0001208  97.1554 262.9572 15.06395358162233
1 45235U 20012BK  23026.46294217  .00000224  00000-0  33896-4 0  9993
2 45235  53.0538 116.3202 0001219  95.2876 264.8252 15.06402574163306
1 45235U 20012BK  23026.92736659 -.00000002  00000-0  18726-4 0  9995
2 45235  53.0538 114.2361 0001171  96.2728 263.8395 15.06406095162446
1 45235U 20012BK  23027.39180144  .00000829  00000-0  74573-4 0  9997
2 45235  53.0545 112.1527 0001212  92.6483 267.4645 15.06395377163448
1 45235U 20012BK  23027.39180144  .00000829  00000-0  74573-4 0  9997
2 45235  53.0545 112.1527 0001212  92.6483 267.4645 15.06395377162515
1 45235U 20012BK  23028.51969752  .00000116  00000-0  26648-4 0  9991
2 45235  53.0536 107.0886 0001100  93.7329 266.3786 15.06399224163614
1 45235U 20012BK  23028.51969752  .00000116  00000-0  26648-4 0  9991
2 45235  53.0536 107.0886 0001100  93.7329 266.3786 15.06399224162680
1 45235U 20012BK  23028.91778056  .00000352  00000-0  42551-4 0  9993
2 45235  53.0543 105.3009 0001295  83.6973 276.4164 15.06397709163672
1 45235U 20012BK  23029.24952140 -.00000296  00000-0 -10095-5 0  9996
2 45235  53.0542 103.8130 0000934  94.8394 265.2702 15.06387693162796
1 45235U 20012BK  23029.44855689 -.00002187  00000-0 -12796-3 0  9997
2 45235  53.0556 102.9194 0001435  98.9861 261.1290 15.06403080162822
1 45235U 20012BK  23029.91298551  .00001783  00000-0  13862-3 0  9992
2 45235  53.0539 100.8335 0000977  89.4425 270.6676 15.06389205163824
1 45235U 20012BK  23030.44375853  .00001456  00000-0  11662-3 0  9996
2 45235  53.0535  98.4505 0001053  92.0640 268.0470 15.06396546163904
1 45235U 20012BK  23030.90818477  .00000858  00000-0  76498-4 0  9995
2 45235  53.0535  96.3652 0001077  81.9617 278.1494 15.06400358163973
1 45235U 20012BK  23031.17357676  .00001241  00000-0  10220-3 0  9991
2 45235  53.0536  95.1754 0001008  81.0272 279.0831 15.06391819163084
1 45235U 20012BK  23031.57165407  .00000833  00000-0  74831-4 0  9999
2 45235  53.0531  93.3874 0000947  72.3279 287.7814 15.06399694164079
