1 45237U 20012BM  22365.52499314  .00001862  00000-0  14385-3 0  9992
2 45237  53.0548 192.7475 0001413  76.9627 283.1519 15.06396085159938
1 45237U 20012BM  22365.52499314  .00001862  00000-0  14385-3 0  9992
2 45237  53.0548 192.7475 0001413  76.9627 283.1519 15.06396085158993
1 45237U 20012BM  22365.79037854  .00002087  00000-0  15896-3 0  9996
2 45237  53.0548 191.5562 0001418  77.0003 283.1144 15.06399276159970
1 45237U 20012BM  23001.52018875  .00002047  00000-0  15624-3 0  9992
2 45237  53.0548 188.2800 0001438  76.6614 283.4535 15.06405899160083
1 45237U 20012BM  23001.85192130  .00003120  00000-0  22818-3 0  9991
2 45237  53.0541 186.7908 0001459  76.4361 283.6790 15.06411494160137
1 45237U 20012BM  23001.85192130  .00003120  00000-0  22818-3 0  9991
2 45237  53.0541 186.7908 0001459  76.4361 283.6790 15.06411494159191
1 45237U 20012BM  23002.91347436  .00000294  00000-0  38613-4 0  9990
2 45237  53.0547 182.0250 0001400  76.9554 283.1591 15.06401718160296
1 45237U 20012BM  23002.91347436  .00000294  00000-0  38613-4 0  9990
2 45237  53.0547 182.0250 0001400  76.9554 283.1591 15.06401718159351
1 45237U 20012BM  23003.57693752  .00000801  00000-0  72650-4 0  9991
2 45237  53.0547 179.0466 0001381  77.9424 282.1720 15.06406932160393
1 45237U 20012BM  23004.50579195  .00000702  00000-0  66043-4 0  9998
2 45237  53.0534 174.8765 0001423  75.5731 284.5416 15.06400664160536
1 45237U 20012BM  23004.50579195  .00000702  00000-0  66043-4 0  9998
2 45237  53.0534 174.8765 0001423  75.5731 284.5416 15.06400664159590
1 45237U 20012BM  23004.90387317  .00000084  00000-0  24506-4 0  9996
2 45237  53.0535 173.0896 0001447  75.1357 284.9792 15.06399161160595
1 45237U 20012BM  23005.16925993  .00001260  00000-0  10343-3 0  9993
2 45237  53.0550 171.8985 0001399  76.2847 283.8298 15.06402711160639
1 45237U 20012BM  23005.83271977  .00001454  00000-0  11643-3 0  9992
2 45237  53.0548 168.9200 0001423  77.1516 282.9632 15.06410187160733
1 45237U 20012BM  23006.16445576  .00000586  00000-0  58246-4 0  9993
2 45237  53.0552 167.4305 0001511  74.5250 285.5906 15.06407344159846
1 45237U 20012BM  23006.56255186 -.00000788  00000-0 -34055-4 0  9991
2 45237  53.0550 165.6436 0001371  76.5554 283.5588 15.06387310159903
1 45237U 20012BM  23006.82793476 -.00000837  00000-0 -37322-4 0  9994
2 45237  53.0539 164.4522 0001432  76.3969 283.7180 15.06389398160886
1 45237U 20012BM  23007.15966823  .00000151  00000-0  29022-4 0  9994
2 45237  53.0535 162.9639 0001444  75.8373 284.2776 15.06394179160936
1 45237U 20012BM  23007.15966823  .00000151  00000-0  29022-4 0  9994
2 45237  53.0535 162.9639 0001444  75.8373 284.2776 15.06394179159990
1 45237U 20012BM  23007.82313961  .00001991  00000-0  15255-3 0  9992
2 45237  53.0533 159.9868 0001427  64.8677 295.2459 15.06395592161032
1 45237U 20012BM  23008.42026454  .00003802  00000-0  27403-3 0  9998
2 45237  53.0543 157.3042 0001387  76.3036 283.8107 15.06393601161123
1 45237U 20012BM  23008.42026454  .00003802  00000-0  27403-3 0  9998
2 45237  53.0543 157.3042 0001387  76.3036 283.8107 15.06393601160188
1 45237U 20012BM  23008.81834134  .00005842  00000-0  41068-3 0  9992
2 45237  53.0536 155.5187 0001537  69.3940 290.7213 15.06406278161184
1 45237U 20012BM  23008.81834134  .00005842  00000-0  41068-3 0  9992
2 45237  53.0536 155.5187 0001537  69.3940 290.7213 15.06406278160240
1 45237U 20012BM  23009.54815457  .00005745  00000-0  40416-3 0  9998
2 45237  53.0539 152.2409 0001602  74.7614 285.3552 15.06410765161293
1 45237U 20012BM  23009.68084630  .00007047  00000-0  49134-3 0  9997
2 45237  53.0540 151.6460 0001576  71.5279 288.5881 15.06415212161312
1 45237U 20012BM  23010.21162333  .00000680  00000-0  64519-4 0  9996
2 45237  53.0543 149.2638 0001668  64.6783 295.4378 15.06401267160457
1 45237U 20012BM  23010.54335995 -.00001411  00000-0 -75879-4 0  9994
2 45237  53.0545 147.7745 0001560  66.4526 293.6626 15.06395507161442
1 45237U 20012BM  23010.67605213 -.00000834  00000-0 -37092-4 0  9994
2 45237  53.0543 147.1787 0001540  68.1880 291.9272 15.06397794161460
1 45237U 20012BM  23010.67605213 -.00000834  00000-0 -37092-4 0  9994
2 45237  53.0543 147.1787 0001540  68.1880 291.9272 15.06397794160526
1 45237U 20012BM  23011.53857659 -.00000921  00000-0 -42953-4 0  9992
2 45237  53.0550 143.3061 0001781  68.8704 291.2475 15.06388942161597
1 45237U 20012BM  23011.53857659 -.00000921  00000-0 -42953-4 0  9992
2 45237  53.0550 143.3061 0001781  68.8704 291.2475 15.06388942160653
1 45237U 20012BM  23012.60013117  .00001010  00000-0  86670-4 0  9996
2 45237  53.0577 138.5429 0000895  70.6498 289.4587 15.06387191161752
1 45237U 20012BM  23012.60013117  .00001010  00000-0  86670-4 0  9996
2 45237  53.0577 138.5429 0000895  70.6498 289.4587 15.06387191160818
1 45237U 20012BM  23013.59529937 -.00019711  00000-0 -13060-2 0  9997
2 45237  53.0541 134.0748 0001413  58.2723 301.8404 15.06457663160969
1 45237U 20012BM  23013.66167667  .00010699  00000-0  73580-3 0  9991
2 45237  53.0535 133.7779 0001635  72.3432 287.7735 15.06413246161916
1 45237U 20012BM  23013.66167667  .00010699  00000-0  73580-3 0  9991
2 45237  53.0535 133.7779 0001635  72.3432 287.7735 15.06413246160971
1 45237U 20012BM  23014.05975694  .00005455  00000-0  38471-3 0  9996
2 45237  53.0540 131.9904 0001794  70.5382 289.5800 15.06411800161032
1 45237U 20012BM  23015.12130471  .00001819  00000-0  14094-3 0  9996
2 45237  53.0541 127.2230 0001092  67.8434 292.2671 15.06400751161198
1 45237U 20012BM  23015.58573507  .00000063  00000-0  23090-4 0  9994
2 45237  53.0555 125.1401 0001078  69.4671 290.6433 15.06396921162209
1 45237U 20012BM  23015.71842878  .00006481  00000-0  45344-3 0  9994
2 45237  53.0544 124.5403 0001243  79.2935 280.8194 15.06409008162226
1 45237U 20012BM  23016.18286246 -.00007322  00000-0 -47345-3 0  9997
2 45237  53.0535 122.4582 0001521  62.2234 297.8909 15.06375140161358
1 45237U 20012BM  23016.44824685 -.00002237  00000-0 -13140-3 0  9997
2 45237  53.0544 121.2665 0001305  98.5401 261.5736 15.06385651161393
1 45237U 20012BM  23016.58094360  .00012863  00000-0  88117-3 0  9991
2 45237  53.0544 120.6716 0001442  94.3945 265.7209 15.06387928162359
1 45237U 20012BM  23017.24442077  .00015219  00000-0  10387-2 0  9998
2 45237  53.0546 117.6938 0001512  96.4095 263.7066 15.06388053162450
1 45237U 20012BM  23017.24442077  .00015219  00000-0  10387-2 0  9998
2 45237  53.0546 117.6938 0001512  96.4095 263.7066 15.06388053161516
1 45237U 20012BM  23018.50500461  .00019758  00000-0  13406-2 0  9997
2 45237  53.0535 112.0342 0001441  96.8047 263.3106 15.06428266162641
1 45237U 20012BM  23018.50500461  .00019758  00000-0  13406-2 0  9997
2 45237  53.0535 112.0342 0001441  96.8047 263.3106 15.06428266161707
1 45237U 20012BM  23018.96944239 -.00000244  00000-0  24961-5 0  9994
2 45237  53.0528 109.9504 0001421  83.7535 276.3616 15.06389600161774
1 45237U 20012BM  23019.56657406  .00009328  00000-0  64453-3 0  9997
2 45237  53.0534 107.2699 0001337  80.7978 279.3162 15.06383972162801
1 45237U 20012BM  23019.96465570  .00029421  00000-0  19853-2 0  9999
2 45237  53.0547 105.4831 0001306  76.0001 284.1133 15.06409627161924
1 45237U 20012BM  23020.49541674  .00035795  00000-0  24063-2 0  9999
2 45237  53.0550 103.1004 0001364  70.6334 289.4803 15.06453888162941
1 45237U 20012BM  23020.49541674  .00035795  00000-0  24063-2 0  9999
2 45237  53.0550 103.1004 0001364  70.6334 289.4803 15.06453888162008
1 45237U 20012BM  23021.49060936  .00028215  00000-0  19042-2 0  9997
2 45237  53.0552  98.6331 0001230  84.3314 275.7815 15.06424990162152
1 45237U 20012BM  23022.48581675  .00029487  00000-0  19903-2 0  9993
2 45237  53.0554  94.1645 0001235  99.1119 261.0010 15.06397763162304
1 45237U 20012BM  23022.88389951  .00013337  00000-0  91259-3 0  9992
2 45237  53.0552  92.3784 0001150  92.7374 267.3746 15.06398912162362
1 45237U 20012BM  23023.48102123  .00006688  00000-0  46740-3 0  9999
2 45237  53.0548  89.6975 0001216  93.4691 266.6437 15.06401677162453
1 45237U 20012BM  23024.47623157  .00008259  00000-0  57282-3 0  9993
2 45237  53.0543  85.2304 0001441  71.5837 288.5309 15.06389747162606
1 45237U 20012BM  23025.47144144  .00001104  00000-0  93014-4 0  9994
2 45237  53.0558  80.7629 0001243  80.8209 279.2921 15.06394453163695
1 45237U 20012BM  23025.47144144  .00001104  00000-0  93014-4 0  9994
2 45237  53.0558  80.7629 0001243  80.8209 279.2921 15.06394453162751
1 45237U 20012BM  23026.40028737  .00007614  00000-0  52926-3 0  9995
2 45237  53.0550  76.5927 0001469  73.6650 286.4500 15.06416969163837
1 45237U 20012BM  23026.40028737  .00007614  00000-0  52926-3 0  9995
2 45237  53.0550  76.5927 0001469  73.6650 286.4500 15.06416969162892
1 45237U 20012BM  23026.86471303  .00005730  00000-0  40308-3 0  9994
2 45237  53.0551  74.5074 0001394  75.6386 284.4757 15.06415714162966
1 45237U 20012BM  23027.13010592  .00004117  00000-0  29510-3 0  9994
2 45237  53.0557  73.3158 0001331  95.3808 264.7333 15.06401505163001
1 45237U 20012BM  23027.32914599  .00004357  00000-0  31121-3 0  9992
2 45237  53.0555  72.4230 0001523  89.6275 270.4888 15.06398867163978
1 45237U 20012BM  23028.12531054 -.00001816  00000-0 -10304-3 0  9991
2 45237  53.0567  68.8489 0001414  91.5308 268.5843 15.06399613163153
1 45237U 20012BM  23028.45704349 -.00002647  00000-0 -15887-3 0  9990
2 45237  53.0562  67.3595 0001414  84.4998 275.6152 15.06401802164142
1 45237U 20012BM  23028.78877470 -.00002949  00000-0 -17914-3 0  9990
2 45237  53.0562  65.8706 0001355  91.5309 268.5835 15.06405051164192
1 45237U 20012BM  23029.45223670  .00000683  00000-0  64712-4 0  9992
2 45237  53.0561  62.8916 0001399  80.7794 279.3353 15.06404085163355
1 45237U 20012BM  23029.78397428 -.00003012  00000-0 -18338-3 0  9994
2 45237  53.0561  61.4014 0001318  81.4702 278.6436 15.06408092164343
1 45237U 20012BM  23030.11572028  .00000272  00000-0  37137-4 0  9996
2 45237  53.0562  59.9125 0001448  82.3800 277.7353 15.06384325163453
1 45237U 20012BM  23030.44745071  .00001018  00000-0  87231-4 0  9991
2 45237  53.0563  58.4234 0001459  82.9930 277.1225 15.06390930164442
1 45237U 20012BM  23030.44745071  .00001018  00000-0  87231-4 0  9991
2 45237  53.0563  58.4234 0001459  82.9930 277.1225 15.06390930163508
1 45237U 20012BM  23030.77918545  .00000488  00000-0  51681-4 0  9995
2 45237  53.0566  56.9341 0001468  81.4857 278.6299 15.06393428164496
1 45237U 20012BM  23031.11091740  .00000863  00000-0  76816-4 0  9997
2 45237  53.0567  55.4451 0001256  79.7011 280.4119 15.06395372164548
1 45237U 20012BM  23031.77437986  .00000190  00000-0  31618-4 0  9999
2 45237  53.0574  52.4674 0001458  96.7363 263.3792 15.06404801164649
1 45237U 20012BM  23031.77437986  .00000190  00000-0  31618-4 0  9999
2 45237  53.0574  52.4674 0001458  96.7363 263.3792 15.06404801163705
