1 45236U 20012BL  22365.50286838  .00002439  00000-0  18258-3 0  9998
2 45236  53.0537 192.8653 0001547  66.3001 293.8150 15.06395082159925
1 45236U 20012BL  22365.70190852  .00002660  00000-0  19739-3 0  9991
2 45236  53.0536 191.9718 0001546  66.4271 293.6881 15.06396993159959
1 45236U 20012BL  23001.23268301  .00003065  00000-0  22458-3 0  9994
2 45236  53.0539 189.5887 0001600  64.0233 296.0920 15.06399960160034
1 45236U 20012BL  23001.23268301  .00003065  00000-0  22458-3 0  9994
2 45236  53.0539 189.5887 0001600  64.0233 296.0920 15.06399960159100
1 45236U 20012BL  23001.76347239  .00007238  00000-0  50474-3 0  9995
2 45236  53.0539 187.2060 0001732  67.8009 292.3164 15.06368404160117
1 45236U 20012BL  23001.82981244 -.00000017  00000-0  17728-4 0  9997
2 45236  53.0536 186.9086 0001526  64.9143 295.2004 15.06396441159199
1 45236U 20012BL  23002.49327931 -.00000130  00000-0  10149-4 0  9994
2 45236  53.0537 183.9305 0001528  63.0371 297.0774 15.06398656160226
1 45236U 20012BL  23002.75866531 -.00000001  00000-0  18862-4 0  9994
2 45236  53.0536 182.7386 0001512  65.4104 294.7042 15.06399589160266
1 45236U 20012BL  23003.22308947  .00000284  00000-0  37988-4 0  9991
2 45236  53.0538 180.6535 0001336  78.5942 281.5197 15.06402926159409
1 45236U 20012BL  23003.48847856  .00001866  00000-0  14414-3 0  9991
2 45236  53.0538 179.4620 0001505  65.5666 294.5480 15.06397046160370
1 45236U 20012BL  23004.48367221  .00002195  00000-0  16618-3 0  9999
2 45236  53.0538 174.9943 0001544  66.5584 293.5568 15.06408020160529
1 45236U 20012BL  23004.48367221  .00002195  00000-0  16618-3 0  9999
2 45236  53.0538 174.9943 0001544  66.5584 293.5568 15.06408020159594
1 45236U 20012BL  23004.74906113  .00001603  00000-0  12649-3 0  9990
2 45236  53.0539 173.8026 0001555  67.9762 292.1392 15.06405018160563
1 45236U 20012BL  23005.14714376  .00000857  00000-0  76440-4 0  9993
2 45236  53.0547 172.0165 0001508  64.6133 295.5012 15.06402918159695
1 45236U 20012BL  23005.47887395  .00000828  00000-0  74484-4 0  9995
2 45236  53.0543 170.5261 0001556  66.7100 293.4053 15.06407257160674
1 45236U 20012BL  23005.74425336  .00001429  00000-0  11480-3 0  9992
2 45236  53.0537 169.3355 0001577  63.6960 296.4190 15.06410437160714
1 45236U 20012BL  23005.74425336  .00001429  00000-0  11480-3 0  9992
2 45236  53.0537 169.3355 0001577  63.6960 296.4190 15.06410437159789
1 45236U 20012BL  23006.34139245 -.00001875  00000-0 -10700-3 0  9991
2 45236  53.0542 166.6542 0001406  58.9042 301.2085 15.06392948160801
1 45236U 20012BL  23006.34139245 -.00001875  00000-0 -10700-3 0  9991
2 45236  53.0542 166.6542 0001406  58.9042 301.2085 15.06392948159876
1 45236U 20012BL  23007.13755289  .00000129  00000-0  27567-4 0  9990
2 45236  53.0537 163.0810 0001530  64.9825 295.1322 15.06393870160921
1 45236U 20012BL  23007.46928076  .00000987  00000-0  85134-4 0  9998
2 45236  53.0529 161.5908 0001573  63.4960 296.6190 15.06400864160970
1 45236U 20012BL  23007.46928076  .00000987  00000-0  85134-4 0  9998
2 45236  53.0529 161.5908 0001573  63.4960 296.6190 15.06400864160048
1 45236U 20012BL  23008.13275553 -.00001067  00000-0 -52732-4 0  9998
2 45236  53.0550 158.6128 0001682  65.7061 294.4104 15.06394721160147
1 45236U 20012BL  23008.53083808  .00003456  00000-0  25085-3 0  9994
2 45236  53.0539 156.8249 0001528  63.7408 296.3738 15.06395499161137
1 45236U 20012BL  23008.79622177  .00004882  00000-0  34635-3 0  9995
2 45236  53.0538 155.6332 0001579  64.9334 295.1819 15.06404738161171
1 45236U 20012BL  23009.12795614  .00003800  00000-0  27383-3 0  9991
2 45236  53.0535 154.1450 0001638  61.7318 298.3837 15.06404122161224
1 45236U 20012BL  23009.12795614  .00003800  00000-0  27383-3 0  9991
2 45236  53.0535 154.1450 0001638  61.7318 298.3837 15.06404122160290
1 45236U 20012BL  23009.65873008  .00002137  00000-0  16232-3 0  9996
2 45236  53.0537 151.7618 0001730  66.0804 294.0366 15.06404658161309
1 45236U 20012BL  23010.52124219  .00000347  00000-0  42169-4 0  9997
2 45236  53.0535 147.8907 0001534  57.4594 302.6543 15.06397859160504
1 45236U 20012BL  23010.78662828 -.00000105  00000-0  11830-4 0  9992
2 45236  53.0535 146.6990 0001580  58.0515 302.0628 15.06399881161476
1 45236U 20012BL  23011.18470296  .00002348  00000-0  17646-3 0  9993
2 45236  53.0531 144.9105 0001421  69.5689 290.5452 15.06408084160600
1 45236U 20012BL  23011.51643896  .00001110  00000-0  93373-4 0  9996
2 45236  53.0537 143.4237 0001506  57.5017 302.6118 15.06401926161582
1 45236U 20012BL  23011.64913317  .00000891  00000-0  78710-4 0  9991
2 45236  53.0538 142.8288 0001563  51.7720 308.3410 15.06401001161607
1 45236U 20012BL  23011.64913317  .00000891  00000-0  78710-4 0  9991
2 45236  53.0538 142.8288 0001563  51.7720 308.3410 15.06401001160673
1 45236U 20012BL  23012.04721969  .00000445  00000-0  48807-4 0  9995
2 45236  53.0553 141.0421 0001526  54.2217 305.8913 15.06394462160737
1 45236U 20012BL  23012.77703600  .00001275  00000-0  10446-3 0  9996
2 45236  53.0539 137.7647 0001624  59.6922 300.4227 15.06396939161779
1 45236U 20012BL  23013.50686205 -.00000161  00000-0  81170-5 0  9997
2 45236  53.0544 134.4863 0001714  65.8355 294.2813 15.06389195161887
1 45236U 20012BL  23013.50686205 -.00000161  00000-0  81170-5 0  9997
2 45236  53.0544 134.4863 0001714  65.8355 294.2813 15.06389195160954
1 45236U 20012BL  23013.77224849  .00000174  00000-0  30634-4 0  9999
2 45236  53.0550 133.2962 0002230  63.8843 296.2375 15.06390888161926
1 45236U 20012BL  23014.56841749  .00001076  00000-0  91128-4 0  9998
2 45236  53.0530 129.7231 0001549  69.2901 290.8254 15.06385862161113
1 45236U 20012BL  23015.56361651  .00003092  00000-0  22634-3 0  9993
2 45236  53.0535 125.2565 0001874  50.6727 309.4428 15.06407187162194
1 45236U 20012BL  23015.56361651  .00003092  00000-0  22634-3 0  9993
2 45236  53.0535 125.2565 0001874  50.6727 309.4428 15.06407187161261
1 45236U 20012BL  23016.16073834  .00002053  00000-0  15667-3 0  9997
2 45236  53.0532 122.5726 0001162 112.6679 247.4433 15.06398446161356
1 45236U 20012BL  23016.55881850  .00004042  00000-0  29005-3 0  9996
2 45236  53.0528 120.7879 0001453  83.9286 276.1868 15.06405680162347
1 45236U 20012BL  23016.69150882  .00005606  00000-0  39478-3 0  9997
2 45236  53.0521 120.1911 0001515  86.3774 273.7388 15.06413154162366
1 45236U 20012BL  23016.69150882  .00005606  00000-0  39478-3 0  9997
2 45236  53.0521 120.1911 0001515  86.3774 273.7388 15.06413154161433
1 45236U 20012BL  23017.08959801 -.00000845  00000-0 -37856-4 0  9990
2 45236  53.0527 118.4035 0001538 107.0159 253.0999 15.06392400161494
1 45236U 20012BL  23017.55403229 -.00003127  00000-0 -19122-3 0  9991
2 45236  53.0538 116.3209 0001135  87.3001 272.8118 15.06382945162491
1 45236U 20012BL  23017.55403229 -.00003127  00000-0 -19122-3 0  9991
2 45236  53.0538 116.3209 0001135  87.3001 272.8118 15.06382945161568
1 45236U 20012BL  23017.62037991 -.00002656  00000-0 -15956-3 0  9995
2 45236  53.0523 116.0209 0001435  89.4663 270.6491 15.06383806162501
1 45236U 20012BL  23018.28385005  .00010255  00000-0  70631-3 0  9993
2 45236  53.0527 113.0433 0001476  93.6087 266.5070 15.06401094161677
1 45236U 20012BL  23018.54923430  .00033701  00000-0  22688-2 0  9991
2 45236  53.0534 111.8534 0001362  90.5411 269.5734 15.06429244162649
1 45236U 20012BL  23018.54923430  .00033701  00000-0  22688-2 0  9991
2 45236  53.0534 111.8534 0001362  90.5411 269.5734 15.06429244161716
1 45236U 20012BL  23018.94731410  .00022841  00000-0  15463-2 0  9996
2 45236  53.0532 110.0664 0001482  91.2407 268.8751 15.06424061161774
1 45236U 20012BL  23019.41174075  .00017543  00000-0  11934-2 0  9999
2 45236  53.0538 107.9819 0001498 108.8553 251.2598 15.06409181161840
1 45236U 20012BL  23019.54443311  .00028880  00000-0  19489-2 0  9994
2 45236  53.0536 107.3864 0001367 103.8717 256.2424 15.06416565162796
1 45236U 20012BL  23019.94251292  .00019211  00000-0  13045-2 0  9993
2 45236  53.0531 105.5989 0001351  90.2687 269.8457 15.06415637161926
1 45236U 20012BL  23020.47328880  .00023596  00000-0  15973-2 0  9994
2 45236  53.0531 103.2164 0001401  87.5370 272.5779 15.06409308162938
1 45236U 20012BL  23020.47328880  .00023596  00000-0  15973-2 0  9994
2 45236  53.0531 103.2164 0001401  87.5370 272.5779 15.06409308162006
1 45236U 20012BL  23020.93771922  .00017369  00000-0  11820-2 0  9992
2 45236  53.0534 101.1309 0001620  72.2362 287.8803 15.06402202162072
1 45236U 20012BL  23021.46849631  .00029243  00000-0  19737-2 0  9993
2 45236  53.0526  98.7482 0001439  71.7484 288.3661 15.06404755162155
1 45236U 20012BL  23021.53484287  .00037506  00000-0  25227-2 0  9995
2 45236  53.0526  98.4506 0001471  69.9639 290.1509 15.06411547162166
1 45236U 20012BL  23022.53004720  .00024374  00000-0  16488-2 0  9994
2 45236  53.0530  93.9830 0001438  75.6306 284.4842 15.06416398162311
1 45236U 20012BL  23023.19351707  .00011235  00000-0  77179-3 0  9994
2 45236  53.0510  91.0022 0002065  93.6118 266.5107 15.06407590162419
1 45236U 20012BL  23023.52525322  .00007215  00000-0  50285-3 0  9999
2 45236  53.0523  89.5152 0001706  86.4344 273.6840 15.06395318162463
1 45236U 20012BL  23025.18392476  .00001333  00000-0  10841-3 0  9994
2 45236  53.0539  82.0682 0001810 101.1268 258.9924 15.06397198162717
1 45236U 20012BL  23025.51566125 -.00000061  00000-0  14784-4 0  9994
2 45236  53.0528  80.5779 0001514  97.3857 262.7304 15.06393074163698
1 45236U 20012BL  23026.44451515  .00003315  00000-0  24132-3 0  9994
2 45236  53.0527  76.4079 0001569 103.1858 256.9306 15.06404006163832
1 45236U 20012BL  23026.44451515  .00003315  00000-0  24132-3 0  9994
2 45236  53.0527  76.4079 0001569 103.1858 256.9306 15.06404006162909
1 45236U 20012BL  23027.10798794  .00008901  00000-0  61575-3 0  9999
2 45236  53.0522  73.4287 0001373 101.4858 258.6285 15.06394701163003
1 45236U 20012BL  23027.37336918  .00005865  00000-0  41226-3 0  9991
2 45236  53.0523  72.2372 0001313 101.3066 258.8071 15.06405656163973
1 45236U 20012BL  23027.37336918  .00005865  00000-0  41226-3 0  9991
2 45236  53.0523  72.2372 0001313 101.3066 258.8071 15.06405656163041
1 45236U 20012BL  23027.83779890  .00001719  00000-0  13427-3 0  9998
2 45236  53.0527  70.1552 0001305  73.3922 286.7211 15.06400689164040
1 45236U 20012BL  23028.10319217 -.00002169  00000-0 -12683-3 0  9997
2 45236  53.0529  68.9617 0001329  86.4927 273.6214 15.06390097163155
1 45236U 20012BL  23028.36858330 -.00001023  00000-0 -49840-4 0  9993
2 45236  53.0538  67.7703 0001295  90.5809 269.5328 15.06391958164120
1 45236U 20012BL  23028.89934872  .00000089  00000-0  24874-4 0  9996
2 45236  53.0540  65.3870 0001222  92.9016 267.2113 15.06401840164206
1 45236U 20012BL  23029.23107622  .00001716  00000-0  13402-3 0  9992
2 45236  53.0539  63.8981 0001276  80.6017 279.5117 15.06405847163327
1 45236U 20012BL  23029.89455043  .00001965  00000-0  15083-3 0  9990
2 45236  53.0539  60.9203 0001324  77.2148 282.8989 15.06391518164350
1 45236U 20012BL  23030.22629509  .00000484  00000-0  51404-4 0  9992
2 45236  53.0540  59.4306 0001288  78.8922 281.2211 15.06382052163471
1 45236U 20012BL  23030.29264244  .00000479  00000-0  51083-4 0  9997
2 45236  53.0539  59.1331 0001322  77.5979 282.5158 15.06382083164414
1 45236U 20012BL  23030.75706748 -.00000059  00000-0  14949-4 0  9993
2 45236  53.0542  57.0481 0001309  82.5218 277.5920 15.06391677164485
1 45236U 20012BL  23030.75706748 -.00000059  00000-0  14949-4 0  9993
2 45236  53.0542  57.0481 0001309  82.5218 277.5920 15.06391677163552
1 45236U 20012BL  23031.48687517 -.00000353  00000-0 -48253-5 0  9990
2 45236  53.0540  53.7715 0001345  86.8682 273.2461 15.06404398163665
1 45236U 20012BL  23031.75226623 -.00001414  00000-0 -76047-4 0  9997
2 45236  53.0535  52.5799 0001369  84.3147 275.7998 15.06401148164633
