1 45234U 20012BJ  22365.00527373  .00000851  00000-0  76034-4 0  9996
2 45234  53.0524 235.0998 0001526  93.0728 267.0436 15.06393811158388
1 45234U 20012BJ  22365.33700593  .00002574  00000-0  19164-3 0  9993
2 45234  53.0529 233.6104 0001515  93.6736 266.4427 15.06394592159313
1 45234U 20012BJ  23001.00047167  .00004190  00000-0  29999-3 0  9999
2 45234  53.0527 230.6320 0001476  93.5130 266.6028 15.06400575158532
1 45234U 20012BJ  23001.33221357  .00001803  00000-0  13994-3 0  9996
2 45234  53.0515 229.1428 0001481  92.4457 267.6701 15.06395288158585
1 45234U 20012BJ  23001.59760365  .00000252  00000-0  35789-4 0  9995
2 45234  53.0516 227.9520 0001509  94.5549 265.5612 15.06391287159507
1 45234U 20012BJ  23001.66395167 -.00001908  00000-0 -10928-3 0  9995
2 45234  53.0522 227.6538 0001488  94.5449 265.5710 15.06389399159516
1 45234U 20012BJ  23002.32742177  .00000323  00000-0  40569-4 0  9999
2 45234  53.0531 224.6754 0001492  95.4212 264.6947 15.06397153158738
1 45234U 20012BJ  23002.59280654 -.00000296  00000-0 -94976-6 0  9999
2 45234  53.0522 223.4832 0001317  95.1073 265.0066 15.06400762159650
1 45234U 20012BJ  23002.85818998 -.00000083  00000-0  13333-4 0  9995
2 45234  53.0543 222.2931 0001528  96.8441 263.2721 15.06405258159698
1 45234U 20012BJ  23002.85818998 -.00000083  00000-0  13333-4 0  9995
2 45234  53.0543 222.2931 0001528  96.8441 263.2721 15.06405258158811
1 45234U 20012BJ  23003.58800326  .00002991  00000-0  21962-3 0  9997
2 45234  53.0524 219.0156 0001301  96.7197 263.3940 15.06398826159805
1 45234U 20012BJ  23003.98607978  .00003109  00000-0  22748-3 0  9994
2 45234  53.0522 217.2282 0001300  97.0959 263.0178 15.06405194158987
1 45234U 20012BJ  23004.31781576  .00002461  00000-0  18400-3 0  9999
2 45234  53.0519 215.7389 0001283  96.6403 263.4731 15.06404785159911
1 45234U 20012BJ  23004.84859048  .00001386  00000-0  11193-3 0  9994
2 45234  53.0521 213.3561 0001310  96.5569 263.5569 15.06403607159993
1 45234U 20012BJ  23004.84859048  .00001386  00000-0  11193-3 0  9994
2 45234  53.0521 213.3561 0001310  96.5569 263.5569 15.06403607159117
1 45234U 20012BJ  23005.57839616  .00000817  00000-0  73712-4 0  9998
2 45234  53.0520 210.0796 0001267  97.6894 262.4239 15.06411098160100
1 45234U 20012BJ  23005.84378611 -.00000092  00000-0  12719-4 0  9997
2 45234  53.0522 208.8880 0001322  98.4570 261.6569 15.06405802160140
1 45234U 20012BJ  23006.24187062 -.00000565  00000-0 -19029-4 0  9997
2 45234  53.0524 207.1013 0001283  97.4442 262.6692 15.06399261159322
1 45234U 20012BJ  23006.57361225 -.00000828  00000-0 -36696-4 0  9999
2 45234  53.0524 205.6127 0001333  97.1424 262.9716 15.06389302160253
1 45234U 20012BJ  23006.57361225 -.00000828  00000-0 -36696-4 0  9999
2 45234  53.0524 205.6127 0001333  97.1424 262.9716 15.06389302159374
1 45234U 20012BJ  23007.23708734 -.00001543  00000-0 -84753-4 0  9995
2 45234  53.0525 202.6344 0001241  97.3233 262.7897 15.06387426160354
1 45234U 20012BJ  23007.83421120 -.00001356  00000-0 -72195-4 0  9991
2 45234  53.0523 199.9529 0001306  97.0030 263.1108 15.06388833159563
1 45234U 20012BJ  23007.90054129 -.00013842  00000-0 -91089-3 0  9995
2 45234  53.0524 199.6547 0002242 120.5468 239.5742 15.06448557160459
1 45234U 20012BJ  23008.56403100  .00000869  00000-0  77287-4 0  9993
2 45234  53.0523 196.6758 0001374  97.7789 262.3356 15.06383843160557
1 45234U 20012BJ  23008.89576625  .00001632  00000-0  12850-3 0  9995
2 45234  53.0522 195.1867 0001402  97.2341 262.8807 15.06385027160600
1 45234U 20012BJ  23008.89576625  .00001632  00000-0  12850-3 0  9995
2 45234  53.0522 195.1867 0001402  97.2341 262.8807 15.06385027159721
1 45234U 20012BJ  23009.49288866  .00001634  00000-0  12862-3 0  9994
2 45234  53.0522 192.5060 0001393  98.2911 261.8236 15.06390307160690
1 45234U 20012BJ  23009.75827480  .00001976  00000-0  15156-3 0  9992
2 45234  53.0522 191.3146 0001407  97.9507 262.1641 15.06393749159858
1 45234U 20012BJ  23009.89096789  .00001894  00000-0  14600-3 0  9999
2 45234  53.0522 190.7188 0001408  97.5751 262.5398 15.06395572160755
1 45234U 20012BJ  23010.48808487  .00002213  00000-0  16741-3 0  9996
2 45234  53.0522 188.0380 0001421  97.6885 262.4265 15.06402628160846
1 45234U 20012BJ  23010.75346850  .00002585  00000-0  19233-3 0  9998
2 45234  53.0520 186.8464 0001406  98.6418 261.4731 15.06406443160889
1 45234U 20012BJ  23010.75346850  .00002585  00000-0  19233-3 0  9998
2 45234  53.0520 186.8464 0001406  98.6418 261.4731 15.06406443160003
1 45234U 20012BJ  23011.74868530  .00004716  00000-0  33547-3 0  9994
2 45234  53.0517 182.3801 0000967 101.6996 258.4101 15.06379401160158
1 45234U 20012BJ  23011.88136090 -.00004798  00000-0 -30322-3 0  9998
2 45234  53.0510 181.7849 0001293  82.5631 277.5505 15.06425141161055
1 45234U 20012BJ  23011.88136090 -.00004798  00000-0 -30322-3 0  9998
2 45234  53.0510 181.7849 0001293  82.5631 277.5505 15.06425141160177
1 45234U 20012BJ  23012.74387322  .00000171  00000-0  30367-4 0  9999
2 45234  53.0516 177.9116 0001341  90.2644 269.8498 15.06405213160309
1 45234U 20012BJ  23012.81021369 -.00002751  00000-0 -16575-3 0  9995
2 45234  53.0519 177.6131 0001552  98.4410 261.6755 15.06421317161198
1 45234U 20012BJ  23012.81021369 -.00002751  00000-0 -16575-3 0  9995
2 45234  53.0519 177.6131 0001552  98.4410 261.6755 15.06421317160311
1 45234U 20012BJ  23013.14194782  .00001984  00000-0  15204-3 0  9995
2 45234  53.0521 176.1238 0001347  88.5481 271.5662 15.06408612160361
1 45234U 20012BJ  23013.54003520  .00000749  00000-0  69167-4 0  9994
2 45234  53.0509 174.3379 0001509  94.3012 265.8150 15.06400499160428
1 45234U 20012BJ  23013.73907213  .00000964  00000-0  83567-4 0  9996
2 45234  53.0510 173.4447 0001370  98.4764 261.6380 15.06403463161335
1 45234U 20012BJ  23014.13714354  .00002296  00000-0  17293-3 0  9995
2 45234  53.0522 171.6562 0001414  87.5771 272.5379 15.06412825160512
1 45234U 20012BJ  23014.80061176  .00000736  00000-0  68286-4 0  9992
2 45234  53.0511 168.6773 0001534  87.8218 272.2947 15.06407923160614
1 45234U 20012BJ  23015.46408466  .00000492  00000-0  51901-4 0  9997
2 45234  53.0532 165.6988 0001440  87.6565 272.4589 15.06399124160719
1 45234U 20012BJ  23015.59677791  .00000368  00000-0  43636-4 0  9998
2 45234  53.0531 165.1030 0001529  86.9999 273.1165 15.06399293161617
1 45234U 20012BJ  23015.79581413 -.00000078  00000-0  13670-4 0  9999
2 45234  53.0525 164.2092 0001427  84.0046 276.1106 15.06406465161648
1 45234U 20012BJ  23016.19388768 -.00000195  00000-0  57858-5 0  9999
2 45234  53.0520 162.4219 0001035  81.1111 278.9995 15.06413464160822
1 45234U 20012BJ  23016.59196523  .00003711  00000-0  26781-3 0  9994
2 45234  53.0513 160.6356 0001239  79.1049 281.0080 15.06415377161768
1 45234U 20012BJ  23016.79100559  .00003095  00000-0  22650-3 0  9996
2 45234  53.0516 159.7422 0001254  79.9997 280.1133 15.06413896161797
1 45234U 20012BJ  23017.12274306  .00002169  00000-0  16440-3 0  9997
2 45234  53.0507 158.2560 0001357  57.7599 302.3521 15.06406349160961
1 45234U 20012BJ  23017.38813281  .00001200  00000-0  99422-4 0  9993
2 45234  53.0505 157.0602 0001203  92.1725 267.9402 15.06398178161883
1 45234U 20012BJ  23017.38813281  .00001200  00000-0  99422-4 0  9993
2 45234  53.0505 157.0602 0001203  92.1725 267.9402 15.06398178161007
1 45234U 20012BJ  23018.18430008 -.00000657  00000-0 -25204-4 0  9998
2 45234  53.0517 153.4870 0001386  81.4576 278.6569 15.06393594161127
1 45234U 20012BJ  23018.58238322 -.00000626  00000-0 -23158-4 0  9999
2 45234  53.0528 151.6975 0001163  99.3952 260.7168 15.06394315162067
1 45234U 20012BJ  23018.64872709 -.00000395  00000-0 -76433-5 0  9997
2 45234  53.0530 151.4030 0001265  71.1446 288.9680 15.06400206162078
1 45234U 20012BJ  23019.37853754  .00001998  00000-0  15296-3 0  9993
2 45234  53.0513 148.1242 0001296  77.4757 282.6377 15.06400629162180
1 45234U 20012BJ  23019.37853754  .00001998  00000-0  15296-3 0  9993
2 45234  53.0513 148.1242 0001296  77.4757 282.6377 15.06400629161303
1 45234U 20012BJ  23020.04201796  .00001036  00000-0  88463-4 0  9992
2 45234  53.0532 145.1477 0001321  66.2066 293.9061 15.06387120161405
1 45234U 20012BJ  23020.50645724 -.00000162  00000-0  80204-5 0  9992
2 45234  53.0535 143.0631 0001418  72.6496 287.4648 15.06379973162353
1 45234U 20012BJ  23020.50645724 -.00000162  00000-0  80204-5 0  9992
2 45234  53.0535 143.0631 0001418  72.6496 287.4648 15.06379973161475
1 45234U 20012BJ  23021.36895631  .00001522  00000-0  12105-3 0  9994
2 45234  53.0535 139.1903 0001462  71.3768 288.7380 15.06397717161608
1 45234U 20012BJ  23021.63434847  .00000849  00000-0  75866-4 0  9997
2 45234  53.0529 137.9984 0001450  66.4763 293.6378 15.06393253161640
1 45234U 20012BJ  23023.02763013  .00000676  00000-0  64251-4 0  9996
2 45234  53.0522 131.7443 0001433  59.2766 300.8364 15.06395349161856
1 45234U 20012BJ  23023.55841738 -.00000434  00000-0 -10224-4 0  9990
2 45234  53.0528 129.3611 0001519  62.3775 297.7368 15.06382304161936
1 45234U 20012BJ  23024.48726349 -.00000005  00000-0  18548-4 0  9993
2 45234  53.0528 125.1917 0001444  46.3379 313.7729 15.06395279162079
1 45234U 20012BJ  23025.48248256  .00006455  00000-0  45234-3 0  9995
2 45234  53.0532 120.7227 0000845  42.9842 317.1212 15.06358579162224
1 45234U 20012BJ  23025.54883120 -.00000442  00000-0 -10763-4 0  9999
2 45234  53.0533 120.4255 0001806  55.9235 304.1925 15.06377008163115
1 45234U 20012BJ  23025.54883120 -.00000442  00000-0 -10763-4 0  9999
2 45234  53.0533 120.4255 0001806  55.9235 304.1925 15.06377008162237
1 45234U 20012BJ  23025.94690734 -.00000419  00000-0 -92479-5 0  9999
2 45234  53.0540 118.6371 0001612  47.3249 312.7875 15.06389591162293
1 45234U 20012BJ  23026.54402736  .00001792  00000-0  13924-3 0  9998
2 45234  53.0537 115.9573 0001638  46.0649 314.0475 15.06389188163262
1 45234U 20012BJ  23026.94209878  .00002346  00000-0  17633-3 0  9991
2 45234  53.0530 114.1705 0001704  45.6015 314.5113 15.06403877162444
1 45234U 20012BJ  23027.53923092  .00000996  00000-0  85744-4 0  9996
2 45234  53.0533 111.4906 0001703  48.4815 311.6320 15.06391841162533
1 45234U 20012BJ  23028.53444089 -.00000327  00000-0 -30230-5 0  9992
2 45234  53.0536 107.0227 0001841  48.2921 311.8225 15.06389338163560
1 45234U 20012BJ  23028.60078693 -.00000219  00000-0  41911-5 0  9991
2 45234  53.0529 106.7243 0001823  48.0791 312.0353 15.06390349163579
1 45234U 20012BJ  23028.60078693 -.00000219  00000-0  41911-5 0  9991
2 45234  53.0529 106.7243 0001823  48.0791 312.0353 15.06390349162691
1 45234U 20012BJ  23029.19790217  .00000358  00000-0  42965-4 0  9991
2 45234  53.0529 104.0442 0001636  41.9726 318.1388 15.06395435162781
1 45234U 20012BJ  23029.92771724  .00000537  00000-0  54964-4 0  9995
2 45234  53.0531 100.7673 0002007  49.8675 310.2489 15.06396379163779
1 45234U 20012BJ  23030.39215266  .00000043  00000-0  21807-4 0  9994
2 45234  53.0528  98.6818 0001852  49.6679 310.4471 15.06386820163841
1 45234U 20012BJ  23030.39215266  .00000043  00000-0  21807-4 0  9994
2 45234  53.0528  98.6818 0001852  49.6679 310.4471 15.06386820162963
1 45234U 20012BJ  23031.18830809  .00000745  00000-0  68920-4 0  9994
2 45234  53.0528  95.1052 0001665  59.9517 300.1637 15.06395260163084
1 45234U 20012BJ  23031.58639038  .00000059  00000-0  22864-4 0  9994
2 45234  53.0551  93.3195 0001462  56.0773 304.0355 15.06395904164025
1 45234U 20012BJ  23031.85177242 -.00000516  00000-0 -15770-4 0  9996
2 45234  53.0554  92.1286 0001531  58.6997 301.4142 15.06405101164069
1 45234U 20012BJ  23031.85177242 -.00000516  00000-0 -15770-4 0  9996
2 45234  53.0554  92.1286 0001531  58.6997 301.4142 15.06405101163181
