1 45369U 20019K   22365.36183566  .00006356  00000-0  44506-3 0  9997
2 45369  53.0548 353.4913 0001471  85.3627 274.7530 15.06412178154245
1 45369U 20019K   22365.36183566  .00006356  00000-0  44506-3 0  9997
2 45369  53.0548 353.4913 0001471  85.3627 274.7530 15.06412178154245
1 45369U 20019K   22365.75991725  .00001622  00000-0  12776-3 0  9999
2 45369  53.0542 351.7061 0001414  80.0100 280.1049 15.06403974154306
1 45369U 20019K   22365.75991725  .00001622  00000-0  12776-3 0  9999
2 45369  53.0542 351.7061 0001414  80.0100 280.1049 15.06403974154306
1 45369U 20019K   23001.22435088 -.00002496  00000-0 -14876-3 0  9999
2 45369  53.0548 349.6205 0001261  82.5845 277.5287 15.06389431154373
1 45369U 20019K   23001.42340241 -.00004075  00000-0 -25495-3 0  9991
2 45369  53.0552 348.7274 0001664  69.4223 290.6945 15.06378477154404
1 45369U 20019K   23001.42340241 -.00004075  00000-0 -25495-3 0  9991
2 45369  53.0552 348.7274 0001664  69.4223 290.6945 15.06378477154404
1 45369U 20019K   23001.68878777 -.00004727  00000-0 -29883-3 0  9998
2 45369  53.0543 347.5350 0001236  83.0782 277.0347 15.06378065154445
1 45369U 20019K   23002.21956535  .00000664  00000-0  63451-4 0  9991
2 45369  53.0542 345.1521 0001235  82.8519 277.2611 15.06388448154523
1 45369U 20019K   23002.41860960  .00010667  00000-0  73407-3 0  9994
2 45369  53.0541 344.2587 0001167  80.8132 279.2989 15.06392108154558
1 45369U 20019K   23003.41381412  .00009577  00000-0  66083-3 0  9995
2 45369  53.0542 339.7908 0001215  80.6735 279.4391 15.06406218154700
1 45369U 20019K   23003.41381412  .00009577  00000-0  66083-3 0  9995
2 45369  53.0542 339.7908 0001215  80.6735 279.4391 15.06406218154700
1 45369U 20019K   23004.20997493  .00005519  00000-0  38905-3 0  9999
2 45369  53.0543 336.2169 0001231  82.3536 277.7593 15.06406867154826
1 45369U 20019K   23004.34266666  .00006874  00000-0  47973-3 0  9995
2 45369  53.0544 335.6212 0001241  83.5750 276.5380 15.06412247154843
1 45369U 20019K   23004.80709071  .00005933  00000-0  41670-3 0  9991
2 45369  53.0544 333.5363 0001256  85.5621 274.5512 15.06413702154912
1 45369U 20019K   23005.33786057  .00003285  00000-0  23924-3 0  9999
2 45369  53.0544 331.1533 0001295  84.1225 275.9912 15.06413321154997
1 45369U 20019K   23005.33786057  .00003285  00000-0  23924-3 0  9999
2 45369  53.0544 331.1533 0001295  84.1225 275.9912 15.06413321154997
1 45369U 20019K   23005.60325973 -.00005622  00000-0 -35890-3 0  9999
2 45369  53.0545 329.9621 0002162  88.0558 272.0679 15.06386572155038
1 45369U 20019K   23006.26672850  .00001869  00000-0  14437-3 0  9992
2 45369  53.0546 326.9842 0001626  98.9063 261.2110 15.06392471155132
1 45369U 20019K   23006.39942422  .00010852  00000-0  74647-3 0  9992
2 45369  53.0543 326.3884 0001650 100.5896 259.5279 15.06392216155155
1 45369U 20019K   23007.12925038  .00005695  00000-0  40108-3 0  9992
2 45369  53.0541 323.1118 0001567 108.7676 251.3483 15.06384609155267
1 45369U 20019K   23007.26194524  .00006424  00000-0  44994-3 0  9993
2 45369  53.0551 322.5164 0001714 106.4465 253.6712 15.06387058155280
1 45369U 20019K   23007.59368233  .00004725  00000-0  33600-3 0  9993
2 45369  53.0544 321.0263 0001494 100.5065 259.6092 15.06388109155333
1 45369U 20019K   23008.58888271  .00006170  00000-0  43271-3 0  9993
2 45369  53.0550 316.5596 0001248  99.5024 260.6107 15.06402192155481
1 45369U 20019K   23008.58888271  .00006170  00000-0  43271-3 0  9993
2 45369  53.0550 316.5596 0001248  99.5024 260.6107 15.06402192155481
1 45369U 20019K   23009.11965996  .00002356  00000-0  17699-3 0  9990
2 45369  53.0549 314.1774 0001423  91.0963 269.0189 15.06398905155563
1 45369U 20019K   23009.25235027  .00004440  00000-0  31672-3 0  9993
2 45369  53.0550 313.5816 0001632  92.2412 267.8764 15.06407075155585
1 45369U 20019K   23009.25235027  .00004440  00000-0  31672-3 0  9993
2 45369  53.0550 313.5816 0001632  92.2412 267.8764 15.06407075155585
1 45369U 20019K   23010.24755491  .00004175  00000-0  29897-3 0  9997
2 45369  53.0555 309.1149 0001593  94.5095 265.6076 15.06406354155736
1 45369U 20019K   23010.51294726  .00001799  00000-0  13964-3 0  9993
2 45369  53.0572 307.9226 0002049  94.3735 265.7488 15.06397984155773
1 45369U 20019K   23011.17640576  .00004243  00000-0  30347-3 0  9995
2 45369  53.0549 304.9454 0001584  98.1557 261.9612 15.06411680155872
1 45369U 20019K   23011.50814603  .00000326  00000-0  40825-4 0  9997
2 45369  53.0552 303.4565 0001776  96.3620 263.7571 15.06397429155921
1 45369U 20019K   23011.50814603  .00000326  00000-0  40825-4 0  9997
2 45369  53.0552 303.4565 0001776  96.3620 263.7571 15.06397429155921
1 45369U 20019K   23012.17160944  .00003897  00000-0  28027-3 0  9998
2 45369  53.0546 300.4774 0001661  94.6726 265.4453 15.06412039156029
1 45369U 20019K   23012.50334935 -.00000728  00000-0 -29951-4 0  9998
2 45369  53.0557 298.9873 0001833  91.4939 268.6260 15.06395438156073
1 45369U 20019K   23012.50334935 -.00000728  00000-0 -29951-4 0  9998
2 45369  53.0557 298.9873 0001833  91.4939 268.6260 15.06395438156073
1 45369U 20019K   23013.49855268  .00000869  00000-0  77200-4 0  9998
2 45369  53.0535 294.5208 0001407  99.4042 260.7106 15.06397860156223
1 45369U 20019K   23013.76394228  .00001535  00000-0  12193-3 0  9992
2 45369  53.0534 293.3309 0001392 100.3037 259.8109 15.06395633156262
1 45369U 20019K   23013.89663617  .00001238  00000-0  10199-3 0  9991
2 45369  53.0540 292.7327 0001516 103.7985 256.3172 15.06397047156284
1 45369U 20019K   23014.82549045  .00002343  00000-0  17617-3 0  9993
2 45369  53.0535 288.5625 0001252 112.7390 247.3731 15.06397882156423
1 45369U 20019K   23015.15721821  .00002547  00000-0  18976-3 0  9999
2 45369  53.0526 287.0751 0001350 104.0236 256.0903 15.06409164156479
1 45369U 20019K   23015.55530246  .00001547  00000-0  12272-3 0  9994
2 45369  53.0511 285.2877 0001639 126.1158 233.9983 15.06401035156538
1 45369U 20019K   23015.55530246  .00001547  00000-0  12272-3 0  9994
2 45369  53.0511 285.2877 0001639 126.1158 233.9983 15.06401035156538
1 45369U 20019K   23015.88703539  .00002821  00000-0  20816-3 0  9996
2 45369  53.0533 283.7965 0001216 112.9830 247.1287 15.06405074156580
1 45369U 20019K   23016.21875649  .00010657  00000-0  73260-3 0  9993
2 45369  53.0528 282.3075 0001100 103.2916 256.8196 15.06433651156635
1 45369U 20019K   23016.21875649  .00010657  00000-0  73260-3 0  9993
2 45369  53.0528 282.3075 0001100 103.2916 256.8196 15.06433651156635
1 45369U 20019K   23016.81589656 -.00004820  00000-0 -30507-3 0  9993
2 45369  53.0511 279.6250 0001595 120.6267 239.4879 15.06382478156726
1 45369U 20019K   23016.81589656 -.00004820  00000-0 -30507-3 0  9993
2 45369  53.0511 279.6250 0001595 120.6267 239.4879 15.06382478156726
1 45369U 20019K   23017.41302436  .00015649  00000-0  10674-2 0  9990
2 45369  53.0526 276.9467 0001101 121.6289 238.4807 15.06390979156815
1 45369U 20019K   23017.74476190  .00020611  00000-0  13986-2 0  9999
2 45369  53.0529 275.4578 0001613 123.0556 237.0588 15.06398745156861
1 45369U 20019K   23017.94380289  .00012906  00000-0  88387-3 0  9990
2 45369  53.0529 274.5640 0001261 123.1907 236.9203 15.06394249156891
1 45369U 20019K   23018.40822907  .00014790  00000-0  10095-2 0  9993
2 45369  53.0529 272.4793 0001108 124.5153 235.5941 15.06407746156964
1 45369U 20019K   23018.87265529  .00007206  00000-0  50205-3 0  9997
2 45369  53.0536 270.3933 0001009 118.9867 241.1223 15.06406728157038
1 45369U 20019K   23019.07169216  .00013510  00000-0  92359-3 0  9997
2 45369  53.0527 269.5016 0001097 119.7633 240.3465 15.06421211157063
1 45369U 20019K   23019.40343357 -.00005578  00000-0 -35602-3 0  9999
2 45369  53.0534 268.0107 0001054 102.5472 257.5635 15.06387531157111
1 45369U 20019K   23019.40343357 -.00005578  00000-0 -35602-3 0  9999
2 45369  53.0534 268.0107 0001054 102.5472 257.5635 15.06387531157111
1 45369U 20019K   23020.06690602  .00005061  00000-0  35842-3 0  9992
2 45369  53.0530 265.0326 0000989  99.4467 260.6634 15.06397368157215
1 45369U 20019K   23020.39864085  .00008489  00000-0  58805-3 0  9997
2 45369  53.0523 263.5441 0001023  96.1469 263.9636 15.06402434157268
1 45369U 20019K   23020.92941104  .00016414  00000-0  11176-2 0  9990
2 45369  53.0521 261.1607 0001013  94.8910 265.2195 15.06420954157340
1 45369U 20019K   23021.39383408  .00007910  00000-0  54903-3 0  9996
2 45369  53.0529 259.0759 0000748  95.1117 264.9957 15.06418062157416
1 45369U 20019K   23022.65442708  .00005138  00000-0  36353-3 0  9994
2 45369  53.0524 253.4166 0001990  87.6615 272.4601 15.06407637157607
1 45369U 20019K   23023.18520041  .00000210  00000-0  32991-4 0  9991
2 45369  53.0517 251.0335 0001173  80.9487 279.1635 15.06400307157683
1 45369U 20019K   23024.44579226  .00001623  00000-0  12786-3 0  9998
2 45369  53.0521 245.3735 0001239  74.4397 285.6729 15.06398508157875
1 45369U 20019K   23025.37465056  .00000201  00000-0  32351-4 0  9998
2 45369  53.0526 241.2036 0001215  80.2712 279.8414 15.06398739158018
1 45369U 20019K   23025.83908015  .00001362  00000-0  11033-3 0  9998
2 45369  53.0526 239.1186 0001323  84.3967 275.7173 15.06392574158082
1 45369U 20019K   23025.83908015  .00001362  00000-0  11033-3 0  9998
2 45369  53.0526 239.1186 0001323  84.3967 275.7173 15.06392574158082
1 45369U 20019K   23025.90542632  .00001515  00000-0  12061-3 0  9997
2 45369  53.0527 238.8208 0001323  84.4800 275.6340 15.06393790158098
1 45369U 20019K   23026.90062324  .00002161  00000-0  16393-3 0  9993
2 45369  53.0526 234.3530 0001358  83.7408 276.3736 15.06402638158246
1 45369U 20019K   23026.90062324  .00002161  00000-0  16393-3 0  9993
2 45369  53.0526 234.3530 0001358  83.7408 276.3736 15.06402638158246
1 45369U 20019K   23027.82947202  .00002406  00000-0  18032-3 0  9996
2 45369  53.0523 230.1829 0001362  85.3704 274.7441 15.06408052158386
1 45369U 20019K   23028.55929795 -.00000466  00000-0 -12384-4 0  9995
2 45369  53.0538 226.9056 0001125  89.6809 270.4309 15.06396865158493
1 45369U 20019K   23028.89103608 -.00001316  00000-0 -69496-4 0  9990
2 45369  53.0526 225.4184 0001262  81.0729 279.0403 15.06392326158549
1 45369U 20019K   23029.68719862 -.00000969  00000-0 -46175-4 0  9995
2 45369  53.0529 221.8430 0001234  79.5069 280.6059 15.06393483158667
1 45369U 20019K   23029.88623830 -.00000538  00000-0 -17241-4 0  9990
2 45369  53.0531 220.9492 0001269  79.6501 280.4631 15.06394326158692
1 45369U 20019K   23030.54970808  .00001253  00000-0  10304-3 0  9990
2 45369  53.0530 217.9706 0001261  81.3523 278.7609 15.06390199158791
1 45369U 20019K   23030.88144044  .00001632  00000-0  12843-3 0  9993
2 45369  53.0531 216.4814 0001276  81.4566 278.6568 15.06394071158842
1 45369U 20019K   23030.88144044  .00001632  00000-0  12843-3 0  9993
2 45369  53.0531 216.4814 0001276  81.4566 278.6568 15.06394071158842
1 45369U 20019K   23031.54491253  .00000680  00000-0  64533-4 0  9990
2 45369  53.0532 213.5027 0001272  83.9442 276.1692 15.06394526158940
1 45369U 20019K   23031.87664420  .00001017  00000-0  87173-4 0  9994
2 45369  53.0532 212.0135 0001286  83.5205 276.5930 15.06397941158990
