1 45360U 20019A   22365.15176185  .00006003  00000-0  42141-3 0  9996
2 45360  53.0550 324.4358 0001656  54.1139 306.0004 15.06413722154619
1 45360U 20019A   22365.21811361  .00009864  00000-0  67977-3 0  9997
2 45360  53.0542 324.1377 0001771  55.1807 304.9349 15.06422242154626
1 45360U 20019A   22365.61619648  .00007571  00000-0  52635-3 0  9993
2 45360  53.0539 322.3506 0001831  56.9401 303.1764 15.06418599154680
1 45360U 20019A   22365.61619648  .00007571  00000-0  52635-3 0  9993
2 45360  53.0539 322.3506 0001831  56.9401 303.1764 15.06418599154680
1 45360U 20019A   23001.27966253 -.00003229  00000-0 -19797-3 0  9990
2 45360  53.0542 319.3730 0001622  48.5020 311.6108 15.06402256154781
1 45360U 20019A   23001.27966253 -.00003229  00000-0 -19797-3 0  9990
2 45360  53.0542 319.3730 0001622  48.5020 311.6108 15.06402256154781
1 45360U 20019A   23001.61140475 -.00004830  00000-0 -30573-3 0  9992
2 45360  53.0533 317.8805 0001700  62.7123 297.4039 15.06378913154838
1 45360U 20019A   23001.61140475 -.00004830  00000-0 -30573-3 0  9992
2 45360  53.0533 317.8805 0001700  62.7123 297.4039 15.06378913154838
1 45360U 20019A   23002.27488092  .00016662  00000-0  11349-2 0  9998
2 45360  53.0539 314.9040 0001622  56.9273 303.1871 15.06396546154939
1 45360U 20019A   23002.27488092  .00016662  00000-0  11349-2 0  9998
2 45360  53.0539 314.9040 0001622  56.9273 303.1871 15.06396546154939
1 45360U 20019A   23002.87200313  .00011785  00000-0  80867-3 0  9995
2 45360  53.0539 312.2236 0001642  55.3834 304.7310 15.06403514155025
1 45360U 20019A   23002.87200313  .00011785  00000-0  80867-3 0  9995
2 45360  53.0539 312.2236 0001642  55.3834 304.7310 15.06403514155025
1 45360U 20019A   23003.53546823  .00008448  00000-0  58517-3 0  9997
2 45360  53.0541 309.2451 0001622  55.4032 304.7110 15.06410805155122
1 45360U 20019A   23003.53546823  .00008448  00000-0  58517-3 0  9997
2 45360  53.0541 309.2451 0001622  55.4032 304.7110 15.06410805155122
1 45360U 20019A   23004.19894153  .00000199  00000-0  32238-4 0  9990
2 45360  53.0540 306.2666 0001604  64.0388 296.0766 15.06394355155228
1 45360U 20019A   23004.53067374  .00007468  00000-0  51965-3 0  9998
2 45360  53.0541 304.7776 0001539  60.2780 299.8362 15.06406943155270
1 45360U 20019A   23004.53067374  .00007468  00000-0  51965-3 0  9998
2 45360  53.0541 304.7776 0001539  60.2780 299.8362 15.06406943155270
1 45360U 20019A   23005.26048033  .00015520  00000-0  10577-2 0  9991
2 45360  53.0539 301.5016 0001538  59.6087 300.5054 15.06429107155387
1 45360U 20019A   23005.26048033  .00015520  00000-0  10577-2 0  9991
2 45360  53.0539 301.5016 0001538  59.6087 300.5054 15.06429107155387
1 45360U 20019A   23005.79124739  .00008286  00000-0  57405-3 0  9990
2 45360  53.0541 299.1183 0001806  60.0451 300.0717 15.06428329155461
1 45360U 20019A   23005.79124739  .00008286  00000-0  57405-3 0  9990
2 45360  53.0541 299.1183 0001806  60.0451 300.0717 15.06428329155461
1 45360U 20019A   23006.78646475  .00003029  00000-0  22225-3 0  9998
2 45360  53.0522 294.6505 0001230  35.5146 324.5925 15.06380522155618
1 45360U 20019A   23006.78646475  .00003029  00000-0  22225-3 0  9998
2 45360  53.0522 294.6505 0001230  35.5146 324.5925 15.06380522155618
1 45360U 20019A   23007.18454917  .00005003  00000-0  35460-3 0  9990
2 45360  53.0531 292.8646 0001735  56.7125 303.4030 15.06389458155672
1 45360U 20019A   23007.51628306  .00012333  00000-0  84538-3 0  9996
2 45360  53.0531 291.3750 0001614  59.2432 300.8716 15.06401385155729
1 45360U 20019A   23007.51628306  .00012333  00000-0  84538-3 0  9996
2 45360  53.0531 291.3750 0001614  59.2432 300.8716 15.06401385155729
1 45360U 20019A   23008.17976194  .00001740  00000-0  13578-3 0  9996
2 45360  53.0526 288.3981 0002017  71.0875 289.0332 15.06384366155828
1 45360U 20019A   23009.17496350  .00010140  00000-0  69849-3 0  9994
2 45360  53.0537 283.9288 0001694  66.2832 293.8335 15.06406591155977
1 45360U 20019A   23010.17016204  .00002194  00000-0  16610-3 0  9990
2 45360  53.0537 279.4615 0001602  64.2429 295.8725 15.06404121156120
1 45360U 20019A   23010.43555099 -.00000857  00000-0 -38666-4 0  9991
2 45360  53.0541 278.2697 0001618  63.5610 296.5544 15.06397302156166
1 45360U 20019A   23010.76728438 -.00001214  00000-0 -62605-4 0  9994
2 45360  53.0531 276.7806 0001562  64.2256 295.8894 15.06398529156210
1 45360U 20019A   23010.76728438 -.00001214  00000-0 -62605-4 0  9994
2 45360  53.0531 276.7806 0001562  64.2256 295.8894 15.06398529156210
1 45360U 20019A   23011.03266595 -.00001354  00000-0 -71986-4 0  9993
2 45360  53.0534 275.5888 0001375  59.9316 300.1809 15.06410745156255
1 45360U 20019A   23011.03266595 -.00001354  00000-0 -71986-4 0  9993
2 45360  53.0534 275.5888 0001375  59.9316 300.1809 15.06410745156255
1 45360U 20019A   23011.76247922  .00000258  00000-0  36219-4 0  9996
2 45360  53.0536 272.3121 0001449  71.4253 288.6893 15.06411050156368
1 45360U 20019A   23012.09421377  .00001543  00000-0  12247-3 0  9993
2 45360  53.0528 270.8231 0001484  71.4225 288.6925 15.06406943156419
1 45360U 20019A   23012.49230682 -.00004656  00000-0 -29407-3 0  9990
2 45360  53.0529 269.0360 0001159  79.6686 280.4433 15.06380358156474
1 45360U 20019A   23012.95674404 -.00004923  00000-0 -31203-3 0  9999
2 45360  53.0525 266.9533 0001294  68.6273 291.4854 15.06374296156549
1 45360U 20019A   23013.42117453  .00000950  00000-0  82714-4 0  9996
2 45360  53.0520 264.8678 0001385  78.1473 281.9671 15.06385512156612
1 45360U 20019A   23013.68656287  .00003048  00000-0  22348-3 0  9994
2 45360  53.0531 263.6746 0001303  80.5474 279.5662 15.06388632156658
1 45360U 20019A   23013.95194693  .00009351  00000-0  64569-3 0  9996
2 45360  53.0523 262.4836 0001362  82.8000 277.3144 15.06406179156693
1 45360U 20019A   23014.08464311  .00020422  00000-0  13854-2 0  9990
2 45360  53.0519 261.8879 0001345  84.5740 275.5402 15.06414696156712
1 45360U 20019A   23014.41638061  .00009733  00000-0  67127-3 0  9997
2 45360  53.0524 260.3988 0001940  78.6281 281.4926 15.06406425156761
1 45360U 20019A   23015.07984369  .00015788  00000-0  10758-2 0  9999
2 45360  53.0524 257.4203 0001678  79.8558 280.2621 15.06420830156862
1 45360U 20019A   23015.80965908  .00018800  00000-0  12773-2 0  9995
2 45360  53.0522 254.1431 0001212  90.1451 269.9677 15.06409442156972
1 45360U 20019A   23015.94234984  .00019195  00000-0  13031-2 0  9999
2 45360  53.0523 253.5472 0001264  82.7457 277.3675 15.06426087156998
1 45360U 20019A   23016.34042983  .00013859  00000-0  94706-3 0  9990
2 45360  53.0521 251.7595 0000878  62.0699 298.0379 15.06416841157057
1 45360U 20019A   23016.60582302  .00005421  00000-0  38258-3 0  9999
2 45360  53.0528 250.5697 0002171  89.8927 270.2310 15.06398796157092
1 45360U 20019A   23016.93755736 -.00000318  00000-0 -24235-5 0  9992
2 45360  53.0502 249.0795 0001567  99.4571 260.6595 15.06392728157149
1 45360U 20019A   23016.93755736 -.00000318  00000-0 -24235-5 0  9992
2 45360  53.0502 249.0795 0001567  99.4571 260.6595 15.06392728157149
1 45360U 20019A   23017.33564036  .00001151  00000-0  96135-4 0  9999
2 45360  53.0525 247.2935 0001452  95.9684 264.1470 15.06395537157208
1 45360U 20019A   23017.99910584  .00009190  00000-0  63486-3 0  9997
2 45360  53.0522 244.3151 0001241  98.2635 261.8495 15.06408833157307
1 45360U 20019A   23018.59621796  .00011366  00000-0  78017-3 0  9992
2 45360  53.0520 241.6339 0001177  98.5577 261.5545 15.06426365157391
1 45360U 20019A   23018.86161271  .00000196  00000-0  32033-4 0  9997
2 45360  53.0526 240.4406 0001319  87.6547 272.4593 15.06403628157439
1 45360U 20019A   23018.92796041 -.00000255  00000-0  17566-5 0  9995
2 45360  53.0517 240.1445 0001217  98.4118 261.7009 15.06399957157443
1 45360U 20019A   23019.32604703 -.00001426  00000-0 -76894-4 0  9993
2 45360  53.0525 238.3556 0001212  89.3908 270.7220 15.06391202157502
1 45360U 20019A   23019.59143555 -.00001278  00000-0 -66950-4 0  9992
2 45360  53.0517 237.1674 0001411  86.9830 273.1320 15.06393325157549
1 45360U 20019A   23019.85682606 -.00001115  00000-0 -55970-4 0  9996
2 45360  53.0516 235.9753 0001316  86.4027 273.7112 15.06391483157581
1 45360U 20019A   23020.85202540  .00004719  00000-0  33541-3 0  9993
2 45360  53.0517 231.5071 0001292  85.9295 274.1841 15.06404050157737
1 45360U 20019A   23021.71453587  .00003831  00000-0  27589-3 0  9997
2 45360  53.0510 227.6353 0001280  83.3346 276.7788 15.06403377157868
1 45360U 20019A   23022.57702504  .00005682  00000-0  39972-3 0  9993
2 45360  53.0519 223.7612 0001407 101.2295 258.8852 15.06427951157997
1 45360U 20019A   23023.24050719 -.00006617  00000-0 -42598-3 0  9991
2 45360  53.0510 220.7837 0001334  86.0468 274.0673 15.06379513158098
1 45360U 20019A   23023.83763143 -.00005890  00000-0 -37707-3 0  9996
2 45360  53.0525 218.1024 0001177  93.2805 266.8318 15.06379867158180
1 45360U 20019A   23024.50110196 -.00007755  00000-0 -50255-3 0  9990
2 45360  53.0512 215.1241 0001108  90.3115 269.8001 15.06383641158288
1 45360U 20019A   23024.83285185  .00008109  00000-0  56309-3 0  9995
2 45360  53.0513 213.6349 0001112  89.3324 270.7792 15.06370892158334
1 45360U 20019A   23025.29728495  .00008873  00000-0  61414-3 0  9993
2 45360  53.0514 211.5499 0001109  85.9376 274.1740 15.06381501158401
1 45360U 20019A   23025.82806146  .00011568  00000-0  79430-3 0  9994
2 45360  53.0516 209.1672 0001079  84.0094 276.1018 15.06396657158488
1 45360U 20019A   23025.89440826  .00011904  00000-0  81672-3 0  9995
2 45360  53.0516 208.8694 0001076  83.7399 276.3712 15.06398574158493
1 45360U 20019A   23026.49152836  .00009187  00000-0  63472-3 0  9991
2 45360  53.0517 206.1886 0001106  81.9000 278.2115 15.06406384158588
1 45360U 20019A   23027.22133615  .00008268  00000-0  57302-3 0  9991
2 45360  53.0521 202.9123 0001113  79.1138 280.9977 15.06417748158694
1 45360U 20019A   23027.48672053  .00006560  00000-0  45865-3 0  9997
2 45360  53.0520 201.7208 0001148  79.3292 280.7826 15.06418418158736
1 45360U 20019A   23027.75210315  .00007042  00000-0  49087-3 0  9992
2 45360  53.0522 200.5296 0001147  78.2626 281.8491 15.06423268158773
1 45360U 20019A   23028.48191544  .00001401  00000-0  11292-3 0  9995
2 45360  53.0539 197.2542 0001646  77.6957 282.4216 15.06411850158889
1 45360U 20019A   23028.48191544  .00001401  00000-0  11292-3 0  9995
2 45360  53.0539 197.2542 0001646  77.6957 282.4216 15.06411850158889
1 45360U 20019A   23028.74730547 -.00001214  00000-0 -62637-4 0  9990
2 45360  53.0527 196.0624 0001199  77.8658 282.2465 15.06402747158921
1 45360U 20019A   23028.74730547 -.00001214  00000-0 -62637-4 0  9990
2 45360  53.0527 196.0624 0001199  77.8658 282.2465 15.06402747158921
1 45360U 20019A   23029.67616050 -.00000958  00000-0 -45411-4 0  9990
2 45360  53.0531 191.8901 0001105  98.2474 261.8640 15.06402933159068
1 45360U 20019A   23030.27328886 -.00000159  00000-0  82306-5 0  9992
2 45360  53.0533 189.2112 0001064  90.4592 269.6519 15.06388365159157
1 45360U 20019A   23030.53867624 -.00000040  00000-0  16215-4 0  9993
2 45360  53.0532 188.0190 0001058  97.6399 262.4710 15.06389670159194
1 45360U 20019A   23030.87040905  .00000311  00000-0  39762-4 0  9997
2 45360  53.0532 186.5297 0001058  97.3540 262.7569 15.06392862159248
1 45360U 20019A   23031.13579488  .00000478  00000-0  50950-4 0  9996
2 45360  53.0533 185.3391 0001040  96.2899 263.8209 15.06395694159280
1 45360U 20019A   23031.53387571  .00001214  00000-0  10040-3 0  9994
2 45360  53.0528 183.5519 0001188  86.3181 273.7944 15.06396537159343
1 45360U 20019A   23031.79925799  .00001697  00000-0  13276-3 0  9991
2 45360  53.0531 182.3604 0001131  88.4185 271.6934 15.06402701159385
