1 45368U 20019J   22365.29644100  .00005646  00000-0  39751-3 0  9991
2 45368  53.0565 353.7961 0002869  36.1288 323.9895 15.06411463154234
1 45368U 20019J   22365.69452410  .00003051  00000-0  22363-3 0  9995
2 45368  53.0556 352.0092 0002807  36.6065 323.5115 15.06403772154292
1 45368U 20019J   22365.69452410  .00003051  00000-0  22363-3 0  9995
2 45368  53.0556 352.0092 0002807  36.6065 323.5115 15.06403772154292
1 45368U 20019J   23001.22530307 -.00000820  00000-0 -36149-4 0  9995
2 45368  53.0564 349.6265 0002894  39.8815 320.2386 15.06394824154379
1 45368U 20019J   23001.22530307 -.00000820  00000-0 -36149-4 0  9995
2 45368  53.0564 349.6265 0002894  39.8815 320.2386 15.06394824154379
1 45368U 20019J   23001.68974603 -.00002420  00000-0 -14360-3 0  9994
2 45368  53.0588 347.5411 0002813  38.7490 321.3700 15.06385462154441
1 45368U 20019J   23001.95512660 -.00002144  00000-0 -12503-3 0  9995
2 45368  53.0573 346.3503 0002690  32.6878 327.4277 15.06394355154481
1 45368U 20019J   23002.22050644 -.00000049  00000-0  15628-4 0  9998
2 45368  53.0563 345.1603 0002904  33.6768 326.4406 15.06401702154528
1 45368U 20019J   23002.41954258  .00000581  00000-0  57920-4 0  9994
2 45368  53.0565 344.2660 0002769  37.5695 322.5487 15.06406343154559
1 45368U 20019J   23003.41476911  .00001049  00000-0  89370-4 0  9994
2 45368  53.0565 339.7989 0002768  35.2730 324.8442 15.06374980154700
1 45368U 20019J   23003.61381068  .00001119  00000-0  94101-4 0  9990
2 45368  53.0566 338.9051 0002779  36.2137 323.9040 15.06376496154737
1 45368U 20019J   23004.21090846  .00003915  00000-0  28153-3 0  9997
2 45368  53.0566 336.2245 0002795  39.7069 320.4125 15.06413294154827
1 45368U 20019J   23004.60898785  .00002438  00000-0  18247-3 0  9990
2 45368  53.0566 334.4375 0002834  39.3821 320.7374 15.06414201154881
1 45368U 20019J   23004.87437283  .00002577  00000-0  19176-3 0  9997
2 45368  53.0565 333.2470 0002689  40.1528 319.9659 15.06413677154922
1 45368U 20019J   23005.27246363  .00002528  00000-0  18862-3 0  9996
2 45368  53.0566 331.4587 0002840  40.0334 320.0864 15.06395285154986
1 45368U 20019J   23005.27246363  .00002528  00000-0  18862-3 0  9996
2 45368  53.0566 331.4587 0002840  40.0334 320.0864 15.06395285154986
1 45368U 20019J   23005.60418508  .00004142  00000-0  29675-3 0  9993
2 45368  53.0570 329.9697 0002622  38.1982 321.9192 15.06408307155031
1 45368U 20019J   23006.26764356  .00000912  00000-0  80114-4 0  9998
2 45368  53.0568 326.9924 0002627  44.5657 315.5542 15.06424006155136
1 45368U 20019J   23006.33401114  .00001821  00000-0  14117-3 0  9995
2 45368  53.0575 326.6940 0001769  37.4469 322.6643 15.06390587155145
1 45368U 20019J   23006.33401114  .00001821  00000-0  14117-3 0  9995
2 45368  53.0575 326.6940 0001769  37.4469 322.6643 15.06390587155145
1 45368U 20019J   23007.26286724 -.00000066  00000-0  14479-4 0  9999
2 45368  53.0572 322.5230 0002688  37.8330 322.2848 15.06398409155280
1 45368U 20019J   23007.85999014 -.00003082  00000-0 -18802-3 0  9992
2 45368  53.0551 319.8468 0003216  41.3973 318.7259 15.06397034155379
1 45368U 20019J   23007.85999014 -.00003082  00000-0 -18802-3 0  9992
2 45368  53.0551 319.8468 0003216  41.3973 318.7259 15.06397034155379
1 45368U 20019J   23008.58981231  .00003595  00000-0  26021-3 0  9994
2 45368  53.0549 316.5682 0002521  38.6122 321.5047 15.06391239155481
1 45368U 20019J   23009.12058480  .00001478  00000-0  11814-3 0  9998
2 45368  53.0552 314.1842 0002456  42.2540 317.8637 15.06398444155566
1 45368U 20019J   23009.25328040  .00001554  00000-0  12322-3 0  9994
2 45368  53.0560 313.5886 0002390  41.6530 318.4640 15.06395390155585
1 45368U 20019J   23010.24848433  .00001186  00000-0  98532-4 0  9997
2 45368  53.0546 309.1212 0002270  33.5845 326.5288 15.06395734155736
1 45368U 20019J   23010.51387084  .00000526  00000-0  54198-4 0  9994
2 45368  53.0542 307.9300 0002248  31.4044 328.7079 15.06396817155778
1 45368U 20019J   23010.84561555  .00003000  00000-0  22032-3 0  9998
2 45368  53.0537 306.4412 0002278  36.5303 323.5841 15.06378697155829
1 45368U 20019J   23010.84561555  .00003000  00000-0  22032-3 0  9998
2 45368  53.0537 306.4412 0002278  36.5303 323.5841 15.06378697155829
1 45368U 20019J   23011.04464520  .00001816  00000-0  14077-3 0  9998
2 45368  53.0560 305.5469 0002167  40.9378 319.1773 15.06400527155851
1 45368U 20019J   23011.57540925  .00002739  00000-0  20265-3 0  9991
2 45368  53.0529 303.1642 0002227  32.5898 327.5228 15.06412659155930
1 45368U 20019J   23011.57540925  .00002739  00000-0  20265-3 0  9991
2 45368  53.0529 303.1642 0002227  32.5898 327.5228 15.06412659155930
1 45368U 20019J   23011.84079557  .00005552  00000-0  39113-3 0  9997
2 45368  53.0523 301.9734 0002226  34.3576 325.7556 15.06416586155975
1 45368U 20019J   23012.10617559  .00012040  00000-0  82499-3 0  9992
2 45368  53.0529 300.7825 0002092  33.1663 326.9457 15.06436422156014
1 45368U 20019J   23012.76967461 -.00018669  00000-0 -12393-2 0  9994
2 45368  53.0522 297.8045 0002564  52.8831 307.2392 15.06349627156117
1 45368U 20019J   23012.90237459 -.00017988  00000-0 -11938-2 0  9994
2 45368  53.0522 297.2086 0001912  46.4622 313.6525 15.06335790156136
1 45368U 20019J   23013.10142661  .00024462  00000-0  16588-2 0  9996
2 45368  53.0521 296.3164 0001390  43.1704 316.9394 15.06324054156161
1 45368U 20019J   23013.49951531  .00042091  00000-0  28295-2 0  9998
2 45368  53.0521 294.5288 0001385  47.7062 312.4044 15.06377383156222
1 45368U 20019J   23013.49951531  .00042091  00000-0  28295-2 0  9998
2 45368  53.0521 294.5288 0001385  47.7062 312.4044 15.06377383156222
1 45368U 20019J   23013.76490013  .00057944  00000-0  38748-2 0  9998
2 45368  53.0522 293.3365 0001324  45.8967 314.2131 15.06422121156264
1 45368U 20019J   23013.89758898  .00065721  00000-0  43842-2 0  9993
2 45368  53.0511 292.7401 0001229  48.0447 312.0646 15.06449942156287
1 45368U 20019J   23014.49469858  .00049515  00000-0  33173-2 0  9994
2 45368  53.0520 290.0595 0001299  58.5526 301.5590 15.06427651156377
1 45368U 20019J   23015.15816392  .00096902  00000-0  64266-2 0  9996
2 45368  53.0523 287.0819 0000966  58.1757 301.9326 15.06451703156474
1 45368U 20019J   23015.15816392  .00096902  00000-0  64266-2 0  9996
2 45368  53.0523 287.0819 0000966  58.1757 301.9326 15.06451703156474
1 45368U 20019J   23015.75528752  .00036091  00000-0  24275-2 0  9991
2 45368  53.0513 284.3997 0002613  80.5391 279.5893 15.06428799156562
1 45368U 20019J   23015.88797843  .00035464  00000-0  23866-2 0  9992
2 45368  53.0514 283.8029 0001408  90.0877 270.0273 15.06418684156581
1 45368U 20019J   23016.02066946  .00031367  00000-0  21137-2 0  9999
2 45368  53.0515 283.2078 0000975  78.0002 282.1096 15.06428144156606
1 45368U 20019J   23016.41874968  .00023447  00000-0  15868-2 0  9997
2 45368  53.0515 281.4216 0001258  72.4086 287.7040 15.06421516156667
1 45368U 20019J   23016.41874968  .00023447  00000-0  15868-2 0  9997
2 45368  53.0515 281.4216 0001258  72.4086 287.7040 15.06421516156667
1 45368U 20019J   23016.75049318  .00000963  00000-0  83612-4 0  9999
2 45368  53.0527 279.9325 0001334  75.5067 284.6069 15.06372798156711
1 45368U 20019J   23016.75049318  .00000963  00000-0  83612-4 0  9999
2 45368  53.0527 279.9325 0001334  75.5067 284.6069 15.06372798156711
1 45368U 20019J   23017.41397203  .00019903  00000-0  13518-2 0  9992
2 45368  53.0516 276.9535 0001322  66.9458 293.1670 15.06385847156817
1 45368U 20019J   23018.01109200  .00020316  00000-0  13784-2 0  9992
2 45368  53.0514 274.2730 0001303  66.4474 293.6652 15.06411752156905
1 45368U 20019J   23018.40917096  .00024775  00000-0  16756-2 0  9990
2 45368  53.0518 272.4853 0001249  65.2267 294.8852 15.06415554156966
1 45368U 20019J   23018.40917096  .00024775  00000-0  16756-2 0  9990
2 45368  53.0518 272.4853 0001249  65.2267 294.8852 15.06415554156966
1 45368U 20019J   23018.87359944  .00010834  00000-0  74501-3 0  9997
2 45368  53.0521 270.4032 0001885  78.7422 281.3778 15.06404217157036
1 45368U 20019J   23018.93994652  .00011984  00000-0  82196-3 0  9991
2 45368  53.0529 270.1058 0001891  78.4327 281.6874 15.06403498157048
1 45368U 20019J   23019.40437173  .00003806  00000-0  27422-3 0  9999
2 45368  53.0509 268.0173 0001183  77.9641 282.1481 15.06403333157113
1 45368U 20019J   23019.40437173  .00003806  00000-0  27422-3 0  9999
2 45368  53.0509 268.0173 0001183  77.9641 282.1481 15.06403333157113
1 45368U 20019J   23020.06784546  .00001582  00000-0  12508-3 0  9990
2 45368  53.0515 265.0368 0001510  82.9657 277.1504 15.06395256157215
1 45368U 20019J   23020.39958055  .00004866  00000-0  34534-3 0  9995
2 45368  53.0501 263.5505 0001556  80.9628 279.1537 15.06399111157269
1 45368U 20019J   23021.39478229  .00006131  00000-0  43007-3 0  9998
2 45368  53.0500 259.0810 0001461  93.8447 266.2709 15.06404536157417
1 45368U 20019J   23022.65537128  .00002133  00000-0  16207-3 0  9992
2 45368  53.0495 253.4209 0001523  96.2018 263.9144 15.06401126157600
1 45368U 20019J   23023.05345430  .00000604  00000-0  59425-4 0  9991
2 45368  53.0508 251.6350 0001296  87.3554 272.7583 15.06396794157660
1 45368U 20019J   23023.91594646  .00008086  00000-0  56079-3 0  9994
2 45368  53.0502 247.7621 0001114 111.6975 248.4133 15.06422449157790
1 45368U 20019J   23024.38037709  .00004015  00000-0  28816-3 0  9994
2 45368  53.0505 245.6773 0001167  97.5450 262.5672 15.06410840157861
1 45368U 20019J   23024.84481821 -.00001349  00000-0 -71736-4 0  9992
2 45368  53.0501 243.5922 0001106  77.1208 282.9905 15.06387911157933
1 45368U 20019J   23025.37558965 -.00001666  00000-0 -93013-4 0  9999
2 45368  53.0496 241.2096 0001064  73.3333 286.7773 15.06390838158010
1 45368U 20019J   23025.37558965 -.00001666  00000-0 -93013-4 0  9999
2 45368  53.0496 241.2096 0001064  73.3333 286.7773 15.06390838158010
1 45368U 20019J   23025.84001829  .00002541  00000-0  18941-3 0  9990
2 45368  53.0495 239.1239 0001005  82.6540 277.4563 15.06396949158082
1 45368U 20019J   23026.56983769  .00006702  00000-0  46840-3 0  9994
2 45368  53.0494 235.8472 0001117  73.8942 286.2170 15.06400446158197
1 45368U 20019J   23026.56983769  .00006702  00000-0  46840-3 0  9994
2 45368  53.0494 235.8472 0001117  73.8942 286.2170 15.06400446158197
1 45368U 20019J   23026.83522437  .00007032  00000-0  49043-3 0  9990
2 45368  53.0494 234.6560 0001192  69.1457 290.9659 15.06404266158237
1 45368U 20019J   23027.83042871  .00002019  00000-0  15441-3 0  9995
2 45368  53.0499 230.1880 0001227  73.6263 286.4861 15.06398930158383
1 45368U 20019J   23027.83042871  .00002019  00000-0  15441-3 0  9995
2 45368  53.0499 230.1880 0001227  73.6263 286.4861 15.06398930158383
1 45368U 20019J   23028.56024337  .00001005  00000-0  86374-4 0  9991
2 45368  53.0503 226.9107 0001216  76.2001 283.9123 15.06399371158496
1 45368U 20019J   23028.82561945  .00005995  00000-0  42075-3 0  9992
2 45368  53.0506 225.7195 0001190  79.3888 280.7235 15.06421558158538
1 45368U 20019J   23028.82561945  .00005995  00000-0  42075-3 0  9992
2 45368  53.0506 225.7195 0001190  79.3888 280.7235 15.06421558158538
1 45368U 20019J   23029.55544027  .00001363  00000-0  11040-3 0  9998
2 45368  53.0509 222.4432 0001094  75.4208 284.6903 15.06399655158644
1 45368U 20019J   23029.88717810  .00000559  00000-0  56438-4 0  9993
2 45368  53.0513 220.9533 0001167  77.4528 282.6591 15.06395367158694
1 45368U 20019J   23030.21891496  .00000092  00000-0  25087-4 0  9993
2 45368  53.0517 219.4644 0001217  79.6638 280.4488 15.06392952158740
1 45368U 20019J   23030.48430338 -.00000250  00000-0  20869-5 0  9997
2 45368  53.0518 218.2730 0001253  87.5287 272.5845 15.06392420158785
1 45368U 20019J   23030.88238213 -.00000359  00000-0 -52089-5 0  9999
2 45368  53.0518 216.4859 0001275  85.1885 274.9250 15.06396756158848
1 45368U 20019J   23031.54585374  .00000584  00000-0  58128-4 0  9993
2 45368  53.0513 213.5071 0001246  81.6993 278.4137 15.06388601158940
1 45368U 20019J   23031.54585374  .00000584  00000-0  58128-4 0  9993
2 45368  53.0513 213.5071 0001246  81.6993 278.4137 15.06388601158940
