1 45364U 20019E   23001.59383840  .00022685  00000-0  14873-2 0  9998
2 45364  53.0534 317.8136 0003299  90.7033 269.4335 15.07614769154837
1 45364U 20019E   23001.59383840  .00022685  00000-0  14873-2 0  9998
2 45364  53.0534 317.8136 0003299  90.7033 269.4335 15.07614769154837
1 45364U 20019E   23002.58822088  .00020528  00000-0  13464-2 0  9999
2 45364  53.0535 313.3409 0003400  92.3823 267.7556 15.07659714154982
1 45364U 20019E   23003.25112604  .00024908  00000-0  16273-2 0  9997
2 45364  53.0539 310.3585 0003444  94.3854 265.7529 15.07691892155085
1 45364U 20019E   23003.58257364  .00020721  00000-0  13572-2 0  9994
2 45364  53.0541 308.8674 0003453  95.0946 265.0437 15.07704120155135
1 45364U 20019E   23004.11288329  .00026709  00000-0  17413-2 0  9999
2 45364  53.0544 306.4820 0003493  96.5543 263.5845 15.07731675155218
1 45364U 20019E   23004.84204117  .00030257  00000-0  19668-2 0  9999
2 45364  53.0549 303.2013 0003520  99.7357 260.4030 15.07776412155323
1 45364U 20019E   23004.84204117  .00030257  00000-0  19668-2 0  9999
2 45364  53.0549 303.2013 0003520  99.7357 260.4030 15.07776412155323
1 45364U 20019E   23005.50489359  .00020985  00000-0  13703-2 0  9997
2 45364  53.0543 300.2207 0003459  99.2691 260.8690 15.07809966155424
1 45364U 20019E   23005.50489359  .00020985  00000-0  13703-2 0  9997
2 45364  53.0543 300.2207 0003459  99.2691 260.8690 15.07809966155424
1 45364U 20019E   23006.49913909  .00023760  00000-0  15458-2 0  9992
2 45364  53.0543 295.7470 0003493 101.9161 258.2220 15.07871935155576
1 45364U 20019E   23007.22822920  .00026399  00000-0  17129-2 0  9994
2 45364  53.0538 292.4671 0003482 104.1673 255.9704 15.07913077155685
1 45364U 20019E   23007.49334804  .00027199  00000-0  17634-2 0  9992
2 45364  53.0536 291.2740 0003481 105.6874 254.4500 15.07928012155723
1 45364U 20019E   23007.49334804  .00027199  00000-0  17634-2 0  9992
2 45364  53.0536 291.2740 0003481 105.6874 254.4500 15.07928012155723
1 45364U 20019E   23008.48752342  .00024185  00000-0  15686-2 0  9990
2 45364  53.0531 286.8004 0003493 108.5894 251.5475 15.07976186155878
1 45364U 20019E   23009.15028848  .00029073  00000-0  18787-2 0  9998
2 45364  53.0529 283.8180 0003572 108.9415 251.1962 15.08013928155973
1 45364U 20019E   23009.48166448  .00026007  00000-0  16825-2 0  9998
2 45364  53.0527 282.3263 0003564 110.0998 250.0375 15.08030698156024
1 45364U 20019E   23009.74676358  .00024320  00000-0  15744-2 0  9998
2 45364  53.0518 281.1332 0003641 110.5714 249.5666 15.08042246156067
1 45364U 20019E   23010.47577160  .00026413  00000-0  17060-2 0  9999
2 45364  53.0518 277.8522 0003615 111.8789 248.2586 15.08081746156174
1 45364U 20019E   23010.47577160  .00026413  00000-0  17060-2 0  9999
2 45364  53.0518 277.8522 0003615 111.8789 248.2586 15.08081746156174
1 45364U 20019E   23011.00594775  .00029877  00000-0  19248-2 0  9997
2 45364  53.0520 275.4664 0003605 112.0946 248.0426 15.08112237156255
1 45364U 20019E   23011.73492139  .00028564  00000-0  18392-2 0  9999
2 45364  53.0524 272.1840 0003678 114.9944 245.1428 15.08155306156364
1 45364U 20019E   23011.73492139  .00028564  00000-0  18392-2 0  9999
2 45364  53.0524 272.1840 0003678 114.9944 245.1428 15.08155306156364
1 45364U 20019E   23012.92774299  .00025935  00000-0  16692-2 0  9991
2 45364  53.0527 266.8148 0003599 118.4199 241.7154 15.08221722156545
1 45364U 20019E   23012.99400957  .00025424  00000-0  16367-2 0  9997
2 45364  53.0526 266.5163 0003601 118.4188 241.7165 15.08224365156559
1 45364U 20019E   23013.39160346  .00027148  00000-0  17448-2 0  9993
2 45364  53.0525 264.7259 0003590 120.0783 240.0564 15.08249625156619
1 45364U 20019E   23014.05424844  .00027690  00000-0  17774-2 0  9997
2 45364  53.0524 261.7425 0003582 121.4452 238.6888 15.08285148156712
1 45364U 20019E   23015.37948748  .00031373  00000-0  20061-2 0  9993
2 45364  53.0522 255.7751 0003594 126.4603 233.6719 15.08363132156911
1 45364U 20019E   23015.37948748  .00031373  00000-0  20061-2 0  9993
2 45364  53.0522 255.7751 0003594 126.4603 233.6719 15.08363132156911
1 45364U 20019E   23015.90956404  .00034352  00000-0  21919-2 0  9993
2 45364  53.0522 253.3880 0003583 127.0469 233.0849 15.08397433156990
1 45364U 20019E   23016.37336952  .00034683  00000-0  22107-2 0  9992
2 45364  53.0525 251.2992 0003548 128.2133 231.9177 15.08431176157069
1 45364U 20019E   23016.90342488  .00026987  00000-0  17250-2 0  9993
2 45364  53.0528 248.9124 0003550 128.7787 231.3521 15.08454295157148
1 45364U 20019E   23016.90342488  .00026987  00000-0  17250-2 0  9993
2 45364  53.0528 248.9124 0003550 128.7787 231.3521 15.08454295157148
1 45364U 20019E   23017.36721598  .00021727  00000-0  13927-2 0  9991
2 45364  53.0525 246.8232 0003511 130.0081 230.1217 15.08471927157210
1 45364U 20019E   23017.89725697  .00018666  00000-0  11990-2 0  9999
2 45364  53.0526 244.4363 0003493 130.4971 229.6323 15.08489801157290
1 45364U 20019E   23017.89725697  .00018666  00000-0  11990-2 0  9999
2 45364  53.0526 244.4363 0003493 130.4971 229.6323 15.08489801157290
1 45364U 20019E   23018.02976609  .00019073  00000-0  12245-2 0  9993
2 45364  53.0526 243.8396 0003474 130.7420 229.3872 15.08494914157310
1 45364U 20019E   23018.89106274  .00022643  00000-0  14480-2 0  9991
2 45364  53.0525 239.9598 0003430 133.2872 226.8405 15.08534299157449
1 45364U 20019E   23019.02356790  .00023194  00000-0  14824-2 0  9991
2 45364  53.0524 239.3629 0003418 133.6854 226.4420 15.08540892157468
1 45364U 20019E   23019.61983766  .00019020  00000-0  12190-2 0  9992
2 45364  53.0513 236.6773 0003350 135.5654 224.5605 15.08559004157559
1 45364U 20019E   23019.61983766  .00019020  00000-0  12190-2 0  9992
2 45364  53.0513 236.6773 0003350 135.5654 224.5605 15.08559004157559
1 45364U 20019E   23020.28234946  .00016336  00000-0  10494-2 0  9998
2 45364  53.0514 233.6929 0003326 137.5553 222.5695 15.08579129157651
1 45364U 20019E   23020.87860394  .00014060  00000-0  90563-3 0  9993
2 45364  53.0516 231.0072 0003316 138.8381 221.2860 15.08594036157740
1 45364U 20019E   23022.26984248  .00011357  00000-0  73472-3 0  9999
2 45364  53.0513 224.7400 0003292 142.7274 217.3945 15.08623999157953
1 45364U 20019E   23023.79355324  .00008713  00000-0  56778-3 0  9997
2 45364  53.0519 217.8750 0003196 146.3924 213.7269 15.08647942158184
1 45364U 20019E   23025.25098980  .00009123  00000-0  59312-3 0  9995
2 45364  53.0519 211.3095 0003044 148.0994 212.0180 15.08675440158406
1 45364U 20019E   23025.71471443  .00009240  00000-0  60034-3 0  9998
2 45364  53.0521 209.2206 0002994 148.7225 211.3944 15.08683973158473
1 45364U 20019E   23025.91345225  .00010168  00000-0  65867-3 0  9998
2 45364  53.0522 208.3252 0003003 148.9833 211.1335 15.08689460158507
1 45364U 20019E   23026.64215448  .00009185  00000-0  59664-3 0  9997
2 45364  53.0529 205.0416 0002966 151.0480 209.0675 15.08701849158611
1 45364U 20019E   23027.50333885  .00008357  00000-0  54430-3 0  9995
2 45364  53.0534 201.1610 0002866 153.9792 206.1342 15.08717599158748
1 45364U 20019E   23027.76831635  .00009493  00000-0  61559-3 0  9991
2 45364  53.0536 199.9672 0002822 154.2109 205.9022 15.08724934158787
1 45364U 20019E   23027.76831635  .00009493  00000-0  61559-3 0  9991
2 45364  53.0536 199.9672 0002822 154.2109 205.9022 15.08724934158787
1 45364U 20019E   23028.43075646  .00008553  00000-0  55631-3 0  9998
2 45364  53.0529 196.9824 0002728 156.6251 203.4864 15.08737125158888
1 45364U 20019E   23028.82821678  .00008863  00000-0  57565-3 0  9997
2 45364  53.0526 195.1918 0002727 158.7086 201.4018 15.08747100158948
1 45364U 20019E   23028.82821678  .00008863  00000-0  57565-3 0  9997
2 45364  53.0526 195.1918 0002727 158.7086 201.4018 15.08747100158948
1 45364U 20019E   23029.75561589  .00009473  00000-0  61359-3 0  9996
2 45364  53.0520 191.0134 0002669 161.7246 198.3840 15.08768508159082
1 45364U 20019E   23030.15306845  .00010013  00000-0  64734-3 0  9996
2 45364  53.0518 189.2225 0002674 163.2182 196.8897 15.08778241159148
1 45364U 20019E   23030.48427691  .00011388  00000-0  73341-3 0  9995
2 45364  53.0513 187.7303 0002629 163.5117 196.5959 15.08788148159192
1 45364U 20019E   23031.14668935  .00010835  00000-0  69847-3 0  9999
2 45364  53.0513 184.7457 0002558 165.0632 195.0434 15.08802603159295
1 45364U 20019E   23031.80909272  .00014898  00000-0  95242-3 0  9995
2 45364  53.0509 181.7609 0002445 167.3112 192.7940 15.08825710159390
1 45364U 20019E   23031.80909272  .00014898  00000-0  95242-3 0  9995
2 45364  53.0509 181.7609 0002445 167.3112 192.7940 15.08825710159390
1 45364U 20019E   23032.40524681  .00016712  00000-0  10653-2 0  9998
2 45364  53.0508 179.0747 0002344 168.7999 191.3043 15.08848061159481
1 45364U 20019E   23033.53129088  .00018037  00000-0  11467-2 0  9991
2 45364  53.0527 174.0005 0002139 170.7126 189.3904 15.08892901159655
1 45364U 20019E   23033.86247291  .00019241  00000-0  12213-2 0  9992
2 45364  53.0522 172.5078 0002107 173.2559 186.8459 15.08908894159708
1 45364U 20019E   23033.86247291  .00019241  00000-0  12213-2 0  9992
2 45364  53.0522 172.5078 0002107 173.2559 186.8459 15.08908894159708
1 45364U 20019E   23035.58457087  .00021511  00000-0  13600-2 0  9993
2 45364  53.0540 164.7461 0001777 180.1294 179.9696 15.08986142159968
1 45364U 20019E   23035.78326794  .00021580  00000-0  13638-2 0  9992
2 45364  53.0533 163.8511 0001819 179.6078 180.4914 15.08998011159997
1 45364U 20019E   23036.04819291  .00026498  00000-0  16681-2 0  9995
2 45364  53.0550 162.6574 0002047 185.6456 174.4511 15.09026031160031
1 45364U 20019E   23036.57801915  .00028987  00000-0  18189-2 0  9997
2 45364  53.0533 160.2666 0001625 184.9521 175.1453 15.09097841160113
1 45364U 20019E   23036.57801915  .00028987  00000-0  18189-2 0  9997
2 45364  53.0533 160.2666 0001625 184.9521 175.1453 15.09097841160113
1 45364U 20019E   23036.77670313  .00014207  00000-0  90234-3 0  9997
2 45364  53.0533 159.3732 0001767 183.8027 176.2950 15.09103879160148
1 45364U 20019E   23037.04161474  .00016928  00000-0  10713-2 0  9996
2 45364  53.0533 158.1780 0001780 186.0118 174.0851 15.09104514160186
1 45364U 20019E   23037.57143334  .00010275  00000-0  65771-3 0  9993
2 45364  53.0535 155.7881 0001681 186.0237 174.0734 15.09116813160269
1 45364U 20019E   23037.83634220  .00009213  00000-0  59161-3 0  9997
2 45364  53.0532 154.5943 0001665 187.5912 172.5053 15.09120219160307
1 45364U 20019E   23038.03502160  .00011341  00000-0  72375-3 0  9994
2 45364  53.0526 153.6997 0001733 190.2292 169.8664 15.09128073160333
1 45364U 20019E   23038.56482484  .00026140  00000-0  16395-2 0  9990
2 45364  53.0525 151.3109 0001627 192.0549 168.0402 15.09167879160416
1 45364U 20019E   23038.63104916  .00027965  00000-0  17520-2 0  9996
2 45364  53.0527 151.0123 0001612 191.7802 168.3151 15.09174145160422
1 45364U 20019E   23038.82971981  .00032054  00000-0  20033-2 0  9999
2 45364  53.0526 150.1158 0001596 192.2141 167.8811 15.09193899160459
1 45364U 20019E   23038.82971981  .00032054  00000-0  20033-2 0  9999
2 45364  53.0526 150.1158 0001596 192.2141 167.8811 15.09193899160459
1 45364U 20019E   23039.49193859  .00036558  00000-0  22768-2 0  9993
2 45364  53.0522 147.1309 0001447 200.0116 160.0818 15.09259044160552
1 45364U 20019E   23039.49193859  .00036558  00000-0  22768-2 0  9993
2 45364  53.0522 147.1309 0001447 200.0116 160.0818 15.09259044160552
1 45364U 20019E   23039.75681895  .00045818  00000-0  28428-2 0  9992
2 45364  53.0523 145.9357 0001377 194.6979 165.3972 15.09290691160595
1 45364U 20019E   23039.75681895  .00045818  00000-0  28428-2 0  9992
2 45364  53.0523 145.9357 0001377 194.6979 165.3972 15.09290691160595
1 45364U 20019E   23040.48521452  .00048834  00000-0  30213-2 0  9992
2 45364  53.0521 142.6515 0001176 198.4081 161.6866 15.09365373160700
1 45364U 20019E   23040.75007699  .00049972  00000-0  30885-2 0  9993
2 45364  53.0524 141.4567 0001171 199.7915 160.3030 15.09392581160746
1 45364U 20019E   23040.75007699  .00049972  00000-0  30885-2 0  9993
2 45364  53.0524 141.4567 0001171 199.7915 160.3030 15.09392581160746
1 45364U 20019E   23041.67705499  .00055020  00000-0  33866-2 0  9991
2 45364  53.0528 137.2769 0000848 211.3471 148.7468 15.09496394160882
1 45364U 20019E   23041.67705499  .00055020  00000-0  33866-2 0  9991
2 45364  53.0528 137.2769 0000848 211.3471 148.7468 15.09496394160882
1 45364U 20019E   23042.33914209  .00059682  00000-0  36616-2 0  9990
2 45364  53.0528 134.2904 0000648 221.5702 138.5240 15.09577005160983
1 45364U 20019E   23042.67017342  .00051791  00000-0  31804-2 0  9996
2 45364  53.0529 132.7965 0000603 222.2224 137.8720 15.09610788161030
1 45364U 20019E   23042.93499217  .00049859  00000-0  30608-2 0  9993
2 45364  53.0529 131.6021 0000547 228.5239 131.5704 15.09639919161077
1 45364U 20019E   23043.53081600  .00054127  00000-0  33133-2 0  9993
2 45364  53.0527 128.9132 0000540 234.4155 125.6785 15.09705781161167
1 45364U 20019E   23044.25901276  .00048172  00000-0  29473-2 0  9998
2 45364  53.0526 125.6279 0000475 247.7161 112.3779 15.09778641161276
1 45364U 20019E   23044.58999937  .00045752  00000-0  27986-2 0  9993
2 45364  53.0523 124.1335 0000474 246.4560 113.6381 15.09810423161322
1 45364U 20019E   23045.25195324  .00050255  00000-0  30651-2 0  9993
2 45364  53.0522 121.1464 0000406 268.9254  91.1689 15.09872906161421
1 45364U 20019E   23045.91387979  .00044948  00000-0  27409-2 0  9994
2 45364  53.0520 118.1581 0000384 275.5215  84.5732 15.09931916161524
1 45364U 20019E   23046.57577909  .00059847  00000-0  36287-2 0  9999
2 45364  53.0519 115.1699 0000370 295.7637  64.3315 15.10004935161624
1 45364U 20019E   23046.57577909  .00059847  00000-0  36287-2 0  9999
2 45364  53.0519 115.1699 0000370 295.7637  64.3315 15.10004935161624
1 45364U 20019E   23047.43620068  .00051553  00000-0  31240-2 0  9990
2 45364  53.0524 111.2855 0000412 328.5805  31.5161 15.10096707161757
1 45364U 20019E   23047.43620068  .00051553  00000-0  31240-2 0  9990
2 45364  53.0524 111.2855 0000412 328.5805  31.5161 15.10096707161757
1 45364U 20019E   23048.42893183  .00039650  00000-0  24049-2 0  9993
2 45364  53.0529 106.8029 0000551 341.8580  18.2391 15.10185491161900
1 45364U 20019E   23048.42893183  .00039650  00000-0  24049-2 0  9993
2 45364  53.0529 106.8029 0000551 341.8580  18.2391 15.10185491161900
1 45364U 20019E   23049.42161428  .00028781  00000-0  17502-2 0  9993
2 45364  53.0532 102.3207 0000720 354.4382   5.6601 15.10247344162058
1 45364U 20019E   23049.55396877  .00030752  00000-0  18678-2 0  9991
2 45364  53.0530 101.7228 0000740 356.3326   3.7659 15.10257238162070
1 45364U 20019E   23050.41425767  .00029084  00000-0  17655-2 0  9999
2 45364  53.0533  97.8373 0000816   2.3772 357.7222 15.10305836162207
1 45364U 20019E   23050.81130544  .00024880  00000-0  15130-2 0  9994
2 45364  53.0535  96.0441 0000845   5.1584 354.9415 15.10323966162263
1 45364U 20019E   23051.40686664  .00024835  00000-0  15090-2 0  9994
2 45364  53.0530  93.3545 0000878   9.0539 351.0467 15.10354792162358
1 45364U 20019E   23052.26710091  .00024716  00000-0  15001-2 0  9991
2 45364  53.0527  89.4681 0000903  10.7021 349.3989 15.10398200162480
1 45364U 20019E   23052.39944252  .00024570  00000-0  14911-2 0  9990
2 45364  53.0527  88.8704 0000933  11.5719 348.5293 15.10404549162501
1 45364U 20019E   23052.79646261  .00026633  00000-0  16133-2 0  9993
2 45364  53.0524  87.0764 0000922  14.3207 345.7809 15.10428961162568
1 45364U 20019E   23053.45815101  .00022792  00000-0  13827-2 0  9997
2 45364  53.0520  84.0871 0001000  16.3627 343.7396 15.10461040162661
1 45364U 20019E   23053.45815101  .00022792  00000-0  13827-2 0  9997
2 45364  53.0520  84.0871 0001000  16.3627 343.7396 15.10461040162661
1 45364U 20019E   23053.78899023  .00021326  00000-0  12946-2 0  9991
2 45364  53.0522  82.5920 0001024  18.8182 341.2847 15.10475732162713
1 45364U 20019E   23054.38449134  .00027179  00000-0  16423-2 0  9998
2 45364  53.0525  79.9019 0001078  22.9779 337.1260 15.10508705162802
1 45364U 20019E   23054.78148555  .00024382  00000-0  14749-2 0  9997
2 45364  53.0525  78.1078 0001108  24.2034 335.9008 15.10527218162863
1 45364U 20019E   23055.04614603  .00026086  00000-0  15758-2 0  9993
2 45364  53.0525  76.9118 0001115  26.8056 333.2992 15.10540802162906
1 45364U 20019E   23055.44313104  .00025959  00000-0  15673-2 0  9993
2 45364  53.0528  75.1186 0001209  27.4413 332.6641 15.10561799162961
1 45364U 20019E   23055.77394863  .00020876  00000-0  12643-2 0  9997
2 45364  53.0531  73.6236 0001233  29.6493 330.4568 15.10574144163012
1 45364U 20019E   23056.30324943  .00022464  00000-0  13579-2 0  9993
2 45364  53.0533  71.2321 0001307  31.9576 328.1494 15.10599838163090
1 45364U 20019E   23056.30324943  .00022464  00000-0  13579-2 0  9993
2 45364  53.0533  71.2321 0001307  31.9576 328.1494 15.10599838163090
1 45364U 20019E   23056.76638111  .00022963  00000-0  13868-2 0  9993
2 45364  53.0536  69.1390 0001302  33.3252 326.7821 15.10620597163160
1 45364U 20019E   23057.29566468  .00029809  00000-0  17917-2 0  9992
2 45364  53.0537  66.7476 0001370  34.7813 325.3267 15.10653305163243
1 45364U 20019E   23057.29566468  .00029809  00000-0  17917-2 0  9992
2 45364  53.0537  66.7476 0001370  34.7813 325.3267 15.10653305163243
1 45364U 20019E   23058.28804324  .00038399  00000-0  22962-2 0  9998
2 45364  53.0543  62.2636 0001473  37.2089 322.9003 15.10716543163397
1 45364U 20019E   23059.28036940  .00041104  00000-0  24500-2 0  9998
2 45364  53.0546  57.7783 0001505  40.3689 319.7413 15.10801749163548
1 45364U 20019E   23059.94189239  .00025399  00000-0  15223-2 0  9991
2 45364  53.0548  54.7882 0001496  42.2752 317.8354 15.10839598163645
1 45364U 20019E   23060.20649643  .00029100  00000-0  17398-2 0  9991
2 45364  53.0548  53.5922 0001492  43.8915 316.2194 15.10858569163689
1 45364U 20019E   23060.66954684  .00027124  00000-0  16221-2 0  9993
2 45364  53.0547  51.4993 0001482  46.2579 313.8534 15.10885933163759
1 45364U 20019E   23061.66176852  .00031001  00000-0  18472-2 0  9996
2 45364  53.0543  47.0137 0001459  51.1711 308.9410 15.10949827163901
1 45364U 20019E   23062.32322455  .00043823  00000-0  25953-2 0  9999
2 45364  53.0541  44.0232 0001453  55.4824 304.6304 15.11005663164007
1 45364U 20019E   23062.32322455  .00043823  00000-0  25953-2 0  9999
2 45364  53.0541  44.0232 0001453  55.4824 304.6304 15.11005663164007
1 45364U 20019E   23062.65394329  .00042910  00000-0  25400-2 0  9997
2 45364  53.0538  42.5279 0001440  57.8322 302.2809 15.11032869164059
1 45364U 20019E   23063.18307948  .00049073  00000-0  28957-2 0  9994
2 45364  53.0537  40.1352 0001455  60.8499 299.2637 15.11084540164135
1 45364U 20019E   23063.18307948  .00049073  00000-0  28957-2 0  9994
2 45364  53.0537  40.1352 0001455  60.8499 299.2637 15.11084540164135
1 45364U 20019E   23065.16718215  .00054427  00000-0  31899-2 0  9995
2 45364  53.0543  31.1607 0001364  73.3545 286.7596 15.11281490164436
1 45364U 20019E   23065.29944527  .00058682  00000-0  34341-2 0  9998
2 45364  53.0544  30.5623 0001393  73.9688 286.1456 15.11300799164459
1 45364U 20019E   23066.15912452  .00057354  00000-0  33481-2 0  9995
2 45364  53.0553  26.6737 0001350  77.9472 282.1670 15.11400696164584
1 45364U 20019E   23066.29137733  .00062144  00000-0  36218-2 0  9995
2 45364  53.0548  26.0757 0001413  78.9646 281.1504 15.11421349164604
1 45364U 20019E   23067.15098499  .00060303  00000-0  35057-2 0  9991
2 45364  53.0552  22.1871 0001375  81.3499 278.7647 15.11526384164733
1 45364U 20019E   23067.28322652  .00054311  00000-0  31601-2 0  9999
2 45364  53.0551  21.5887 0001409  83.5668 276.5483 15.11544569164753
1 45364U 20019E   23068.14276322  .00113700  00000-0  65196-2 0  9991
2 45364  53.0558  17.6995 0001345  90.3087 269.8058 15.11669726164886
1 45364U 20019E   23068.14276322  .00113700  00000-0  65196-2 0  9991
2 45364  53.0558  17.6995 0001345  90.3087 269.8058 15.11669726164886
1 45364U 20019E   23069.13444839  .00073060  00000-0  42032-2 0  9999
2 45364  53.0564  13.2113 0001366 100.3922 259.7223 15.11807673165035
1 45364U 20019E   23069.53109555  .00058668  00000-0  33804-2 0  9990
2 45364  53.0563  11.4164 0001372 103.1758 256.9387 15.11860822165096
1 45364U 20019E   23070.19214019  .00113800  00000-0  64673-2 0  9994
2 45364  53.0564   8.4243 0001439 111.7569 248.3576 15.11990956165198
1 45364U 20019E   23070.85315211  .00057405  00000-0  32930-2 0  9992
2 45364  53.0558   5.4312 0001451 111.7048 248.4098 15.12030668165298
1 45364U 20019E   23071.24975411  .00058265  00000-0  33418-2 0  9997
2 45364  53.0562   3.6351 0001006 121.6970 238.4119 15.12029821165355
1 45364U 20019E   23071.24975411  .00058265  00000-0  33418-2 0  9997
2 45364  53.0562   3.6351 0001006 121.6970 238.4119 15.12029821165355
1 45364U 20019E   23072.17515627  .00031537  00000-0  18219-2 0  9994
2 45364  53.0548 359.4435 0002157  86.9855 273.1384 15.12058491165497
1 45364U 20019E   23072.24125119  .00017516  00000-0  10219-2 0  9998
2 45364  53.0555 359.1449 0001398 107.3705 252.7439 15.12043647165508
1 45364U 20019E   23072.24125119  .00017516  00000-0  10219-2 0  9998
2 45364  53.0555 359.1449 0001398 107.3705 252.7439 15.12043647165508
1 45364U 20019E   23073.16658970  .00051338  00000-0  29385-2 0  9990
2 45364  53.0549 354.9529 0001322 116.7242 243.3885 15.12162482165645
1 45364U 20019E   23073.49705368  .00052042  00000-0  29756-2 0  9995
2 45364  53.0545 353.4554 0001319 127.9425 232.1686 15.12194777165698
1 45364U 20019E   23074.15795722  .00061158  00000-0  34810-2 0  9997
2 45364  53.0545 350.4624 0001344 122.7031 237.4090 15.12281275165795
1 45364U 20019E   23074.15795722  .00061158  00000-0  34810-2 0  9997
2 45364  53.0545 350.4624 0001344 122.7031 237.4090 15.12281275165795
1 45364U 20019E   23075.14924018  .00065990  00000-0  37386-2 0  9998
2 45364  53.0544 345.9710 0001323 128.4929 231.6181 15.12411837165948
1 45364U 20019E   23075.14924018  .00065990  00000-0  37386-2 0  9998
2 45364  53.0544 345.9710 0001323 128.4929 231.6181 15.12411837165948
1 45364U 20019E   23075.87613328  .00041474  00000-0  23595-2 0  9995
2 45364  53.0547 342.6776 0001265 128.8847 231.2258 15.12480420166053
1 45364U 20019E   23075.94221290  .00042286  00000-0  24047-2 0  9991
2 45364  53.0548 342.3780 0001271 129.9509 230.1594 15.12485775166060
1 45364U 20019E   23076.14045035  .00039152  00000-0  22277-2 0  9996
2 45364  53.0547 341.4797 0001222 130.6155 229.4943 15.12502092166093
1 45364U 20019E   23077.13160541  .00040742  00000-0  23117-2 0  9997
2 45364  53.0555 336.9877 0001178 130.8276 229.2818 15.12583800166248
1 45364U 20019E   23077.92449144  .00037365  00000-0  21189-2 0  9997
2 45364  53.0560 333.3938 0001129 135.9858 224.1224 15.12645275166364
1 45364U 20019E   23078.12270796  .00037246  00000-0  21113-2 0  9990
2 45364  53.0558 332.4958 0001102 136.7273 223.3806 15.12660670166390
1 45364U 20019E   23078.84948556  .00034808  00000-0  19720-2 0  9997
2 45364  53.0558 329.2015 0001083 141.3641 218.7428 15.12713091166504
1 45364U 20019E   23078.91555490  .00035422  00000-0  20060-2 0  9998
2 45364  53.0556 328.9021 0001084 141.2861 218.8208 15.12718434166513
1 45364U 20019E   23079.37803425  .00036287  00000-0  20523-2 0  9997
2 45364  53.0554 326.8057 0001040 145.8143 214.2916 15.12754379166583
1 45364U 20019E   23080.10476742  .00036859  00000-0  20812-2 0  9994
2 45364  53.0552 323.5108 0000993 149.6092 210.4957 15.12806694166696
1 45364U 20019E   23080.10476742  .00036859  00000-0  20812-2 0  9994
2 45364  53.0552 323.5108 0000993 149.6092 210.4957 15.12806694166696
1 45364U 20019E   23080.89753632  .00035025  00000-0  19757-2 0  9996
2 45364  53.0546 319.9165 0000948 157.2070 202.8964 15.12865765166813
1 45364U 20019E   23081.82239509  .00036159  00000-0  20349-2 0  9990
2 45364  53.0538 315.7227 0000922 164.7481 195.3539 15.12935051166953
1 45364U 20019E   23081.88845485  .00036000  00000-0  20258-2 0  9996
2 45364  53.0537 315.4232 0000917 164.9803 195.1216 15.12939665166965
1 45364U 20019E   23082.87932619  .00050197  00000-0  28060-2 0  9994
2 45364  53.0530 310.9292 0000874 173.6629 186.4374 15.13022421167119
1 45364U 20019E   23083.01143806  .00051048  00000-0  28520-2 0  9990
2 45364  53.0528 310.3300 0000902 174.0102 186.0901 15.13034302167138
1 45364U 20019E   23083.93618106  .00040690  00000-0  22739-2 0  9998
2 45364  53.0526 306.1341 0000937 178.1496 181.9499 15.13130108167275
1 45364U 20019E   23084.13433304  .00041168  00000-0  22990-2 0  9996
2 45364  53.0524 305.2353 0000924 180.3762 179.7230 15.13150257167302
1 45364U 20019E   23084.86087679  .00035680  00000-0  19935-2 0  9993
2 45364  53.0526 301.9399 0000763 188.6663 171.4316 15.13199761167418
1 45364U 20019E   23084.99297322  .00036041  00000-0  20129-2 0  9994
2 45364  53.0525 301.3407 0000744 190.1649 169.9328 15.13208706167439
1 45364U 20019E   23085.85159891  .00014881  00000-0  84342-3 0  9994
2 45364  53.0527 297.4455 0000574 204.6887 155.4078 15.13206471167568
1 45364U 20019E   23085.85159891  .00014881  00000-0  84342-3 0  9994
2 45364  53.0527 297.4455 0000574 204.6887 155.4078 15.13206471167568
1 45364U 20019E   23085.98369646  .00026634  00000-0  14939-2 0  9992
2 45364  53.0527 296.8464 0000541 213.9912 146.1045 15.13206945167586
1 45364U 20019E   23086.84234850  .00019769  00000-0  11155-2 0  9994
2 45364  53.0534 292.9520 0000518 229.3212 130.7734 15.13165393167712
1 45364U 20019E   23086.84234850  .00019769  00000-0  11155-2 0  9994
2 45364  53.0534 292.9520 0000518 229.3212 130.7734 15.13165393167712
1 45364U 20019E   23086.97444853  .00014292  00000-0  81158-3 0  9991
2 45364  53.0534 292.3540 0000498 253.1150 106.9787 15.13169623167736
1 45364U 20019E   23087.83308199  .00033470  00000-0  18711-2 0  9992
2 45364  53.0537 288.4567 0000491 224.0659 136.0293 15.13209759167863
1 45364U 20019E   23087.83308199  .00033470  00000-0  18711-2 0  9992
2 45364  53.0537 288.4567 0000491 224.0659 136.0293 15.13209759167863
1 45364U 20019E   23088.82376954  .00035835  00000-0  19970-2 0  9991
2 45364  53.0543 283.9612 0000439 238.2457 121.8492 15.13289494168011
1 45364U 20019E   23088.82376954  .00035835  00000-0  19970-2 0  9991
2 45364  53.0543 283.9612 0000439 238.2457 121.8492 15.13289494168011
1 45364U 20019E   23089.74837183  .00038184  00000-0  21222-2 0  9992
2 45364  53.0541 279.7662 0000487 256.2724 103.8214 15.13355539168158
1 45364U 20019E   23090.21064557  .00049154  00000-0  27174-2 0  9994
2 45364  53.0543 277.6722 0000915 224.5006 135.5912 15.13429351168220
1 45364U 20019E   23091.20119277  .00022607  00000-0  12611-2 0  9998
2 45364  53.0539 273.1727 0000542 270.4469  89.6461 15.13494401168372
1 45364U 20019E   23091.20119277  .00022607  00000-0  12611-2 0  9998
2 45364  53.0539 273.1727 0000542 270.4469  89.6461 15.13494401168372
1 45364U 20019E   23091.66343693  .00021793  00000-0  12157-2 0  9999
2 45364  53.0541 271.0742 0000695 285.7712  74.3203 15.13515532168440
1 45364U 20019E   23092.19170392  .00027818  00000-0  15442-2 0  9996
2 45364  53.0533 268.6768 0000664 282.4298  77.6620 15.13554825168526
1 45364U 20019E   23092.52186529  .00026240  00000-0  14571-2 0  9992
2 45364  53.0531 267.1780 0000687 283.3466  76.7450 15.13574517168570
1 45364U 20019E   23092.85202146  .00026798  00000-0  14867-2 0  9998
2 45364  53.0525 265.6802 0000700 286.9038  73.1877 15.13596412168629
1 45364U 20019E   23093.84246212  .00037406  00000-0  20613-2 0  9994
2 45364  53.0521 261.1830 0000798 307.7981  52.2939 15.13670321168778
1 45364U 20019E   23093.84246212  .00037406  00000-0  20613-2 0  9994
2 45364  53.0521 261.1830 0000798 307.7981  52.2939 15.13670321168778
1 45364U 20019E   23094.50273017  .00026230  00000-0  14512-2 0  9995
2 45364  53.0523 258.1858 0001106 290.2931  69.7942 15.13706013168877
1 45364U 20019E   23094.50273017  .00026230  00000-0  14512-2 0  9995
2 45364  53.0523 258.1858 0001106 290.2931  69.7942 15.13706013168877
1 45364U 20019E   23094.83285763  .00032300  00000-0  17803-2 0  9993
2 45364  53.0520 256.6862 0000931 309.4350  50.6560 15.13734156168925
1 45364U 20019E   23094.83285763  .00032300  00000-0  17803-2 0  9993
2 45364  53.0520 256.6862 0000931 309.4350  50.6560 15.13734156168925
1 45364U 20019E   23095.55913821  .00025525  00000-0  14116-2 0  9991
2 45364  53.0524 253.3889 0001252 298.1474  61.9391 15.13735945169037
1 45364U 20019E   23095.69119101  .00019997  00000-0  11103-2 0  9994
2 45364  53.0513 252.7905 0001063 333.5375  26.5563 15.13736786169055
1 45364U 20019E   23095.75721622  .00014090  00000-0  78799-3 0  9992
2 45364  53.0531 252.4894 0001149 318.3305  41.7600 15.13730282169065
1 45364U 20019E   23096.15336820  .00007773  00000-0  44253-3 0  9997
2 45364  53.0526 250.6908 0001090 320.1704  39.9208 15.13730992169122
1 45364U 20019E   23096.54951870  .00006698  00000-0  38364-3 0  9999
2 45364  53.0526 248.8904 0000966 319.8796  40.2125 15.13734164169188
1 45364U 20019E   23096.81361803  .00004813  00000-0  28038-3 0  9994
2 45364  53.0530 247.6913 0001000 321.0549  39.0371 15.13736362169227
1 45364U 20019E   23097.40783864  .00007113  00000-0  40619-3 0  9990
2 45364  53.0528 244.9953 0001229 329.8945  30.1976 15.13748712169312
1 45364U 20019E   23097.53988757  .00007436  00000-0  42383-3 0  9990
2 45364  53.0528 244.3954 0001237 330.9082  29.1841 15.13750997169330
1 45364U 20019E   23098.53024439  .00007779  00000-0  44239-3 0  9991
2 45364  53.0530 239.8985 0001358 336.5213  23.5717 15.13769285169484
1 45364U 20019E   23098.53024439  .00007779  00000-0  44239-3 0  9991
2 45364  53.0530 239.8985 0001358 336.5213  23.5717 15.13769285169484
1 45364U 20019E   23099.52055638  .00019091  00000-0  10579-2 0  9995
2 45364  53.0540 235.4065 0002093 313.9888  46.0931 15.13835798169638
1 45364U 20019E   23099.78463636  .00023873  00000-0  13170-2 0  9997
2 45364  53.0535 234.1999 0001156 342.3795  17.7157 15.13861157169673
1 45364U 20019E   23099.98268811  .00027884  00000-0  15333-2 0  9996
2 45364  53.0538 233.3025 0001474 341.7545  18.3394 15.13892077169705
1 45364U 20019E   23100.37878887  .00035778  00000-0  19583-2 0  9994
2 45364  53.0537 231.5040 0001612 343.2445  16.8494 15.13933146169764
1 45364U 20019E   23100.37878887  .00035778  00000-0  19583-2 0  9994
2 45364  53.0537 231.5040 0001612 343.2445  16.8494 15.13933146169764
1 45364U 20019E   23101.50101893  .00043179  00000-0  23501-2 0  9995
2 45364  53.0536 226.4066 0001796 346.4615  13.6329 15.14045892169935
1 45364U 20019E   23101.50101893  .00043179  00000-0  23501-2 0  9995
2 45364  53.0536 226.4066 0001796 346.4615  13.6329 15.14045892169935
1 45364U 20019E   23102.49115856  .00039583  00000-0  21515-2 0  9995
2 45364  53.0534 221.9082 0001912 348.3878  11.7070 15.14133745170088
1 45364U 20019E   23102.62317266  .00041781  00000-0  22685-2 0  9991
2 45364  53.0532 221.3090 0002004 348.7987  11.2961 15.14147384170108
1 45364U 20019E   23103.34923167  .00043157  00000-0  23377-2 0  9992
2 45364  53.0529 218.0102 0002111 350.3234   9.7718 15.14215622170219
1 45364U 20019E   23103.74525002  .00045838  00000-0  24783-2 0  9992
2 45364  53.0528 216.2110 0002220 350.8011   9.2941 15.14254397170277
1 45364U 20019E   23104.47125632  .00048590  00000-0  26196-2 0  9996
2 45364  53.0538 212.9124 0002302 352.5379   7.5579 15.14328943170382
1 45364U 20019E   23104.99923657  .00056657  00000-0  30428-2 0  9992
2 45364  53.0535 210.5130 0002394 354.8838   5.2130 15.14393585170467
1 45364U 20019E   23105.59318872  .00056659  00000-0  30370-2 0  9994
2 45364  53.0536 207.8133 0002523 356.1605   3.9368 15.14462255170550
1 45364U 20019E   23106.58304683  .00055054  00000-0  29423-2 0  9994
2 45364  53.0537 203.3136 0002772 359.3795   0.7194 15.14580400170708
1 45364U 20019E   23106.64903472  .00055179  00000-0  29482-2 0  9995
2 45364  53.0531 203.0132 0002795 359.5010   0.5980 15.14588275170712
1 45364U 20019E   23107.57283119  .00056507  00000-0  30095-2 0  9995
2 45364  53.0533 198.8132 0003008   1.9354 358.1650 15.14690847170852
1 45364U 20019E   23107.63881426  .00056724  00000-0  30202-2 0  9998
2 45364  53.0531 198.5129 0003011   2.2046 357.8959 15.14698769170869
1 45364U 20019E   23108.36460772  .00049993  00000-0  26604-2 0  9997
2 45364  53.0529 195.2129 0003225   4.0305 356.0713 15.14776239170975
1 45364U 20019E   23108.62852436  .00051410  00000-0  27330-2 0  9992
2 45364  53.0527 194.0122 0003212   4.2066 355.8953 15.14799552171017
1 45364U 20019E   23109.42024627  .00043993  00000-0  23383-2 0  9995
2 45364  53.0529 190.4118 0003429   6.5693 353.5344 15.14876954171139
1 45364U 20019E   23109.68414439  .00047941  00000-0  25433-2 0  9992
2 45364  53.0529 189.2111 0003437   7.6750 352.4295 15.14904718171170
1 45364U 20019E   23109.94803721  .00054215  00000-0  28690-2 0  9997
2 45364  53.0529 188.0110 0003523   8.3448 351.7603 15.14935895171214
1 45364U 20019E   23109.94803721  .00054215  00000-0  28690-2 0  9997
2 45364  53.0529 188.0110 0003523   8.3448 351.7603 15.14935895171214
1 45364U 20019E   23110.67372091  .00039857  00000-0  21141-2 0  9999
2 45364  53.0528 184.7097 0003717  10.0203 350.0863 15.14995065171321
1 45364U 20019E   23110.67372091  .00039857  00000-0  21141-2 0  9999
2 45364  53.0528 184.7097 0003717  10.0203 350.0863 15.14995065171321
1 45364U 20019E   23111.66324724  .00035227  00000-0  18679-2 0  9998
2 45364  53.0525 180.2072 0003762  12.3191 347.7893 15.15065407171474
1 45364U 20019E   23112.58676216  .00036628  00000-0  19373-2 0  9994
2 45364  53.0524 176.0054 0003896  14.3080 345.8022 15.15135746171616
1 45364U 20019E   23113.24639215  .00030273  00000-0  16035-2 0  9998
2 45364  53.0525 173.0039 0004087  15.7251 344.3868 15.15176908171713
1 45364U 20019E   23113.24639215  .00030273  00000-0  16035-2 0  9998
2 45364  53.0525 173.0039 0004087  15.7251 344.3868 15.15176908171713
1 45364U 20019E   23113.57620075  .00032674  00000-0  17278-2 0  9995
2 45364  53.0525 171.5031 0004119  16.6203 343.4924 15.15197763171761
1 45364U 20019E   23114.16984044  .00110324  00000-0  57167-2 0  9990
2 45364  53.0528 168.8015 0004167  18.9384 341.1763 15.15301677171850
1 45364U 20019E   23115.42300118  .00020803  00000-0  11028-2 0  9992
2 45364  53.0533 163.0978 0004253  22.4097 337.7081 15.15355346172046
1 45364U 20019E   23116.41230562  .00017309  00000-0  91988-3 0  9998
2 45364  53.0537 158.5942 0004394  24.5594 335.5607 15.15388285172195
1 45364U 20019E   23116.80802131  .00017972  00000-0  95404-3 0  9991
2 45364  53.0536 156.7933 0004396  25.5006 334.6203 15.15402481172259
1 45364U 20019E   23117.53349092  .00017420  00000-0  92466-3 0  9997
2 45364  53.0536 153.4907 0004481  26.9193 333.2032 15.15427118172362
1 45364U 20019E   23118.25894761  .00016267  00000-0  86406-3 0  9990
2 45364  53.0534 150.1885 0004432  29.0981 331.0259 15.15451768172471
1 45364U 20019E   23118.52274719  .00016201  00000-0  86042-3 0  9999
2 45364  53.0530 148.9879 0004396  29.2041 330.9197 15.15460705172518
1 45364U 20019E   23119.44603046  .00018788  00000-0  99377-3 0  9997
2 45364  53.0523 144.7840 0004396  31.1447 328.9805 15.15499174172654
1 45364U 20019E   23119.57792626  .00019185  00000-0  10142-2 0  9998
2 45364  53.0524 144.1837 0004398  31.8324 328.2934 15.15505220172676
1 45364U 20019E   23120.43524299  .00012536  00000-0  66853-3 0  9998
2 45364  53.0520 140.2804 0004432  34.0340 326.0936 15.15524399172806
1 45364U 20019E   23120.56713728  .00011156  00000-0  59682-3 0  9998
2 45364  53.0519 139.6799 0004444  34.4923 325.6358 15.15525521172826
1 45364U 20019E   23121.22661288  .00003325  00000-0  18945-3 0  9991
2 45364  53.0535 136.6757 0004741  37.1293 323.0027 15.15518362172926
1 45364U 20019E   23121.42445818  .00000050  00000-0  18755-4 0  9994
2 45364  53.0526 135.7755 0004479  36.1437 323.9858 15.15509278172951
1 45364U 20019E   23121.55635474  .00000059  00000-0  19224-4 0  9998
2 45364  53.0528 135.1751 0004542  36.4216 323.7086 15.15507876172977
1 45364U 20019E   23121.55635474  .00000059  00000-0  19224-4 0  9998
2 45364  53.0528 135.1751 0004542  36.4216 323.7086 15.15507876172977
1 45364U 20019E   23122.41367125  .00001165  00000-0  76910-4 0  9993
2 45364  53.0523 131.2737 0004779  38.1431 321.9900 15.15516841173106
1 45364U 20019E   23122.41367125  .00001165  00000-0  76910-4 0  9993
2 45364  53.0523 131.2737 0004779  38.1431 321.9900 15.15516841173106
1 45364U 20019E   23123.40287549  .00006246  00000-0  34142-3 0  9999
2 45364  53.0525 126.7692 0004762  41.9696 318.1661 15.15529643173256
1 45364U 20019E   23123.40287549  .00006246  00000-0  34142-3 0  9999
2 45364  53.0525 126.7692 0004762  41.9696 318.1661 15.15529643173256
1 45364U 20019E   23124.26017236  .00008057  00000-0  43538-3 0  9999
2 45364  53.0521 122.8653 0004794  43.8762 316.2611 15.15552235173387
1 45364U 20019E   23124.39206289  .00009222  00000-0  49580-3 0  9999
2 45364  53.0517 122.2646 0004830  44.1256 316.0122 15.15558157173408
1 45364U 20019E   23125.38123270  .00013322  00000-0  70801-3 0  9993
2 45364  53.0517 117.7603 0004920  46.0187 314.1211 15.15590598173553
1 45364U 20019E   23125.71095178  .00013998  00000-0  74287-3 0  9996
2 45364  53.0519 116.2588 0004945  46.9625 313.1781 15.15600725173605
1 45364U 20019E   23126.37038279  .00017991  00000-0  94895-3 0  9992
2 45364  53.0524 113.2558 0004974  48.8263 311.3158 15.15625930173700
1 45364U 20019E   23126.96385999  .00021919  00000-0  11511-2 0  9999
2 45364  53.0529 110.5532 0005002  50.4738 309.6697 15.15653645173797
1 45364U 20019E   23127.22762438  .00019660  00000-0  10342-2 0  9997
2 45364  53.0532 109.3520 0005008  51.0419 309.1020 15.15662385173834
1 45364U 20019E   23128.21672244  .00022291  00000-0  11685-2 0  9997
2 45364  53.0539 104.8479 0005017  53.5362 306.6093 15.15709406173982
1 45364U 20019E   23128.34860021  .00023425  00000-0  12267-2 0  9990
2 45364  53.0541 104.2481 0005042  53.7921 306.3537 15.15715418174007
1 45364U 20019E   23129.33766224  .00029222  00000-0  15227-2 0  9990
2 45364  53.0547  99.7442 0005010  56.8708 303.2765 15.15770499174155
1 45364U 20019E   23130.19482081  .00030490  00000-0  15857-2 0  9990
2 45364  53.0549  95.8406 0004939  59.8933 300.2549 15.15818051174284
1 45364U 20019E   23131.18381169  .00029510  00000-0  15327-2 0  9998
2 45364  53.0554  91.3368 0004892  64.1568 295.9929 15.15881658174431
1 45364U 20019E   23132.17275975  .00028912  00000-0  14994-2 0  9999
2 45364  53.0549  86.8314 0004823  67.4627 292.6876 15.15945291174586
1 45364U 20019E   23133.16166481  .00034822  00000-0  17975-2 0  9999
2 45364  53.0546  82.3254 0004787  70.6048 289.5463 15.16016946174730
1 45364U 20019E   23133.16166481  .00034822  00000-0  17975-2 0  9999
2 45364  53.0546  82.3254 0004787  70.6048 289.5463 15.16016946174730
1 45364U 20019E   23134.15052381  .00034386  00000-0  17718-2 0  9992
2 45364  53.0540  77.8192 0004718  73.7151 286.4361 15.16086340174881
1 45364U 20019E   23135.00749825  .00031633  00000-0  16292-2 0  9991
2 45364  53.0535  73.9138 0004614  77.6096 282.5414 15.16144673175014
1 45364U 20019E   23135.53485181  .00028818  00000-0  14848-2 0  9997
2 45364  53.0532  71.5105 0004612  78.1093 282.0417 15.16177277175092
1 45364U 20019E   23136.12811083  .00032988  00000-0  16945-2 0  9990
2 45364  53.0533  68.8068 0004617  79.9592 280.1922 15.16216872175183
1 45364U 20019E   23136.12811083  .00032988  00000-0  16945-2 0  9990
2 45364  53.0533  68.8068 0004617  79.9592 280.1922 15.16216872175183
1 45364U 20019E   23137.05092890  .00028637  00000-0  14717-2 0  9991
2 45364  53.0531  64.6016 0004593  82.7698 277.3818 15.16271572175326
1 45364U 20019E   23137.05092890  .00028637  00000-0  14717-2 0  9991
2 45364  53.0531  64.6016 0004593  82.7698 277.3818 15.16271572175326
1 45364U 20019E   23138.10553662  .00028266  00000-0  14503-2 0  9998
2 45364  53.0541  59.7938 0004607  84.8662 275.2856 15.16334246175489
1 45364U 20019E   23138.10553662  .00028266  00000-0  14503-2 0  9998
2 45364  53.0541  59.7938 0004607  84.8662 275.2856 15.16334246175489
1 45364U 20019E   23138.76464538  .00026733  00000-0  13714-2 0  9993
2 45364  53.0545  56.7884 0004583  87.6109 272.5409 15.16370275175587
1 45364U 20019E   23139.16010283  .00028197  00000-0  14444-2 0  9999
2 45364  53.0542  54.9860 0004581  87.8167 272.3350 15.16393866175643
1 45364U 20019E   23139.75327729  .00029578  00000-0  15125-2 0  9991
2 45364  53.0538  52.2812 0004533  89.8073 270.3439 15.16430512175737
1 45364U 20019E   23140.14871725  .00046292  00000-0  23502-2 0  9996
2 45364  53.0539  50.4788 0004491  90.5722 269.5786 15.16469723175790
1 45364U 20019E   23140.14871725  .00046292  00000-0  23502-2 0  9996
2 45364  53.0539  50.4788 0004491  90.5722 269.5786 15.16469723175790
1 45364U 20019E   23141.13726929  .00047255  00000-0  23915-2 0  9999
2 45364  53.0539  45.9707 0004466  92.9343 267.2161 15.16571759175949
1 45364U 20019E   23141.13726929  .00047255  00000-0  23915-2 0  9999
2 45364  53.0539  45.9707 0004466  92.9343 267.2161 15.16571759175949
1 45364U 20019E   23141.99396615  .00043396  00000-0  21941-2 0  9997
2 45364  53.0542  42.0642 0004419  95.0192 265.1306 15.16644736176072
1 45364U 20019E   23141.99396615  .00043396  00000-0  21941-2 0  9997
2 45364  53.0542  42.0642 0004419  95.0192 265.1306 15.16644736176072
1 45364U 20019E   23142.71883141  .00042390  00000-0  21401-2 0  9997
2 45364  53.0548  38.7586 0004451  97.0854 263.0646 15.16706882176187
1 45364U 20019E   23143.11420051  .00041542  00000-0  20960-2 0  9996
2 45364  53.0548  36.9553 0004413  97.9558 262.1937 15.16737740176246
1 45364U 20019E   23143.83903413  .00023666  00000-0  12030-2 0  9999
2 45364  53.0547  33.6471 0004473 100.9243 259.2254 15.16759978176358
1 45364U 20019E   23144.10261007  .00024318  00000-0  12356-2 0  9992
2 45364  53.0557  32.4528 0004171  97.4978 262.6489 15.16761178176396
1 45364U 20019E   23144.10261007  .00024318  00000-0  12356-2 0  9992
2 45364  53.0557  32.4528 0004171  97.4978 262.6489 15.16761178176396
1 45364U 20019E   23145.88168922  .00032925  00000-0  16610-2 0  9990
2 45364  53.0560  24.3317 0004250 105.0684 255.0780 15.16853383176664
1 45364U 20019E   23146.07935469  .00036454  00000-0  18355-2 0  9999
2 45364  53.0558  23.4289 0004258 105.6806 254.4657 15.16872018176694
1 45364U 20019E   23146.07935469  .00036454  00000-0  18355-2 0  9999
2 45364  53.0558  23.4289 0004258 105.6806 254.4657 15.16872018176694
1 45364U 20019E   23146.87000115  .00036851  00000-0  18525-2 0  9998
2 45364  53.0565  19.8236 0004006 107.4272 252.7160 15.16923947176813
1 45364U 20019E   23146.93588767  .00031414  00000-0  15827-2 0  9991
2 45364  53.0563  19.5217 0004164 106.7114 253.4337 15.16923107176822
1 45364U 20019E   23147.92416110  .00029540  00000-0  14872-2 0  9999
2 45364  53.0566  15.0127 0004113 110.1665 249.9771 15.16979747176979
1 45364U 20019E   23147.92416110  .00029540  00000-0  14872-2 0  9999
2 45364  53.0566  15.0127 0004113 110.1665 249.9771 15.16979747176979
1 45364U 20019E   23148.91239511  .00032184  00000-0  16155-2 0  9991
2 45364  53.0565  10.5037 0003980 114.2326 245.9084 15.17041282177124
1 45364U 20019E   23149.90059081  .00027945  00000-0  14034-2 0  9996
2 45364  53.0560   5.9941 0003870 117.9615 242.1771 15.17096177177271
1 45364U 20019E   23150.03234760  .00028391  00000-0  14252-2 0  9999
2 45364  53.0559   5.3929 0003846 118.2596 241.8786 15.17103720177291
1 45364U 20019E   23150.03234760  .00028391  00000-0  14252-2 0  9999
2 45364  53.0559   5.3929 0003846 118.2596 241.8786 15.17103720177291
1 45364U 20019E   23150.88875057  .00028145  00000-0  14111-2 0  9993
2 45364  53.0555   1.4845 0003802 122.0902 238.0461 15.17151305177422
1 45364U 20019E   23151.74512409  .00031193  00000-0  15591-2 0  9998
2 45364  53.0550 357.5758 0003737 125.6034 234.5309 15.17206705177558
1 45364U 20019E   23151.87687125  .00030227  00000-0  15112-2 0  9996
2 45364  53.0548 356.9745 0003707 125.5464 234.5875 15.17214036177573
1 45364U 20019E   23152.27210789  .00033452  00000-0  16687-2 0  9990
2 45364  53.0546 355.1700 0003707 127.4466 232.6866 15.17242370177634
1 45364U 20019E   23152.93082035  .00033113  00000-0  16500-2 0  9992
2 45364  53.0542 352.1626 0003626 129.0940 231.0377 15.17285526177730
1 45364U 20019E   23152.93082035  .00033113  00000-0  16500-2 0  9992
2 45364  53.0542 352.1626 0003626 129.0940 231.0377 15.17285526177730
1 45364U 20019E   23153.78711975  .00029909  00000-0  14903-2 0  9991
2 45364  53.0539 348.2527 0003521 130.7415 229.3885 15.17336830177865
1 45364U 20019E   23154.51165901  .00025545  00000-0  12745-2 0  9999
2 45364  53.0534 344.9447 0003440 133.2697 226.8584 15.17375254177977
1 45364U 20019E   23154.84098895  .00029959  00000-0  14903-2 0  9993
2 45364  53.0532 343.4413 0003364 133.6565 226.4708 15.17395355178020
1 45364U 20019E   23155.49963647  .00028079  00000-0  13967-2 0  9992
2 45364  53.0529 340.4334 0003316 135.8922 224.2336 15.17431211178129
1 45364U 20019E   23155.76309071  .00030928  00000-0  15355-2 0  9996
2 45364  53.0528 339.2308 0003236 135.8204 224.3048 15.17448238178161
1 45364U 20019E   23155.89481662  .00031271  00000-0  15519-2 0  9991
2 45364  53.0529 338.6293 0003196 135.8509 224.2741 15.17456859178180
1 45364U 20019E   23156.48757432  .00029417  00000-0  14596-2 0  9991
2 45364  53.0528 335.9218 0003126 137.5436 222.5800 15.17494467178271
1 45364U 20019E   23156.88273742  .00032695  00000-0  16185-2 0  9990
2 45364  53.0529 334.1171 0003059 138.3406 221.7821 15.17522833178332
1 45364U 20019E   23157.01445688  .00032961  00000-0  16310-2 0  9992
2 45364  53.0528 333.5155 0003029 138.6085 221.5139 15.17532471178350
1 45364U 20019E   23157.47546851  .00032283  00000-0  15965-2 0  9998
2 45364  53.0530 331.4099 0002943 139.4379 220.6834 15.17564369178427
1 45364U 20019E   23157.73889927  .00034467  00000-0  17020-2 0  9991
2 45364  53.0534 330.2073 0002889 139.4008 220.7202 15.17584108178465
1 45364U 20019E   23158.19989565  .00032242  00000-0  15922-2 0  9999
2 45364  53.0538 328.1018 0002820 140.1644 219.9557 15.17614985178532
1 45364U 20019E   23158.46331851  .00030167  00000-0  14905-2 0  9992
2 45364  53.0538 326.8987 0002779 140.3122 219.8075 15.17630366178577
1 45364U 20019E   23158.85844578  .00034354  00000-0  16928-2 0  9999
2 45364  53.0535 325.0937 0002681 140.9420 219.1768 15.17660241178633
1 45364U 20019E   23159.71451656  .00061526  00000-0  29990-2 0  9990
2 45364  53.0521 321.1824 0002160 144.5970 215.5167 15.17767935178767
1 45364U 20019E   23160.43884283  .00041850  00000-0  20465-2 0  9993
2 45364  53.0534 317.8736 0002501 143.9326 216.1837 15.17833759178873
1 45364U 20019E   23160.57053572  .00042280  00000-0  20667-2 0  9999
2 45364  53.0534 317.2729 0002127 143.4497 216.6642 15.17843576178896
1 45364U 20019E   23160.70222765  .00044117  00000-0  21546-2 0  9994
2 45364  53.0534 316.6713 0002093 144.0139 216.0996 15.17854762178912
1 45364U 20019E   23161.42651826  .00039614  00000-0  19345-2 0  9998
2 45364  53.0541 313.3593 0002400 146.9118 213.2026 15.17906881179026
1 45364U 20019E   23161.42651826  .00039614  00000-0  19345-2 0  9998
2 45364  53.0541 313.3593 0002400 146.9118 213.2026 15.17906881179026
1 45364U 20019E   23161.55820463  .00037784  00000-0  18459-2 0  9998
2 45364  53.0540 312.7579 0002316 146.8686 213.2453 15.17915299179046
1 45364U 20019E   23162.54582566  .00038346  00000-0  18690-2 0  9999
2 45364  53.0544 308.2453 0001996 147.8628 212.2488 15.17989631179195
1 45364U 20019E   23162.67750447  .00040473  00000-0  19706-2 0  9991
2 45364  53.0545 307.6432 0002030 148.9010 211.2104 15.18001247179219
1 45364U 20019E   23162.80918262  .00041248  00000-0  20072-2 0  9996
2 45364  53.0546 307.0416 0001994 149.0850 211.0262 15.18012013179236
1 45364U 20019E   23163.66506639  .00036000  00000-0  17517-2 0  9992
2 45364  53.0551 303.1296 0001815 150.9969 209.1126 15.18078284179362
1 45364U 20019E   23164.38924629  .00036219  00000-0  17593-2 0  9991
2 45364  53.0554 299.8191 0001688 152.3986 207.7098 15.18135979179472
1 45364U 20019E   23164.38924629  .00036219  00000-0  17593-2 0  9991
2 45364  53.0554 299.8191 0001688 152.3986 207.7098 15.18135979179472
1 45364U 20019E   23164.58674393  .00044416  00000-0  21501-2 0  9995
2 45364  53.0556 298.9164 0001658 152.0096 208.0988 15.18160387179507
1 45364U 20019E   23165.37670914  .00045042  00000-0  21750-2 0  9990
2 45364  53.0559 295.3054 0001516 153.3189 206.7884 15.18240438179628
1 45364U 20019E   23165.37670914  .00045042  00000-0  21750-2 0  9990
2 45364  53.0559 295.3054 0001516 153.3189 206.7884 15.18240438179628
1 45364U 20019E   23165.77167494  .00048096  00000-0  23175-2 0  9993
2 45364  53.0558 293.4991 0001428 153.0890 207.0179 15.18285017179683
1 45364U 20019E   23165.77167494  .00048096  00000-0  23175-2 0  9993
2 45364  53.0558 293.4991 0001428 153.0890 207.0179 15.18285017179683
1 45364U 20019E   23166.36410204  .00049492  00000-0  23793-2 0  9996
2 45364  53.0556 290.7899 0001522 156.9964 203.1098 15.18351686179770
1 45364U 20019E   23166.56157347  .00047581  00000-0  22876-2 0  9992
2 45364  53.0569 289.8867 0001393 163.3239 196.7802 15.18367121179806
1 45364U 20019E   23166.62739769  .00044788  00000-0  21549-2 0  9995
2 45364  53.0565 289.5865 0001224 163.6626 196.4408 15.18369205179818
1 45364U 20019E   23166.62739769  .00044788  00000-0  21549-2 0  9995
2 45364  53.0565 289.5865 0001224 163.6626 196.4408 15.18369205179818
1 45364U 20019E   23167.48307999  .00056835  00000-0  27193-2 0  9993
2 45364  53.0562 285.6731 0001088 170.4792 189.6223 15.18453459179940
1 45364U 20019E   23167.61471839  .00058525  00000-0  27978-2 0  9992
2 45364  53.0563 285.0707 0001142 170.3012 189.8005 15.18469253179964
1 45364U 20019E   23167.74635555  .00054816  00000-0  26218-2 0  9998
2 45364  53.0565 284.4691 0001119 170.0794 190.0223 15.18482080179980
1 45364U 20019E   23168.33871007  .00038447  00000-0  18449-2 0  9997
2 45364  53.0566 281.7602 0001070 171.9448 188.1563 15.18532063180079
1 45364U 20019E   23168.33871007  .00038447  00000-0  18449-2 0  9997
2 45364  53.0566 281.7602 0001070 171.9448 188.1563 15.18532063180079
1 45364U 20019E   23168.60197224  .00038476  00000-0  18451-2 0  9994
2 45364  53.0566 280.5562 0001030 173.9294 186.1713 15.18554570180115
1 45364U 20019E   23169.32592593  .00036605  00000-0  17537-2 0  9998
2 45364  53.0566 277.2449 0000901 181.7846 178.3146 15.18610792180222
1 45364U 20019E   23169.45755126  .00035183  00000-0  16861-2 0  9994
2 45364  53.0565 276.6428 0000875 183.4269 176.6720 15.18618795180241
1 45364U 20019E   23169.45755126  .00035183  00000-0  16861-2 0  9994
2 45364  53.0565 276.6428 0000875 183.4269 176.6720 15.18618795180241
1 45364U 20019E   23170.57632845  .00039009  00000-0  18620-2 0  9997
2 45364  53.0561 271.5252 0000783 195.0599 165.0372 15.18709583180419
1 45364U 20019E   23170.57632845  .00039009  00000-0  18620-2 0  9997
2 45364  53.0561 271.5252 0000783 195.0599 165.0372 15.18709583180419
1 45364U 20019E   23171.30020746  .00041145  00000-0  19591-2 0  9992
2 45364  53.0556 268.2137 0000777 205.2158 154.8799 15.18770607180522
1 45364U 20019E   23171.69503919  .00038388  00000-0  18280-2 0  9991
2 45364  53.0555 266.4075 0000724 209.4099 150.6855 15.18799436180588
1 45364U 20019E   23171.69503919  .00038388  00000-0  18280-2 0  9991
2 45364  53.0555 266.4075 0000724 209.4099 150.6855 15.18799436180588
1 45364U 20019E   23172.55047783  .00037957  00000-0  18041-2 0  9995
2 45364  53.0553 262.4932 0000675 224.3490 135.7450 15.18869222180711
1 45364U 20019E   23173.20847947  .00045091  00000-0  21344-2 0  9996
2 45364  53.0546 259.4818 0000737 242.6750 117.4169 15.18932356180817
1 45364U 20019E   23174.52440793  .00041175  00000-0  19453-2 0  9997
2 45364  53.0530 253.4579 0000766 259.9626 100.1282 15.19040693181016
1 45364U 20019E   23175.57708912  .00038179  00000-0  18016-2 0  9997
2 45364  53.0530 248.6398 0000720 261.7669  98.3244 15.19117055181179
1 45364U 20019E   23176.56392901  .00034354  00000-0  16202-2 0  9990
2 45364  53.0528 244.1217 0000727 270.3598  89.7313 15.19186157181328
1 45364U 20019E   23177.55072615  .00027049  00000-0  12780-2 0  9997
2 45364  53.0523 239.6029 0000791 279.9126  80.1779 15.19244506181476
1 45364U 20019E   23178.86640417  .00022629  00000-0  10703-2 0  9995
2 45364  53.0518 233.5785 0000858 297.0625  63.0282 15.19307578181671
1 45364U 20019E   23179.85313131  .00017959  00000-0  85219-3 0  9990
2 45364  53.0511 229.0585 0000930 305.3348  54.7560 15.19343407181822
1 45364U 20019E   23181.82651983  .00013544  00000-0  64560-3 0  9992
2 45364  53.0502 220.0207 0001081 317.6144  42.4767 15.19405883182126
1 45364U 20019E   23183.47095986  .00009319  00000-0  44868-3 0  9994
2 45364  53.0496 212.4888 0001245 330.0773  30.0151 15.19438390182373
1 45364U 20019E   23185.04959403  .00007818  00000-0  37865-3 0  9993
2 45364  53.0494 205.2567 0001397 339.0946  20.9992 15.19462705182619
1 45364U 20019E   23185.44424349  .00016776  00000-0  79388-3 0  9992
2 45364  53.0490 203.4495 0001471 343.1488  16.9458 15.19486634182670
1 45364U 20019E   23186.75972825  .00009954  00000-0  47719-3 0  9997
2 45364  53.0493 197.4227 0001621 348.8624  11.2335 15.19513152182879
1 45364U 20019E   23187.48323856  .00007904  00000-0  38202-3 0  9992
2 45364  53.0499 194.1071 0001679 350.5307   9.5656 15.19519887182986
1 45364U 20019E   23188.73292631  .00009093  00000-0  43690-3 0  9995
2 45364  53.0507 188.3824 0001888 355.4373   4.6604 15.19540547183174
1 45364U 20019E   23190.44299366  .00008950  00000-0  42989-3 0  9999
2 45364  53.0522 180.5480 0002151 359.9647   0.1348 15.19572397183433
1 45364U 20019E   23191.69263279  .00010704  00000-0  51065-3 0  9996
2 45364  53.0523 174.8223 0002205   7.1008 353.0018 15.19601507183629
1 45364U 20019E   23192.67916910  .00016364  00000-0  77140-3 0  9992
2 45364  53.0532 170.3020 0002321  12.9412 347.1642 15.19637483183772
1 45364U 20019E   23194.32333548  .00021675  00000-0  10140-2 0  9993
2 45364  53.0532 162.7686 0002405  14.9609 345.1457 15.19712734184022
1 45364U 20019E   23195.17826890  .00026991  00000-0  12565-2 0  9993
2 45364  53.0536 158.8513 0002437  17.4890 342.6188 15.19757363184150
1 45364U 20019E   23196.29622114  .00025121  00000-0  11689-2 0  9990
2 45364  53.0541 153.7287 0002500  20.0503 340.0590 15.19813305184327
1 45364U 20019E   23197.15110906  .00013291  00000-0  62614-3 0  9997
2 45364  53.0547 149.8107 0002535  22.8592 337.2515 15.19827936184450
1 45364U 20019E   23198.26902755  .00008966  00000-0  42731-3 0  9992
2 45364  53.0556 144.6872 0002611  26.7676 333.3454 15.19842852184625
1 45364U 20019E   23200.11027150  .00008662  00000-0  41292-3 0  9991
2 45364  53.0566 136.2489 0002666  31.7397 328.3758 15.19876679184909
1 45364U 20019E   23202.08299019  .00008718  00000-0  41510-3 0  9999
2 45364  53.0572 127.2078 0002694  37.2007 322.9174 15.19909725185205
1 45364U 20019E   23205.10774411  .00007245  00000-0  34708-3 0  9994
2 45364  53.0568 113.3435 0002612  44.2868 315.8335 15.19957241185662
1 45364U 20019E   23205.83104086  .00006803  00000-0  32675-3 0  9999
2 45364  53.0567 110.0285 0002550  47.3682 312.7527 15.19967547185778
1 45364U 20019E   23206.94885306  .00007025  00000-0  33672-3 0  9998
2 45364  53.0565 104.9043 0002562  47.0027 313.1182 15.19984374185941
1 45364U 20019E   23207.73788616  .00009978  00000-0  47161-3 0  9999
2 45364  53.0569 101.2881 0002435  60.8949 299.2289 15.20003872186063
1 45364U 20019E   23208.06664799  .00010677  00000-0  50343-3 0  9995
2 45364  53.0567  99.7804 0002545  54.0670 306.0561 15.20011685186112
1 45364U 20019E   23208.39540801  .00009294  00000-0  44015-3 0  9990
2 45364  53.0564  98.2725 0002621  49.6267 310.4956 15.20017668186161
1 45364U 20019E   23209.05292521  .00008044  00000-0  38290-3 0  9997
2 45364  53.0565  95.2590 0002594  52.9732 307.1500 15.20027320186267
1 45364U 20019E   23209.77619049  .00005114  00000-0  24887-3 0  9996
2 45364  53.0565  91.9435 0002629  54.2174 305.9065 15.20032714186379
1 45364U 20019E   23210.89395430  .00006186  00000-0  29777-3 0  9999
2 45364  53.0562  86.8201 0002614  57.5015 302.6232 15.20048860186542
1 45364U 20019E   23212.07745688  .00006746  00000-0  32319-3 0  9993
2 45364  53.0556  81.3947 0002616  60.4385 299.6870 15.20065825186720
1 45364U 20019E   23213.78693863  .00006356  00000-0  30521-3 0  9999
2 45364  53.0543  73.5565 0002578  64.9145 295.2117 15.20088101186981
1 45364U 20019E   23214.90466201  .00007487  00000-0  35665-3 0  9998
2 45364  53.0533  68.4319 0002568  67.9862 292.1406 15.20105288187151
1 45364U 20019E   23216.02237371  .00007204  00000-0  34356-3 0  9990
2 45364  53.0528  63.3063 0002611  69.7292 290.3984 15.20121091187321
1 45364U 20019E   23217.79753836  .00007939  00000-0  37681-3 0  9993
2 45364  53.0528  55.1657 0002636  73.9309 286.1976 15.20147763187599
1 45364U 20019E   23218.91521751  .00006485  00000-0  31040-3 0  9995
2 45364  53.0523  50.0422 0002604  76.9520 283.1765 15.20163594187763
1 45364U 20019E   23219.96714130  .00007090  00000-0  33783-3 0  9995
2 45364  53.0520  45.2185 0002613  78.0499 282.0789 15.20178302187925
1 45364U 20019E   23221.21628567  .00007883  00000-0  37370-3 0  9990
2 45364  53.0517  39.4903 0002603  79.4184 280.7104 15.20198735188119
1 45364U 20019E   23222.46540884  .00008205  00000-0  38807-3 0  9998
2 45364  53.0509  33.7618 0002613  80.0665 280.0624 15.20224772188305
1 45364U 20019E   23223.78025862  .00006997  00000-0  33296-3 0  9991
2 45364  53.0508  27.7315 0002649  80.6160 279.5135 15.20243163188503
1 45364U 20019E   23224.83212597  .00006941  00000-0  33030-3 0  9996
2 45364  53.0503  22.9066 0002667  81.4236 278.7061 15.20258834188668
1 45364U 20019E   23225.94972255  .00007519  00000-0  35634-3 0  9997
2 45364  53.0506  17.7800 0002656  82.0551 278.0745 15.20277091188831
1 45364U 20019E   23227.39600598  .00007245  00000-0  34370-3 0  9998
2 45364  53.0504  11.1451 0002581  84.8869 275.2421 15.20298076189059
1 45364U 20019E   23228.51357342  .00008430  00000-0  39722-3 0  9992
2 45364  53.0509   6.0188 0002688  85.3204 274.8098 15.20318236189226
1 45364U 20019E   23230.09129076  .00009066  00000-0  42566-3 0  9995
2 45364  53.0518 358.7823 0002732  84.7554 275.3753 15.20347438189466
1 45364U 20019E   23231.14308418  .00009292  00000-0  43562-3 0  9999
2 45364  53.0522 353.9584 0002649  83.4699 276.6597 15.20368142189628
1 45364U 20019E   23232.52354344  .00008866  00000-0  41606-3 0  9994
2 45364  53.0525 347.6260 0002705  83.2997 276.8306 15.20393029189839
1 45364U 20019E   23233.57530677  .00009030  00000-0  42326-3 0  9999
2 45364  53.0530 342.8016 0002728  81.9778 278.1527 15.20412249189991
1 45364U 20019E   23235.48159022  .00008959  00000-0  41957-3 0  9990
2 45364  53.0537 334.0567 0002723  83.0101 277.1204 15.20449806190284
1 45364U 20019E   23236.59904610  .00009361  00000-0  43744-3 0  9998
2 45364  53.0542 328.9301 0002760  81.1593 278.9715 15.20471434190450
1 45364U 20019E   23236.59904610  .00009361  00000-0  43744-3 0  9998
2 45364  53.0542 328.9301 0002760  81.1593 278.9715 15.20471434190450
1 45364U 20019E   23237.51929301  .00008313  00000-0  39001-3 0  9992
2 45364  53.0545 324.7080 0002798  82.3730 277.7583 15.20486179190595
1 45364U 20019E   23237.71648748  .00008344  00000-0  39139-3 0  9993
2 45364  53.0545 323.8032 0002803  82.0868 278.0445 15.20489814190622
1 45364U 20019E   23237.71648748  .00008344  00000-0  39139-3 0  9993
2 45364  53.0545 323.8032 0002803  82.0868 278.0445 15.20489814190622
1 45364U 20019E   23238.50525999  .00008772  00000-0  41050-3 0  9993
2 45364  53.0551 320.1843 0002798  82.8653 277.2660 15.20505074190742
1 45364U 20019E   23238.63672162  .00008487  00000-0  39762-3 0  9992
2 45364  53.0551 319.5812 0002808  82.1736 277.9577 15.20506918190761
1 45364U 20019E   23239.42548519  .00008994  00000-0  42027-3 0  9999
2 45364  53.0555 315.9625 0002791  82.2483 277.8829 15.20522633190882
1 45364U 20019E   23239.42548519  .00008994  00000-0  42027-3 0  9999
2 45364  53.0555 315.9625 0002791  82.2483 277.8829 15.20522633190882
1 45364U 20019E   23239.55694504  .00009141  00000-0  42686-3 0  9995
2 45364  53.0555 315.3594 0002798  82.0935 278.0378 15.20525361190904
1 45364U 20019E   23240.47715822  .00008612  00000-0  40284-3 0  9999
2 45364  53.0558 311.1376 0002807  83.9942 276.1373 15.20541851191040
1 45364U 20019E   23240.67434563  .00008165  00000-0  38269-3 0  9994
2 45364  53.0560 310.2329 0002816  84.1943 275.9373 15.20544726191079
1 45364U 20019E   23241.66027488  .00007739  00000-0  36335-3 0  9996
2 45364  53.0561 305.7099 0002825  84.7414 275.3904 15.20562027191227
1 45364U 20019E   23241.66027488  .00007739  00000-0  36335-3 0  9996
2 45364  53.0561 305.7099 0002825  84.7414 275.3904 15.20562027191227
1 45364U 20019E   23242.64619302  .00007529  00000-0  35373-3 0  9995
2 45364  53.0562 301.1867 0002819  85.2681 274.8636 15.20579009191376
1 45364U 20019E   23243.50064702  .00007671  00000-0  35993-3 0  9995
2 45364  53.0561 297.2664 0002812  86.0490 274.0826 15.20593259191506
1 45364U 20019E   23243.50064702  .00007671  00000-0  35993-3 0  9995
2 45364  53.0561 297.2664 0002812  86.0490 274.0826 15.20593259191506
1 45364U 20019E   23244.42081975  .00007907  00000-0  37039-3 0  9993
2 45364  53.0561 293.0446 0002785  86.8101 273.3213 15.20608240191648
1 45364U 20019E   23244.61799837  .00008289  00000-0  38754-3 0  9996
2 45364  53.0561 292.1399 0002797  87.0346 273.0970 15.20612215191679
1 45364U 20019E   23244.61799837  .00008289  00000-0  38754-3 0  9996
2 45364  53.0561 292.1399 0002797  87.0346 273.0970 15.20612215191679
1 45364U 20019E   23245.40670838  .00008394  00000-0  39207-3 0  9994
2 45364  53.0560 288.5204 0002795  88.2110 271.9205 15.20625714191791
1 45364U 20019E   23246.39258408  .00010304  00000-0  47756-3 0  9990
2 45364  53.0566 283.9967 0002784  89.6967 270.4347 15.20647713191946
1 45364U 20019E   23246.39258408  .00010304  00000-0  47756-3 0  9990
2 45364  53.0566 283.9967 0002784  89.6967 270.4347 15.20647713191946
1 45364U 20019E   23247.50989590  .00007370  00000-0  34571-3 0  9997
2 45364  53.0570 278.8690 0002713  90.8754 269.2552 15.20664316192119
1 45364U 20019E   23247.50989590  .00007370  00000-0  34571-3 0  9997
2 45364  53.0570 278.8690 0002713  90.8754 269.2552 15.20664316192119
1 45364U 20019E   23248.49574985  .00006501  00000-0  30660-3 0  9994
2 45364  53.0573 274.3448 0002693  92.3467 267.7836 15.20677388192266
1 45364U 20019E   23249.54731684  .00007222  00000-0  33878-3 0  9997
2 45364  53.0574 269.5194 0002652  94.9532 265.1766 15.20693715192421
1 45364U 20019E   23249.54731684  .00007222  00000-0  33878-3 0  9997
2 45364  53.0574 269.5194 0002652  94.9532 265.1766 15.20693715192421
1 45364U 20019E   23250.33598335  .00009696  00000-0  44946-3 0  9995
2 45364  53.0576 265.9004 0002622  96.4017 263.7277 15.20710991192545
1 45364U 20019E   23251.05892160  .00009269  00000-0  43017-3 0  9992
2 45364  53.0578 262.5825 0002617  99.1081 261.0211 15.20723374192656
1 45364U 20019E   23251.32180715  .00008419  00000-0  39210-3 0  9994
2 45364  53.0578 261.3765 0002610  99.0694 261.0596 15.20725961192692
1 45364U 20019E   23251.71613419  .00007640  00000-0  35713-3 0  9998
2 45364  53.0578 259.5669 0002596 100.0646 260.0642 15.20730767192755
1 45364U 20019E   23252.30762142  .00008047  00000-0  37527-3 0  9999
2 45364  53.0577 256.8535 0002556  99.4138 260.7146 15.20740859192848
1 45364U 20019E   23252.50478291  .00008498  00000-0  39540-3 0  9997
2 45364  53.0575 255.9485 0002541  99.4463 260.6820 15.20744819192876
1 45364U 20019E   23253.29342409  .00008559  00000-0  39798-3 0  9998
2 45364  53.0575 252.3292 0002512 101.0258 259.1020 15.20758483192993
1 45364U 20019E   23253.68774108  .00009718  00000-0  44971-3 0  9993
2 45364  53.0575 250.5196 0002495 102.0333 258.0942 15.20768342193055
1 45364U 20019E   23254.01633126  .00019327  00000-0  87804-3 0  9994
2 45364  53.0566 249.0078 0002363  92.7854 267.3412 15.20796034193104
1 45364U 20019E   23254.27920236  .00022240  00000-0  10074-2 0  9995
2 45364  53.0571 247.8036 0002397 100.1487 259.9779 15.20809997193143
1 45364U 20019E   23255.19924178  .00014468  00000-0  66064-3 0  9990
2 45364  53.0569 243.5805 0002351 101.4341 258.6919 15.20834828193288
1 45364U 20019E   23255.19924178  .00014468  00000-0  66064-3 0  9990
2 45364  53.0569 243.5805 0002351 101.4341 258.6919 15.20834828193288
1 45364U 20019E   23256.25070062  .00015326  00000-0  69839-3 0  9999
2 45364  53.0571 238.7557 0002372 107.3216 252.8039 15.20859474193441
1 45364U 20019E   23256.25070062  .00015326  00000-0  69839-3 0  9999
2 45364  53.0571 238.7557 0002372 107.3216 252.8039 15.20859474193441
1 45364U 20019E   23257.10499781  .00010257  00000-0  47235-3 0  9991
2 45364  53.0571 234.8346 0002368 109.9419 250.1831 15.20874748193578
1 45364U 20019E   23257.17071256  .00010111  00000-0  46579-3 0  9990
2 45364  53.0572 234.5329 0002365 110.0400 250.0850 15.20875946193589
1 45364U 20019E   23257.89357166  .00008523  00000-0  39488-3 0  9991
2 45364  53.0573 231.2148 0002352 112.2820 247.8425 15.20887884193697
1 45364U 20019E   23258.22214163  .00009314  00000-0  43005-3 0  9997
2 45364  53.0572 229.7067 0002345 113.9401 246.1840 15.20895180193740
1 45364U 20019E   23259.20784499  .00008717  00000-0  40327-3 0  9990
2 45364  53.0571 225.1821 0002330 117.2133 242.9100 15.20911794193899
1 45364U 20019E   23260.06211267  .00008828  00000-0  40804-3 0  9997
2 45364  53.0571 221.2606 0002303 119.7955 240.3270 15.20926383194022
1 45364U 20019E   23260.25924905  .00013006  00000-0  59373-3 0  9993
2 45364  53.0571 220.3558 0002318 120.7281 239.3942 15.20937193194056
1 45364U 20019E   23260.25924905  .00013006  00000-0  59373-3 0  9993
2 45364  53.0571 220.3558 0002318 120.7281 239.3942 15.20937193194056
1 45364U 20019E   23261.17921263  .00011738  00000-0  53706-3 0  9993
2 45364  53.0570 216.1328 0002307 123.5455 236.5761 15.20957071194195
1 45364U 20019E   23262.09916418  .00012000  00000-0  54838-3 0  9991
2 45364  53.0565 211.9095 0002283 126.5620 233.5586 15.20977407194336
1 45364U 20019E   23263.08480954  .00012029  00000-0  54920-3 0  9995
2 45364  53.0559 207.3845 0002232 128.5701 231.5494 15.21004299194480
1 45364U 20019E   23263.80760682  .00010475  00000-0  48002-3 0  9991
2 45364  53.0554 204.0663 0002277 131.5259 228.5932 15.21019586194598
1 45364U 20019E   23263.80760682  .00010475  00000-0  48002-3 0  9991
2 45364  53.0554 204.0663 0002277 131.5259 228.5932 15.21019586194598
1 45364U 20019E   23264.13614853  .00010174  00000-0  46659-3 0  9998
2 45364  53.0552 202.5578 0002268 133.0882 227.0304 15.21026377194642
1 45364U 20019E   23265.18745280  .00025178  00000-0  11287-2 0  9991
2 45364  53.0544 197.7311 0002241 135.0776 225.0401 15.21095295194807
1 45364U 20019E   23266.04161556  .00023448  00000-0  10515-2 0  9996
2 45364  53.0538 193.8094 0002296 139.5791 220.5375 15.21123552194933
1 45364U 20019E   23266.17302398  .00020225  00000-0  90933-3 0  9994
2 45364  53.0537 193.2060 0002265 139.4904 220.6260 15.21124392194959
1 45364U 20019E   23267.09286687  .00046805  00000-0  20738-2 0  9995
2 45364  53.0533 188.9814 0002453 144.7449 215.3709 15.21190079195095
1 45364U 20019E   23267.22426988  .00039418  00000-0  17504-2 0  9999
2 45364  53.0534 188.3781 0002157 137.5756 222.5406 15.21193918195117
1 45364U 20019E   23267.22426988  .00039418  00000-0  17504-2 0  9999
2 45364  53.0534 188.3781 0002157 137.5756 222.5406 15.21193918195117
1 45364U 20019E   23267.94697869  .00017557  00000-0  78958-3 0  9997
2 45364  53.0534 185.0564 0002132 139.7365 220.3788 15.21211299195227
1 45364U 20019E   23268.07838093  .00020487  00000-0  91848-3 0  9997
2 45364  53.0536 184.4536 0002038 133.8333 226.2832 15.21214236195247
1 45364U 20019E   23268.20978052  .00036713  00000-0  16301-2 0  9991
2 45364  53.0533 183.8513 0002034 136.4475 223.6681 15.21230522195265
1 45364U 20019E   23268.47257814  .00023115  00000-0  10336-2 0  9990
2 45364  53.0526 182.6433 0002175 148.0559 212.0569 15.21230204195302
1 45364U 20019E   23268.47257814  .00023115  00000-0  10336-2 0  9990
2 45364  53.0526 182.6433 0002175 148.0559 212.0569 15.21230204195302
1 45364U 20019E   23268.93247517  .00013001  00000-0  58843-3 0  9999
2 45364  53.0530 180.5330 0002336 148.3366 211.7770 15.21233843195377
1 45364U 20019E   23269.12957241  .00011856  00000-0  53787-3 0  9991
2 45364  53.0530 179.6273 0002326 147.9917 212.1220 15.21238029195408
1 45364U 20019E   23270.44353525  .00011863  00000-0  53760-3 0  9992
2 45364  53.0526 173.5923 0002331 150.0076 210.1053 15.21275373195602
1 45364U 20019E   23270.44353525  .00011863  00000-0  53760-3 0  9992
2 45364  53.0526 173.5923 0002331 150.0076 210.1053 15.21275373195602
1 45364U 20019E   23271.16620200  .00010213  00000-0  46473-3 0  9990
2 45364  53.0524 170.2721 0002293 151.5896 208.5225 15.21292706195716
1 45364U 20019E   23271.88885986  .00011012  00000-0  49959-3 0  9993
2 45364  53.0521 166.9530 0002280 153.9691 206.1420 15.21311925195826
1 45364U 20019E   23272.15164238  .00011165  00000-0  50623-3 0  9993
2 45364  53.0519 165.7458 0002277 154.7889 205.3218 15.21318903195866
1 45364U 20019E   23273.00567605  .00013619  00000-0  61366-3 0  9995
2 45364  53.0512 161.8227 0002316 158.7764 201.3327 15.21345051195995
1 45364U 20019E   23273.39984060  .00012991  00000-0  58588-3 0  9999
2 45364  53.0508 160.0119 0002335 160.3542 199.7544 15.21355990196057
1 45364U 20019E   23274.38523818  .00016523  00000-0  74017-3 0  9999
2 45364  53.0498 155.4846 0002310 161.7377 198.3702 15.21390564196208
1 45364U 20019E   23274.38523818  .00016523  00000-0  74017-3 0  9999
2 45364  53.0498 155.4846 0002310 161.7377 198.3702 15.21390564196208
1 45364U 20019E   23274.84508341  .00014848  00000-0  66648-3 0  9993
2 45364  53.0495 153.3717 0002284 163.1640 196.9431 15.21403616196271
1 45364U 20019E   23275.83044896  .00016299  00000-0  72930-3 0  9996
2 45364  53.0483 148.8445 0002251 165.3275 194.7787 15.21439092196421
1 45364U 20019E   23275.83044896  .00016299  00000-0  72930-3 0  9996
2 45364  53.0483 148.8445 0002251 165.3275 194.7787 15.21439092196421
1 45364U 20019E   23276.35596900  .00014378  00000-0  64492-3 0  9992
2 45364  53.0478 146.4300 0002238 166.9013 193.2041 15.21453705196504
1 45364U 20019E   23276.88148372  .00015261  00000-0  68325-3 0  9997
2 45364  53.0476 144.0152 0002200 168.3504 191.7543 15.21470777196587
1 45364U 20019E   23276.94717271  .00014776  00000-0  66199-3 0  9991
2 45364  53.0474 143.7136 0002211 169.5454 190.5588 15.21471898196594
1 45364U 20019E   23277.93249470  .00016871  00000-0  75284-3 0  9995
2 45364  53.0473 139.1857 0002150 171.6105 188.4927 15.21506881196742
1 45364U 20019E   23277.99818202  .00017018  00000-0  75919-3 0  9995
2 45364  53.0473 138.8839 0002154 171.6520 188.4512 15.21509455196754
1 45364U 20019E   23278.32661695  .00018236  00000-0  81209-3 0  9997
2 45364  53.0472 137.3745 0002146 172.6863 187.4164 15.21522426196806
1 45364U 20019E   23278.91779329  .00017349  00000-0  77291-3 0  9996
2 45364  53.0471 134.6574 0002121 174.6591 185.4428 15.21543173196890
1 45364U 20019E   23279.31190622  .00016754  00000-0  74664-3 0  9994
2 45364  53.0470 132.8462 0002093 175.5217 184.5797 15.21556904196950
1 45364U 20019E   23279.57464657  .00016758  00000-0  74664-3 0  9998
2 45364  53.0469 131.6390 0002070 176.2022 183.8989 15.21565947196998
1 45364U 20019E   23279.90306852  .00019723  00000-0  87541-3 0  9990
2 45364  53.0470 130.1296 0002028 176.9604 183.1404 15.21582238197049
1 45364U 20019E   23280.88829524  .00032563  00000-0  14298-2 0  9990
2 45364  53.0470 125.6013 0001866 179.7233 180.3764 15.21669930197192
1 45364U 20019E   23281.54509401  .00027118  00000-0  11930-2 0  9993
2 45364  53.0469 122.5824 0001921 182.7371 177.3614 15.21698803197297
1 45364U 20019E   23281.74213225  .00026483  00000-0  11653-2 0  9997
2 45364  53.0469 121.6761 0001898 183.2618 176.8365 15.21704196197324
1 45364U 20019E   23281.87348985  .00025659  00000-0  11295-2 0  9999
2 45364  53.0466 121.0717 0002036 185.7107 174.3866 15.21707985197341
1 45364U 20019E   23282.26756279  .00021641  00000-0  95510-3 0  9992
2 45364  53.0457 119.2615 0001896 186.4039 173.6932 15.21718095197409
1 45364U 20019E   23282.26756279  .00021641  00000-0  95510-3 0  9992
2 45364  53.0457 119.2615 0001896 186.4039 173.6932 15.21718095197409
1 45364U 20019E   23282.92434215  .00017205  00000-0  76229-3 0  9995
2 45364  53.0455 116.2418 0001845 188.6718 171.4246 15.21737563197503
1 45364U 20019E   23282.92434215  .00017205  00000-0  76229-3 0  9995
2 45364  53.0455 116.2418 0001845 188.6718 171.4246 15.21737563197503
1 45364U 20019E   23283.25272793  .00017330  00000-0  76744-3 0  9994
2 45364  53.0453 114.7321 0001816 189.8585 170.2376 15.21749116197553
1 45364U 20019E   23283.84381195  .00028002  00000-0  12280-2 0  9998
2 45364  53.0449 112.0143 0002050 192.2839 167.8107 15.21789209197643
1 45364U 20019E   23284.56622151  .00024762  00000-0  10865-2 0  9994
2 45364  53.0443 108.6929 0001695 194.9571 165.1374 15.21837722197759
1 45364U 20019E   23285.55130102  .00016982  00000-0  74951-3 0  9996
2 45364  53.0439 104.1630 0001599 200.1406 159.9527 15.21878724197909
1 45364U 20019E   23285.74831452  .00017504  00000-0  77189-3 0  9990
2 45364  53.0440 103.2571 0001598 201.1340 158.9590 15.21885967197931
1 45364U 20019E   23285.74831452  .00017504  00000-0  77189-3 0  9990
2 45364  53.0440 103.2571 0001598 201.1340 158.9590 15.21885967197931
1 45364U 20019E   23286.47069003  .00017192  00000-0  75790-3 0  9995
2 45364  53.0439  99.9352 0001510 204.6492 155.4432 15.21910565198040
1 45364U 20019E   23286.86470671  .00021473  00000-0  94195-3 0  9992
2 45364  53.0433  98.1225 0001535 208.9544 151.1366 15.21930473198102
1 45364U 20019E   23287.84973292  .00017168  00000-0  75566-3 0  9995
2 45364  53.0430  93.5920 0001423 214.5932 145.4972 15.21963509198251
1 45364U 20019E   23288.17806977  .00016736  00000-0  73682-3 0  9994
2 45364  53.0430  92.0816 0001396 216.0096 144.0806 15.21974839198301
1 45364U 20019E   23288.57207136  .00015373  00000-0  67784-3 0  9992
2 45364  53.0429  90.2693 0001358 218.8992 141.1906 15.21986547198369
1 45364U 20019E   23288.83473738  .00015321  00000-0  67547-3 0  9994
2 45364  53.0429  89.0611 0001354 220.6963 139.3932 15.21994523198406
1 45364U 20019E   23289.42573079  .00016255  00000-0  71527-3 0  9999
2 45364  53.0427  86.3432 0001271 224.4994 135.5899 15.22013990198499
1 45364U 20019E   23289.62272702  .00015594  00000-0  68674-3 0  9994
2 45364  53.0427  85.4370 0001255 226.4850 133.6041 15.22019356198529
1 45364U 20019E   23289.68839232  .00015521  00000-0  68356-3 0  9994
2 45364  53.0428  85.1350 0001258 227.3261 132.7629 15.22021099198534
1 45364U 20019E   23290.14804650  .00014458  00000-0  63757-3 0  9991
2 45364  53.0429  83.0207 0001230 230.8840 129.2046 15.22034010198604
1 45364U 20019E   23291.13300623  .00013968  00000-0  61596-3 0  9996
2 45364  53.0431  78.4904 0001143 239.4608 120.6275 15.22062864198752
1 45364U 20019E   23291.13300623  .00013968  00000-0  61596-3 0  9996
2 45364  53.0431  78.4904 0001143 239.4608 120.6275 15.22062864198752
1 45364U 20019E   23291.52698491  .00014874  00000-0  65465-3 0  9998
2 45364  53.0427  76.6780 0001149 243.8447 116.2431 15.22075385198819
1 45364U 20019E   23292.38059364  .00018176  00000-0  79577-3 0  9991
2 45364  53.0425  72.7514 0001063 251.2460 108.8420 15.22106365198944
1 45364U 20019E   23292.38059364  .00018176  00000-0  79577-3 0  9991
2 45364  53.0425  72.7514 0001063 251.2460 108.8420 15.22106365198944
1 45364U 20019E   23293.36550472  .00016344  00000-0  71644-3 0  9998
2 45364  53.0423  68.2212 0001109 263.1045  96.9824 15.22139855199091
1 45364U 20019E   23294.48170702  .00017206  00000-0  75240-3 0  9990
2 45364  53.0417  63.0856 0001078 275.1808  84.9064 15.22184804199262
1 45364U 20019E   23294.48170702  .00017206  00000-0  75240-3 0  9990
2 45364  53.0417  63.0856 0001078 275.1808  84.9064 15.22184804199262
1 45364U 20019E   23294.74433815  .00017470  00000-0  76349-3 0  9990
2 45364  53.0415  61.8773 0001064 278.5360  81.5515 15.22195713199309
1 45364U 20019E   23295.53221798  .00014088  00000-0  61808-3 0  9999
2 45364  53.0414  58.2523 0001122 288.1619  71.9254 15.22229561199425
1 45364U 20019E   23295.59787409  .00013983  00000-0  61355-3 0  9991
2 45364  53.0414  57.9502 0001132 289.4027  70.6846 15.22231580199434
1 45364U 20019E   23295.66352999  .00014483  00000-0  63488-3 0  9996
2 45364  53.0414  57.6482 0001127 290.8423  69.2452 15.22234580199449
1 45364U 20019E   23296.51704811  .00014181  00000-0  62146-3 0  9990
2 45364  53.0412  53.7204 0001183 298.2196  61.8680 15.22263600199577
1 45364U 20019E   23297.04228298  .00016070  00000-0  70181-3 0  9996
2 45364  53.0413  51.3030 0001212 302.1046  57.9832 15.22281203199654
1 45364U 20019E   23297.30489835  .00014467  00000-0  63324-3 0  9990
2 45364  53.0413  50.0944 0001222 304.6050  55.4830 15.22287534199695
1 45364U 20019E   23298.55230450  .00013208  00000-0  57889-3 0  9996
2 45364  53.0414  44.3541 0001352 315.4515  44.6372 15.22321486199882
1 45364U 20019E   23298.55230450  .00013208  00000-0  57889-3 0  9996
2 45364  53.0414  44.3541 0001352 315.4515  44.6372 15.22321486199882
1 45364U 20019E   23299.60272864  .00016205  00000-0  70601-3 0  9995
2 45364  53.0417  39.5204 0001480 324.0053  36.0843 15.22355757200049
1 45364U 20019E   23299.99663070  .00018156  00000-0  78873-3 0  9996
2 45364  53.0417  37.7076 0001526 327.2139  32.8762 15.22371818200104
1 45364U 20019E   23300.52182721  .00018299  00000-0  79433-3 0  9998
2 45364  53.0416  35.2904 0001584 330.7237  29.3669 15.22392490200182
1 45364U 20019E   23300.65312519  .00018309  00000-0  79463-3 0  9997
2 45364  53.0415  34.6861 0001601 331.7036  28.3873 15.22397833200209
1 45364U 20019E   23301.50655157  .00018595  00000-0  80604-3 0  9996
2 45364  53.0412  30.7580 0001705 336.3904  23.7014 15.22431229200339
1 45364U 20019E   23301.57219902  .00018895  00000-0  81870-3 0  9996
2 45364  53.0413  30.4560 0001715 337.1563  22.9356 15.22434073200347
1 45364U 20019E   23301.63784647  .00018572  00000-0  80494-3 0  9999
2 45364  53.0413  30.1538 0001724 337.3996  22.6924 15.22436043200359
1 45364U 20019E   23302.55689637  .00020464  00000-0  88422-3 0  9996
2 45364  53.0415  25.9248 0001905 345.3234  14.7706 15.22475828200495
1 45364U 20019E   23302.55689637  .00020464  00000-0  88422-3 0  9996
2 45364  53.0415  25.9248 0001905 345.3234  14.7706 15.22475828200495
1 45364U 20019E   23303.47592239  .00016780  00000-0  72720-3 0  9999
2 45364  53.0414  21.6941 0002019 349.2387  10.8565 15.22511424200635
1 45364U 20019E   23304.52621301  .00016600  00000-0  71874-3 0  9999
2 45364  53.0413  16.8588 0002131 353.9594   6.1376 15.22549168200795
1 45364U 20019E   23304.52621301  .00016600  00000-0  71874-3 0  9999
2 45364  53.0413  16.8588 0002131 353.9594   6.1376 15.22549168200795
1 45364U 20019E   23304.92006548  .00016763  00000-0  72535-3 0  9998
2 45364  53.0413  15.0456 0002185 354.9052   5.1922 15.22562834200857
1 45364U 20019E   23305.57647875  .00016242  00000-0  70285-3 0  9996
2 45364  53.0408  12.0233 0002261 357.9661   2.1325 15.22584875200959
1 45364U 20019E   23305.57647875  .00016242  00000-0  70285-3 0  9996
2 45364  53.0408  12.0233 0002261 357.9661   2.1325 15.22584875200959
1 45364U 20019E   23306.56108019  .00016627  00000-0  71843-3 0  9996
2 45364  53.0402   7.4900 0002393   2.2966 357.8040 15.22619598201109
1 45364U 20019E   23307.15182897  .00017993  00000-0  77560-3 0  9997
2 45364  53.0397   4.7695 0002452   4.2160 355.8856 15.22643569201194
1 45364U 20019E   23307.48001933  .00018461  00000-0  79504-3 0  9995
2 45364  53.0396   3.2586 0002580   5.4784 354.6239 15.22656664201241
1 45364U 20019E   23307.87384397  .00017216  00000-0  74221-3 0  9994
2 45364  53.0394   1.4450 0002594   6.8783 353.2248 15.22670062201308
1 45364U 20019E   23308.39893765  .00017646  00000-0  75990-3 0  9997
2 45364  53.0392 359.0269 0002656   8.5951 351.5090 15.22690162201388
1 45364U 20019E   23308.46457402  .00017784  00000-0  76564-3 0  9990
2 45364  53.0393 358.7248 0002668   8.6738 351.4304 15.22692518201394
1 45364U 20019E   23309.44910325  .00024033  00000-0  10275-2 0  9998
2 45364  53.0389 354.1916 0002842  12.8488 347.2580 15.22738039201549
1 45364U 20019E   23309.51473669  .00021193  00000-0  90801-3 0  9999
2 45364  53.0389 353.8893 0002844  13.0189 347.0880 15.22741253201556
1 45364U 20019E   23310.43359276  .00033910  00000-0  14389-2 0  9995
2 45364  53.0390 349.6579 0003167  16.6608 343.4491 15.22812026201696
1 45364U 20019E   23310.43359276  .00033910  00000-0  14389-2 0  9995
2 45364  53.0390 349.6579 0003167  16.6608 343.4491 15.22812026201696
1 45364U 20019E   23311.41804383  .00022934  00000-0  97782-3 0  9991
2 45364  53.0384 345.1239 0003149  19.5860 340.5256 15.22857678201841
1 45364U 20019E   23311.41804383  .00022934  00000-0  97782-3 0  9991
2 45364  53.0384 345.1239 0003149  19.5860 340.5256 15.22857678201841
1 45364U 20019E   23312.46809993  .00017983  00000-0  76955-3 0  9996
2 45364  53.0379 340.2867 0003205  22.6093 337.5043 15.22889660202009
1 45364U 20019E   23312.46809993  .00017983  00000-0  76955-3 0  9996
2 45364  53.0379 340.2867 0003205  22.6093 337.5043 15.22889660202009
1 45364U 20019E   23312.79623731  .00016408  00000-0  70329-3 0  9996
2 45364  53.0378 338.7754 0003238  23.7819 336.3326 15.22900683202054
1 45364U 20019E   23313.45250424  .00016724  00000-0  71607-3 0  9996
2 45364  53.0369 335.7510 0003222  25.1944 334.9209 15.22923618202157
1 45364U 20019E   23313.78063425  .00016091  00000-0  68935-3 0  9992
2 45364  53.0367 334.2394 0003264  26.1713 333.9447 15.22934048202208
1 45364U 20019E   23313.78063425  .00016091  00000-0  68935-3 0  9992
2 45364  53.0367 334.2394 0003264  26.1713 333.9447 15.22934048202208
1 45364U 20019E   23314.43688643  .00016311  00000-0  69808-3 0  9995
2 45364  53.0361 331.2157 0003310  27.9530 332.1643 15.22957555202302
1 45364U 20019E   23314.76500905  .00016256  00000-0  69555-3 0  9992
2 45364  53.0359 329.7040 0003354  28.9728 331.1453 15.22968588202351
1 45364U 20019E   23315.09312940  .00014633  00000-0  62746-3 0  9991
2 45364  53.0357 328.1923 0003383  29.9117 330.2071 15.22977922202401
1 45364U 20019E   23315.42124762  .00015034  00000-0  64402-3 0  9998
2 45364  53.0356 326.6805 0003411  30.7641 329.3554 15.22988707202459
1 45364U 20019E   23315.74936393  .00015247  00000-0  65275-3 0  9999
2 45364  53.0354 325.1685 0003454  31.7657 328.3547 15.22998511202503
1 45364U 20019E   23316.40559073  .00013334  00000-0  57246-3 0  9993
2 45364  53.0354 322.1449 0003528  33.9642 326.1579 15.23015138202606
1 45364U 20019E   23316.40559073  .00013334  00000-0  57246-3 0  9993
2 45364  53.0354 322.1449 0003528  33.9642 326.1579 15.23015138202606
1 45364U 20019E   23317.38991510  .00016687  00000-0  71189-3 0  9993
2 45364  53.0350 317.6090 0003619  37.1294 322.9952 15.23047616202754
1 45364U 20019E   23317.71801914  .00014670  00000-0  62755-3 0  9997
2 45364  53.0350 316.0971 0003660  38.0098 322.1156 15.23054967202804
1 45364U 20019E   23317.71801914  .00014670  00000-0  62755-3 0  9997
2 45364  53.0350 316.0971 0003660  38.0098 322.1156 15.23054967202804
1 45364U 20019E   23318.37422068  .00012660  00000-0  54338-3 0  9994
2 45364  53.0346 313.0733 0003749  39.6949 320.4321 15.23072672202901
1 45364U 20019E   23319.16165171  .00013792  00000-0  59018-3 0  9998
2 45364  53.0342 309.4446 0003803  41.9713 318.1574 15.23096667203021
1 45364U 20019E   23319.35850783  .00013004  00000-0  55726-3 0  9997
2 45364  53.0342 308.5375 0003812  42.5720 317.5571 15.23101035203056
1 45364U 20019E   23319.94907195  .00013535  00000-0  57911-3 0  9999
2 45364  53.0340 305.8160 0003865  44.3724 315.7581 15.23117697203140
1 45364U 20019E   23320.27716079  .00011890  00000-0  51045-3 0  9990
2 45364  53.0340 304.3041 0003891  45.2320 314.8992 15.23124197203197
1 45364U 20019E   23320.27716079  .00011890  00000-0  51045-3 0  9990
2 45364  53.0340 304.3041 0003891  45.2320 314.8992 15.23124197203197
1 45364U 20019E   23320.67086461  .00012225  00000-0  52425-3 0  9995
2 45364  53.0339 302.4897 0003925  46.3702 313.7619 15.23134883203251
1 45364U 20019E   23321.32703272  .00010902  00000-0  46889-3 0  9991
2 45364  53.0336 299.4657 0003974  48.2228 311.9107 15.23149518203359
1 45364U 20019E   23321.32703272  .00010902  00000-0  46889-3 0  9991
2 45364  53.0336 299.4657 0003974  48.2228 311.9107 15.23149518203359
1 45364U 20019E   23321.65511465  .00009612  00000-0  41508-3 0  9997
2 45364  53.0336 297.9536 0004008  49.2010 310.9333 15.23155089203403
1 45364U 20019E   23322.24565821  .00009389  00000-0  40564-3 0  9990
2 45364  53.0332 295.2322 0004066  50.8363 309.2993 15.23167559203493
1 45364U 20019E   23322.63935148  .00009856  00000-0  42498-3 0  9993
2 45364  53.0332 293.4174 0004095  52.0286 308.1079 15.23175737203555
1 45364U 20019E   23322.90181271  .00009037  00000-0  39081-3 0  9998
2 45364  53.0329 292.2081 0004117  52.8350 307.3021 15.23179906203594
1 45364U 20019E   23323.29550200  .00011077  00000-0  47559-3 0  9999
2 45364  53.0326 290.3938 0004132  53.7763 306.3614 15.23190891203656
1 45364U 20019E   23323.62357532  .00011004  00000-0  47247-3 0  9993
2 45364  53.0323 288.8817 0004155  54.6721 305.4663 15.23197078203704
1 45364U 20019E   23324.14848871  .00010262  00000-0  44145-3 0  9991
2 45364  53.0319 286.4625 0004195  56.2441 303.8954 15.23208257203786
1 45364U 20019E   23324.27971633  .00011520  00000-0  49374-3 0  9995
2 45364  53.0319 285.8577 0004197  56.6279 303.5118 15.23212785203803
1 45364U 20019E   23324.60778428  .00012304  00000-0  52617-3 0  9994
2 45364  53.0316 284.3456 0004214  57.5571 302.5832 15.23221253203852
1 45364U 20019E   23325.26391380  .00013270  00000-0  56601-3 0  9995
2 45364  53.0312 281.3209 0004256  59.1536 300.9879 15.23240281203952
1 45364U 20019E   23325.26391380  .00013270  00000-0  56601-3 0  9995
2 45364  53.0312 281.3209 0004256  59.1536 300.9879 15.23240281203952
1 45364U 20019E   23326.24808985  .00021228  00000-0  89501-3 0  9995
2 45364  53.0308 276.7832 0004324  62.1700 297.9733 15.23281792204104
1 45364U 20019E   23326.24808985  .00021228  00000-0  89501-3 0  9995
2 45364  53.0308 276.7832 0004324  62.1700 297.9733 15.23281792204104
1 45364U 20019E   23327.23223655  .00022823  00000-0  95963-3 0  9991
2 45364  53.0301 272.2473 0004446  63.9932 296.1522 15.23329256204251
1 45364U 20019E   23328.15074609  .00018875  00000-0  79557-3 0  9999
2 45364  53.0295 268.0124 0004440  66.8832 293.2632 15.23367835204394
1 45364U 20019E   23328.15074609  .00018875  00000-0  79557-3 0  9999
2 45364  53.0295 268.0124 0004440  66.8832 293.2632 15.23367835204394
1 45364U 20019E   23329.20044162  .00025321  00000-0  10600-2 0  9994
2 45364  53.0289 263.1722 0004421  70.8823 289.2652 15.23418263204558
1 45364U 20019E   23330.11889197  .00038131  00000-0  15834-2 0  9998
2 45364  53.0287 258.9379 0004421  74.2549 285.8934 15.23483547204696
1 45364U 20019E   23330.11889197  .00038131  00000-0  15834-2 0  9998
2 45364  53.0287 258.9379 0004421  74.2549 285.8934 15.23483547204696
1 45364U 20019E   23330.77490984  .00018653  00000-0  78319-3 0  9997
2 45364  53.0285 255.9121 0004448  76.7971 283.3521 15.23505740204797
1 45364U 20019E   23330.77490984  .00018653  00000-0  78319-3 0  9997
2 45364  53.0285 255.9121 0004448  76.7971 283.3521 15.23505740204797
1 45364U 20019E   23331.23411295  .00016985  00000-0  71410-3 0  9998
2 45364  53.0281 253.7950 0004470  77.3757 282.7738 15.23527231204863
1 45364U 20019E   23332.08690323  .00021222  00000-0  88723-3 0  9998
2 45364  53.0277 249.8623 0004514  79.4987 280.6518 15.23567576204991
1 45364U 20019E   23332.15250144  .00021535  00000-0  89999-3 0  9992
2 45364  53.0276 249.5598 0004502  79.8133 280.3371 15.23571026205004
1 45364U 20019E   23333.13646031  .00022043  00000-0  91960-3 0  9991
2 45364  53.0269 245.0218 0004420  83.7409 276.4090 15.23616541205157
1 45364U 20019E   23333.13646031  .00022043  00000-0  91960-3 0  9991
2 45364  53.0269 245.0218 0004420  83.7409 276.4090 15.23616541205157
1 45364U 20019E   23334.12038818  .00026903  00000-0  11169-2 0  9990
2 45364  53.0265 240.4800 0004234  90.8356 269.3125 15.23666787205306
1 45364U 20019E   23335.03869401  .00021266  00000-0  88547-3 0  9993
2 45364  53.0264 236.2433 0004085  90.8328 269.3137 15.23703873205449
1 45364U 20019E   23335.95698366  .00022747  00000-0  94482-3 0  9994
2 45364  53.0249 232.0086 0004510  83.1543 276.9966 15.23745209205585
1 45364U 20019E   23336.94081806  .00014092  00000-0  59013-3 0  9994
2 45364  53.0241 227.4724 0004367  99.1475 261.0016 15.23810700205732
1 45364U 20019E   23336.94081806  .00014092  00000-0  59013-3 0  9994
2 45364  53.0241 227.4724 0004367  99.1475 261.0016 15.23810700205732
1 45364U 20019E   23337.92463003  .00014390  00000-0  60185-3 0  9999
2 45364  53.0233 222.9318 0004387 101.2501 258.8988 15.23835855205885
1 45364U 20019E   23338.71166687  .00015274  00000-0  63746-3 0  9993
2 45364  53.0231 219.2994 0004389 104.5354 255.6129 15.23858418206003
1 45364U 20019E   23338.71166687  .00015274  00000-0  63746-3 0  9993
2 45364  53.0231 219.2994 0004389 104.5354 255.6129 15.23858418206003
1 45364U 20019E   23339.03959529  .00013729  00000-0  57435-3 0  9995
2 45364  53.0236 217.7866 0004389 105.1541 254.9940 15.23866737206055
1 45364U 20019E   23339.76103018  .00014287  00000-0  59672-3 0  9994
2 45364  53.0225 214.4557 0004324 107.0948 253.0522 15.23888868206162
1 45364U 20019E   23339.76103018  .00014287  00000-0  59672-3 0  9994
2 45364  53.0225 214.4557 0004324 107.0948 253.0522 15.23888868206162
1 45364U 20019E   23340.08895194  .00013547  00000-0  56644-3 0  9998
2 45364  53.0222 212.9430 0004275 107.9858 252.1604 15.23897768206212
1 45364U 20019E   23341.79411544  .00010535  00000-0  44319-3 0  9990
2 45364  53.0216 205.0737 0004230 112.4650 247.6794 15.23939387206471
1 45364U 20019E   23342.58110014  .00009724  00000-0  41000-3 0  9998
2 45364  53.0212 201.4415 0004266 115.5982 244.5455 15.23954384206598
1 45364U 20019E   23342.90900805  .00009414  00000-0  39730-3 0  9992
2 45364  53.0211 199.9282 0004252 116.6586 243.4846 15.23960592206643
1 45364U 20019E   23343.10575202  .00009723  00000-0  40982-3 0  9998
2 45364  53.0209 199.0201 0004233 117.1929 242.9499 15.23965235206678
1 45364U 20019E   23343.63040063  .00008988  00000-0  37982-3 0  9996
2 45364  53.0206 196.5986 0004205 118.4735 241.6685 15.23974416206758
1 45364U 20019E   23343.89272352  .00008620  00000-0  36479-3 0  9995
2 45364  53.0205 195.3879 0004183 119.2257 240.9158 15.23979096206798
1 45364U 20019E   23344.28620647  .00007900  00000-0  33543-3 0  9992
2 45364  53.0202 193.5717 0004160 120.3293 239.8115 15.23985499206855
1 45364U 20019E   23344.28620647  .00007900  00000-0  33543-3 0  9992
2 45364  53.0202 193.5717 0004160 120.3293 239.8115 15.23985499206855
1 45364U 20019E   23344.87642692  .00009074  00000-0  38305-3 0  9996
2 45364  53.0199 190.8473 0004125 122.0086 238.1312 15.23998222206948
1 45364U 20019E   23345.79454050  .00009368  00000-0  39480-3 0  9998
2 45364  53.0194 186.6093 0004063 124.1887 235.9495 15.24014724207087
1 45364U 20019E   23345.86011922  .00008775  00000-0  37072-3 0  9999
2 45364  53.0194 186.3066 0004063 124.4897 235.6483 15.24015482207095
1 45364U 20019E   23346.84379908  .00010655  00000-0  44678-3 0  9999
2 45364  53.0196 181.7656 0004145 129.4374 230.6990 15.24036491207245
1 45364U 20019E   23346.84379908  .00010655  00000-0  44678-3 0  9999
2 45364  53.0196 181.7656 0004145 129.4374 230.6990 15.24036491207245
1 45364U 20019E   23347.82746402  .00012744  00000-0  53114-3 0  9991
2 45364  53.0195 177.2249 0004089 132.3716 227.7627 15.24061424207396
1 45364U 20019E   23348.81110963  .00013756  00000-0  57167-3 0  9994
2 45364  53.0198 172.6839 0004105 136.5052 223.6269 15.24091900207547
1 45364U 20019E   23348.81110963  .00013756  00000-0  57167-3 0  9994
2 45364  53.0198 172.6839 0004105 136.5052 223.6269 15.24091900207547
1 45364U 20019E   23349.72915859  .00013925  00000-0  57792-3 0  9994
2 45364  53.0203 168.4454 0003983 138.3951 221.7349 15.24124522207681
1 45364U 20019E   23349.72915859  .00013925  00000-0  57792-3 0  9994
2 45364  53.0203 168.4454 0003983 138.3951 221.7349 15.24124522207681
1 45364U 20019E   23350.77833067  .00019332  00000-0  79538-3 0  9991
2 45364  53.0207 163.5993 0003819 141.2947 218.8323 15.24170508207847
1 45364U 20019E   23350.77833067  .00019332  00000-0  79538-3 0  9991
2 45364  53.0207 163.5993 0003819 141.2947 218.8323 15.24170508207847
1 45364U 20019E   23351.76190213  .00025845  00000-0  10563-2 0  9998
2 45364  53.0211 159.0552 0003629 142.4594 217.6656 15.24218221207990
1 45364U 20019E   23351.76190213  .00025845  00000-0  10563-2 0  9998
2 45364  53.0211 159.0552 0003629 142.4594 217.6656 15.24218221207990
1 45364U 20019E   23352.61430069  .00028179  00000-0  11483-2 0  9994
2 45364  53.0213 155.1212 0003670 146.9660 213.1566 15.24271169208128
1 45364U 20019E   23352.74543656  .00028071  00000-0  11437-2 0  9995
2 45364  53.0213 154.5166 0003590 146.6187 213.5036 15.24278885208141
1 45364U 20019E   23352.74543656  .00028071  00000-0  11437-2 0  9995
2 45364  53.0213 154.5166 0003590 146.6187 213.5036 15.24278885208141
1 45364U 20019E   23353.59780295  .00026415  00000-0  10757-2 0  9995
2 45364  53.0214 150.5825 0003616 150.2223 209.8979 15.24328324208273
1 45364U 20019E   23354.58126811  .00028653  00000-0  11633-2 0  9993
2 45364  53.0217 146.0416 0003333 151.6373 208.4805 15.24387477208423
1 45364U 20019E   23354.71239380  .00029276  00000-0  11879-2 0  9998
2 45364  53.0216 145.4352 0003207 150.7332 209.3844 15.24396141208442
1 45364U 20019E   23354.71239380  .00029276  00000-0  11879-2 0  9998
2 45364  53.0216 145.4352 0003207 150.7332 209.3844 15.24396141208442
1 45364U 20019E   23355.56469221  .00028577  00000-0  11581-2 0  9994
2 45364  53.0217 141.4973 0003005 152.3002 207.8155 15.24451267208579
1 45364U 20019E   23355.69581238  .00029048  00000-0  11766-2 0  9990
2 45364  53.0217 140.8913 0002939 151.9074 208.2082 15.24459795208595
1 45364U 20019E   23356.61363207  .00032874  00000-0  13266-2 0  9995
2 45364  53.0218 136.6502 0002848 154.6624 205.4512 15.24522569208736
1 45364U 20019E   23356.67918941  .00032750  00000-0  13215-2 0  9999
2 45364  53.0219 136.3485 0002853 154.8640 205.2496 15.24526459208742
1 45364U 20019E   23356.67918941  .00032750  00000-0  13215-2 0  9999
2 45364  53.0219 136.3485 0002853 154.8640 205.2496 15.24526459208742
1 45364U 20019E   23357.59697067  .00034570  00000-0  13913-2 0  9991
2 45364  53.0223 132.1092 0002726 156.6810 203.4310 15.24588176208887
1 45364U 20019E   23357.66252542  .00033658  00000-0  13550-2 0  9997
2 45364  53.0222 131.8070 0002657 156.6336 203.4782 15.24591074208899
1 45364U 20019E   23358.51471673  .00032016  00000-0  12878-2 0  9999
2 45364  53.0227 127.8697 0002503 158.0881 202.0223 15.24645387209023
1 45364U 20019E   23358.58026852  .00034977  00000-0  14048-2 0  9990
2 45364  53.0229 127.5669 0002502 158.2099 201.9005 15.24651849209030
1 45364U 20019E   23358.77692267  .00036744  00000-0  14741-2 0  9994
2 45364  53.0227 126.6563 0002352 158.0055 202.1043 15.24666821209068
1 45364U 20019E   23359.56352292  .00033387  00000-0  13392-2 0  9994
2 45364  53.0232 123.0212 0002221 158.9894 201.1194 15.24718011209189
1 45364U 20019E   23359.62907190  .00032932  00000-0  13211-2 0  9999
2 45364  53.0233 122.7186 0002149 158.7183 201.3903 15.24721728209194
1 45364U 20019E   23359.62907190  .00032932  00000-0  13211-2 0  9999
2 45364  53.0233 122.7186 0002149 158.7183 201.3903 15.24721728209194
1 45364U 20019E   23360.61228308  .00031609  00000-0  12665-2 0  9999
2 45364  53.0243 118.1752 0002032 159.5223 200.5855 15.24782790209348
1 45364U 20019E   23360.74337501  .00031797  00000-0  12736-2 0  9996
2 45364  53.0244 117.5694 0002006 159.3006 200.8072 15.24790977209367
1 45364U 20019E   23360.74337501  .00031797  00000-0  12736-2 0  9996
2 45364  53.0244 117.5694 0002006 159.3006 200.8072 15.24790977209367
1 45364U 20019E   23361.59545596  .00029722  00000-0  11899-2 0  9999
2 45364  53.0248 113.6320 0001693 158.0808 202.0262 15.24841228209496
1 45364U 20019E   23361.72654290  .00030076  00000-0  12036-2 0  9994
2 45364  53.0249 113.0263 0001672 158.2338 201.8730 15.24848866209519
1 45364U 20019E   23362.51305047  .00026920  00000-0  10778-2 0  9999
2 45364  53.0253 109.3913 0001646 159.3109 200.7955 15.24891453209633
1 45364U 20019E   23362.57859176  .00026913  00000-0  10774-2 0  9990
2 45364  53.0253 109.0885 0001622 159.2512 200.8551 15.24895033209641
1 45364U 20019E   23363.56169434  .00025423  00000-0  10172-2 0  9998
2 45364  53.0258 104.5445 0001510 158.5690 201.5370 15.24945211209790
1 45364U 20019E   23363.56169434  .00025423  00000-0  10172-2 0  9998
2 45364  53.0258 104.5445 0001510 158.5690 201.5370 15.24945211209790
1 45364U 20019E   23364.54476523  .00023003  00000-0  92065-3 0  9991
2 45364  53.0266 100.0011 0001406 158.0905 202.0152 15.24992994209948
