1 45376U 20019S   22365.27431592  .00002856  00000-0  21056-3 0  9996
2 45376  53.0569 353.8772 0001408  62.1145 297.9986 15.06403294154220
1 45376U 20019S   22365.80509716  .00001023  00000-0  87561-4 0  9998
2 45376  53.0562 351.4945 0001511  62.4415 297.6727 15.06395140154306
1 45376U 20019S   22365.80509716  .00001023  00000-0  87561-4 0  9998
2 45376  53.0562 351.4945 0001511  62.4415 297.6727 15.06395140154306
1 45376U 20019S   23001.13683638 -.00001589  00000-0 -87861-4 0  9990
2 45376  53.0561 350.0050 0001507  61.8833 298.2308 15.06387536154356
1 45376U 20019S   23001.46857940 -.00000613  00000-0 -22290-4 0  9997
2 45376  53.0569 348.5160 0001478  62.3206 297.7933 15.06385513154402
1 45376U 20019S   23001.93301628 -.00000856  00000-0 -38631-4 0  9991
2 45376  53.0573 346.4309 0001400  61.8705 298.2425 15.06377032154478
1 45376U 20019S   23002.06571117 -.00001314  00000-0 -69402-4 0  9998
2 45376  53.0573 345.8354 0001440  62.5007 297.6128 15.06378509154493
1 45376U 20019S   23002.46378631 -.00001109  00000-0 -55553-4 0  9992
2 45376  53.0572 344.0484 0001538  64.3871 295.7277 15.06391498154557
1 45376U 20019S   23002.46378631 -.00001109  00000-0 -55553-4 0  9992
2 45376  53.0572 344.0484 0001538  64.3871 295.7277 15.06391498154557
1 45376U 20019S   23002.66282324 -.00000156  00000-0  84584-5 0  9994
2 45376  53.0573 343.1551 0001513  65.4070 294.7077 15.06395160154589
1 45376U 20019S   23003.19359777  .00001390  00000-0  11219-3 0  9993
2 45376  53.0572 340.7722 0001497  64.9849 295.1296 15.06394112154663
1 45376U 20019S   23003.32629616  .00001860  00000-0  14381-3 0  9995
2 45376  53.0569 340.1766 0001440  65.2388 294.8750 15.06386659154681
1 45376U 20019S   23004.18881241  .00001428  00000-0  11477-3 0  9997
2 45376  53.0576 336.3056 0001577  69.2790 290.8368 15.06385611154813
1 45376U 20019S   23004.32150312  .00001327  00000-0  10801-3 0  9999
2 45376  53.0572 335.7091 0001722  72.0508 288.0668 15.06392749154836
1 45376U 20019S   23004.32150312  .00001327  00000-0  10801-3 0  9999
2 45376  53.0572 335.7091 0001722  72.0508 288.0668 15.06392749154836
1 45376U 20019S   23005.18399124  .00001934  00000-0  14861-3 0  9994
2 45376  53.0568 331.8373 0001698  70.5422 289.5750 15.06416544154963
1 45376U 20019S   23005.18399124  .00001934  00000-0  14861-3 0  9994
2 45376  53.0568 331.8373 0001698  70.5422 289.5750 15.06416544154963
1 45376U 20019S   23006.84267704 -.00002208  00000-0 -12939-3 0  9997
2 45376  53.0569 324.3918 0001502  72.0692 288.0460 15.06395329155214
1 45376U 20019S   23006.84267704 -.00002208  00000-0 -12939-3 0  9997
2 45376  53.0569 324.3918 0001502  72.0692 288.0460 15.06395329155214
1 45376U 20019S   23007.24075347 -.00001478  00000-0 -80307-4 0  9995
2 45376  53.0566 322.6048 0001575  73.8502 286.2661 15.06401875155278
1 45376U 20019S   23007.24075347 -.00001478  00000-0 -80307-4 0  9995
2 45376  53.0566 322.6048 0001575  73.8502 286.2661 15.06401875155278
1 45376U 20019S   23007.57248502 -.00002556  00000-0 -15272-3 0  9992
2 45376  53.0561 321.1155 0001493  70.2499 289.8651 15.06407084155323
1 45376U 20019S   23008.56769361  .00003641  00000-0  26327-3 0  9990
2 45376  53.0565 316.6486 0001566  76.5203 283.5960 15.06387498155472
1 45376U 20019S   23009.23114756 -.00005495  00000-0 -34995-3 0  9998
2 45376  53.0571 313.6697 0001701  74.8111 285.3066 15.06430921155578
1 45376U 20019S   23009.56289489  .00000724  00000-0  67506-4 0  9993
2 45376  53.0567 312.1807 0001724  78.9521 281.1662 15.06400136155622
1 45376U 20019S   23009.56289489  .00000724  00000-0  67506-4 0  9993
2 45376  53.0567 312.1807 0001724  78.9521 281.1662 15.06400136155622
1 45376U 20019S   23010.55810249  .00000030  00000-0  20923-4 0  9990
2 45376  53.0567 307.7135 0001514  80.8779 279.2381 15.06393911155774
1 45376U 20019S   23010.55810249  .00000030  00000-0  20923-4 0  9990
2 45376  53.0567 307.7135 0001514  80.8779 279.2381 15.06393911155774
1 45376U 20019S   23011.08887381 -.00001418  00000-0 -76293-4 0  9994
2 45376  53.0569 305.3306 0001413  79.3533 280.7615 15.06406573155854
1 45376U 20019S   23011.08887381 -.00001418  00000-0 -76293-4 0  9994
2 45376  53.0569 305.3306 0001413  79.3533 280.7615 15.06406573155854
1 45376U 20019S   23011.81868895  .00001345  00000-0  10920-3 0  9995
2 45376  53.0565 302.0547 0001383  79.1973 280.9172 15.06397530155967
1 45376U 20019S   23012.15042589  .00000910  00000-0  80004-4 0  9995
2 45376  53.0570 300.5654 0001305  76.1598 283.9537 15.06396059156019
1 45376U 20019S   23012.94659396  .00000289  00000-0  38305-4 0  9998
2 45376  53.0568 296.9923 0001450  91.8855 268.2300 15.06392003156136
1 45376U 20019S   23013.47737405 -.00000329  00000-0 -31866-5 0  9998
2 45376  53.0563 294.6101 0001341  91.9435 268.1708 15.06388799156215
1 45376U 20019S   23013.47737405 -.00000329  00000-0 -31866-5 0  9998
2 45376  53.0563 294.6101 0001341  91.9435 268.1708 15.06388799156215
1 45376U 20019S   23015.13604699  .00002522  00000-0  18813-3 0  9991
2 45376  53.0556 287.1613 0001516 114.4365 245.6783 15.06397830156465
1 45376U 20019S   23015.46778075 -.00001012  00000-0 -49072-4 0  9994
2 45376  53.0555 285.6710 0001229 111.1653 248.9467 15.06400240156511
1 45376U 20019S   23015.93221461  .00003454  00000-0  25068-3 0  9996
2 45376  53.0570 283.5866 0001335 115.9634 244.1493 15.06395952156583
1 45376U 20019S   23016.46298992  .00001951  00000-0  14985-3 0  9994
2 45376  53.0544 281.2045 0001413 115.6439 244.4696 15.06396919156666
1 45376U 20019S   23016.46298992  .00001951  00000-0  14985-3 0  9994
2 45376  53.0544 281.2045 0001413 115.6439 244.4696 15.06396919156666
1 45376U 20019S   23016.72838574 -.00000662  00000-0 -25566-4 0  9997
2 45376  53.0540 280.0140 0001598 110.9210 249.1950 15.06384935156709
1 45376U 20019S   23016.72838574 -.00000662  00000-0 -25566-4 0  9997
2 45376  53.0540 280.0140 0001598 110.9210 249.1950 15.06384935156709
1 45376U 20019S   23017.12646929  .00000182  00000-0  31107-4 0  9996
2 45376  53.0541 278.2274 0001668 105.1355 254.9819 15.06387065156762
1 45376U 20019S   23017.72359083  .00001718  00000-0  13422-3 0  9999
2 45376  53.0550 275.5474 0001208 109.6134 250.4985 15.06391924156852
1 45376U 20019S   23017.92263081  .00001894  00000-0  14606-3 0  9993
2 45376  53.0549 274.6539 0001311 106.6547 253.4586 15.06394806156887
1 45376U 20019S   23018.12166941  .00004423  00000-0  31558-3 0  9999
2 45376  53.0548 273.7597 0001356 106.0173 254.0965 15.06403324156916
1 45376U 20019S   23018.91782867  .00006594  00000-0  46105-3 0  9992
2 45376  53.0562 270.1845 0001335 102.2767 257.8372 15.06411081157039
1 45376U 20019S   23019.11686301  .00012154  00000-0  83278-3 0  9992
2 45376  53.0551 269.2922 0001195 101.6927 258.4196 15.06429998157067
1 45376U 20019S   23019.38225708  .00004642  00000-0  33027-3 0  9991
2 45376  53.0551 268.1005 0002095  83.0995 277.0232 15.06408206157107
1 45376U 20019S   23019.38225708  .00004642  00000-0  33027-3 0  9991
2 45376  53.0551 268.1005 0002095  83.0995 277.0232 15.06408206157107
1 45376U 20019S   23019.71399088 -.00002084  00000-0 -12106-3 0  9996
2 45376  53.0551 266.6166 0001487 111.5348 248.5799 15.06398355157150
1 45376U 20019S   23020.37746139  .00001403  00000-0  11310-3 0  9991
2 45376  53.0547 263.6335 0001116  93.3376 266.7740 15.06395490157253
1 45376U 20019S   23020.90823740  .00007736  00000-0  53764-3 0  9998
2 45376  53.0544 261.2515 0001137  90.5672 269.5448 15.06401931157338
1 45376U 20019S   23021.90343957  .00002607  00000-0  19386-3 0  9990
2 45376  53.0538 256.7835 0001107  87.4823 272.6293 15.06400685157489
1 45376U 20019S   23023.03133767  .00000232  00000-0  34487-4 0  9994
2 45376  53.0545 251.7183 0001383 100.5088 259.6057 15.06398756157651
1 45376U 20019S   23024.82270145  .00001426  00000-0  11460-3 0  9995
2 45376  53.0549 243.6755 0001275 114.9458 245.1664 15.06396917157921
1 45376U 20019S   23025.55252144 -.00000171  00000-0  74270-5 0  9992
2 45376  53.0552 240.4010 0001274 106.0006 254.1124 15.06394419158033
1 45376U 20019S   23025.81790717  .00000129  00000-0  27526-4 0  9997
2 45376  53.0551 239.2099 0001298 103.2498 256.8636 15.06396797158077
1 45376U 20019S   23025.88425253  .00000354  00000-0  42622-4 0  9998
2 45376  53.0551 238.9123 0001132  78.9428 281.1688 15.06399544158081
1 45376U 20019S   23025.88425253  .00000354  00000-0  42622-4 0  9998
2 45376  53.0551 238.9123 0001132  78.9428 281.1688 15.06399544158081
1 45376U 20019S   23027.01215372  .00000348  00000-0  42254-4 0  9998
2 45376  53.0549 233.8490 0001169 104.4096 255.7023 15.06394132158252
1 45376U 20019S   23027.54293033  .00000636  00000-0  61602-4 0  9994
2 45376  53.0549 231.4669 0001193 104.5573 255.5548 15.06392748158332
1 45376U 20019S   23027.87466258  .00000747  00000-0  69070-4 0  9991
2 45376  53.0548 229.9773 0001160 103.1772 256.9346 15.06396501158386
1 45376U 20019S   23028.00735576  .00000803  00000-0  72821-4 0  9990
2 45376  53.0545 229.3814 0001115 100.0271 260.0844 15.06397331158407
1 45376U 20019S   23028.80351823  .00001022  00000-0  87476-4 0  9993
2 45376  53.0545 225.8078 0001150  91.4038 268.7083 15.06397735158524
1 45376U 20019S   23028.80351823  .00001022  00000-0  87476-4 0  9993
2 45376  53.0545 225.8078 0001150  91.4038 268.7083 15.06397735158524
1 45376U 20019S   23029.79871605  .00000934  00000-0  81547-4 0  9991
2 45376  53.0543 221.3401 0001184  90.3179 269.7946 15.06403180158671
1 45376U 20019S   23029.93140883  .00000943  00000-0  82171-4 0  9998
2 45376  53.0545 220.7442 0001163  90.7296 269.3827 15.06403566158696
1 45376U 20019S   23030.52853768 -.00000463  00000-0 -12171-4 0  9990
2 45376  53.0544 218.0634 0001203  92.1085 268.0041 15.06395708158787
1 45376U 20019S   23030.52853768 -.00000463  00000-0 -12171-4 0  9990
2 45376  53.0544 218.0634 0001203  92.1085 268.0041 15.06395708158787
1 45376U 20019S   23030.79392758  .00005562  00000-0  39229-3 0  9991
2 45376  53.0552 216.8717 0001404  97.8018 262.3130 15.06370965158824
1 45376U 20019S   23030.79392758  .00005562  00000-0  39229-3 0  9991
2 45376  53.0552 216.8717 0001404  97.8018 262.3130 15.06370965158824
1 45376U 20019S   23031.52373731 -.00000609  00000-0 -22012-4 0  9995
2 45376  53.0538 213.5950 0000975  89.1612 270.9489 15.06400822158937
1 45376U 20019S   23031.52373731 -.00000609  00000-0 -22012-4 0  9995
2 45376  53.0538 213.5950 0000975  89.1612 270.9489 15.06400822158937
1 45376U 20019S   23031.78912229  .00000010  00000-0  19541-4 0  9991
2 45376  53.0539 212.4038 0001040  91.4430 268.6679 15.06401665158976
