1 45378U 20019U   22365.15638011  .00003838  00000-0  27640-3 0  9996
2 45378  53.0563 354.4116 0002688  21.4806 338.6296 15.06404487154219
1 45378U 20019U   22365.28906435  .00001235  00000-0  10175-3 0  9992
2 45378  53.0570 353.8231 0002491  39.8190 320.2981 15.06426833154238
1 45378U 20019U   22365.28906435  .00001235  00000-0  10175-3 0  9992
2 45378  53.0570 353.8231 0002491  39.8190 320.2981 15.06426833154238
1 45378U 20019U   22365.68716011  .00006718  00000-0  46938-3 0  9992
2 45378  53.0560 352.0341 0002658  39.2012 320.9169 15.06408780154294
1 45378U 20019U   22365.68716011  .00006718  00000-0  46938-3 0  9992
2 45378  53.0560 352.0341 0002658  39.2012 320.9169 15.06408780154294
1 45378U 20019U   23001.35062900 -.00000415  00000-0 -89438-5 0  9999
2 45378  53.0562 349.0541 0002536  36.5498 323.5663 15.06399868154392
1 45378U 20019U   23001.35062900 -.00000415  00000-0 -89438-5 0  9999
2 45378  53.0562 349.0541 0002536  36.5498 323.5663 15.06399868154392
1 45378U 20019U   23001.68236565 -.00004344  00000-0 -27294-3 0  9990
2 45378  53.0562 347.5645 0002620  41.1699 318.9487 15.06389469154443
1 45378U 20019U   23001.94775566 -.00000544  00000-0 -17574-4 0  9997
2 45378  53.0565 346.3736 0002659  41.7694 318.3498 15.06389632154489
1 45378U 20019U   23002.34583841  .00016510  00000-0  11246-2 0  9991
2 45378  53.0554 344.5865 0002447  40.4009 319.7162 15.06402156154548
1 45378U 20019U   23002.34583841  .00016510  00000-0  11246-2 0  9991
2 45378  53.0554 344.5865 0002447  40.4009 319.7162 15.06402156154548
1 45378U 20019U   23002.94296964 -.00011539  00000-0 -75767-3 0  9991
2 45378  53.0575 341.9060 0002302  46.7526 313.3654 15.06365104154639
1 45378U 20019U   23002.94296964 -.00011539  00000-0 -75767-3 0  9991
2 45378  53.0575 341.9060 0002302  46.7526 313.3654 15.06365104154639
1 45378U 20019U   23003.34105582  .00002343  00000-0  17625-3 0  9991
2 45378  53.0548 340.1172 0001910  59.0227 301.0949 15.06376925154693
1 45378U 20019U   23003.34105582  .00002343  00000-0  17625-3 0  9991
2 45378  53.0548 340.1172 0001910  59.0227 301.0949 15.06376925154693
1 45378U 20019U   23004.20356263  .00020118  00000-0  13650-2 0  9994
2 45378  53.0565 336.2478 0002348  43.9425 316.1751 15.06416563154821
1 45378U 20019U   23004.40260288  .00008570  00000-0  59346-3 0  9998
2 45378  53.0565 335.3547 0002371  44.1664 315.9514 15.06406093154856
1 45378U 20019U   23004.40260288  .00008570  00000-0  59346-3 0  9998
2 45378  53.0565 335.3547 0002371  44.1664 315.9514 15.06406093154856
1 45378U 20019U   23004.93336735  .00013250  00000-0  90607-3 0  9993
2 45378  53.0563 332.9720 0002438  45.0507 315.0679 15.06427765154931
1 45378U 20019U   23004.93336735  .00013250  00000-0  90607-3 0  9993
2 45378  53.0563 332.9720 0002438  45.0507 315.0679 15.06427765154931
1 45378U 20019U   23005.19874383  .00017103  00000-0  11628-2 0  9994
2 45378  53.0563 331.7804 0002272  43.5270 316.5898 15.06447601154971
1 45378U 20019U   23005.19874383  .00017103  00000-0  11628-2 0  9994
2 45378  53.0563 331.7804 0002272  43.5270 316.5898 15.06447601154971
1 45378U 20019U   23005.59682843 -.00005929  00000-0 -37932-3 0  9998
2 45378  53.0570 329.9939 0002662  55.7303 304.3937 15.06410889155037
1 45378U 20019U   23006.26030524 -.00004938  00000-0 -31289-3 0  9994
2 45378  53.0566 327.0153 0002300  54.8337 305.2868 15.06388950155132
1 45378U 20019U   23006.26030524 -.00004938  00000-0 -31289-3 0  9994
2 45378  53.0566 327.0153 0002300  54.8337 305.2868 15.06388950155132
1 45378U 20019U   23007.25551978  .00013781  00000-0  94232-3 0  9996
2 45378  53.0553 322.5474 0002202  60.7556 299.3653 15.06398186155287
1 45378U 20019U   23007.32186625  .00015108  00000-0  10309-2 0  9994
2 45378  53.0553 322.2496 0002184  61.2127 298.9082 15.06402034155297
1 45378U 20019U   23007.85264115  .00011861  00000-0  81371-3 0  9993
2 45378  53.0542 319.8669 0002145  63.1025 297.0183 15.06406295155378
1 45378U 20019U   23007.85264115  .00011861  00000-0  81371-3 0  9993
2 45378  53.0542 319.8669 0002145  63.1025 297.0183 15.06406295155378
1 45378U 20019U   23008.25071764  .00011335  00000-0  77833-3 0  9998
2 45378  53.0532 318.0797 0002002  65.7199 294.3999 15.06415574155434
1 45378U 20019U   23008.84784172  .00007196  00000-0  50142-3 0  9991
2 45378  53.0537 315.3995 0002735  71.1479 288.9806 15.06405272155524
1 45378U 20019U   23008.84784172  .00007196  00000-0  50142-3 0  9991
2 45378  53.0537 315.3995 0002735  71.1479 288.9806 15.06405272155524
1 45378U 20019U   23009.24592075  .00004383  00000-0  31289-3 0  9991
2 45378  53.0535 313.6122 0001996  76.7707 283.3505 15.06405833155582
1 45378U 20019U   23009.24592075  .00004383  00000-0  31289-3 0  9991
2 45378  53.0535 313.6122 0001996  76.7707 283.3505 15.06405833155582
1 45378U 20019U   23010.24112729  .00001897  00000-0  14621-3 0  9995
2 45378  53.0546 309.1435 0001929  80.9400 279.1807 15.06400110155732
1 45378U 20019U   23010.24112729  .00001897  00000-0  14621-3 0  9995
2 45378  53.0546 309.1435 0001929  80.9400 279.1807 15.06400110155732
1 45378U 20019U   23011.50171424  .00003905  00000-0  28086-3 0  9994
2 45378  53.0554 303.4836 0001996  85.2988 274.8229 15.06407260155920
1 45378U 20019U   23011.50171424  .00003905  00000-0  28086-3 0  9994
2 45378  53.0554 303.4836 0001996  85.2988 274.8229 15.06407260155920
1 45378U 20019U   23011.83344990 -.00000384  00000-0 -68781-5 0  9998
2 45378  53.0570 302.0013 0002380 107.6427 252.4822 15.06402963155976
1 45378U 20019U   23012.82865615 -.00001227  00000-0 -63507-4 0  9997
2 45378  53.0537 297.5299 0002141  91.5542 268.5692 15.06393159156124
1 45378U 20019U   23012.82865615 -.00001227  00000-0 -63507-4 0  9997
2 45378  53.0537 297.5299 0002141  91.5542 268.5692 15.06393159156124
1 45378U 20019U   23013.55847154  .00002644  00000-0  19634-3 0  9999
2 45378  53.0531 294.2542 0001819 106.4415 253.6774 15.06398784156236
1 45378U 20019U   23013.89020985  .00002095  00000-0  15952-3 0  9990
2 45378  53.0527 292.7644 0001724 106.4844 253.6335 15.06393541156282
1 45378U 20019U   23014.15559020  .00005851  00000-0  41123-3 0  9999
2 45378  53.0532 291.5719 0001527 114.3851 245.7297 15.06409710156325
1 45378U 20019U   23014.48732987  .00003575  00000-0  25880-3 0  9993
2 45378  53.0533 290.0830 0001575  98.7551 261.3617 15.06398757156372
1 45378U 20019U   23015.48252789  .00004088  00000-0  29311-3 0  9994
2 45378  53.0529 285.6139 0001221 110.8770 249.2349 15.06407226156522
1 45378U 20019U   23015.74791718  .00003349  00000-0  24357-3 0  9997
2 45378  53.0516 284.4232 0001647  98.4071 261.7105 15.06404333156565
1 45378U 20019U   23015.88060939  .00003841  00000-0  27653-3 0  9995
2 45378  53.0529 283.8296 0001241  90.6957 269.4174 15.06407212156581
1 45378U 20019U   23016.01329744  .00007617  00000-0  52942-3 0  9997
2 45378  53.0525 283.2312 0001393 106.1964 253.9178 15.06419364156605
1 45378U 20019U   23016.01329744  .00007617  00000-0  52942-3 0  9997
2 45378  53.0525 283.2312 0001393 106.1964 253.9178 15.06419364156605
1 45378U 20019U   23016.80947502 -.00004361  00000-0 -27422-3 0  9992
2 45378  53.0511 279.6582 0001063  21.2590 338.8443 15.06379843156722
1 45378U 20019U   23016.80947502 -.00004361  00000-0 -27422-3 0  9992
2 45378  53.0511 279.6582 0001063  21.2590 338.8443 15.06379843156722
1 45378U 20019U   23017.14121018 -.00002520  00000-0 -15040-3 0  9994
2 45378  53.0519 278.1692 0001534  85.0689 275.0475 15.06385138156772
1 45378U 20019U   23017.40659923 -.00000304  00000-0 -15120-5 0  9993
2 45378  53.0520 276.9779 0001618  83.8187 276.2986 15.06387381156815
1 45378U 20019U   23017.73833330  .00003111  00000-0  22768-3 0  9996
2 45378  53.0524 275.4883 0001286  78.0443 282.0690 15.06392713156868
1 45378U 20019U   23017.93737225  .00006224  00000-0  43639-3 0  9992
2 45378  53.0524 274.5950 0001320  79.2558 280.8579 15.06400014156891
1 45378U 20019U   23018.40179886  .00015008  00000-0  10238-2 0  9996
2 45378  53.0525 272.5099 0001243  76.6910 283.4218 15.06417221156966
1 45378U 20019U   23018.86622378  .00002721  00000-0  20147-3 0  9994
2 45378  53.0519 270.4252 0001119  87.4010 272.7107 15.06408543157034
1 45378U 20019U   23019.06525741  .00008175  00000-0  56669-3 0  9990
2 45378  53.0538 269.5311 0001088  71.2048 288.9059 15.06422962157066
1 45378U 20019U   23019.06525741  .00008175  00000-0  56669-3 0  9990
2 45378  53.0538 269.5311 0001088  71.2048 288.9059 15.06422962157066
1 45378U 20019U   23020.06047727 -.00001129  00000-0 -56883-4 0  9998
2 45378  53.0527 265.0629 0002190  69.6145 290.5079 15.06393047157210
1 45378U 20019U   23020.45855419  .00000730  00000-0  67914-4 0  9998
2 45378  53.0523 263.2757 0001397  87.6572 272.4577 15.06399627157278
1 45378U 20019U   23020.92297890  .00003905  00000-0  28085-3 0  9995
2 45378  53.0521 261.1919 0001143  90.3233 269.7887 15.06406779157345
1 45378U 20019U   23021.65279701  .00002591  00000-0  19277-3 0  9990
2 45378  53.0521 257.9156 0001062  91.6880 268.4231 15.06400782157452
1 45378U 20019U   23022.64800029  .00001565  00000-0  12396-3 0  9998
2 45378  53.0517 253.4476 0001083  91.8489 268.2624 15.06398898157608
1 45378U 20019U   23023.84224303  .00002121  00000-0  16124-3 0  9998
2 45378  53.0523 248.0850 0001014  72.7939 287.3161 15.06400599157782
1 45378U 20019U   23025.03648557  .00000990  00000-0  85360-4 0  9993
2 45378  53.0519 242.7243 0001145  78.1613 281.9504 15.06399753157968
1 45378U 20019U   23025.30187258  .00000424  00000-0  47361-4 0  9990
2 45378  53.0520 241.5326 0001160  79.3915 280.7204 15.06399417158001
1 45378U 20019U   23025.83265504 -.00000416  00000-0 -90239-5 0  9995
2 45378  53.0529 239.1498 0001123  81.1630 278.9486 15.06396183158083
1 45378U 20019U   23025.83265504 -.00000416  00000-0 -90239-5 0  9995
2 45378  53.0529 239.1498 0001123  81.1630 278.9486 15.06396183158083
1 45378U 20019U   23026.56246562  .00001237  00000-0  10190-3 0  9995
2 45378  53.0527 235.8735 0001132  79.4105 280.7012 15.06400317158198
1 45378U 20019U   23026.89419642  .00001564  00000-0  12387-3 0  9995
2 45378  53.0527 234.3842 0001156  79.3076 280.8043 15.06403837158244
1 45378U 20019U   23027.55766311 -.00003521  00000-0 -21750-3 0  9998
2 45378  53.0525 231.4059 0001210  73.7084 286.4038 15.06412411158343
1 45378U 20019U   23027.82305931  .00001524  00000-0  12121-3 0  9996
2 45378  53.0525 230.2139 0001165  82.5434 277.5687 15.06394257158387
1 45378U 20019U   23027.82305931  .00001524  00000-0  12121-3 0  9996
2 45378  53.0525 230.2139 0001165  82.5434 277.5687 15.06394257158387
1 45378U 20019U   23028.81826027  .00000055  00000-0  22598-4 0  9998
2 45378  53.0526 225.7455 0001199  85.8209 274.2917 15.06399268158535
1 45378U 20019U   23029.54807611  .00000839  00000-0  75192-4 0  9995
2 45378  53.0524 222.4694 0001179  84.4987 275.6136 15.06396183158641
1 45378U 20019U   23029.81346214  .00000890  00000-0  78662-4 0  9994
2 45378  53.0526 221.2774 0001202  86.9749 273.1377 15.06398263158684
1 45378U 20019U   23030.54328009  .00000416  00000-0  46800-4 0  9991
2 45378  53.0528 218.0007 0001196  85.8537 274.2588 15.06395938158798
1 45378U 20019U   23030.80866542  .00000694  00000-0  65508-4 0  9993
2 45378  53.0528 216.8095 0001200  85.7899 274.3227 15.06398473158830
1 45378U 20019U   23030.80866542  .00000694  00000-0  65508-4 0  9993
2 45378  53.0528 216.8095 0001200  85.7899 274.3227 15.06398473158830
1 45378U 20019U   23031.47213953 -.00000316  00000-0 -23478-5 0  9993
2 45378  53.0524 213.8316 0001239  88.1488 271.9643 15.06393432158938
1 45378U 20019U   23031.47213953 -.00000316  00000-0 -23478-5 0  9993
2 45378  53.0524 213.8316 0001239  88.1488 271.9643 15.06393432158938
1 45378U 20019U   23031.60483470 -.00000535  00000-0 -17024-4 0  9993
2 45378  53.0525 213.2357 0001235  87.6495 272.4636 15.06392140158951
