1 45377U 20019T   22365.49916648  .00003662  00000-0  26459-3 0  9999
2 45377  53.0563 352.8655 0002192  45.6696 314.4472 15.06402359154262
1 45377U 20019T   22365.69820535  .00003007  00000-0  22063-3 0  9990
2 45377  53.0561 351.9721 0002189  45.9361 314.1808 15.06406307154292
1 45377U 20019T   22365.69820535  .00003007  00000-0  22063-3 0  9990
2 45377  53.0561 351.9721 0002189  45.9361 314.1808 15.06406307154292
1 45377U 20019T   23001.42802870 -.00000495  00000-0 -14312-4 0  9990
2 45377  53.0560 348.6950 0001947  47.7819 312.3335 15.06395625154405
1 45377U 20019T   23001.42802870 -.00000495  00000-0 -14312-4 0  9990
2 45377  53.0560 348.6950 0001947  47.7819 312.3335 15.06395625154405
1 45377U 20019T   23001.69341279 -.00000146  00000-0  91285-5 0  9997
2 45377  53.0570 347.5040 0002058  44.4993 315.6161 15.06399930154445
1 45377U 20019T   23002.42322605 -.00000246  00000-0  23942-5 0  9997
2 45377  53.0572 344.2275 0002187  47.2018 312.9155 15.06402321154557
1 45377U 20019T   23002.42322605 -.00000246  00000-0  23942-5 0  9997
2 45377  53.0572 344.2275 0002187  47.2018 312.9155 15.06402321154557
1 45377U 20019T   23003.21939909 -.00001808  00000-0 -10249-3 0  9996
2 45377  53.0564 340.6537 0002115  46.7074 313.4091 15.06390468154672
1 45377U 20019T   23003.41844524 -.00000565  00000-0 -19004-4 0  9994
2 45377  53.0569 339.7601 0002089  49.6863 310.4309 15.06380621154709
1 45377U 20019T   23004.34729999  .00000459  00000-0  49717-4 0  9999
2 45377  53.0562 335.5913 0002232  44.8833 315.2336 15.06388993154844
1 45377U 20019T   23004.61268072  .00001350  00000-0  10950-3 0  9996
2 45377  53.0564 334.4003 0002185  46.3332 313.7838 15.06397892154884
1 45377U 20019T   23004.61268072  .00001350  00000-0  10950-3 0  9996
2 45377  53.0564 334.4003 0002185  46.3332 313.7838 15.06397892154884
1 45377U 20019T   23005.27614061  .00004451  00000-0  31745-3 0  9992
2 45377  53.0566 331.4213 0001995  44.3033 315.8116 15.06405617154988
1 45377U 20019T   23005.27614061  .00004451  00000-0  31745-3 0  9992
2 45377  53.0566 331.4213 0001995  44.3033 315.8116 15.06405617154988
1 45377U 20019T   23006.27135302  .00000270  00000-0  37017-4 0  9993
2 45377  53.0566 326.9539 0002350  55.7777 304.3435 15.06400246155133
1 45377U 20019T   23006.40405435  .00000459  00000-0  49718-4 0  9995
2 45377  53.0561 326.3586 0002359  48.0383 312.0807 15.06387454155157
1 45377U 20019T   23006.80212054 -.00000767  00000-0 -32644-4 0  9996
2 45377  53.0563 324.5719 0000698 267.9184  92.1725 15.06395652155213
1 45377U 20019T   23006.80212054 -.00000767  00000-0 -32644-4 0  9996
2 45377  53.0563 324.5719 0000698 267.9184  92.1725 15.06395652155213
1 45377U 20019T   23007.13385514 -.00000642  00000-0 -24163-4 0  9994
2 45377  53.0571 323.0829 0001907  41.9706 318.1429 15.06406232155266
1 45377U 20019T   23007.86368406  .00001040  00000-0  88788-4 0  9999
2 45377  53.0566 319.8045 0001851  50.1122 310.0030 15.06378023155372
1 45377U 20019T   23008.12907427  .00000979  00000-0  84644-4 0  9998
2 45377  53.0568 318.6142 0001844  49.8176 310.2975 15.06378239155419
1 45377U 20019T   23009.19061640  .00001512  00000-0  12039-3 0  9996
2 45377  53.0571 313.8492 0001928  51.9486 308.1677 15.06396648155575
1 45377U 20019T   23009.25696197  .00001727  00000-0  13480-3 0  9993
2 45377  53.0565 313.5506 0001914  51.9651 308.1511 15.06398283155585
1 45377U 20019T   23010.18582800  .00001194  00000-0  99069-4 0  9998
2 45377  53.0562 309.3804 0001962  48.6690 311.4467 15.06390299155727
1 45377U 20019T   23010.51756080  .00000338  00000-0  41587-4 0  9999
2 45377  53.0550 307.8918 0001966  50.3365 309.7797 15.06395461155773
1 45377U 20019T   23011.51275058  .00002037  00000-0  15556-3 0  9995
2 45377  53.0555 303.4247 0001975  53.6911 306.4260 15.06411886155924
1 45377U 20019T   23011.51275058  .00002037  00000-0  15556-3 0  9995
2 45377  53.0555 303.4247 0001975  53.6911 306.4260 15.06411886155924
1 45377U 20019T   23011.84448868  .00002898  00000-0  21337-3 0  9991
2 45377  53.0567 301.9348 0001928  53.3938 306.7228 15.06400900155973
1 45377U 20019T   23012.17622171  .00002922  00000-0  21499-3 0  9996
2 45377  53.0562 300.4453 0001947  51.0826 309.0336 15.06400782156022
1 45377U 20019T   23012.90604027  .00001155  00000-0  96429-4 0  9990
2 45377  53.0557 297.1693 0001861  53.0454 307.0705 15.06398593156134
1 45377U 20019T   23013.03873516  .00000763  00000-0  70108-4 0  9996
2 45377  53.0556 296.5739 0001972  55.7160 304.4015 15.06398268156159
1 45377U 20019T   23013.50316402 -.00001300  00000-0 -68399-4 0  9993
2 45377  53.0557 294.4897 0001778  53.8962 306.2191 15.06399554156227
1 45377U 20019T   23014.29929282  .00003471  00000-0  25164-3 0  9997
2 45377  53.0557 290.9148 0001753  55.9393 304.1763 15.06429106156343
1 45377U 20019T   23014.49839487 -.00005987  00000-0 -38383-3 0  9999
2 45377  53.0559 290.0218 0001668  70.4119 289.7050 15.06357510156376
1 45377U 20019T   23015.16185825 -.00001933  00000-0 -11100-3 0  9999
2 45377  53.0558 287.0439 0001682  64.7898 295.3265 15.06369639156479
1 45377U 20019T   23015.16185825 -.00001933  00000-0 -11100-3 0  9999
2 45377  53.0558 287.0439 0001682  64.7898 295.3265 15.06369639156479
1 45377U 20019T   23015.75897157 -.00001721  00000-0 -96671-4 0  9994
2 45377  53.0560 284.3623 0001306  66.4256 293.6870 15.06390850156569
1 45377U 20019T   23015.89164805  .00000890  00000-0  78625-4 0  9999
2 45377  53.0560 283.7642 0001578 100.1583 259.9584 15.06410754156588
1 45377U 20019T   23016.02434000  .00001491  00000-0  11892-3 0  9992
2 45377  53.0556 283.1713 0001320  68.3881 291.7248 15.06413186156603
1 45377U 20019T   23016.42242635 -.00001420  00000-0 -76447-4 0  9999
2 45377  53.0558 281.3852 0001392  71.2697 288.8443 15.06409791156663
1 45377U 20019T   23016.42242635 -.00001420  00000-0 -76447-4 0  9999
2 45377  53.0558 281.3852 0001392  71.2697 288.8443 15.06409791156663
1 45377U 20019T   23016.75420180  .00002570  00000-0  19166-3 0  9997
2 45377  53.0562 279.8963 0001474  75.5996 284.5157 15.06347000156718
1 45377U 20019T   23016.75420180  .00002570  00000-0  19166-3 0  9997
2 45377  53.0562 279.8963 0001474  75.5996 284.5157 15.06347000156718
1 45377U 20019T   23017.01958246  .00000681  00000-0  64689-4 0  9998
2 45377  53.0552 278.7030 0001763  78.2145 281.9042 15.06371068156756
1 45377U 20019T   23017.41766072  .00001143  00000-0  95657-4 0  9999
2 45377  53.0567 276.9170 0001284  73.5043 286.6087 15.06382690156811
1 45377U 20019T   23017.41766072  .00001143  00000-0  95657-4 0  9999
2 45377  53.0567 276.9170 0001284  73.5043 286.6087 15.06382690156811
1 45377U 20019T   23018.01477253  .00002127  00000-0  16164-3 0  9994
2 45377  53.0550 274.2367 0001391  72.3034 287.8107 15.06403836156900
1 45377U 20019T   23018.41285678  .00005414  00000-0  38201-3 0  9994
2 45377  53.0544 272.4486 0001327  67.3787 292.7342 15.06404836156966
1 45377U 20019T   23018.87728727  .00004633  00000-0  32971-3 0  9991
2 45377  53.0540 270.3640 0001458  65.5892 294.5249 15.06402599157032
1 45377U 20019T   23018.94363320  .00005132  00000-0  36313-3 0  9992
2 45377  53.0529 270.0655 0001562  65.7006 294.4146 15.06405396157041
1 45377U 20019T   23019.40806029  .00001848  00000-0  14295-3 0  9997
2 45377  53.0545 267.9817 0001588  73.5557 286.5606 15.06402542157111
1 45377U 20019T   23019.67345080  .00000393  00000-0  45260-4 0  9992
2 45377  53.0519 266.7922 0001526  77.1455 282.9704 15.06395522157157
1 45377U 20019T   23020.46961311  .00002422  00000-0  18143-3 0  9996
2 45377  53.0530 263.2162 0001601  81.5002 278.6168 15.06399202157277
1 45377U 20019T   23020.93403815  .00004938  00000-0  35006-3 0  9999
2 45377  53.0536 261.1315 0001581  84.4698 275.6471 15.06408768157340
1 45377U 20019T   23021.86289409  .00003093  00000-0  22640-3 0  9994
2 45377  53.0519 256.9647 0000938  95.0540 265.0556 15.06403283157489
1 45377U 20019T   23022.65905761  .00002427  00000-0  18173-3 0  9994
2 45377  53.0522 253.3888 0000774  68.9603 291.1468 15.06398449157601
1 45377U 20019T   23023.72061013  .00000979  00000-0  84621-4 0  9998
2 45377  53.0524 248.6217 0001603 119.5373 240.5776 15.06391734157762
1 45377U 20019T   23024.84850411  .00002293  00000-0  17279-3 0  9995
2 45377  53.0529 243.5589 0001163 101.2491 258.8629 15.06401178157935
1 45377U 20019T   23025.57832085  .00001529  00000-0  12153-3 0  9990
2 45377  53.0525 240.2821 0001156  89.1547 270.9574 15.06397231158043
1 45377U 20019T   23025.84371338 -.00001229  00000-0 -63654-4 0  9991
2 45377  53.0529 239.0914 0001164  86.8276 273.2846 15.06391574158084
1 45377U 20019T   23025.84371338 -.00001229  00000-0 -63654-4 0  9991
2 45377  53.0529 239.0914 0001164  86.8276 273.2846 15.06391574158084
1 45377U 20019T   23026.57352549  .00001274  00000-0  10441-3 0  9998
2 45377  53.0546 235.8157 0001012  78.9036 281.2067 15.06401235158196
1 45377U 20019T   23026.57352549  .00001274  00000-0  10441-3 0  9998
2 45377  53.0546 235.8157 0001012  78.9036 281.2067 15.06401235158196
1 45377U 20019T   23026.83890355 -.00001754  00000-0 -98880-4 0  9998
2 45377  53.0539 234.6230 0000922  81.5542 278.5551 15.06416948158237
1 45377U 20019T   23027.36964021  .00006354  00000-0  44456-3 0  9997
2 45377  53.0546 232.2422 0001023  79.9740 280.1364 15.06444172158316
1 45377U 20019T   23027.36964021  .00006354  00000-0  44456-3 0  9997
2 45377  53.0546 232.2422 0001023  79.9740 280.1364 15.06444172158316
1 45377U 20019T   23027.83410710 -.00001792  00000-0 -10150-3 0  9997
2 45377  53.0537 230.1558 0001155  93.1425 266.9696 15.06390079158380
1 45377U 20019T   23027.83410710 -.00001792  00000-0 -10150-3 0  9997
2 45377  53.0537 230.1558 0001155  93.1425 266.9696 15.06390079158380
1 45377U 20019T   23028.36488294 -.00002910  00000-0 -17660-3 0  9994
2 45377  53.0537 227.7720 0001241  94.5535 265.5596 15.06389670158464
1 45377U 20019T   23028.82931329 -.00003641  00000-0 -22571-3 0  9996
2 45377  53.0535 225.6868 0001198  95.8575 264.2551 15.06387954158539
1 45377U 20019T   23029.22739605 -.00002619  00000-0 -15703-3 0  9997
2 45377  53.0535 223.8998 0001233  94.0672 266.0458 15.06389058158591
1 45377U 20019T   23029.82452694  .00002377  00000-0  17853-3 0  9990
2 45377  53.0534 221.2193 0001288  98.4572 261.6563 15.06381812158684
1 45377U 20019T   23030.28895716  .00002499  00000-0  18668-3 0  9998
2 45377  53.0535 219.1343 0001289  97.8117 262.3018 15.06386283158755
1 45377U 20019T   23030.55434588  .00003036  00000-0  22270-3 0  9996
2 45377  53.0535 217.9429 0001289  97.6422 262.4714 15.06388495158798
1 45377U 20019T   23030.88608039  .00003281  00000-0  23907-3 0  9996
2 45377  53.0534 216.4537 0001289  97.2045 262.9091 15.06392571158847
1 45377U 20019T   23031.54954686  .00004082  00000-0  29277-3 0  9998
2 45377  53.0531 213.4754 0001273  99.4440 260.6693 15.06401858158941
1 45377U 20019T   23031.54954686  .00004082  00000-0  29277-3 0  9998
2 45377  53.0531 213.4754 0001273  99.4440 260.6693 15.06401858158941
1 45377U 20019T   23031.61589345  .00004196  00000-0  30037-3 0  9994
2 45377  53.0531 213.1774 0001273  99.2812 260.8321 15.06402652158955
