1 45387U 20019AD  22365.17665378  .00015170  00000-0  10341-2 0  9995
2 45387  53.0526 334.3240 0001406  63.6821 296.4312 15.06435955154466
1 45387U 20019AD  22365.30934540  .00008051  00000-0  55832-3 0  9995
2 45387  53.0525 333.7289 0001406  74.8637 285.2507 15.06430108154502
1 45387U 20019AD  22365.30934540  .00008051  00000-0  55832-3 0  9995
2 45387  53.0525 333.7289 0001406  74.8637 285.2507 15.06430108154489
1 45387U 20019AD  22365.64107495  .00000755  00000-0  69571-4 0  9992
2 45387  53.0529 332.2397 0001544  77.0489 283.0672 15.06423312154556
1 45387U 20019AD  22365.64107495  .00000755  00000-0  69571-4 0  9992
2 45387  53.0529 332.2397 0001544  77.0489 283.0672 15.06423312154534
1 45387U 20019AD  23001.30454776 -.00003565  00000-0 -22056-3 0  9990
2 45387  53.0540 329.2624 0001451  75.7658 284.3492 15.06400919154639
1 45387U 20019AD  23001.63628673 -.00005552  00000-0 -35423-3 0  9995
2 45387  53.0532 327.7733 0001387  71.0278 289.0861 15.06389204154702
1 45387U 20019AD  23001.63628673 -.00005552  00000-0 -35423-3 0  9995
2 45387  53.0532 327.7733 0001387  71.0278 289.0861 15.06389204154689
1 45387U 20019AD  23002.29976091 -.00001720  00000-0 -96585-4 0  9998
2 45387  53.0541 324.7933 0001638  81.6666 278.4509 15.06392992154808
1 45387U 20019AD  23002.29976091 -.00001720  00000-0 -96585-4 0  9998
2 45387  53.0541 324.7933 0001638  81.6666 278.4509 15.06392992154785
1 45387U 20019AD  23003.16228321 -.00000349  00000-0 -45584-5 0  9991
2 45387  53.0536 320.9208 0001544  87.8683 272.2482 15.06382830154912
1 45387U 20019AD  23003.56037389  .00001177  00000-0  97976-4 0  9996
2 45387  53.0543 319.1344 0001415  84.5839 275.5312 15.06374729154999
1 45387U 20019AD  23003.56037389  .00001177  00000-0  97976-4 0  9996
2 45387  53.0543 319.1344 0001415  84.5839 275.5312 15.06374729154977
1 45387U 20019AD  23004.09114299  .00002894  00000-0  21312-3 0  9998
2 45387  53.0542 316.7523 0001392  82.2849 277.8298 15.06390216155055
1 45387U 20019AD  23004.15748697  .00002375  00000-0  17828-3 0  9991
2 45387  53.0539 316.4541 0001316  87.2062 272.9077 15.06396376155083
1 45387U 20019AD  23005.28536866  .00010309  00000-0  70942-3 0  9991
2 45387  53.0538 311.3904 0001444  89.9178 270.1976 15.06429492155239
1 45387U 20019AD  23005.55075115  .00007243  00000-0  50426-3 0  9994
2 45387  53.0539 310.1985 0001494  91.6958 268.4202 15.06430593155299
1 45387U 20019AD  23006.54594989 -.00000910  00000-0 -42198-4 0  9993
2 45387  53.0531 305.7308 0000944 102.3956 257.7139 15.06406650155429
1 45387U 20019AD  23006.81134148  .00002368  00000-0  17782-3 0  9997
2 45387  53.0526 304.5391 0001848  92.9189 267.2012 15.06405713155489
1 45387U 20019AD  23007.20941897  .00008047  00000-0  55834-3 0  9998
2 45387  53.0527 302.7526 0001359  97.0033 263.1111 15.06409185155540
1 45387U 20019AD  23007.80654940  .00005972  00000-0  41954-3 0  9996
2 45387  53.0473 300.0732 0002487  89.0402 271.0872 15.06397182155639
1 45387U 20019AD  23007.80654940  .00005972  00000-0  41954-3 0  9996
2 45387  53.0473 300.0732 0002487  89.0402 271.0872 15.06397182155617
1 45387U 20019AD  23008.20463918 -.00002328  00000-0 -13753-3 0  9994
2 45387  53.0520 298.2876 0001805  79.5226 280.5966 15.06380258155679
1 45387U 20019AD  23009.19983724  .00001934  00000-0  14872-3 0  9998
2 45387  53.0535 293.8195 0001747  90.7007 269.4182 15.06400684155826
1 45387U 20019AD  23010.46042803  .00001189  00000-0  98699-4 0  9996
2 45387  53.0534 288.1597 0001242  99.2163 260.8966 15.06398394156038
1 45387U 20019AD  23010.46042803  .00001189  00000-0  98699-4 0  9996
2 45387  53.0534 288.1597 0001242  99.2163 260.8966 15.06398394156016
1 45387U 20019AD  23010.85851335 -.00001487  00000-0 -80952-4 0  9993
2 45387  53.0534 286.3735 0001313 103.5573 256.5563 15.06391091156093
1 45387U 20019AD  23010.99121060 -.00000353  00000-0 -48311-5 0  9998
2 45387  53.0539 285.7776 0001316 104.9210 255.1924 15.06392781156095
1 45387U 20019AD  23011.52197279  .00001228  00000-0  10131-3 0  9990
2 45387  53.0541 283.3934 0001299 104.7497 255.3636 15.06406486156194
1 45387U 20019AD  23011.52197279  .00001228  00000-0  10131-3 0  9990
2 45387  53.0541 283.3934 0001299 104.7497 255.3636 15.06406486156172
1 45387U 20019AD  23011.85369236  .00003937  00000-0  28288-3 0  9991
2 45387  53.0541 281.9051 0001343 103.6104 256.5034 15.06420382156243
1 45387U 20019AD  23012.05273243  .00007089  00000-0  49394-3 0  9999
2 45387  53.0532 281.0109 0001353 104.4388 255.6751 15.06428525156256
1 45387U 20019AD  23012.91525776 -.00005054  00000-0 -32077-3 0  9997
2 45387  53.0529 277.1391 0001149  89.5296 270.5825 15.06384318156401
1 45387U 20019AD  23012.98160412 -.00002734  00000-0 -16474-3 0  9991
2 45387  53.0534 276.8395 0001228  91.1714 268.9416 15.06392305156399
1 45387U 20019AD  23013.44603580 -.00004404  00000-0 -27711-3 0  9993
2 45387  53.0522 274.7567 0001243  92.4402 267.6729 15.06381762156487
1 45387U 20019AD  23013.71143114 -.00000180  00000-0  68028-5 0  9999
2 45387  53.0517 273.5657 0001397  81.7097 278.4051 15.06374825156524
1 45387U 20019AD  23013.71143114 -.00000180  00000-0  68028-5 0  9999
2 45387  53.0517 273.5657 0001397  81.7097 278.4051 15.06374825156502
1 45387U 20019AD  23014.44125574  .00011924  00000-0  81823-3 0  9993
2 45387  53.0521 270.2899 0001408  78.1041 282.0106 15.06390117156617
1 45387U 20019AD  23015.10471943  .00019535  00000-0  13260-2 0  9996
2 45387  53.0521 267.3087 0001218  91.8245 268.2883 15.06419385156730
1 45387U 20019AD  23015.10471943  .00019535  00000-0  13260-2 0  9996
2 45387  53.0521 267.3087 0001218  91.8245 268.2883 15.06419385156718
1 45387U 20019AD  23015.83453346  .00008454  00000-0  58556-3 0  9999
2 45387  53.0520 264.0324 0001024 104.1533 255.9570 15.06411294156827
1 45387U 20019AD  23015.90087917  .00014578  00000-0  99500-3 0  9992
2 45387  53.0523 263.7344 0000970 104.0360 256.0737 15.06419413156855
1 45387U 20019AD  23016.36530342  .00014868  00000-0  10145-2 0  9997
2 45387  53.0523 261.6495 0000988  82.5853 277.5248 15.06416284156921
1 45387U 20019AD  23016.69705003  .00022460  00000-0  15219-2 0  9995
2 45387  53.0525 260.1603 0002748  74.4073 285.7219 15.06398718156973
1 45387U 20019AD  23016.69705003  .00022460  00000-0  15219-2 0  9995
2 45387  53.0525 260.1603 0002748  74.4073 285.7219 15.06398718156951
1 45387U 20019AD  23016.96243999  .00021925  00000-0  14870-2 0  9993
2 45387  53.0526 258.9691 0001053  65.4189 294.6910 15.06380818156993
1 45387U 20019AD  23017.36052415  .00018481  00000-0  12566-2 0  9992
2 45387  53.0527 257.1822 0000973  62.7528 297.3560 15.06391868157076
1 45387U 20019AD  23017.89130962 -.00014768  00000-0 -97586-3 0  9996
2 45387  53.0530 254.7988 0000811  58.4091 301.6977 15.06352623157150
1 45387U 20019AD  23017.95765111 -.00019755  00000-0 -13129-2 0  9994
2 45387  53.0532 254.5005 0001175  59.5044 300.6061 15.06347534157141
1 45387U 20019AD  23018.35574543  .00005044  00000-0  35751-3 0  9996
2 45387  53.0527 252.7143 0000676  60.6370 299.4687 15.06373820157223
1 45387U 20019AD  23018.35574543  .00005044  00000-0  35751-3 0  9996
2 45387  53.0527 252.7143 0000676  60.6370 299.4687 15.06373820157201
1 45387U 20019AD  23018.88651714  .00024410  00000-0  16514-2 0  9993
2 45387  53.0518 250.3320 0000584  40.1097 319.9935 15.06412856157307
1 45387U 20019AD  23018.88651714  .00024410  00000-0  16514-2 0  9993
2 45387  53.0518 250.3320 0000584  40.1097 319.9935 15.06412856157284
1 45387U 20019AD  23019.01920733  .00038715  00000-0  26012-2 0  9996
2 45387  53.0520 249.7350 0000479  35.9534 324.1487 15.06436009157324
1 45387U 20019AD  23019.01920733  .00038715  00000-0  26012-2 0  9996
2 45387  53.0520 249.7350 0000479  35.9534 324.1487 15.06436009157302
1 45387U 20019AD  23019.88170823  .00036447  00000-0  24507-2 0  9995
2 45387  53.0499 245.8602 0000394 196.8473 163.2503 15.06436543157437
1 45387U 20019AD  23020.34612678  .00019614  00000-0  13305-2 0  9998
2 45387  53.0514 243.7820 0000727  24.1409 335.9614 15.06440717157525
1 45387U 20019AD  23020.34612678  .00019614  00000-0  13305-2 0  9998
2 45387  53.0514 243.7820 0000727  24.1409 335.9614 15.06440717157503
1 45387U 20019AD  23020.87688762  .00017244  00000-0  11724-2 0  9993
2 45387  53.0510 241.3963 0000394  54.0948 306.0077 15.06442141157584
1 45387U 20019AD  23021.34131597 -.00003095  00000-0 -18889-3 0  9996
2 45387  53.0524 239.3092 0001085  83.2127 276.8985 15.06414147157655
1 45387U 20019AD  23021.87209447 -.00007017  00000-0 -45273-3 0  9999
2 45387  53.0542 236.9277 0001354  88.1407 271.9737 15.06393843157736
1 45387U 20019AD  23023.53078314  .00006758  00000-0  47220-3 0  9994
2 45387  53.0506 229.4817 0000738  74.0519 286.0552 15.06394345157983
1 45387U 20019AD  23024.79137306  .00003020  00000-0  22155-3 0  9999
2 45387  53.0510 223.8223 0000773  70.1345 289.9728 15.06399417158174
1 45387U 20019AD  23025.32214649  .00001291  00000-0  10553-3 0  9992
2 45387  53.0511 221.4380 0000736  82.1049 278.0023 15.06398837158279
1 45387U 20019AD  23025.72022652  .00002308  00000-0  17375-3 0  9996
2 45387  53.0512 219.6508 0000764  75.4939 284.6135 15.06402380158338
1 45387U 20019AD  23025.85291950  .00002610  00000-0  19399-3 0  9993
2 45387  53.0511 219.0551 0000765  83.6921 276.4154 15.06403338158336
1 45387U 20019AD  23026.51638846  .00001827  00000-0  14150-3 0  9995
2 45387  53.0513 216.0775 0000833  78.0047 282.1035 15.06401391158458
1 45387U 20019AD  23027.24620208  .00001052  00000-0  89510-4 0  9992
2 45387  53.0522 212.7992 0000801  82.0537 278.0543 15.06401732158543
1 45387U 20019AD  23027.51159318  .00000563  00000-0  56658-4 0  9994
2 45387  53.0523 211.6109 0000907  73.4056 286.7033 15.06396024158603
1 45387U 20019AD  23027.77697835 -.00000190  00000-0  61353-5 0  9999
2 45387  53.0527 210.4190 0000946  95.0404 265.0693 15.06400977158643
1 45387U 20019AD  23028.50679447  .00000360  00000-0  43031-4 0  9990
2 45387  53.0527 207.1424 0000901  77.4740 282.6349 15.06398132158758
1 45387U 20019AD  23028.50679447  .00000360  00000-0  43031-4 0  9990
2 45387  53.0527 207.1424 0000901  77.4740 282.6349 15.06398132158736
1 45387U 20019AD  23028.90487238  .00000425  00000-0  47384-4 0  9996
2 45387  53.0526 205.3547 0000871  82.2614 277.8474 15.06401040158818
1 45387U 20019AD  23029.50200189  .00000197  00000-0  32132-4 0  9992
2 45387  53.0525 202.6739 0000895  80.0725 280.0365 15.06390480158882
1 45387U 20019AD  23029.90008032  .00000415  00000-0  46716-4 0  9995
2 45387  53.0524 200.8869 0000895  80.6313 279.4777 15.06395217158965
1 45387U 20019AD  23030.49720683 -.00000359  00000-0 -51971-5 0  9993
2 45387  53.0524 198.2061 0000902  80.9331 279.1760 15.06392512159056
1 45387U 20019AD  23030.82893827  .00000124  00000-0  27205-4 0  9991
2 45387  53.0524 196.7169 0000921  81.6009 278.5085 15.06396204159100
1 45387U 20019AD  23030.82893827  .00000124  00000-0  27205-4 0  9991
2 45387  53.0524 196.7169 0000921  81.6009 278.5085 15.06396204159087
1 45387U 20019AD  23031.49241691 -.00000565  00000-0 -19047-4 0  9997
2 45387  53.0533 193.7383 0000998  87.2672 272.8431 15.06385527159206
1 45387U 20019AD  23031.49241691 -.00000565  00000-0 -19047-4 0  9997
2 45387  53.0533 193.7383 0000998  87.2672 272.8431 15.06385527159183
1 45387U 20019AD  23031.82415418 -.00000794  00000-0 -34435-4 0  9996
2 45387  53.0533 192.2491 0000995  86.3951 273.7152 15.06385044159256
