1 45380U 20019W   22365.35725503  .00007405  00000-0  51527-3 0  9999
2 45380  53.0553 333.5166 0002271  42.7206 317.3959 15.06418585154519
1 45380U 20019W   22365.62264325  .00005588  00000-0  39360-3 0  9990
2 45380  53.0545 332.3237 0002537  46.7231 313.3970 15.06415144154554
1 45380U 20019W   22365.62264325  .00005588  00000-0  39360-3 0  9990
2 45380  53.0545 332.3237 0002537  46.7231 313.3970 15.06415144154565
1 45380U 20019W   23001.28612654 -.00000912  00000-0 -42301-4 0  9990
2 45380  53.0557 329.3472 0002161  46.2981 313.8187 15.06388204154667
1 45380U 20019W   23001.41882960 -.00002302  00000-0 -13572-3 0  9996
2 45380  53.0556 328.7504 0002452  43.2535 316.8646 15.06379516154670
1 45380U 20019W   23001.61786750 -.00003013  00000-0 -18353-3 0  9990
2 45380  53.0554 327.8562 0002119  43.1845 316.9310 15.06385787154705
1 45380U 20019W   23002.28132035 -.00000415  00000-0 -89092-5 0  9998
2 45380  53.0549 324.8788 0002188  46.3517 313.7653 15.06404250154806
1 45380U 20019W   23002.28132035 -.00000415  00000-0 -89092-5 0  9998
2 45380  53.0549 324.8788 0002188  46.3517 313.7653 15.06404250154817
1 45380U 20019W   23002.61305262  .00000488  00000-0  51680-4 0  9998
2 45380  53.0552 323.3889 0002242  46.7360 313.3815 15.06404056154852
1 45380U 20019W   23003.14384176  .00000408  00000-0  46316-4 0  9990
2 45380  53.0553 321.0067 0002021  45.3993 314.7161 15.06384996154936
1 45380U 20019W   23003.14384176  .00000408  00000-0  46316-4 0  9990
2 45380  53.0553 321.0067 0002021  45.3993 314.7161 15.06384996154947
1 45380U 20019W   23004.27173611  .00001227  00000-0  10125-3 0  9993
2 45380  53.0559 315.9450 0002099  43.2853 316.8300 15.06398843155101
1 45380U 20019W   23004.27173611  .00001227  00000-0  10125-3 0  9993
2 45380  53.0559 315.9450 0002099  43.2853 316.8300 15.06398843155112
1 45380U 20019W   23004.86884978  .00003221  00000-0  23503-3 0  9993
2 45380  53.0565 313.2646 0001920  42.1735 317.9401 15.06403051155196
1 45380U 20019W   23005.26692289  .00007042  00000-0  49089-3 0  9992
2 45380  53.0556 311.4770 0001885  51.1515 308.9642 15.06422591155265
1 45380U 20019W   23005.53230924  .00004878  00000-0  34597-3 0  9998
2 45380  53.0548 310.2850 0001908  51.8834 308.2327 15.06420290155299
1 45380U 20019W   23005.79769220  .00004202  00000-0  30063-3 0  9997
2 45380  53.0545 309.0940 0001955  51.4164 308.6999 15.06422916155337
1 45380U 20019W   23006.26213293 -.00012507  00000-0 -82272-3 0  9992
2 45380  53.0550 307.0090 0002109  45.7182 314.3979 15.06376693155416
1 45380U 20019W   23006.52751786 -.00011201  00000-0 -73466-3 0  9990
2 45380  53.0541 305.8172 0001631  45.2018 314.9103 15.06378432155457
1 45380U 20019W   23007.12464699  .00017585  00000-0  11967-2 0  9997
2 45380  53.0540 303.1366 0001625  45.9875 314.1247 15.06392407155542
1 45380U 20019W   23007.19099345  .00022321  00000-0  15126-2 0  9991
2 45380  53.0541 302.8387 0001685  53.5313 306.5831 15.06401477155542
1 45380U 20019W   23007.52272783  .00023593  00000-0  15969-2 0  9994
2 45380  53.0543 301.3491 0001800  56.6383 303.4778 15.06412953155596
1 45380U 20019W   23008.18620487  .00020058  00000-0  13621-2 0  9991
2 45380  53.0533 298.3714 0001590  62.4824 297.6327 15.06387929155700
1 45380U 20019W   23008.51793948  .00021385  00000-0  14501-2 0  9993
2 45380  53.0536 296.8815 0001624  65.1109 295.0049 15.06402084155749
1 45380U 20019W   23009.18140649  .00019388  00000-0  13166-2 0  9997
2 45380  53.0539 293.9036 0001174  61.9672 298.1436 15.06407617155846
1 45380U 20019W   23009.18140649  .00019388  00000-0  13166-2 0  9997
2 45380  53.0539 293.9036 0001174  61.9672 298.1436 15.06407617155857
1 45380U 20019W   23010.17660783  .00005249  00000-0  37096-3 0  9994
2 45380  53.0548 289.4353 0001396  64.0810 296.0323 15.06405164155995
1 45380U 20019W   23010.17660783  .00005249  00000-0  37096-3 0  9994
2 45380  53.0548 289.4353 0001396  64.0810 296.0323 15.06405164156008
1 45380U 20019W   23011.03912061  .00002398  00000-0  17987-3 0  9998
2 45380  53.0535 285.5642 0001877  61.7801 298.3378 15.06398761156122
1 45380U 20019W   23011.03912061  .00002398  00000-0  17987-3 0  9998
2 45380  53.0535 285.5642 0001877  61.7801 298.3378 15.06398761156133
1 45380U 20019W   23011.70258526  .00007226  00000-0  50336-3 0  9991
2 45380  53.0544 282.5827 0001581  74.4803 285.6360 15.06409692156226
1 45380U 20019W   23012.16701256  .00001700  00000-0  13300-3 0  9996
2 45380  53.0534 280.5003 0001595  73.9223 286.1941 15.06403337156304
1 45380U 20019W   23012.76413662 -.00002368  00000-0 -14014-3 0  9999
2 45380  53.0534 277.8195 0001407  75.3580 284.7565 15.06394228156392
1 45380U 20019W   23012.89683069 -.00002247  00000-0 -13204-3 0  9999
2 45380  53.0536 277.2235 0001392  74.0015 286.1127 15.06393974156404
1 45380U 20019W   23013.42760307  .00000066  00000-0  23336-4 0  9993
2 45380  53.0559 274.8423 0001537  77.6313 282.4848 15.06403661156484
1 45380U 20019W   23013.42760307  .00000066  00000-0  23336-4 0  9993
2 45380  53.0559 274.8423 0001537  77.6313 282.4848 15.06403661156495
1 45380U 20019W   23013.75934632 -.00000397  00000-0 -77648-5 0  9998
2 45380  53.0545 273.3524 0001673  82.1627 277.9552 15.06390148156537
1 45380U 20019W   23013.75934632 -.00000397  00000-0 -77648-5 0  9998
2 45380  53.0545 273.3524 0001673  82.1627 277.9552 15.06390148156548
1 45380U 20019W   23014.42280586  .00001267  00000-0  10396-3 0  9995
2 45380  53.0542 270.3733 0001629  79.6608 280.4564 15.06401105156644
1 45380U 20019W   23015.08627646  .00001905  00000-0  14674-3 0  9992
2 45380  53.0537 267.3943 0001564  78.8713 281.2452 15.06398206156735
1 45380U 20019W   23015.08627646  .00001905  00000-0  14674-3 0  9992
2 45380  53.0537 267.3943 0001564  78.8713 281.2452 15.06398206156746
1 45380U 20019W   23015.94876632  .00008293  00000-0  57455-3 0  9999
2 45380  53.0515 263.5215 0001503  86.4092 273.7068 15.06427984156868
1 45380U 20019W   23016.14779807  .00013048  00000-0  89206-3 0  9991
2 45380  53.0540 262.6285 0001496  85.0026 275.1134 15.06448080156901
1 45380U 20019W   23016.41321086 -.00009291  00000-0 -60602-3 0  9999
2 45380  53.0531 261.4367 0001779  97.9751 262.1440 15.06377619156938
1 45380U 20019W   23016.41321086 -.00009291  00000-0 -60602-3 0  9999
2 45380  53.0531 261.4367 0001779  97.9751 262.1440 15.06377619156949
1 45380U 20019W   23016.94400250 -.00011431  00000-0 -75062-3 0  9993
2 45380  53.0513 259.0538 0001617 109.0028 251.1136 15.06356679157017
1 45380U 20019W   23016.94400250 -.00011431  00000-0 -75062-3 0  9993
2 45380  53.0513 259.0538 0001617 109.0028 251.1136 15.06356679157028
1 45380U 20019W   23017.07669675 -.00014011  00000-0 -92489-3 0  9995
2 45380  53.0516 258.4586 0001637 110.2873 249.8292 15.06347529157033
1 45380U 20019W   23017.67384015  .00004926  00000-0  34980-3 0  9997
2 45380  53.0533 255.7791 0001518 115.5583 244.5563 15.06352628157123
1 45380U 20019W   23018.00558611  .00018934  00000-0  12878-2 0  9995
2 45380  53.0531 254.2898 0001505 119.3353 240.7786 15.06364307157184
1 45380U 20019W   23018.33732225  .00031659  00000-0  21350-2 0  9990
2 45380  53.0527 252.8006 0001500 120.7880 239.3257 15.06395593157223
1 45380U 20019W   23018.33732225  .00031659  00000-0  21350-2 0  9990
2 45380  53.0527 252.8006 0001500 120.7880 239.3257 15.06395593157234
1 45380U 20019W   23018.93443550  .00030284  00000-0  20414-2 0  9999
2 45380  53.0525 250.1199 0001414 123.0015 237.1110 15.06433925157311
1 45380U 20019W   23019.33250939  .00014909  00000-0  10168-2 0  9992
2 45380  53.0514 248.3336 0001269 125.7671 234.3436 15.06430569157373
1 45380U 20019W   23019.33250939  .00014909  00000-0  10168-2 0  9992
2 45380  53.0514 248.3336 0001269 125.7671 234.3436 15.06430569157384
1 45380U 20019W   23020.06231979  .00031620  00000-0  21307-2 0  9993
2 45380  53.0520 245.0567 0001085 130.5037 229.6047 15.06425256157491
1 45380U 20019W   23020.32770673  .00017201  00000-0  11703-2 0  9999
2 45380  53.0518 243.8631 0001203 112.9897 247.1219 15.06418014157520
1 45380U 20019W   23020.32770673  .00017201  00000-0  11703-2 0  9999
2 45380  53.0518 243.8631 0001203 112.9897 247.1219 15.06418014157531
1 45380U 20019W   23020.92482851  .00001630  00000-0  12829-3 0  9993
2 45380  53.0518 241.1847 0001346 113.8774 246.2356 15.06404703157625
1 45380U 20019W   23022.58349816  .00000754  00000-0  69534-4 0  9992
2 45380  53.0520 233.7384 0001271 104.6892 255.4238 15.06399869157871
1 45380U 20019W   23023.57868738 -.00009499  00000-0 -61935-3 0  9994
2 45380  53.0521 229.2699 0001067  92.2856 267.8255 15.06420584158029
1 45380U 20019W   23023.97678047  .00003023  00000-0  22172-3 0  9995
2 45380  53.0517 227.4826 0001169  98.9697 261.1424 15.06400037158087
1 45380U 20019W   23025.23737104  .00001152  00000-0  96181-4 0  9999
2 45380  53.0529 221.8230 0000997  94.0080 266.1023 15.06399182158277
1 45380U 20019W   23025.56910877  .00000102  00000-0  25756-4 0  9999
2 45380  53.0530 220.3337 0001036 105.3412 254.7692 15.06395727158312
1 45380U 20019W   23025.83449520 -.00000014  00000-0  17914-4 0  9991
2 45380  53.0530 219.1425 0000986 101.9048 258.2052 15.06396758158354
1 45380U 20019W   23025.83449520 -.00000014  00000-0  17914-4 0  9991
2 45380  53.0530 219.1425 0000986 101.9048 258.2052 15.06396758158365
1 45380U 20019W   23026.82969123  .00001294  00000-0  10576-3 0  9993
2 45380  53.0530 214.6749 0000967  98.4224 261.6875 15.06402468158513
1 45380U 20019W   23027.49316481  .00000831  00000-0  74688-4 0  9991
2 45380  53.0530 211.6962 0000970  90.5548 269.5552 15.06393937158602
1 45380U 20019W   23027.49316481  .00000831  00000-0  74688-4 0  9991
2 45380  53.0530 211.6962 0000970  90.5548 269.5552 15.06393937158613
1 45380U 20019W   23027.82489848  .00000900  00000-0  79316-4 0  9996
2 45380  53.0530 210.2068 0000985  89.8868 270.2234 15.06395812158651
1 45380U 20019W   23028.48836786 -.00000383  00000-0 -68225-5 0  9991
2 45380  53.0534 207.2282 0001097  86.6305 273.4809 15.06397980158757
1 45380U 20019W   23028.75375463 -.00000176  00000-0  70690-5 0  9999
2 45380  53.0536 206.0372 0001113  85.0398 275.0718 15.06397747158792
1 45380U 20019W   23028.75375463 -.00000176  00000-0  70690-5 0  9999
2 45380  53.0536 206.0372 0001113  85.0398 275.0718 15.06397747158804
1 45380U 20019W   23029.81529979  .00000809  00000-0  73163-4 0  9999
2 45380  53.0536 201.2711 0001088  84.7507 275.3606 15.06400142158967
1 45380U 20019W   23030.47877331  .00000167  00000-0  30103-4 0  9995
2 45380  53.0535 198.2920 0001082  88.0912 272.0201 15.06394422159053
1 45380U 20019W   23030.47877331  .00000167  00000-0  30103-4 0  9995
2 45380  53.0535 198.2920 0001082  88.0912 272.0201 15.06394422159064
1 45380U 20019W   23030.87685168  .00000362  00000-0  43189-4 0  9999
2 45380  53.0535 196.5047 0001061  92.0326 268.0784 15.06397852159113
1 45380U 20019W   23031.47397916 -.00000730  00000-0 -30125-4 0  9994
2 45380  53.0536 193.8234 0001127  97.8876 262.2241 15.06393782159200
1 45380U 20019W   23031.80570901 -.00002173  00000-0 -12699-3 0  9996
2 45380  53.0528 192.3339 0001309 109.7190 250.3940 15.06406030159255
