1 45386U 20019AC  22365.28722346  .00007479  00000-0  52017-3 0  9995
2 45386  53.0555 333.8258 0001392  96.3105 263.8043 15.06418587154508
1 45386U 20019AC  22365.28722346  .00007479  00000-0  52017-3 0  9995
2 45386  53.0555 333.8258 0001392  96.3105 263.8043 15.06418587154508
1 45386U 20019AC  22365.61895616  .00002843  00000-0  20961-3 0  9996
2 45386  53.0545 332.3357 0001373  94.1095 266.0051 15.06412880154553
1 45386U 20019AC  22365.61895616  .00002843  00000-0  20961-3 0  9996
2 45386  53.0545 332.3357 0001373  94.1095 266.0051 15.06412880154553
1 45386U 20019AC  23001.28244201 -.00001154  00000-0 -58626-4 0  9991
2 45386  53.0561 329.3578 0001416  88.9542 271.1609 15.06388937154650
1 45386U 20019AC  23001.41513977 -.00001861  00000-0 -10610-3 0  9990
2 45386  53.0548 328.7605 0001370  88.9086 271.2060 15.06384258154677
1 45386U 20019AC  23001.61418001 -.00002350  00000-0 -13894-3 0  9995
2 45386  53.0551 327.8666 0001385  91.8653 268.2495 15.06387850154700
1 45386U 20019AC  23002.27763578 -.00000619  00000-0 -22636-4 0  9991
2 45386  53.0550 324.8880 0001349  92.9803 267.1340 15.06405264154801
1 45386U 20019AC  23002.60936703  .00000437  00000-0  48193-4 0  9992
2 45386  53.0553 323.3988 0001358  91.6223 268.4922 15.06405384154857
1 45386U 20019AC  23003.14014926  .00001721  00000-0  13441-3 0  9990
2 45386  53.0550 321.0163 0001408  95.6361 264.4789 15.06392861154938
1 45386U 20019AC  23003.60458283  .00001244  00000-0  10242-3 0  9995
2 45386  53.0554 318.9315 0001420  89.0809 271.0343 15.06390915155001
1 45386U 20019AC  23004.06901770  .00000695  00000-0  65558-4 0  9990
2 45386  53.0556 316.8472 0001409  93.5303 266.5847 15.06385915155079
1 45386U 20019AC  23004.26805401  .00000376  00000-0  44126-4 0  9990
2 45386  53.0551 315.9531 0001464  98.2494 261.8661 15.06395095155100
1 45386U 20019AC  23004.26805401  .00000376  00000-0  44126-4 0  9990
2 45386  53.0551 315.9531 0001464  98.2494 261.8661 15.06395095155100
1 45386U 20019AC  23004.86515509 -.00002537  00000-0 -15137-3 0  9995
2 45386  53.0551 313.2729 0001383  89.5031 270.6117 15.06429456155192
1 45386U 20019AC  23004.86515509 -.00002537  00000-0 -15137-3 0  9995
2 45386  53.0551 313.2729 0001383  89.5031 270.6117 15.06429456155192
1 45386U 20019AC  23005.26324419  .00006398  00000-0  44788-3 0  9999
2 45386  53.0539 311.4855 0001497  98.2044 261.9115 15.06412194155254
1 45386U 20019AC  23005.26324419  .00006398  00000-0  44788-3 0  9999
2 45386  53.0539 311.4855 0001497  98.2044 261.9115 15.06412194155254
1 45386U 20019AC  23005.79401182  .00005792  00000-0  40719-3 0  9997
2 45386  53.0538 309.1022 0001462  97.3751 262.7404 15.06417692155337
1 45386U 20019AC  23006.52384306 -.00007971  00000-0 -51717-3 0  9990
2 45386  53.0547 305.8267 0001167  93.0138 267.0984 15.06378284155441
1 45386U 20019AC  23006.78923703 -.00005419  00000-0 -34536-3 0  9993
2 45386  53.0537 304.6340 0001299  95.1387 264.9750 15.06379275155486
1 45386U 20019AC  23007.12096979 -.00002774  00000-0 -16746-3 0  9992
2 45386  53.0534 303.1454 0001387  98.2526 261.8620 15.06387204155539
1 45386U 20019AC  23007.25366478 -.00002044  00000-0 -11841-3 0  9991
2 45386  53.0530 302.5495 0001387  97.5795 262.5352 15.06388027155559
1 45386U 20019AC  23007.78444428  .00002864  00000-0  21114-3 0  9993
2 45386  53.0548 300.1693 0001466 100.6677 259.4477 15.06384697155636
1 45386U 20019AC  23008.51425889  .00006947  00000-0  48483-3 0  9999
2 45386  53.0538 296.8918 0001452 100.3425 259.7727 15.06399843155741
1 45386U 20019AC  23008.51425889  .00006947  00000-0  48483-3 0  9999
2 45386  53.0538 296.8918 0001452 100.3425 259.7727 15.06399843155741
1 45386U 20019AC  23008.77964413  .00006921  00000-0  48300-3 0  9998
2 45386  53.0538 295.7003 0001407 102.7366 257.3780 15.06405354155786
1 45386U 20019AC  23009.50946079  .00000387  00000-0  44882-4 0  9990
2 45386  53.0537 292.4244 0001261 103.1624 256.9505 15.06396729155893
1 45386U 20019AC  23009.50946079  .00000387  00000-0  44882-4 0  9990
2 45386  53.0537 292.4244 0001261 103.1624 256.9505 15.06396729155893
1 45386U 20019AC  23010.17292280  .00003274  00000-0  23851-3 0  9993
2 45386  53.0533 289.4458 0001150 106.4943 253.6173 15.06408817155997
1 45386U 20019AC  23010.50465371  .00002539  00000-0  18924-3 0  9991
2 45386  53.0535 287.9565 0001195 102.2446 257.8676 15.06412057156044
1 45386U 20019AC  23011.16811773  .00005402  00000-0  38110-3 0  9996
2 45386  53.0542 284.9771 0001340 108.7826 251.3309 15.06418200156142
1 45386U 20019AC  23012.16333948 -.00001038  00000-0 -50805-4 0  9999
2 45386  53.0542 280.5103 0001330  95.1645 264.9496 15.06387378156294
1 45386U 20019AC  23012.89316031  .00001013  00000-0  86916-4 0  9996
2 45386  53.0537 277.2332 0001356  79.6525 280.4617 15.06390434156405
1 45386U 20019AC  23013.02585376  .00005008  00000-0  35491-3 0  9991
2 45386  53.0537 276.6402 0001361  93.1721 266.9424 15.06395145156422
1 45386U 20019AC  23013.02585376  .00005008  00000-0  35491-3 0  9991
2 45386  53.0537 276.6402 0001361  93.1721 266.9424 15.06395145156422
1 45386U 20019AC  23013.82201747  .00005967  00000-0  41909-3 0  9991
2 45386  53.0529 273.0645 0001213  90.1593 269.9535 15.06401866156540
1 45386U 20019AC  23014.08740065  .00012634  00000-0  86508-3 0  9994
2 45386  53.0529 271.8724 0001267  86.3573 273.7561 15.06418905156586
1 45386U 20019AC  23014.41913626  .00006776  00000-0  47324-3 0  9999
2 45386  53.0526 270.3837 0001740  81.5323 278.5863 15.06409806156632
1 45386U 20019AC  23015.41434207  .00000156  00000-0  29403-4 0  9998
2 45386  53.0547 265.9178 0001780  81.7824 278.3366 15.06396714156780
1 45386U 20019AC  23015.41434207  .00000156  00000-0  29403-4 0  9998
2 45386  53.0547 265.9178 0001780  81.7824 278.3366 15.06396714156780
1 45386U 20019AC  23015.94511332  .00000803  00000-0  72771-4 0  9996
2 45386  53.0523 263.5345 0001531  69.2399 290.8754 15.06404663156868
1 45386U 20019AC  23016.14414640  .00005985  00000-0  42011-3 0  9992
2 45386  53.0540 262.6359 0001433  92.5267 267.5886 15.06419238156890
1 45386U 20019AC  23016.40954858 -.00003129  00000-0 -19131-3 0  9998
2 45386  53.0531 261.4474 0001738  83.8242 276.2945 15.06385523156936
1 45386U 20019AC  23016.40954858 -.00003129  00000-0 -19131-3 0  9998
2 45386  53.0531 261.4474 0001738  83.8242 276.2945 15.06385523156936
1 45386U 20019AC  23016.94032729 -.00000029  00000-0  16971-4 0  9996
2 45386  53.0531 259.0656 0001397  83.0137 277.1011 15.06387873157011
1 45386U 20019AC  23017.47110215  .00003764  00000-0  27147-3 0  9996
2 45386  53.0525 256.6818 0001299  86.0983 274.0155 15.06396436157098
1 45386U 20019AC  23017.47110215  .00003764  00000-0  27147-3 0  9996
2 45386  53.0525 256.6818 0001299  86.0983 274.0155 15.06396436157098
1 45386U 20019AC  23017.73649092  .00009986  00000-0  68829-3 0  9999
2 45386  53.0526 255.4903 0001278  82.7754 277.3380 15.06401452157133
1 45386U 20019AC  23018.46630273  .00012139  00000-0  83206-3 0  9991
2 45386  53.0526 252.2147 0001301  78.9803 281.1332 15.06415572157247
1 45386U 20019AC  23018.93072567  .00010060  00000-0  69289-3 0  9995
2 45386  53.0525 250.1293 0001201  79.1705 280.9419 15.06419600157315
1 45386U 20019AC  23018.93072567  .00010060  00000-0  69289-3 0  9995
2 45386  53.0525 250.1293 0001201  79.1705 280.9419 15.06419600157315
1 45386U 20019AC  23019.32880753  .00000452  00000-0  49258-4 0  9992
2 45386  53.0524 248.3429 0001245  85.1917 274.9214 15.06404748157373
1 45386U 20019AC  23019.32880753  .00000452  00000-0  49258-4 0  9992
2 45386  53.0524 248.3429 0001245  85.1917 274.9214 15.06404748157373
1 45386U 20019AC  23019.66054471 -.00003154  00000-0 -19298-3 0  9993
2 45386  53.0522 246.8531 0001084  97.7605 262.3507 15.06393139157425
1 45386U 20019AC  23020.32401510  .00004112  00000-0  29479-3 0  9993
2 45386  53.0518 243.8745 0001035  95.9419 264.1687 15.06397990157522
1 45386U 20019AC  23020.92113901  .00009859  00000-0  67980-3 0  9995
2 45386  53.0513 241.1938 0001010  98.6038 261.5066 15.06402921157615
1 45386U 20019AC  23021.58460689  .00004749  00000-0  33744-3 0  9990
2 45386  53.0512 238.2146 0001024  91.5855 268.5252 15.06402771157714
1 45386U 20019AC  23022.71250454  .00002916  00000-0  21454-3 0  9992
2 45386  53.0514 233.1502 0001062  89.1924 270.9186 15.06401341157881
1 45386U 20019AC  23023.84039842  .00003814  00000-0  27471-3 0  9996
2 45386  53.0524 228.0884 0001103  74.7143 285.3968 15.06407263158054
1 45386U 20019AC  23024.37117538  .00003054  00000-0  22385-3 0  9999
2 45386  53.0518 225.7050 0001134  75.6710 284.4405 15.06399974158134
1 45386U 20019AC  23024.76925986  .00004488  00000-0  32003-3 0  9996
2 45386  53.0525 223.9185 0001082  69.8567 290.2538 15.06392508158192
1 45386U 20019AC  23025.56541988  .00000586  00000-0  58249-4 0  9997
2 45386  53.0535 220.3447 0001155  69.3961 290.7152 15.06399513158313
1 45386U 20019AC  23025.83080589  .00000322  00000-0  40492-4 0  9991
2 45386  53.0535 219.1525 0001091  81.3012 278.8101 15.06399780158357
1 45386U 20019AC  23025.83080589  .00000322  00000-0  40492-4 0  9991
2 45386  53.0535 219.1525 0001091  81.3012 278.8101 15.06399780158357
1 45386U 20019AC  23026.49427296  .00001336  00000-0  10857-3 0  9991
2 45386  53.0536 216.1737 0001056  85.8833 274.2276 15.06399059158454
1 45386U 20019AC  23027.22408586  .00001188  00000-0  98592-4 0  9992
2 45386  53.0536 212.8976 0001067  85.0102 275.1008 15.06400579158560
1 45386U 20019AC  23027.48947845  .00000600  00000-0  59200-4 0  9997
2 45386  53.0535 211.7062 0001110  83.9168 276.1948 15.06394184158604
1 45386U 20019AC  23027.48947845  .00000600  00000-0  59200-4 0  9997
2 45386  53.0535 211.7062 0001110  83.9168 276.1948 15.06394184158604
1 45386U 20019AC  23027.82121240  .00000476  00000-0  50824-4 0  9992
2 45386  53.0534 210.2168 0001124  82.5310 277.5807 15.06395512158653
1 45386U 20019AC  23028.48468079 -.00000196  00000-0  57371-5 0  9994
2 45386  53.0536 207.2381 0001222  84.8368 275.2760 15.06397272158754
1 45386U 20019AC  23028.88275875 -.00000377  00000-0 -64413-5 0  9995
2 45386  53.0536 205.4508 0001192  85.5739 274.5386 15.06401118158819
1 45386U 20019AC  23028.88275875 -.00000377  00000-0 -64413-5 0  9995
2 45386  53.0536 205.4508 0001192  85.5739 274.5386 15.06401118158819
1 45386U 20019AC  23029.87796065  .00000781  00000-0  71333-4 0  9999
2 45386  53.0537 200.9825 0001196  88.2580 271.8545 15.06398284158962
1 45386U 20019AC  23030.47509087  .00000528  00000-0  54333-4 0  9993
2 45386  53.0549 198.2999 0001077  98.6058 261.5053 15.06386452159054
1 45386U 20019AC  23030.47509087  .00000528  00000-0  54333-4 0  9993
2 45386  53.0549 198.2999 0001077  98.6058 261.5053 15.06386452159054
1 45386U 20019AC  23031.47029047  .00000047  00000-0  22024-4 0  9995
2 45386  53.0546 193.8319 0001259 106.8347 253.2780 15.06396842159209
1 45386U 20019AC  23031.47029047  .00000047  00000-0  22024-4 0  9995
2 45386  53.0546 193.8319 0001259 106.8347 253.2780 15.06396842159209
1 45386U 20019AC  23031.80202284  .00000324  00000-0  40627-4 0  9995
2 45386  53.0545 192.3469 0001141  80.7494 279.3624 15.06400751159257
