1 45391U 20019AH  22365.31209221  .00004163  00000-0  29825-3 0  9995
2 45391  53.0545 333.7161 0001457  73.5795 286.5354 15.06397188154239
1 45391U 20019AH  22365.64382263  .00004863  00000-0  34511-3 0  9994
2 45391  53.0547 332.2270 0001453  73.9079 286.2070 15.06404398154280
1 45391U 20019AH  23001.17460599  .00003078  00000-0  22545-3 0  9990
2 45391  53.0537 329.8449 0001553  74.8551 285.2610 15.06401262154360
1 45391U 20019AH  23001.17460599  .00003078  00000-0  22545-3 0  9990
2 45391  53.0537 329.8449 0001553  74.8551 285.2610 15.06401262154360
1 45391U 20019AH  23001.63904252  .00002377  00000-0  17847-3 0  9990
2 45391  53.0545 327.7595 0001441  74.5779 285.5369 15.06385927154434
1 45391U 20019AH  23001.63904252  .00002377  00000-0  17847-3 0  9990
2 45391  53.0545 327.7595 0001441  74.5779 285.5369 15.06385927154434
1 45391U 20019AH  23002.23615161  .00001192  00000-0  98911-4 0  9991
2 45391  53.0537 325.0788 0001529  74.2983 285.8174 15.06408102154529
1 45391U 20019AH  23002.36884363  .00002223  00000-0  16802-3 0  9991
2 45391  53.0538 324.4830 0001512  75.2700 284.8456 15.06410824154549
1 45391U 20019AH  23003.23136263  .00008167  00000-0  56669-3 0  9995
2 45391  53.0539 320.6109 0001520  80.3317 279.7843 15.06388599154677
1 45391U 20019AH  23003.56309762  .00005593  00000-0  39420-3 0  9993
2 45391  53.0537 319.1212 0001516  79.7683 280.3477 15.06387564154724
1 45391U 20019AH  23004.55828877  .00000942  00000-0  82104-4 0  9997
2 45391  53.0547 314.6541 0001484  75.4485 284.6668 15.06406010154870
1 45391U 20019AH  23004.55828877  .00000942  00000-0  82104-4 0  9997
2 45391  53.0547 314.6541 0001484  75.4485 284.6668 15.06406010154870
1 45391U 20019AH  23005.55348334  .00001490  00000-0  11887-3 0  9991
2 45391  53.0548 310.1861 0001305  76.1602 283.9532 15.06407863155025
1 45391U 20019AH  23006.28330623  .00000440  00000-0  48430-4 0  9993
2 45391  53.0546 306.9105 0001449  78.5583 281.5569 15.06397439155133
1 45391U 20019AH  23006.54870460 -.00001544  00000-0 -84848-4 0  9991
2 45391  53.0541 305.7191 0001270  75.6034 284.5096 15.06386299155175
1 45391U 20019AH  23006.54870460 -.00001544  00000-0 -84848-4 0  9991
2 45391  53.0541 305.7191 0001270  75.6034 284.5096 15.06386299155175
1 45391U 20019AH  23007.21216994 -.00000786  00000-0 -33920-4 0  9994
2 45391  53.0543 302.7404 0001334  75.7522 284.3615 15.06391963155275
1 45391U 20019AH  23007.21216994 -.00000786  00000-0 -33920-4 0  9994
2 45391  53.0543 302.7404 0001334  75.7522 284.3615 15.06391963155275
1 45391U 20019AH  23008.07467153  .00000776  00000-0  70973-4 0  9990
2 45391  53.0544 298.8681 0001086  77.2393 282.8717 15.06398762155400
1 45391U 20019AH  23008.20737410  .00008158  00000-0  56644-3 0  9991
2 45391  53.0544 298.2725 0001268  88.7575 271.3560 15.06364167155427
1 45391U 20019AH  23008.20737410  .00008158  00000-0  56644-3 0  9991
2 45391  53.0544 298.2725 0001268  88.7575 271.3560 15.06364167155427
1 45391U 20019AH  23009.06988495  .00001442  00000-0  11573-3 0  9998
2 45391  53.0535 294.4010 0001211  75.1799 284.9325 15.06389648155552
1 45391U 20019AH  23009.20257679  .00002066  00000-0  15757-3 0  9998
2 45391  53.0543 293.8052 0001371  76.7172 283.3969 15.06391501155579
1 45391U 20019AH  23010.19777667 -.00002843  00000-0 -17196-3 0  9996
2 45391  53.0543 289.3370 0001492  76.4191 283.6964 15.06411987155720
1 45391U 20019AH  23010.46317245  .00000559  00000-0  56434-4 0  9997
2 45391  53.0543 288.1454 0001469  78.9930 281.1224 15.06391275155765
1 45391U 20019AH  23010.46317245  .00000559  00000-0  56434-4 0  9997
2 45391  53.0543 288.1454 0001469  78.9930 281.1224 15.06391275155765
1 45391U 20019AH  23010.79490714  .00000358  00000-0  42914-4 0  9991
2 45391  53.0546 286.6558 0001474  77.5280 282.5874 15.06392262155814
1 45391U 20019AH  23011.45838267 -.00000397  00000-0 -77865-5 0  9993
2 45391  53.0544 283.6775 0001382  81.3438 278.7708 15.06387509155918
1 45391U 20019AH  23011.72377624 -.00000939  00000-0 -44143-4 0  9992
2 45391  53.0538 282.4864 0001642  82.1610 277.9566 15.06383667155955
1 45391U 20019AH  23011.72377624 -.00000939  00000-0 -44143-4 0  9992
2 45391  53.0538 282.4864 0001642  82.1610 277.9566 15.06383667155955
1 45391U 20019AH  23012.45359056  .00000658  00000-0  63066-4 0  9993
2 45391  53.0536 279.2101 0001509  85.2694 274.8467 15.06389762156060
1 45391U 20019AH  23012.91801183  .00001775  00000-0  13800-3 0  9998
2 45391  53.0528 277.1254 0001285  86.7970 273.3166 15.06399440156133
1 45391U 20019AH  23012.98435833  .00002004  00000-0  15341-3 0  9998
2 45391  53.0527 276.8279 0001247  87.2044 272.9087 15.06400180156143
1 45391U 20019AH  23013.44878785  .00001280  00000-0  10478-3 0  9998
2 45391  53.0530 274.7424 0001284  79.3575 280.7559 15.06400196156214
1 45391U 20019AH  23013.71418146  .00003011  00000-0  22100-3 0  9998
2 45391  53.0521 273.5508 0001243  90.6005 269.5127 15.06389799156258
1 45391U 20019AH  23013.71418146  .00003011  00000-0  22100-3 0  9998
2 45391  53.0521 273.5508 0001243  90.6005 269.5127 15.06389799156258
1 45391U 20019AH  23014.44399345  .00003428  00000-0  24889-3 0  9996
2 45391  53.0514 270.2736 0001269  90.8900 269.2235 15.06404392156367
1 45391U 20019AH  23015.50554397  .00000929  00000-0  81267-4 0  9991
2 45391  53.0499 265.5076 0001433  88.2293 271.8860 15.06397963156528
1 45391U 20019AH  23015.50554397  .00000929  00000-0  81267-4 0  9991
2 45391  53.0499 265.5076 0001433  88.2293 271.8860 15.06397963156528
1 45391U 20019AH  23015.90362297  .00001222  00000-0  10091-3 0  9994
2 45391  53.0515 263.7226 0001373  81.8813 278.2332 15.06402243156583
1 45391U 20019AH  23016.36804981  .00000119  00000-0  26907-4 0  9994
2 45391  53.0522 261.6356 0001283  88.2753 271.8383 15.06399816156650
1 45391U 20019AH  23016.76614695 -.00001392  00000-0 -74619-4 0  9998
2 45391  53.0521 259.8509 0001250  82.9903 277.1228 15.06384780156718
1 45391U 20019AH  23016.76614695 -.00001392  00000-0 -74619-4 0  9998
2 45391  53.0521 259.8509 0001250  82.9903 277.1228 15.06384780156718
1 45391U 20019AH  23017.36326297 -.00000228  00000-0  35521-5 0  9999
2 45391  53.0514 257.1693 0001274  83.6899 276.4235 15.06390511156802
1 45391U 20019AH  23017.62865034  .00001142  00000-0  95577-4 0  9996
2 45391  53.0514 255.9775 0001246  86.2219 273.8912 15.06393292156849
1 45391U 20019AH  23017.89403657  .00001850  00000-0  14307-3 0  9991
2 45391  53.0515 254.7864 0001275  86.3913 273.7222 15.06397005156883
1 45391U 20019AH  23018.35846281  .00002290  00000-0  17259-3 0  9995
2 45391  53.0516 252.7011 0001252  83.9823 276.1308 15.06403342156956
1 45391U 20019AH  23018.35846281  .00002290  00000-0  17259-3 0  9995
2 45391  53.0516 252.7011 0001252  83.9823 276.1308 15.06403342156956
1 45391U 20019AH  23018.88927279 -.00008513  00000-0 -55403-3 0  9999
2 45391  53.0514 250.3181 0001667  77.5381 282.5795 15.06349504157034
1 45391U 20019AH  23018.88927279 -.00008513  00000-0 -55403-3 0  9999
2 45391  53.0514 250.3181 0001667  77.5381 282.5795 15.06349504157034
1 45391U 20019AH  23019.02195196  .00006247  00000-0  43798-3 0  9995
2 45391  53.0513 249.7224 0001320  80.3846 279.7292 15.06394529157056
1 45391U 20019AH  23019.61907778  .00006531  00000-0  45696-3 0  9992
2 45391  53.0507 247.0416 0001328  82.4579 277.6561 15.06397098157147
1 45391U 20019AH  23020.41523536  .00013715  00000-0  93736-3 0  9998
2 45391  53.0500 243.4688 0001485  77.7402 282.3753 15.06417677157262
1 45391U 20019AH  23020.41523536  .00013715  00000-0  93736-3 0  9998
2 45391  53.0500 243.4688 0001485  77.7402 282.3753 15.06417677157262
1 45391U 20019AH  23021.87484628  .00000461  00000-0  49857-4 0  9997
2 45391  53.0497 236.9153 0001578  87.0501 273.0668 15.06413919157489
1 45391U 20019AH  23022.60466315  .00001414  00000-0  11381-3 0  9991
2 45391  53.0502 233.6388 0001203  84.9306 275.1820 15.06400835157592
1 45391U 20019AH  23023.79890662  .00000680  00000-0  64542-4 0  9990
2 45391  53.0506 228.2757 0001140  84.8164 275.2955 15.06398180157776
1 45391U 20019AH  23024.52873359 -.00002449  00000-0 -14568-3 0  9995
2 45391  53.0521 225.0036 0000951  70.2713 289.8378 15.06380987157884
1 45391U 20019AH  23024.79413134 -.00001713  00000-0 -96197-4 0  9997
2 45391  53.0521 223.8044 0001333 142.3525 217.7557 15.06377229157925
1 45391U 20019AH  23025.32490752 -.00000568  00000-0 -19231-4 0  9999
2 45391  53.0513 221.4250 0001102  98.3271 261.7843 15.06383792158000
1 45391U 20019AH  23025.32490752 -.00000568  00000-0 -19231-4 0  9999
2 45391  53.0513 221.4250 0001102  98.3271 261.7843 15.06383792158000
1 45391U 20019AH  23025.72298563  .00000763  00000-0  70103-4 0  9999
2 45391  53.0514 219.6386 0000993 103.1422 256.9677 15.06390147158069
1 45391U 20019AH  23025.72298563  .00000763  00000-0  70103-4 0  9999
2 45391  53.0514 219.6386 0000993 103.1422 256.9677 15.06390147158069
1 45391U 20019AH  23025.85567857  .00000726  00000-0  67646-4 0  9995
2 45391  53.0513 219.0424 0001052 111.1315 248.9786 15.06393170158085
1 45391U 20019AH  23026.85088876  .00006530  00000-0  45690-3 0  9998
2 45391  53.0508 214.5742 0001076 101.6660 258.4450 15.06396959158234
1 45391U 20019AH  23027.51435221  .00005176  00000-0  36602-3 0  9990
2 45391  53.0507 211.5954 0001070  99.6858 260.4252 15.06408155158330
1 45391U 20019AH  23027.77973590  .00006397  00000-0  44777-3 0  9992
2 45391  53.0507 210.4040 0001055  98.8835 261.2273 15.06414798158379
1 45391U 20019AH  23028.50954425  .00003125  00000-0  22847-3 0  9990
2 45391  53.0507 207.1275 0001103  96.8389 263.2725 15.06414113158485
1 45391U 20019AH  23028.50954425  .00003125  00000-0  22847-3 0  9990
2 45391  53.0507 207.1275 0001103  96.8389 263.2725 15.06414113158485
1 45391U 20019AH  23028.77492776  .00002960  00000-0  21742-3 0  9994
2 45391  53.0507 205.9362 0001098  94.4124 265.6990 15.06416152158522
1 45391U 20019AH  23029.43839638 -.00001263  00000-0 -65910-4 0  9993
2 45391  53.0505 202.9576 0001102  93.5094 266.6021 15.06403042158627
1 45391U 20019AH  23029.70378554 -.00000346  00000-0 -43594-5 0  9994
2 45391  53.0515 201.7663 0001077  94.6944 265.4167 15.06403292158668
1 45391U 20019AH  23030.49995023 -.00001223  00000-0 -63254-4 0  9997
2 45391  53.0517 198.1920 0001090  93.3768 266.7346 15.06396320158789
1 45391U 20019AH  23030.56629674 -.00001195  00000-0 -61364-4 0  9999
2 45391  53.0516 197.8940 0001093  93.2733 266.8381 15.06396584158793
1 45391U 20019AH  23030.83168229 -.00000980  00000-0 -46931-4 0  9997
2 45391  53.0516 196.7026 0001095  92.6237 267.4877 15.06398466158833
1 45391U 20019AH  23031.56149458  .00000673  00000-0  64094-4 0  9998
2 45391  53.0518 193.4257 0001084  94.9798 265.1314 15.06396985158947
