1 45399U 20019AR  22365.16283574  .00011346  00000-0  77898-3 0  9993
2 45399  53.0551 324.3737 0002193  48.6827 311.4351 15.06417941154433
1 45399U 20019AR  22365.16283574  .00011346  00000-0  77898-3 0  9993
2 45399  53.0551 324.3737 0002193  48.6827 311.4351 15.06417941154433
1 45399U 20019AR  22365.62726032  .00008576  00000-0  59363-3 0  9993
2 45399  53.0532 322.2893 0002227  47.8532 312.2645 15.06420303154503
1 45399U 20019AR  22365.62726032  .00008576  00000-0  59363-3 0  9993
2 45399  53.0532 322.2893 0002227  47.8532 312.2645 15.06420303154503
1 45399U 20019AR  23001.29072936 -.00005050  00000-0 -32034-3 0  9993
2 45399  53.0553 319.3109 0002091  45.8120 314.3041 15.06397805154607
1 45399U 20019AR  23001.35707832 -.00003548  00000-0 -21942-3 0  9996
2 45399  53.0551 319.0129 0002054  45.5657 314.5499 15.06395482154614
1 45399U 20019AR  23002.55132045  .00000016  00000-0  20011-4 0  9999
2 45399  53.0552 313.6520 0002068  48.4994 311.6172 15.06407741154798
1 45399U 20019AR  23002.81671412  .00004122  00000-0  29550-3 0  9992
2 45399  53.0549 312.4609 0001988  47.7573 312.3585 15.06398842154836
1 45399U 20019AR  23002.81671412  .00004122  00000-0  29550-3 0  9992
2 45399  53.0549 312.4609 0001988  47.7573 312.3585 15.06398842154836
1 45399U 20019AR  23003.54653617 -.00001980  00000-0 -11411-3 0  9998
2 45399  53.0553 309.1836 0002084  47.7500 312.3665 15.06387641154940
1 45399U 20019AR  23003.54653617 -.00001980  00000-0 -11411-3 0  9998
2 45399  53.0553 309.1836 0002084  47.7500 312.3665 15.06387641154940
1 45399U 20019AR  23004.54174282  .00017091  00000-0  11630-2 0  9995
2 45399  53.0549 304.7171 0001966  49.3993 310.7167 15.06414609155091
1 45399U 20019AR  23004.54174282  .00017091  00000-0  11630-2 0  9995
2 45399  53.0549 304.7171 0001966  49.3993 310.7167 15.06414609155091
1 45399U 20019AR  23005.20519504  .00025634  00000-0  17309-2 0  9990
2 45399  53.0547 301.7390 0001976  50.9577 309.1587 15.06456489155197
1 45399U 20019AR  23005.53692493  .00018648  00000-0  12659-2 0  9995
2 45399  53.0548 300.2492 0002007  53.4097 306.7076 15.06446829155245
1 45399U 20019AR  23005.53692493  .00018648  00000-0  12659-2 0  9995
2 45399  53.0548 300.2492 0002007  53.4097 306.7076 15.06446829155245
1 45399U 20019AR  23005.80230618  .00011346  00000-0  77849-3 0  9993
2 45399  53.0540 299.0587 0002103  55.0818 305.0368 15.06441538155285
1 45399U 20019AR  23005.80230618  .00011346  00000-0  77849-3 0  9993
2 45399  53.0540 299.0587 0002103  55.0818 305.0368 15.06441538155285
1 45399U 20019AR  23006.53213290 -.00002276  00000-0 -13391-3 0  9997
2 45399  53.0544 295.7855 0002572  41.3366 318.7817 15.06390424155395
1 45399U 20019AR  23007.06291745  .00002742  00000-0  20308-3 0  9999
2 45399  53.0545 293.4005 0001945  47.8084 312.3070 15.06373936155478
1 45399U 20019AR  23007.06291745  .00002742  00000-0  20308-3 0  9999
2 45399  53.0545 293.4005 0001945  47.8084 312.3070 15.06373936155478
1 45399U 20019AR  23008.05812448  .00011700  00000-0  80302-3 0  9992
2 45399  53.0548 288.9314 0001968  54.5111 305.6061 15.06401340155627
1 45399U 20019AR  23008.05812448  .00011700  00000-0  80302-3 0  9992
2 45399  53.0548 288.9314 0001968  54.5111 305.6061 15.06401340155627
1 45399U 20019AR  23009.05332515  .00005467  00000-0  38557-3 0  9993
2 45399  53.0545 284.4640 0002015  57.3404 302.7779 15.06406393155770
1 45399U 20019AR  23009.45140392  .00004260  00000-0  30464-3 0  9996
2 45399  53.0551 282.6768 0002005  56.2118 303.9062 15.06407675155836
1 45399U 20019AR  23010.04852581  .00005660  00000-0  39855-3 0  9991
2 45399  53.0567 279.9961 0002152  59.8960 300.2242 15.06403526155925
1 45399U 20019AR  23010.44660680  .00000364  00000-0  43363-4 0  9998
2 45399  53.0541 278.2103 0001787  58.0032 302.1130 15.06398782155981
1 45399U 20019AR  23010.84468965 -.00001542  00000-0 -84636-4 0  9993
2 45399  53.0535 276.4225 0001871  59.7787 300.3387 15.06394445156042
1 45399U 20019AR  23011.50814960  .00002341  00000-0  17594-3 0  9991
2 45399  53.0535 273.4448 0001788  57.5140 302.6022 15.06409800156146
1 45399U 20019AR  23011.50814960  .00002341  00000-0  17594-3 0  9991
2 45399  53.0535 273.4448 0001788  57.5140 302.6022 15.06409800156146
1 45399U 20019AR  23011.83988455  .00002131  00000-0  16187-3 0  9992
2 45399  53.0534 271.9550 0001620  54.6595 305.4545 15.06405144156192
1 45399U 20019AR  23012.76874218 -.00001020  00000-0 -49590-4 0  9999
2 45399  53.0537 267.7854 0001759  53.9314 306.1837 15.06391279156330
1 45399U 20019AR  23012.90143537 -.00000326  00000-0 -29676-5 0  9990
2 45399  53.0538 267.1893 0001669  54.8113 305.3032 15.06393644156353
1 45399U 20019AR  23013.43220742 -.00001426  00000-0 -76819-4 0  9995
2 45399  53.0537 264.8067 0001667  54.5982 305.5162 15.06398591156439
1 45399U 20019AR  23013.43220742 -.00001426  00000-0 -76819-4 0  9995
2 45399  53.0537 264.8067 0001667  54.5982 305.5162 15.06398591156439
1 45399U 20019AR  23013.69760482  .00001372  00000-0  11104-3 0  9996
2 45399  53.0560 263.6156 0001543  61.8214 298.2930 15.06383865156476
1 45399U 20019AR  23013.83029893 -.00002000  00000-0 -11546-3 0  9997
2 45399  53.0538 263.0197 0001732  59.9775 300.1386 15.06384499156494
1 45399U 20019AR  23014.09568200 -.00000300  00000-0 -12105-5 0  9991
2 45399  53.0537 261.8276 0001641  62.0393 298.0761 15.06395368156531
1 45399U 20019AR  23014.95820166  .00002011  00000-0  15389-3 0  9992
2 45399  53.0540 257.9566 0001480  61.7546 298.3592 15.06386193156665
1 45399U 20019AR  23015.62167671  .00002238  00000-0  16913-3 0  9997
2 45399  53.0524 254.9778 0001608  71.6542 288.4622 15.06384973156766
1 45399U 20019AR  23015.95340508  .00008570  00000-0  59343-3 0  9994
2 45399  53.0533 253.4882 0001371  75.2068 284.9072 15.06406718156814
1 45399U 20019AR  23015.95340508  .00008570  00000-0  59343-3 0  9994
2 45399  53.0533 253.4882 0001371  75.2068 284.9072 15.06406718156814
1 45399U 20019AR  23016.35148974  .00004745  00000-0  33725-3 0  9998
2 45399  53.0523 251.7037 0001213  91.1277 268.9851 15.06396466156871
1 45399U 20019AR  23016.35148974  .00004745  00000-0  33725-3 0  9998
2 45399  53.0523 251.7037 0001213  91.1277 268.9851 15.06396466156871
1 45399U 20019AR  23016.74958226 -.00004284  00000-0 -26904-3 0  9991
2 45399  53.0523 249.9111 0002227  93.1196 267.0047 15.06373936156932
1 45399U 20019AR  23016.74958226 -.00004284  00000-0 -26904-3 0  9991
2 45399  53.0523 249.9111 0002227  93.1196 267.0047 15.06373936156932
1 45399U 20019AR  23017.34670375  .00001327  00000-0  10798-3 0  9991
2 45399  53.0533 247.2340 0001379  90.3447 269.7700 15.06388782157024
1 45399U 20019AR  23017.34670375  .00001327  00000-0  10798-3 0  9991
2 45399  53.0533 247.2340 0001379  90.3447 269.7700 15.06388782157024
1 45399U 20019AR  23017.74478423  .00004229  00000-0  30267-3 0  9992
2 45399  53.0532 245.4469 0001256  92.9579 267.1554 15.06397755157088
1 45399U 20019AR  23018.40825275  .00010596  00000-0  72893-3 0  9992
2 45399  53.0525 242.4689 0001267  95.0651 265.0482 15.06410513157184
1 45399U 20019AR  23018.40825275  .00010596  00000-0  72893-3 0  9992
2 45399  53.0525 242.4689 0001267  95.0651 265.0482 15.06410513157184
1 45399U 20019AR  23018.87267602  .00009454  00000-0  65241-3 0  9997
2 45399  53.0523 240.3840 0001301  93.6930 266.4207 15.06417155157258
1 45399U 20019AR  23019.33710593  .00000997  00000-0  85809-4 0  9997
2 45399  53.0528 238.2988 0001604  84.2228 275.8943 15.06401369157323
1 45399U 20019AR  23019.33710593  .00000997  00000-0  85809-4 0  9997
2 45399  53.0528 238.2988 0001604  84.2228 275.8943 15.06401369157323
1 45399U 20019AR  23019.86788353 -.00000628  00000-0 -23289-4 0  9991
2 45399  53.0517 235.9161 0001456  91.1437 268.9719 15.06394371157409
1 45399U 20019AR  23019.86788353 -.00000628  00000-0 -23289-4 0  9991
2 45399  53.0517 235.9161 0001456  91.1437 268.9719 15.06394371157409
1 45399U 20019AR  23020.86308438  .00008745  00000-0  60510-3 0  9998
2 45399  53.0523 231.4486 0001304  83.3375 276.7763 15.06408360157559
1 45399U 20019AR  23021.39385861  .00003088  00000-0  22607-3 0  9992
2 45399  53.0523 229.0655 0001305  82.6238 277.4899 15.06403203157639
1 45399U 20019AR  23022.65445058 -.00001907  00000-0 -10918-3 0  9999
2 45399  53.0525 223.4064 0001298  83.7398 276.3739 15.06392552157829
1 45399U 20019AR  23023.84869302  .00001364  00000-0  11044-3 0  9999
2 45399  53.0543 218.0446 0001244  87.0285 273.0847 15.06399665158003
1 45399U 20019AR  23025.24197860  .00000921  00000-0  80731-4 0  9996
2 45399  53.0544 211.7898 0001237  83.1253 276.9876 15.06398028158218
1 45399U 20019AR  23025.70640780  .00000431  00000-0  47799-4 0  9994
2 45399  53.0542 209.7051 0001266  83.2659 276.8474 15.06397133158283
1 45399U 20019AR  23026.50256527  .00000762  00000-0  70025-4 0  9990
2 45399  53.0538 206.1310 0001350  84.4023 275.7120 15.06401527158402
1 45399U 20019AR  23026.63525793  .00000802  00000-0  72730-4 0  9998
2 45399  53.0539 205.5353 0001346  84.2523 275.8619 15.06402377158421
1 45399U 20019AR  23027.49777227  .00000280  00000-0  37711-4 0  9994
2 45399  53.0551 201.6625 0001414  86.7367 273.3784 15.06393840158557
1 45399U 20019AR  23027.49777227  .00000280  00000-0  37711-4 0  9994
2 45399  53.0551 201.6625 0001414  86.7367 273.3784 15.06393840158557
1 45399U 20019AR  23027.82950391  .00000684  00000-0  64782-4 0  9992
2 45399  53.0557 200.1740 0001205  82.7977 277.3149 15.06397774158601
1 45399U 20019AR  23028.42662704 -.00000196  00000-0  57344-5 0  9993
2 45399  53.0554 197.4929 0001157  85.8334 274.2787 15.06398279158696
1 45399U 20019AR  23028.89105010  .00000421  00000-0  47121-4 0  9997
2 45399  53.0554 195.4081 0001196  86.5439 273.5687 15.06403040158762
1 45399U 20019AR  23029.15644253 -.00000398  00000-0 -78518-5 0  9994
2 45399  53.0559 194.2157 0001298  85.4132 274.7005 15.06397440158807
1 45399U 20019AR  23029.42183483  .00001017  00000-0  87178-4 0  9995
2 45399  53.0559 193.0258 0000985  95.3834 264.7267 15.06385602158847
1 45399U 20019AR  23029.75356599  .00000357  00000-0  42878-4 0  9995
2 45399  53.0556 191.5362 0001119  86.5283 273.5834 15.06395354158891
1 45399U 20019AR  23030.15164685 -.00000100  00000-0  12192-4 0  9997
2 45399  53.0554 189.7492 0001013  99.8074 260.3030 15.06396589158950
1 45399U 20019AR  23030.48338396  .00000213  00000-0  33186-4 0  9995
2 45399  53.0554 188.2601 0001184  88.1454 271.9671 15.06393965159009
1 45399U 20019AR  23031.14685027 -.00000572  00000-0 -19507-4 0  9996
2 45399  53.0553 185.2816 0001170  85.4967 274.6155 15.06399913159104
1 45399U 20019AR  23031.81031891  .00000832  00000-0  74707-4 0  9994
2 45399  53.0554 182.3034 0001138  83.4345 276.6774 15.06397734159206
1 45399U 20019AR  23031.81031891  .00000832  00000-0  74707-4 0  9994
2 45399  53.0554 182.3034 0001138  83.4345 276.6774 15.06397734159206
