1 45405U 20019AX  22365.18126522  .00009718  00000-0  67012-3 0  9999
2 45405  53.0555 324.3161 0002398  39.7002 320.4163 15.06413632154343
1 45405U 20019AX  22365.31395786  .00013485  00000-0  92187-3 0  9991
2 45405  53.0553 323.7202 0002421  39.8718 320.2448 15.06424186154364
1 45405U 20019AX  22365.57934378  .00009794  00000-0  67505-3 0  9999
2 45405  53.0553 322.5281 0002486  40.5937 319.5237 15.06424517154401
1 45405U 20019AX  22365.91107507  .00004257  00000-0  30437-3 0  9996
2 45405  53.0555 321.0402 0002355  42.1242 317.9927 15.06420049154453
1 45405U 20019AX  23001.24281109 -.00009984  00000-0 -65230-3 0  9994
2 45405  53.0548 319.5496 0002438  37.8754 322.2407 15.06394796154508
1 45405U 20019AX  23001.57454950 -.00005225  00000-0 -33223-3 0  9997
2 45405  53.0552 318.0610 0002452  41.1229 318.9945 15.06386334154559
1 45405U 20019AX  23001.90628917 -.00006600  00000-0 -42479-3 0  9991
2 45405  53.0551 316.5717 0002404  36.5200 323.5952 15.06376838154607
1 45405U 20019AX  23002.56976524  .00005692  00000-0  40087-3 0  9995
2 45405  53.0549 313.5933 0002392  41.7357 318.3814 15.06387352154701
1 45405U 20019AX  23003.56496739  .00004514  00000-0  32177-3 0  9994
2 45405  53.0545 309.1257 0002373  42.6180 317.4992 15.06400137154850
1 45405U 20019AX  23004.09574223  .00002922  00000-0  21497-3 0  9992
2 45405  53.0546 306.7428 0002262  41.8557 318.2605 15.06400423154937
1 45405U 20019AX  23004.56016995  .00003849  00000-0  27715-3 0  9999
2 45405  53.0537 304.6583 0002178  40.8264 319.2887 15.06403291155004
1 45405U 20019AX  23004.82555498  .00005403  00000-0  38126-3 0  9990
2 45405  53.0540 303.4668 0002259  41.0948 319.0210 15.06408900155045
1 45405U 20019AX  23005.22363008  .00007730  00000-0  53699-3 0  9996
2 45405  53.0541 301.6794 0002123  42.1916 317.9236 15.06418088155103
1 45405U 20019AX  23005.22363008  .00007730  00000-0  53699-3 0  9996
2 45405  53.0541 301.6794 0002123  42.1916 317.9236 15.06418088155103
1 45405U 20019AX  23005.82075001  .00004504  00000-0  32094-3 0  9997
2 45405  53.0547 298.9987 0002259  44.4520 315.6649 15.06413212155193
1 45405U 20019AX  23006.21883129  .00000282  00000-0  37842-4 0  9995
2 45405  53.0557 297.2107 0002058  43.0214 317.0935 15.06403399155258
1 45405U 20019AX  23006.81595409 -.00001339  00000-0 -70996-4 0  9995
2 45405  53.0546 294.5314 0002050  41.7357 318.3789 15.06399071155343
1 45405U 20019AX  23007.14768417 -.00000878  00000-0 -40047-4 0  9994
2 45405  53.0544 293.0424 0002050  42.4464 317.6684 15.06404611155392
1 45405U 20019AX  23007.47942132 -.00001558  00000-0 -85701-4 0  9990
2 45405  53.0554 291.5540 0002114  42.1585 317.9566 15.06405711155447
1 45405U 20019AX  23007.47942132 -.00001558  00000-0 -85701-4 0  9990
2 45405  53.0554 291.5540 0002114  42.1585 317.9566 15.06405711155447
1 45405U 20019AX  23008.14290263 -.00000544  00000-0 -17596-4 0  9997
2 45405  53.0551 288.5747 0002166  43.7565 316.3595 15.06387435155549
1 45405U 20019AX  23008.47462968  .00001636  00000-0  12873-3 0  9999
2 45405  53.0558 287.0861 0002180  46.1758 313.9411 15.06395426155598
1 45405U 20019AX  23008.47462968  .00001636  00000-0  12873-3 0  9999
2 45405  53.0558 287.0861 0002180  46.1758 313.9411 15.06395426155598
1 45405U 20019AX  23008.80636263  .00000359  00000-0  42991-4 0  9993
2 45405  53.0561 285.5957 0002231  52.3018 307.8173 15.06403895155649
1 45405U 20019AX  23009.20443891  .00001111  00000-0  93489-4 0  9996
2 45405  53.0552 283.8084 0002107  46.5786 313.5378 15.06407588155701
1 45405U 20019AX  23010.06695493  .00001044  00000-0  88993-4 0  9998
2 45405  53.0564 279.9357 0002118  42.0987 318.0164 15.06398501155830
1 45405U 20019AX  23010.46504024  .00003685  00000-0  26624-3 0  9996
2 45405  53.0559 278.1495 0002289  49.5986 310.5203 15.06387983155897
1 45405U 20019AX  23010.46504024  .00003685  00000-0  26624-3 0  9996
2 45405  53.0559 278.1495 0002289  49.5986 310.5203 15.06387983155897
1 45405U 20019AX  23010.86311174  .00001133  00000-0  94933-4 0  9997
2 45405  53.0548 276.3642 0002133  47.7568 312.3601 15.06405953155950
1 45405U 20019AX  23010.99579628  .00001713  00000-0  13380-3 0  9991
2 45405  53.0552 275.7669 0001764  47.1476 312.9661 15.06415159155971
1 45405U 20019AX  23011.46023419 -.00000354  00000-0 -48682-5 0  9993
2 45405  53.0563 273.6828 0002170  51.1155 309.0027 15.06403291156044
1 45405U 20019AX  23011.46023419 -.00000354  00000-0 -48682-5 0  9993
2 45405  53.0563 273.6828 0002170  51.1155 309.0027 15.06403291156044
1 45405U 20019AX  23011.85833069 -.00001250  00000-0 -65086-4 0  9998
2 45405  53.0546 271.8968 0001610  39.4526 320.6580 15.06382345156105
1 45405U 20019AX  23011.99102694 -.00001313  00000-0 -69307-4 0  9996
2 45405  53.0544 271.3011 0001753  42.0354 318.0770 15.06381185156129
1 45405U 20019AX  23012.72083670 -.00001527  00000-0 -83646-4 0  9999
2 45405  53.0510 268.0246 0001942  55.5787 304.5385 15.06390651156236
1 45405U 20019AX  23012.91987791 -.00000178  00000-0  69560-5 0  9997
2 45405  53.0516 267.1303 0001795  57.6533 302.4629 15.06391452156265
1 45405U 20019AX  23012.98622475  .00001967  00000-0  15094-3 0  9996
2 45405  53.0521 266.8310 0001829  63.7361 296.3816 15.06394280156272
1 45405U 20019AX  23013.71604659  .00003526  00000-0  25559-3 0  9992
2 45405  53.0522 263.5545 0001643  62.7206 297.3951 15.06388562156387
1 45405U 20019AX  23014.11412297  .00005703  00000-0  40137-3 0  9990
2 45405  53.0514 261.7680 0001720  63.8721 296.2445 15.06404783156445
1 45405U 20019AX  23014.64490283  .00000410  00000-0  46439-4 0  9991
2 45405  53.0511 259.3864 0001799  71.6871 288.4314 15.06393712156524
1 45405U 20019AX  23015.37471741  .00000089  00000-0  24862-4 0  9998
2 45405  53.0511 256.1079 0001589  79.3696 280.7471 15.06394510156632
1 45405U 20019AX  23015.83914236  .00000949  00000-0  82575-4 0  9990
2 45405  53.0527 254.0246 0001394  83.3363 276.7785 15.06401985156708
1 45405U 20019AX  23015.83914236  .00000949  00000-0  82575-4 0  9990
2 45405  53.0527 254.0246 0001394  83.3363 276.7785 15.06401985156708
1 45405U 20019AX  23016.43626972  .00001397  00000-0  11265-3 0  9999
2 45405  53.0492 251.3424 0001750  76.2982 283.8202 15.06395965156793
1 45405U 20019AX  23016.43626972  .00001397  00000-0  11265-3 0  9999
2 45405  53.0492 251.3424 0001750  76.2982 283.8202 15.06395965156793
1 45405U 20019AX  23016.76801195 -.00001086  00000-0 -54075-4 0  9991
2 45405  53.0505 249.8542 0001436  76.1174 283.9974 15.06382059156847
1 45405U 20019AX  23016.76801195 -.00001086  00000-0 -54075-4 0  9991
2 45405  53.0505 249.8542 0001436  76.1174 283.9974 15.06382059156847
1 45405U 20019AX  23017.63051743  .00002273  00000-0  17147-3 0  9999
2 45405  53.0508 245.9818 0001266  76.9934 283.1196 15.06396160156976
1 45405U 20019AX  23017.63051743  .00002273  00000-0  17147-3 0  9999
2 45405  53.0508 245.9818 0001266  76.9934 283.1196 15.06396160156976
1 45405U 20019AX  23017.76320966  .00002822  00000-0  20827-3 0  9998
2 45405  53.0509 245.3863 0001309  77.3155 282.7981 15.06399885156995
1 45405U 20019AX  23018.42667900  .00003716  00000-0  26820-3 0  9996
2 45405  53.0499 242.4094 0001585  67.5874 292.5283 15.06402559157091
1 45405U 20019AX  23018.89110494  .00004753  00000-0  33772-3 0  9994
2 45405  53.0507 240.3233 0001189  75.1296 284.9825 15.06404373157167
1 45405U 20019AX  23018.89110494  .00004753  00000-0  33772-3 0  9994
2 45405  53.0507 240.3233 0001189  75.1296 284.9825 15.06404373157167
1 45405U 20019AX  23019.62092284 -.00000227  00000-0  36818-5 0  9991
2 45405  53.0507 237.0457 0001263  75.5405 284.5724 15.06399355157276
1 45405U 20019AX  23019.75361638 -.00000469  00000-0 -12568-4 0  9991
2 45405  53.0509 236.4503 0001214  77.3949 282.7175 15.06398886157292
1 45405U 20019AX  23019.88631040  .00000279  00000-0  37593-4 0  9994
2 45405  53.0501 235.8548 0001190  89.3736 270.7390 15.06397835157318
1 45405U 20019AX  23020.88151339  .00000969  00000-0  83916-4 0  9990
2 45405  53.0504 231.3868 0001113  87.4197 272.6919 15.06398695157461
1 45405U 20019AX  23021.27963071 -.00011568  00000-0 -76010-3 0  9993
2 45405  53.0509 229.5990 0001784  87.2699 272.8494 15.06342347157520
1 45405U 20019AX  23021.87673654  .00003294  00000-0  23996-3 0  9994
2 45405  53.0506 226.9185 0001155  89.8803 270.2318 15.06393996157614
1 45405U 20019AX  23023.46905404  .00006639  00000-0  46398-3 0  9999
2 45405  53.0498 219.7697 0001139 101.6326 258.4790 15.06417554157852
1 45405U 20019AX  23024.46424337 -.00000136  00000-0  97569-5 0  9996
2 45405  53.0500 215.3012 0001180  99.3600 260.7522 15.06414374158007
1 45405U 20019AX  23025.45944790 -.00000881  00000-0 -40236-4 0  9992
2 45405  53.0516 210.8331 0001108 101.7531 258.3582 15.06404426158151
1 45405U 20019AX  23025.45944790 -.00000881  00000-0 -40236-4 0  9992
2 45405  53.0516 210.8331 0001108 101.7531 258.3582 15.06404426158151
1 45405U 20019AX  23025.72483674 -.00001474  00000-0 -80103-4 0  9997
2 45405  53.0517 209.6415 0001090 102.4198 257.6913 15.06400966158197
1 45405U 20019AX  23026.65368606  .00000396  00000-0  45490-4 0  9997
2 45405  53.0518 205.4713 0000963  91.4923 268.6177 15.06402200158337
1 45405U 20019AX  23027.51620569  .00000027  00000-0  20677-4 0  9993
2 45405  53.0519 201.5992 0001149  87.5767 272.5354 15.06388140158464
1 45405U 20019AX  23027.51620569  .00000027  00000-0  20677-4 0  9993
2 45405  53.0519 201.5992 0001149  87.5767 272.5354 15.06388140158464
1 45405U 20019AX  23027.78159218  .00000302  00000-0  39145-4 0  9996
2 45405  53.0523 200.4084 0001013  90.5650 269.5455 15.06390293158509
1 45405U 20019AX  23028.17967102  .00000399  00000-0  45664-4 0  9998
2 45405  53.0522 198.6216 0000970  86.9396 273.1704 15.06394739158563
1 45405U 20019AX  23028.17967102  .00000399  00000-0  45664-4 0  9998
2 45405  53.0522 198.6216 0000970  86.9396 273.1704 15.06394739158563
1 45405U 20019AX  23028.84313238  .00000875  00000-0  77610-4 0  9992
2 45405  53.0529 195.6409 0001149  86.2156 273.8964 15.06404040158660
1 45405U 20019AX  23029.17487352 -.00000474  00000-0 -12970-4 0  9993
2 45405  53.0529 194.1515 0001158  83.1338 276.9782 15.06396510158710
1 45405U 20019AX  23029.77198856  .00001562  00000-0  12371-3 0  9998
2 45405  53.0525 191.4713 0001074  80.3356 279.7754 15.06401708158808
1 45405U 20019AX  23030.43546363 -.00000191  00000-0  60643-5 0  9998
2 45405  53.0520 188.4952 0001269  77.0830 283.0301 15.06396858158906
1 45405U 20019AX  23030.43546363 -.00000191  00000-0  60643-5 0  9998
2 45405  53.0520 188.4952 0001269  77.0830 283.0301 15.06396858158906
1 45405U 20019AX  23031.43066639 -.00000342  00000-0 -40373-5 0  9999
2 45405  53.0514 184.0259 0001332  81.2227 278.8913 15.06396662159050
1 45405U 20019AX  23031.76239747 -.00000822  00000-0 -36302-4 0  9996
2 45405  53.0514 182.5368 0001553  86.7239 273.3928 15.06402676159107
1 45405U 20019AX  23031.76239747 -.00000822  00000-0 -36302-4 0  9996
2 45405  53.0514 182.5368 0001553  86.7239 273.3928 15.06402676159107
