1 45400U 20019AS  22365.31025894  .00006740  00000-0  47067-3 0  9999
2 45400  53.0558 323.7286 0001860  47.9157 312.1990 15.06419703154382
1 45400U 20019AS  23001.30544537  .00003971  00000-0  28516-3 0  9997
2 45400  53.0554 319.2609 0001931  47.8845 312.2308 15.06428198154538
1 45400U 20019AS  23001.57082464  .00005361  00000-0  37820-3 0  9995
2 45400  53.0557 318.0698 0001941  49.4976 310.6181 15.06435575154572
1 45400U 20019AS  23002.23426857  .00010631  00000-0  73039-3 0  9995
2 45400  53.0557 315.0909 0001926  50.1580 309.9579 15.06457531154676
1 45400U 20019AS  23002.56598694  .00010676  00000-0  73316-3 0  9997
2 45400  53.0557 313.6016 0001938  50.3204 309.7956 15.06468198154721
1 45400U 20019AS  23002.89770242  .00012209  00000-0  83529-3 0  9995
2 45400  53.0555 312.1120 0001873  51.0005 309.1150 15.06481841154779
1 45400U 20019AS  23003.22941584  .00015171  00000-0  10325-2 0  9996
2 45400  53.0554 310.6226 0001878  51.2615 308.8542 15.06495347154825
1 45400U 20019AS  23003.56112802  .00013270  00000-0  90557-3 0  9990
2 45400  53.0553 309.1333 0001896  52.3798 307.7363 15.06501915154873
1 45400U 20019AS  23004.15820378  .00018084  00000-0  12257-2 0  9998
2 45400  53.0553 306.4525 0001941  54.2081 305.9088 15.06524937154966
1 45400U 20019AS  23005.21964853  .00018286  00000-0  12378-2 0  9991
2 45400  53.0553 301.6859 0002005  56.9611 303.1570 15.06565365155128
1 45400U 20019AS  23005.55134317  .00018810  00000-0  12721-2 0  9997
2 45400  53.0558 300.1962 0002048  58.4576 301.6613 15.06580333155174
1 45400U 20019AS  23006.21472249  .00021992  00000-0  14821-2 0  9998
2 45400  53.0555 297.2184 0002119  57.2300 302.8893 15.06613787155278
1 45400U 20019AS  23006.21472249  .00021992  00000-0  14821-2 0  9998
2 45400  53.0555 297.2184 0002119  57.2300 302.8893 15.06613787155278
1 45400U 20019AS  23007.20976851  .00018862  00000-0  12731-2 0  9996
2 45400  53.0552 292.7505 0002124  57.9412 302.1783 15.06652766155427
1 45400U 20019AS  23007.80678440  .00018474  00000-0  12466-2 0  9999
2 45400  53.0556 290.0692 0002152  60.4690 299.6513 15.06674814155516
1 45400U 20019AS  23007.80678440  .00018474  00000-0  12466-2 0  9999
2 45400  53.0556 290.0692 0002152  60.4690 299.6513 15.06674814155516
1 45400U 20019AS  23008.13845550  .00018989  00000-0  12803-2 0  9990
2 45400  53.0558 288.5797 0002142  61.2003 298.9201 15.06688468155563
1 45400U 20019AS  23009.19978240  .00019521  00000-0  13139-2 0  9996
2 45400  53.0548 283.8139 0002176  63.4365 296.6847 15.06734029155726
1 45400U 20019AS  23010.12844502 -.00013163  00000-0 -85957-3 0  9990
2 45400  53.0555 279.6424 0001948  54.9490 305.1682 15.06687997155863
1 45400U 20019AS  23010.46013421 -.00031713  00000-0 -21062-2 0  9992
2 45400  53.0567 278.1520 0001859  60.0225 300.0948 15.06633294155918
1 45400U 20019AS  23010.46013421 -.00031713  00000-0 -21062-2 0  9992
2 45400  53.0567 278.1520 0001859  60.0225 300.0948 15.06633294155918
1 45400U 20019AS  23011.18991795 -.00070655  00000-0 -47684-2 0  9997
2 45400  53.0561 274.8721 0001065  89.0558 271.0553 15.06426667156023
1 45400U 20019AS  23011.45532990 -.00060604  00000-0 -40897-2 0  9997
2 45400  53.0564 273.6810 0001269  90.9741 269.1393 15.06353253156067
1 45400U 20019AS  23011.45532990 -.00060604  00000-0 -40897-2 0  9997
2 45400  53.0564 273.6810 0001269  90.9741 269.1393 15.06353253156067
1 45400U 20019AS  23011.72075289 -.00068901  00000-0 -46694-2 0  9999
2 45400  53.0551 272.4943 0001292  75.3534 284.7598 15.06259654156105
1 45400U 20019AS  23011.72075289 -.00068901  00000-0 -46694-2 0  9999
2 45400  53.0551 272.4943 0001292  75.3534 284.7598 15.06259654156105
1 45400U 20019AS  23012.18527553 -.00051044  00000-0 -34574-2 0  9990
2 45400  53.0545 270.4087 0001580  79.9207 280.1960 15.06133031156172
1 45400U 20019AS  23012.71616860 -.00012747  00000-0 -84561-3 0  9998
2 45400  53.0541 268.0291 0001565  68.1527 291.9628 15.06083828156254
1 45400U 20019AS  23012.91524903 -.00014837  00000-0 -98743-3 0  9995
2 45400  53.0545 267.1364 0001652  71.5609 288.5559 15.06093027156285
1 45400U 20019AS  23012.98160994 -.00010984  00000-0 -72567-3 0  9993
2 45400  53.0551 266.8363 0001573  86.3420 273.7749 15.06091442156291
1 45400U 20019AS  23012.98160994 -.00010984  00000-0 -72567-3 0  9993
2 45400  53.0551 266.8363 0001573  86.3420 273.7749 15.06091442156291
1 45400U 20019AS  23013.71158858 -.00001827  00000-0 -10473-3 0  9995
2 45400  53.0549 263.5639 0001566  78.3144 281.8021 15.06076109156403
1 45400U 20019AS  23013.71158858 -.00001827  00000-0 -10473-3 0  9995
2 45400  53.0549 263.5639 0001566  78.3144 281.8021 15.06076109156403
1 45400U 20019AS  23014.64065050 -.00000645  00000-0 -24702-4 0  9997
2 45400  53.0533 259.3922 0001765  85.4748 274.6443 15.06065393156540
1 45400U 20019AS  23015.37062342  .00000684  00000-0  65327-4 0  9998
2 45400  53.0543 256.1181 0001639  91.0586 269.0591 15.06071801156651
1 45400U 20019AS  23015.83514906  .00002101  00000-0  16123-3 0  9992
2 45400  53.0571 254.0344 0001381  98.5989 261.5156 15.06077508156725
1 45400U 20019AS  23015.90150946  .00003700  00000-0  26938-3 0  9991
2 45400  53.0572 253.7369 0001387  99.0013 261.1133 15.06081523156733
1 45400U 20019AS  23016.36604511 -.00003409  00000-0 -21207-3 0  9996
2 45400  53.0539 251.6502 0001435  93.0887 267.0266 15.06058868156805
1 45400U 20019AS  23016.63149078 -.00000483  00000-0 -13748-4 0  9999
2 45400  53.0554 250.4612 0001469  90.9333 269.1824 15.06064199156841
1 45400U 20019AS  23016.89693009  .00012442  00000-0  85962-3 0  9997
2 45400  53.0540 249.2702 0003159  79.0095 281.1249 15.06095516156889
1 45400U 20019AS  23016.89693009  .00012442  00000-0  85962-3 0  9997
2 45400  53.0540 249.2702 0003159  79.0095 281.1249 15.06095516156889
1 45400U 20019AS  23017.02964239  .00022168  00000-0  15139-2 0  9993
2 45400  53.0561 248.6749 0001400  83.7835 276.3313 15.06116433156900
1 45400U 20019AS  23017.62682528  .00055445  00000-0  37280-2 0  9992
2 45400  53.0550 245.9942 0001371  84.4862 275.6283 15.06240113156998
1 45400U 20019AS  23017.62682528  .00055445  00000-0  37280-2 0  9992
2 45400  53.0550 245.9942 0001371  84.4862 275.6283 15.06240113156998
1 45400U 20019AS  23017.89221551  .00069778  00000-0  46656-2 0  9997
2 45400  53.0541 244.8017 0001336  99.4725 260.6415 15.06333652157032
1 45400U 20019AS  23018.02491038  .00060060  00000-0  40217-2 0  9994
2 45400  53.0538 244.2059 0001332  93.5511 266.5630 15.06354594157056
1 45400U 20019AS  23018.35664521  .00034121  00000-0  22994-2 0  9990
2 45400  53.0528 242.7179 0001333  81.9147 278.1993 15.06385779157104
1 45400U 20019AS  23018.88742651  .00024374  00000-0  16506-2 0  9990
2 45400  53.0542 240.3333 0001448  94.7849 265.3306 15.06376910157185
1 45400U 20019AS  23018.88742651  .00024374  00000-0  16506-2 0  9990
2 45400  53.0542 240.3333 0001448  94.7849 265.3306 15.06376910157185
1 45400U 20019AS  23019.02011542  .00022407  00000-0  15187-2 0  9994
2 45400  53.0539 239.7387 0001280  94.6803 265.4333 15.06391778157208
1 45400U 20019AS  23019.61724064  .00001707  00000-0  13349-3 0  9998
2 45400  53.0532 237.0591 0001191  75.7361 284.3760 15.06387394157291
1 45400U 20019AS  23019.61724064  .00001707  00000-0  13349-3 0  9998
2 45400  53.0532 237.0591 0001191  75.7361 284.3760 15.06387394157291
1 45400U 20019AS  23020.28070848  .00002227  00000-0  16836-3 0  9999
2 45400  53.0539 234.0797 0001396 100.5425 259.5722 15.06394010157394
1 45400U 20019AS  23020.87783051  .00005141  00000-0  36374-3 0  9998
2 45400  53.0535 231.3998 0001393 101.8345 258.2800 15.06401270157485
1 45400U 20019AS  23021.87303155  .00004391  00000-0  31346-3 0  9992
2 45400  53.0537 226.9324 0001414 103.8896 256.2250 15.06405673157632
1 45400U 20019AS  23022.60284870  .00000055  00000-0  22560-4 0  9998
2 45400  53.0548 223.6561 0001461  97.9811 262.1344 15.06397475157745
1 45400U 20019AS  23023.79709296  .00002025  00000-0  15479-3 0  9992
2 45400  53.0540 218.2940 0001329  94.8918 265.2223 15.06398225157929
1 45400U 20019AS  23024.92498190  .00001946  00000-0  14949-3 0  9998
2 45400  53.0553 213.2308 0001239  95.0780 265.0350 15.06406049158098
1 45400U 20019AS  23024.92498190  .00001946  00000-0  14949-3 0  9998
2 45400  53.0553 213.2308 0001239  95.0780 265.0350 15.06406049158098
1 45400U 20019AS  23025.72115400  .00000500  00000-0  52463-4 0  9996
2 45400  53.0560 209.6560 0001371  95.3190 264.7955 15.06393072158212
1 45400U 20019AS  23025.72115400  .00000500  00000-0  52463-4 0  9996
2 45400  53.0560 209.6560 0001371  95.3190 264.7955 15.06393072158212
1 45400U 20019AS  23025.92019074  .00000511  00000-0  53217-4 0  9998
2 45400  53.0562 208.7631 0001503 103.5624 256.5533 15.06399313158242
1 45400U 20019AS  23026.65000404  .00000256  00000-0  36082-4 0  9993
2 45400  53.0551 205.4865 0001177  94.8122 265.3001 15.06401868158354
1 45400U 20019AS  23027.44617251  .00000369  00000-0  43646-4 0  9994
2 45400  53.0551 201.9115 0001257  90.3319 269.7814 15.06391256158473
1 45400U 20019AS  23027.44617251  .00000369  00000-0  43646-4 0  9994
2 45400  53.0551 201.9115 0001257  90.3319 269.7814 15.06391256158473
1 45400U 20019AS  23027.71155821  .00000888  00000-0  78496-4 0  9991
2 45400  53.0550 200.7206 0001267  97.8079 262.3054 15.06392719158511
1 45400U 20019AS  23028.17598458  .00000420  00000-0  47113-4 0  9993
2 45400  53.0548 198.6365 0001184  93.8896 266.2229 15.06396929158581
1 45400U 20019AS  23028.17598458  .00000420  00000-0  47113-4 0  9993
2 45400  53.0548 198.6365 0001184  93.8896 266.2229 15.06396929158581
1 45400U 20019AS  23028.83945011  .00000220  00000-0  33661-4 0  9998
2 45400  53.0552 195.6579 0001223  90.7773 269.3356 15.06402247158681
1 45400U 20019AS  23029.43657735  .00000317  00000-0  40172-4 0  9990
2 45400  53.0551 192.9777 0001267  85.4101 274.7033 15.06393372158774
1 45400U 20019AS  23029.63563162 -.00001453  00000-0 -78714-4 0  9999
2 45400  53.0554 192.0840 0000986  94.6131 265.4970 15.06379540158803
1 45400U 20019AS  23029.83467706 -.00002414  00000-0 -14329-3 0  9997
2 45400  53.0585 191.1881 0001104 118.4223 241.6878 15.06377360158836
1 45400U 20019AS  23030.43180315 -.00000533  00000-0 -16915-4 0  9997
2 45400  53.0580 188.5079 0000482 114.5075 245.5964 15.06373801158925
1 45400U 20019AS  23031.16160420  .00000921  00000-0  80706-4 0  9991
2 45400  53.0565 185.2329 0001063  87.2050 272.9061 15.06400143159030
1 45400U 20019AS  23031.55968319  .00002077  00000-0  15830-3 0  9996
2 45400  53.0557 183.4471 0001125  86.7746 273.3372 15.06401529159099
1 45400U 20019AS  23031.82506832  .00005105  00000-0  36137-3 0  9992
2 45400  53.0558 182.2542 0000971  96.9440 263.1660 15.06396946159136
