1 45404U 20019AW  22365.19599602  .00006569  00000-0  45929-3 0  9996
2 45404  53.0551 324.2474 0002221  46.3997 313.7176 15.06418137154340
1 45404U 20019AW  22365.59407429  .00003415  00000-0  24795-3 0  9990
2 45404  53.0541 322.4610 0002175  45.0825 315.0340 15.06414102154408
1 45404U 20019AW  23001.25755014 -.00008602  00000-0 -55951-3 0  9990
2 45404  53.0553 319.4815 0002152  46.9377 313.1792 15.06384141154501
1 45404U 20019AW  23001.58928674 -.00005577  00000-0 -35592-3 0  9997
2 45404  53.0547 317.9922 0002158  43.6090 316.5069 15.06380862154553
1 45404U 20019AW  23001.92102882 -.00005314  00000-0 -33835-3 0  9997
2 45404  53.0549 316.5023 0002154  48.3035 311.8138 15.06374136154607
1 45404U 20019AW  23002.58450508  .00006055  00000-0  42521-3 0  9994
2 45404  53.0549 313.5238 0002182  47.5498 312.5675 15.06387943154702
1 45404U 20019AW  23003.57970983  .00006740  00000-0  47090-3 0  9995
2 45404  53.0544 309.0565 0002145  47.2298 312.8871 15.06401310154856
1 45404U 20019AW  23004.17682292  .00032995  00000-0  22207-2 0  9998
2 45404  53.0552 306.3756 0002329  51.9425 308.1774 15.06448075154944
1 45404U 20019AW  23004.30951960  .00017761  00000-0  12074-2 0  9999
2 45404  53.0552 305.7798 0002726  47.7055 312.4165 15.06424871154968
1 45404U 20019AW  23004.30951960  .00017761  00000-0  12074-2 0  9999
2 45404  53.0552 305.7798 0002726  47.7055 312.4165 15.06424871154968
1 45404U 20019AW  23004.84028797  .00013170  00000-0  90071-3 0  9995
2 45404  53.0549 303.3973 0002126  50.7148 309.4029 15.06426612155044
1 45404U 20019AW  23004.84028797  .00013170  00000-0  90071-3 0  9995
2 45404  53.0549 303.3973 0002126  50.7148 309.4029 15.06426612155044
1 45404U 20019AW  23005.50374617  .00004434  00000-0  31621-3 0  9993
2 45404  53.0548 300.4194 0001996  46.6034 313.5121 15.06421773155141
1 45404U 20019AW  23005.50374617  .00004434  00000-0  31621-3 0  9993
2 45404  53.0548 300.4194 0001996  46.6034 313.5121 15.06421773155141
1 45404U 20019AW  23005.83547787  .00000258  00000-0  36254-4 0  9997
2 45404  53.0544 298.9306 0002046  51.4594 308.6578 15.06415752155191
1 45404U 20019AW  23005.83547787  .00000258  00000-0  36254-4 0  9997
2 45404  53.0544 298.9306 0002046  51.4594 308.6578 15.06415752155191
1 45404U 20019AW  23006.49896573 -.00005846  00000-0 -37383-3 0  9993
2 45404  53.0559 295.9516 0002099  51.2537 308.8640 15.06399221155295
1 45404U 20019AW  23007.22878046 -.00001617  00000-0 -89667-4 0  9995
2 45404  53.0559 292.6758 0001968  47.4616 312.6539 15.06396926155408
1 45404U 20019AW  23007.49417662 -.00002917  00000-0 -17705-3 0  9994
2 45404  53.0552 291.4844 0001622  46.3681 313.7442 15.06385493155447
1 45404U 20019AW  23007.49417662 -.00002917  00000-0 -17705-3 0  9994
2 45404  53.0552 291.4844 0001622  46.3681 313.7442 15.06385493155447
1 45404U 20019AW  23008.48937861  .00001108  00000-0  93290-4 0  9995
2 45404  53.0537 287.0149 0001605  48.1836 311.9289 15.06389109155595
1 45404U 20019AW  23008.48937861  .00001108  00000-0  93290-4 0  9995
2 45404  53.0537 287.0149 0001605  48.1836 311.9289 15.06389109155595
1 45404U 20019AW  23008.88746423  .00003117  00000-0  22815-3 0  9997
2 45404  53.0541 285.2275 0001757  51.6750 308.4396 15.06386114155652
1 45404U 20019AW  23009.08649415  .00003668  00000-0  26498-3 0  9995
2 45404  53.0540 284.3337 0001720  49.9634 310.1506 15.06404321155688
1 45404U 20019AW  23009.08649415  .00003668  00000-0  26498-3 0  9995
2 45404  53.0540 284.3337 0001720  49.9634 310.1506 15.06404321155688
1 45404U 20019AW  23009.74998145  .00002752  00000-0  20364-3 0  9994
2 45404  53.0540 281.3573 0002096  63.9015 296.2190 15.06386757155789
1 45404U 20019AW  23009.74998145  .00002752  00000-0  20364-3 0  9994
2 45404  53.0540 281.3573 0002096  63.9015 296.2190 15.06386757155789
1 45404U 20019AW  23010.14805812  .00001559  00000-0  12358-3 0  9996
2 45404  53.0519 279.5720 0001752  62.0128 298.1038 15.06397455155847
1 45404U 20019AW  23010.14805812  .00001559  00000-0  12358-3 0  9996
2 45404  53.0519 279.5720 0001752  62.0128 298.1038 15.06397455155847
1 45404U 20019AW  23011.07690818  .00002340  00000-0  17588-3 0  9996
2 45404  53.0515 275.4001 0001653  64.7613 295.3547 15.06407844155981
1 45404U 20019AW  23011.07690818  .00002340  00000-0  17588-3 0  9996
2 45404  53.0515 275.4001 0001653  64.7613 295.3547 15.06407844155981
1 45404U 20019AW  23011.87307647  .00001622  00000-0  12779-3 0  9998
2 45404  53.0519 271.8272 0002166  61.4021 298.7186 15.06399014156102
1 45404U 20019AW  23012.07210938  .00003178  00000-0  23209-3 0  9995
2 45404  53.0515 270.9321 0001593  81.0981 279.0188 15.06408756156130
1 45404U 20019AW  23012.66923685 -.00001187  00000-0 -60811-4 0  9991
2 45404  53.0505 268.2537 0001546  84.1634 275.9531 15.06393593156224
1 45404U 20019AW  23012.93462785 -.00002995  00000-0 -18233-3 0  9998
2 45404  53.0509 267.0611 0001376  90.2745 269.8402 15.06388397156269
1 45404U 20019AW  23013.39905423  .00001061  00000-0  90123-4 0  9990
2 45404  53.0507 264.9761 0001324  96.8237 263.2902 15.06396503156339
1 45404U 20019AW  23013.79713348  .00003852  00000-0  27734-3 0  9994
2 45404  53.0510 263.1882 0001269  98.1605 261.9528 15.06405000156398
1 45404U 20019AW  23013.92982600  .00006609  00000-0  46206-3 0  9996
2 45404  53.0507 262.5931 0001283  98.5448 261.5686 15.06410167156411
1 45404U 20019AW  23014.46060164  .00005621  00000-0  39584-3 0  9992
2 45404  53.0499 260.2109 0001531  82.5298 277.5865 15.06409365156497
1 45404U 20019AW  23014.92503146  .00001589  00000-0  12555-3 0  9993
2 45404  53.0508 258.1247 0001147  90.7809 269.3312 15.06398493156562
1 45404U 20019AW  23015.45580624  .00005330  00000-0  37639-3 0  9996
2 45404  53.0502 255.7420 0001194  88.8652 271.2474 15.06402099156646
1 45404U 20019AW  23015.92023282  .00011533  00000-0  79157-3 0  9993
2 45404  53.0505 253.6566 0001163  94.5788 265.5334 15.06412704156710
1 45404U 20019AW  23015.92023282  .00011533  00000-0  79157-3 0  9993
2 45404  53.0505 253.6566 0001163  94.5788 265.5334 15.06412704156710
1 45404U 20019AW  23016.91544454  .00006737  00000-0  47077-3 0  9998
2 45404  53.0507 249.1891 0001265  79.9083 280.2049 15.06396502156861
1 45404U 20019AW  23016.91544454  .00006737  00000-0  47077-3 0  9998
2 45404  53.0507 249.1891 0001265  79.9083 280.2049 15.06396502156861
1 45404U 20019AW  23017.04813931  .00003925  00000-0  28233-3 0  9991
2 45404  53.0505 248.5933 0001200  73.5339 286.5782 15.06391172156885
1 45404U 20019AW  23017.91065052  .00004552  00000-0  32428-3 0  9998
2 45404  53.0511 244.7206 0001215  73.9789 286.1333 15.06396726157016
1 45404U 20019AW  23017.91065052  .00004552  00000-0  32428-3 0  9998
2 45404  53.0511 244.7206 0001215  73.9789 286.1333 15.06396726157016
1 45404U 20019AW  23018.30872964  .00005894  00000-0  41416-3 0  9997
2 45404  53.0508 242.9336 0001194  73.7779 286.3341 15.06404332157079
1 45404U 20019AW  23018.90584630  .00006753  00000-0  47165-3 0  9995
2 45404  53.0512 240.2522 0001212  76.6530 283.4594 15.06413082157160
1 45404U 20019AW  23019.43662325  .00001088  00000-0  91901-4 0  9996
2 45404  53.0492 237.8707 0001388  89.9750 270.1398 15.06401193157243
1 45404U 20019AW  23019.56931946 -.00003047  00000-0 -18582-3 0  9990
2 45404  53.0509 237.2760 0001159 100.0192 260.0928 15.06390658157268
1 45404U 20019AW  23019.70201515 -.00001039  00000-0 -50862-4 0  9995
2 45404  53.0507 236.6774 0001134  98.4486 261.6632 15.06392451157287
1 45404U 20019AW  23020.43182787  .00001038  00000-0  88562-4 0  9991
2 45404  53.0504 233.4015 0001125  98.8074 261.3042 15.06398724157397
1 45404U 20019AW  23020.89625654  .00008279  00000-0  57399-3 0  9993
2 45404  53.0498 231.3166 0001065  97.3654 262.7456 15.06403725157464
1 45404U 20019AW  23021.42703328  .00003191  00000-0  23303-3 0  9994
2 45404  53.0498 228.9334 0001093  94.1247 265.9866 15.06397365157548
1 45404U 20019AW  23022.55492920  .00001674  00000-0  13122-3 0  9994
2 45404  53.0498 223.8696 0001126  90.1473 269.9645 15.06399473157717
1 45404U 20019AW  23023.81551749  .00002093  00000-0  15934-3 0  9998
2 45404  53.0505 218.2102 0001150  85.9135 274.1985 15.06402049157900
1 45404U 20019AW  23024.54533431  .00000680  00000-0  64514-4 0  9996
2 45404  53.0507 214.9332 0001155  85.3277 274.7844 15.06397081158018
1 45404U 20019AW  23025.54053993  .00000096  00000-0  25337-4 0  9998
2 45404  53.0516 210.4649 0001082  82.8786 277.2326 15.06395709158160
1 45404U 20019AW  23025.80592614  .00000191  00000-0  31694-4 0  9994
2 45404  53.0517 209.2735 0001082  82.3801 277.7311 15.06397180158205
1 45404U 20019AW  23025.80592614  .00000191  00000-0  31694-4 0  9994
2 45404  53.0517 209.2735 0001082  82.3801 277.7311 15.06397180158205
1 45404U 20019AW  23027.19920729  .00000892  00000-0  78742-4 0  9993
2 45404  53.0519 203.0188 0001047  83.0209 277.0899 15.06398566158418
1 45404U 20019AW  23027.46459819  .00000710  00000-0  66570-4 0  9995
2 45404  53.0522 201.8280 0001078  84.0562 276.0549 15.06394092158453
1 45404U 20019AW  23027.79633122  .00000925  00000-0  81011-4 0  9997
2 45404  53.0524 200.3388 0001111  83.4609 276.6506 15.06396502158504
1 45404U 20019AW  23028.45979942 -.00000012  00000-0  18117-4 0  9999
2 45404  53.0522 197.3601 0001201  82.7619 277.3507 15.06398581158607
1 45404U 20019AW  23028.45979942 -.00000012  00000-0  18117-4 0  9999
2 45404  53.0522 197.3601 0001201  82.7619 277.3507 15.06398581158607
1 45404U 20019AW  23028.85787825  .00003568  00000-0  25838-3 0  9995
2 45404  53.0523 195.5729 0001208  88.2252 271.8875 15.06389040158663
1 45404U 20019AW  23029.72039254 -.00000182  00000-0  66932-5 0  9990
2 45404  53.0522 191.7006 0001215  88.2015 271.9113 15.06393232158791
1 45404U 20019AW  23029.85308472 -.00000037  00000-0  16424-4 0  9994
2 45404  53.0521 191.1044 0001195  91.6382 268.4744 15.06395032158812
1 45404U 20019AW  23030.45020824 -.00000141  00000-0  94098-5 0  9994
2 45404  53.0522 188.4235 0001213  93.0327 267.0801 15.06394160158900
1 45404U 20019AW  23030.84828496  .00000138  00000-0  28172-4 0  9992
2 45404  53.0524 186.6356 0001165 102.7044 257.4075 15.06399802158966
1 45404U 20019AW  23030.84828496  .00000138  00000-0  28172-4 0  9992
2 45404  53.0524 186.6356 0001165 102.7044 257.4075 15.06399802158966
1 45404U 20019AW  23031.44541260  .00000452  00000-0  49236-4 0  9993
2 45404  53.0517 183.9549 0001208 100.3274 259.7851 15.06391963159057
1 45404U 20019AW  23031.44541260  .00000452  00000-0  49236-4 0  9993
2 45404  53.0517 183.9549 0001208 100.3274 259.7851 15.06391963159057
