1 45403U 20019AV  22365.18494141  .00006547  00000-0  45781-3 0  9998
2 45403  53.0556 324.2745 0001771  58.4146 301.7015 15.06415053154437
1 45403U 20019AV  22365.58301846  .00004285  00000-0  30623-3 0  9997
2 45403  53.0554 322.4872 0001781  58.0404 302.0758 15.06416233154495
1 45403U 20019AV  22365.84840436  .00000950  00000-0  82674-4 0  9998
2 45403  53.0556 321.2976 0001858  63.3597 296.7582 15.06411764154539
1 45403U 20019AV  23001.31283966 -.00006939  00000-0 -44752-3 0  9996
2 45403  53.0555 319.2111 0001767  58.0411 302.0749 15.06387333154609
1 45403U 20019AV  23001.64457788 -.00004894  00000-0 -31001-3 0  9998
2 45403  53.0549 317.7215 0001699  60.4085 299.7073 15.06381775154659
1 45403U 20019AV  23002.57344616  .00003330  00000-0  24241-3 0  9996
2 45403  53.0552 313.5518 0001718  62.2021 297.9141 15.06388701154792
1 45403U 20019AV  23002.90518291  .00015238  00000-0  10396-2 0  9990
2 45403  53.0550 312.0632 0001721  62.3829 297.7334 15.06400941154841
1 45403U 20019AV  23003.23691306  .00019421  00000-0  13184-2 0  9992
2 45403  53.0551 310.5737 0001713  61.7033 298.4128 15.06419166154895
1 45403U 20019AV  23003.56864965  .00005991  00000-0  42071-3 0  9996
2 45403  53.0547 309.0849 0001631  64.7922 295.3236 15.06403995154941
1 45403U 20019AV  23003.56864965  .00005991  00000-0  42071-3 0  9996
2 45403  53.0547 309.0849 0001631  64.7922 295.3236 15.06403995154941
1 45403U 20019AV  23004.09942831  .00003737  00000-0  26963-3 0  9992
2 45403  53.0554 306.7016 0001645  62.8938 297.2219 15.06397359155028
1 45403U 20019AV  23004.56384786  .00007748  00000-0  53821-3 0  9992
2 45403  53.0557 304.6162 0001554  70.5864 289.5293 15.06415817155096
1 45403U 20019AV  23004.56384786  .00007748  00000-0  53821-3 0  9992
2 45403  53.0557 304.6162 0001554  70.5864 289.5293 15.06415817155096
1 45403U 20019AV  23004.82923284  .00007173  00000-0  49970-3 0  9995
2 45403  53.0553 303.4250 0001497  73.8613 286.2541 15.06417262155132
1 45403U 20019AV  23005.09461724  .00007990  00000-0  55433-3 0  9999
2 45403  53.0555 302.2345 0001533  67.5835 292.5316 15.06421529155178
1 45403U 20019AV  23005.82441914  .00005615  00000-0  39525-3 0  9995
2 45403  53.0556 298.9584 0001618  66.7933 293.3226 15.06428639155289
1 45403U 20019AV  23005.82441914  .00005615  00000-0  39525-3 0  9995
2 45403  53.0556 298.9584 0001618  66.7933 293.3226 15.06428639155289
1 45403U 20019AV  23006.75328259 -.00000867  00000-0 -39302-4 0  9994
2 45403  53.0555 294.7890 0001663  63.7459 296.3701 15.06397042155422
1 45403U 20019AV  23006.88597788  .00007691  00000-0  53469-3 0  9992
2 45403  53.0557 294.1936 0001672  63.6156 296.5005 15.06397530155445
1 45403U 20019AV  23006.95232510  .00014127  00000-0  96536-3 0  9993
2 45403  53.0558 293.8957 0001642  62.4969 297.6186 15.06400794155451
1 45403U 20019AV  23007.81483940 -.00002298  00000-0 -13552-3 0  9999
2 45403  53.0558 290.0237 0001283  75.8874 284.2258 15.06381541155589
1 45403U 20019AV  23007.88118784 -.00003822  00000-0 -23799-3 0  9995
2 45403  53.0561 289.7260 0001270  69.3779 290.7347 15.06377884155599
1 45403U 20019AV  23008.47831850  .00000852  00000-0  76089-4 0  9996
2 45403  53.0552 287.0458 0001578  67.6733 292.4424 15.06384119155685
1 45403U 20019AV  23009.20812980  .00007568  00000-0  52634-3 0  9991
2 45403  53.0550 283.7693 0001553  68.9387 291.1768 15.06407542155794
1 45403U 20019AV  23009.47351664  .00009691  00000-0  66841-3 0  9991
2 45403  53.0552 282.5766 0000864  65.4134 294.6945 15.06407863155836
1 45403U 20019AV  23010.00429574  .00001804  00000-0  14000-3 0  9996
2 45403  53.0549 280.1954 0001843  73.2103 286.9088 15.06400463155916
1 45403U 20019AV  23010.46872525  .00002621  00000-0  19483-3 0  9992
2 45403  53.0546 278.1110 0001726  71.6817 288.4360 15.06399072155988
1 45403U 20019AV  23010.86680899 -.00000823  00000-0 -36367-4 0  9992
2 45403  53.0546 276.3235 0001695  73.8933 286.2242 15.06394402156049
1 45403U 20019AV  23011.53026076  .00001913  00000-0  14722-3 0  9997
2 45403  53.0562 273.3432 0000807 109.1080 250.9997 15.06410347156146
1 45403U 20019AV  23011.53026076  .00001913  00000-0  14722-3 0  9997
2 45403  53.0562 273.3432 0000807 109.1080 250.9997 15.06410347156146
1 45403U 20019AV  23011.86198805  .00003688  00000-0  26622-3 0  9996
2 45403  53.0547 271.8554 0001780  81.6880 278.4311 15.06418932156198
1 45403U 20019AV  23011.99468171  .00006977  00000-0  48645-3 0  9999
2 45403  53.0546 271.2606 0001493  74.2288 285.8865 15.06427546156210
1 45403U 20019AV  23012.72451906 -.00001083  00000-0 -53867-4 0  9997
2 45403  53.0545 267.9837 0001073  93.1059 267.0053 15.06386746156326
1 45403U 20019AV  23012.92356074 -.00003985  00000-0 -24892-3 0  9997
2 45403  53.0543 267.0902 0001056 105.5332 254.5774 15.06382270156353
1 45403U 20019AV  23013.38799393  .00003384  00000-0  24609-3 0  9990
2 45403  53.0542 265.0065 0001155  96.6211 263.4909 15.06381173156424
1 45403U 20019AV  23013.78608208  .00024597  00000-0  16646-2 0  9998
2 45403  53.0539 263.2193 0001159 102.2927 257.8192 15.06396224156484
1 45403U 20019AV  23014.05146843  .00024499  00000-0  16575-2 0  9993
2 45403  53.0541 262.0277 0001140  99.4019 260.7099 15.06408858156527
1 45403U 20019AV  23014.38320087  .00021529  00000-0  14592-2 0  9991
2 45403  53.0535 260.5379 0000956  96.0417 264.0681 15.06415183156573
1 45403U 20019AV  23015.04666639  .00015661  00000-0  10675-2 0  9999
2 45403  53.0536 257.5605 0001100 100.2046 259.9067 15.06415002156672
1 45403U 20019AV  23015.04666639  .00015661  00000-0  10675-2 0  9999
2 45403  53.0536 257.5605 0001100 100.2046 259.9067 15.06415002156672
1 45403U 20019AV  23015.84282987  .00011753  00000-0  80651-3 0  9997
2 45403  53.0534 253.9859 0001274 101.5428 258.5704 15.06405159156799
1 45403U 20019AV  23015.90917752  .00011502  00000-0  78972-3 0  9994
2 45403  53.0541 253.6872 0001422  91.8524 268.2628 15.06405090156801
1 45403U 20019AV  23016.90438951  .00006792  00000-0  47457-3 0  9993
2 45403  53.0538 249.2191 0001524  81.4837 278.6325 15.06389779156957
1 45403U 20019AV  23016.90438951  .00006792  00000-0  47457-3 0  9993
2 45403  53.0538 249.2191 0001524  81.4837 278.6325 15.06389779156957
1 45403U 20019AV  23017.36881859  .00004776  00000-0  33934-3 0  9998
2 45403  53.0541 247.1348 0001408  77.2339 282.8808 15.06395157157022
1 45403U 20019AV  23017.89959240  .00006511  00000-0  45553-3 0  9995
2 45403  53.0540 244.7521 0001444  74.2508 285.8641 15.06402542157106
1 45403U 20019AV  23018.89479255  .00004780  00000-0  33952-3 0  9995
2 45403  53.0540 240.2846 0001400  71.8937 288.2204 15.06407273157252
1 45403U 20019AV  23018.89479255  .00004780  00000-0  33952-3 0  9995
2 45403  53.0540 240.2846 0001400  71.8937 288.2204 15.06407273157252
1 45403U 20019AV  23019.62461074 -.00000747  00000-0 -31291-4 0  9993
2 45403  53.0536 237.0092 0001246  84.6390 275.4741 15.06394974157366
1 45403U 20019AV  23019.75730318 -.00000827  00000-0 -36611-4 0  9997
2 45403  53.0533 236.4105 0001474 102.2968 257.8186 15.06395101157384
1 45403U 20019AV  23020.28807804  .00001710  00000-0  13369-3 0  9996
2 45403  53.0531 234.0306 0001239 100.9608 259.1521 15.06399751157466
1 45403U 20019AV  23020.88519810  .00002058  00000-0  15702-3 0  9998
2 45403  53.0532 231.3494 0001177  91.1363 268.9761 15.06402589157553
1 45403U 20019AV  23021.88040363  .00004451  00000-0  31749-3 0  9999
2 45403  53.0537 226.8814 0001262  91.0068 269.1065 15.06399068157703
1 45403U 20019AV  23022.54383947  .00008384  00000-0  58041-3 0  9994
2 45403  53.0532 223.9044 0001175  81.8312 278.2810 15.06440027157805
1 45403U 20019AV  23022.80924463 -.00001705  00000-0 -95569-4 0  9996
2 45403  53.0550 222.7126 0001407  93.3012 266.8138 15.06399634157843
1 45403U 20019AV  23023.53906508 -.00003184  00000-0 -19501-3 0  9991
2 45403  53.0544 219.4360 0001283  88.4571 271.6565 15.06388343157951
1 45403U 20019AV  23024.53425606 -.00012420  00000-0 -81558-3 0  9991
2 45403  53.0554 214.9680 0000899  60.5256 299.5823 15.06437342158108
1 45403U 20019AV  23024.79966178  .00001048  00000-0  89297-4 0  9994
2 45403  53.0555 213.7769 0001304  85.7446 274.3692 15.06384390158149
1 45403U 20019AV  23025.52948063  .00002771  00000-0  20491-3 0  9993
2 45403  53.0555 210.5005 0001241  80.3056 279.8073 15.06386910158250
1 45403U 20019AV  23025.79486822  .00003301  00000-0  24043-3 0  9999
2 45403  53.0556 209.3092 0001250  81.0005 279.1125 15.06390791158292
1 45403U 20019AV  23026.65737718  .00002673  00000-0  19826-3 0  9992
2 45403  53.0550 205.4371 0001288  81.2593 278.8541 15.06399768158424
1 45403U 20019AV  23026.85643668 -.00004749  00000-0 -30039-3 0  9991
2 45403  53.0552 204.5441 0001680  56.5943 303.5206 15.06367443158456
1 45403U 20019AV  23027.18820687 -.00015141  00000-0 -10020-2 0  9991
2 45403  53.0551 203.0549 0001273  73.1624 286.9504 15.06317664158508
1 45403U 20019AV  23027.45358397 -.00002945  00000-0 -17901-3 0  9999
2 45403  53.0543 201.8673 0002717  95.6570 264.4729 15.06360394158548
1 45403U 20019AV  23027.45358397 -.00002945  00000-0 -17901-3 0  9999
2 45403  53.0543 201.8673 0002717  95.6570 264.4729 15.06360394158548
1 45403U 20019AV  23027.78531007  .00001738  00000-0  13562-3 0  9992
2 45403  53.0550 200.3739 0001278  80.0238 280.0895 15.06383625158598
1 45403U 20019AV  23027.78531007  .00001738  00000-0  13562-3 0  9992
2 45403  53.0550 200.3739 0001278  80.0238 280.0895 15.06383625158598
1 45403U 20019AV  23028.44878233  .00004643  00000-0  33049-3 0  9991
2 45403  53.0554 197.3920 0001258  83.3454 276.7678 15.06390620158698
1 45403U 20019AV  23028.84686725  .00014315  00000-0  97791-3 0  9999
2 45403  53.0549 195.6087 0001350  79.1840 280.9301 15.06402491158759
1 45403U 20019AV  23028.84686725  .00014315  00000-0  97791-3 0  9999
2 45403  53.0549 195.6087 0001350  79.1840 280.9301 15.06402491158759
1 45403U 20019AV  23029.24493822  .00009969  00000-0  68667-3 0  9997
2 45403  53.0546 193.8219 0001219  90.4445 269.6684 15.06426933158816
1 45403U 20019AV  23029.84204361  .00010889  00000-0  74793-3 0  9991
2 45403  53.0543 191.1411 0001228  89.4213 270.6917 15.06442800158901
1 45403U 20019AV  23030.17377481  .00000699  00000-0  65762-4 0  9998
2 45403  53.0544 189.6520 0001291  86.7420 273.3717 15.06426650158953
1 45403U 20019AV  23030.17377481  .00000699  00000-0  65762-4 0  9998
2 45403  53.0544 189.6520 0001291  86.7420 273.3717 15.06426650158953
1 45403U 20019AV  23030.83723637  .00005336  00000-0  37660-3 0  9997
2 45403  53.0546 186.6736 0001855  87.4114 272.7088 15.06424213159054
