1 45411U 20019BD  22365.15913815  .00009334  00000-0  64435-3 0  9992
2 45411  53.0558 324.3983 0001363  86.6412 273.4733 15.06418372154348
1 45411U 20019BD  22365.29182846  .00009803  00000-0  67567-3 0  9999
2 45411  53.0556 323.8019 0001487  88.6381 271.4778 15.06424064154380
1 45411U 20019BD  22365.62356008  .00003604  00000-0  26061-3 0  9996
2 45411  53.0547 322.3123 0001397  88.0093 272.1056 15.06417315154438
1 45411U 20019BD  22365.62356008  .00003604  00000-0  26061-3 0  9996
2 45411  53.0547 322.3123 0001397  88.0093 272.1056 15.06417315154416
1 45411U 20019BD  23001.28703342 -.00000328  00000-0 -31545-5 0  9990
2 45411  53.0554 319.3345 0001391  86.0958 274.0190 15.06394025154533
1 45411U 20019BD  23001.28703342 -.00000328  00000-0 -31545-5 0  9990
2 45411  53.0554 319.3345 0001391  86.0958 274.0190 15.06394025154511
1 45411U 20019BD  23002.01686700  .00000406  00000-0  46199-4 0  9995
2 45411  53.0563 316.0575 0001844  96.4217 263.6982 15.06370690154623
1 45411U 20019BD  23002.54763851 -.00000590  00000-0 -20716-4 0  9999
2 45411  53.0560 313.6766 0001448  88.4808 271.6347 15.06393758154705
1 45411U 20019BD  23003.54284821  .00004888  00000-0  34687-3 0  9998
2 45411  53.0556 309.2075 0001356  87.7911 272.3233 15.06396861154877
1 45411U 20019BD  23004.20631286  .00006138  00000-0  43048-3 0  9994
2 45411  53.0557 306.2295 0001420  87.0085 273.1067 15.06407622154957
1 45411U 20019BD  23004.53804651  .00003611  00000-0  26114-3 0  9996
2 45411  53.0554 304.7403 0001424  89.6609 270.4543 15.06406805155022
1 45411U 20019BD  23005.53323203  .00005078  00000-0  35930-3 0  9991
2 45411  53.0550 300.2729 0001373  90.0628 270.0518 15.06423585155178
1 45411U 20019BD  23005.53323203  .00005078  00000-0  35930-3 0  9991
2 45411  53.0550 300.2729 0001373  90.0628 270.0518 15.06423585155156
1 45411U 20019BD  23006.26305100 -.00010403  00000-0 -68072-3 0  9991
2 45411  53.0549 296.9962 0001376 100.3526 259.7618 15.06387462155269
1 45411U 20019BD  23006.79382987  .00000038  00000-0  21462-4 0  9991
2 45411  53.0550 294.6142 0001312  91.9597 268.1542 15.06392080155362
1 45411U 20019BD  23007.05921955  .00013808  00000-0  94411-3 0  9997
2 45411  53.0550 293.4232 0001315  91.4935 268.6205 15.06397572155387
1 45411U 20019BD  23007.19191262  .00021005  00000-0  14245-2 0  9996
2 45411  53.0551 292.8274 0001376  91.6504 268.4642 15.06408519155420
1 45411U 20019BD  23007.52364778  .00016623  00000-0  11320-2 0  9998
2 45411  53.0550 291.3390 0001334  89.5875 270.5267 15.06407955155478
1 45411U 20019BD  23008.12077465  .00002282  00000-0  17210-3 0  9990
2 45411  53.0558 288.6591 0001650  93.7208 266.3970 15.06393243155564
1 45411U 20019BD  23008.12077465  .00002282  00000-0  17210-3 0  9990
2 45411  53.0558 288.6591 0001650  93.7208 266.3970 15.06393243155542
1 45411U 20019BD  23009.44771821  .00002995  00000-0  21989-3 0  9992
2 45411  53.0558 282.7018 0001824  98.4073 261.7123 15.06395297155760
1 45411U 20019BD  23009.71310371  .00002887  00000-0  21264-3 0  9997
2 45411  53.0557 281.5096 0001710  96.9025 263.2159 15.06399845155800
1 45411U 20019BD  23009.71310371  .00002887  00000-0  21264-3 0  9997
2 45411  53.0557 281.5096 0001710  96.9025 263.2159 15.06399845155787
1 45411U 20019BD  23010.44292240  .00001076  00000-0  91142-4 0  9995
2 45411  53.0550 278.2336 0001647  96.0970 264.0207 15.06394439155911
1 45411U 20019BD  23010.44292240  .00001076  00000-0  91142-4 0  9995
2 45411  53.0550 278.2336 0001647  96.0970 264.0207 15.06394439155898
1 45411U 20019BD  23011.43812175  .00003050  00000-0  22356-3 0  9994
2 45411  53.0558 273.7664 0001672  98.6679 261.4499 15.06406414156063
1 45411U 20019BD  23011.43812175  .00003050  00000-0  22356-3 0  9994
2 45411  53.0558 273.7664 0001672  98.6679 261.4499 15.06406414156041
1 45411U 20019BD  23012.10157472  .00012753  00000-0  87267-3 0  9993
2 45411  53.0542 270.7880 0001531 101.7328 258.3833 15.06435712156143
1 45411U 20019BD  23012.89775811 -.00006496  00000-0 -41783-3 0  9994
2 45411  53.0540 267.2136 0001209  92.6199 267.4928 15.06378082156289
1 45411U 20019BD  23012.96410655 -.00000397  00000-0 -77967-5 0  9993
2 45411  53.0541 266.9156 0001053  83.3632 276.7477 15.06375731156273
1 45411U 20019BD  23013.42854629  .00025758  00000-0  17428-2 0  9997
2 45411  53.0541 264.8311 0001057  83.5558 276.5551 15.06378363156361
1 45411U 20019BD  23013.76028262  .00025039  00000-0  16941-2 0  9991
2 45411  53.0539 263.3423 0001078  82.5357 277.5755 15.06395748156391
1 45411U 20019BD  23013.95932232  .00027620  00000-0  18655-2 0  9995
2 45411  53.0538 262.4487 0001082  82.0938 278.0174 15.06407948156448
1 45411U 20019BD  23014.95452132  .00013214  00000-0  90394-3 0  9997
2 45411  53.0552 257.9772 0001230  90.2125 269.9005 15.06415919156577
1 45411U 20019BD  23015.35260091  .00003860  00000-0  27782-3 0  9990
2 45411  53.0550 256.1909 0001179  92.1012 268.0112 15.06407265156659
1 45411U 20019BD  23015.35260091  .00003860  00000-0  27782-3 0  9990
2 45411  53.0550 256.1909 0001179  92.1012 268.0112 15.06407265156637
1 45411U 20019BD  23015.81703062  .00000077  00000-0  24057-4 0  9991
2 45411  53.0530 254.1092 0001369  98.7949 261.3195 15.06399125156708
1 45411U 20019BD  23015.94972340  .00001919  00000-0  14768-3 0  9995
2 45411  53.0538 253.5150 0001255  98.1679 261.9453 15.06402970156742
1 45411U 20019BD  23016.61319149  .00001018  00000-0  87218-4 0  9993
2 45411  53.0544 250.5364 0001120  95.9248 264.1869 15.06400250156847
1 45411U 20019BD  23016.94493149 -.00000727  00000-0 -29899-4 0  9991
2 45411  53.0535 249.0456 0001068  96.6956 263.4154 15.06393836156892
1 45411U 20019BD  23016.94493149 -.00000727  00000-0 -29899-4 0  9991
2 45411  53.0535 249.0456 0001068  96.6956 263.4154 15.06393836156870
1 45411U 20019BD  23017.40935975  .00000332  00000-0  41163-4 0  9999
2 45411  53.0540 246.9610 0001267  99.6674 260.4458 15.06395321156960
1 45411U 20019BD  23017.74109894  .00000926  00000-0  81044-4 0  9990
2 45411  53.0544 245.4715 0001171  98.6355 261.4767 15.06391719157011
1 45411U 20019BD  23018.00648161 -.00000040  00000-0  16187-4 0  9999
2 45411  53.0541 244.2799 0001209 106.1808 253.9314 15.06401948157039
1 45411U 20019BD  23018.33821422  .00001020  00000-0  87330-4 0  9994
2 45411  53.0542 242.7906 0001152 101.2539 258.8579 15.06402996157106
1 45411U 20019BD  23018.86898708  .00002620  00000-0  19470-3 0  9999
2 45411  53.0540 240.4075 0001165 100.1669 259.9451 15.06404410157184
1 45411U 20019BD  23019.33341876  .00001523  00000-0  12112-3 0  9998
2 45411  53.0540 238.3225 0001128  91.9264 268.1854 15.06400822157232
1 45411U 20019BD  23019.59881904  .00000179  00000-0  30883-4 0  9999
2 45411  53.0540 237.1314 0001139  93.2606 266.8513 15.06385710157296
1 45411U 20019BD  23019.73150702 -.00000137  00000-0  97280-5 0  9990
2 45411  53.0529 236.5357 0001335  90.5377 269.5765 15.06390556157299
1 45411U 20019BD  23020.32862588  .00001324  00000-0  10777-3 0  9991
2 45411  53.0529 233.8560 0001192  86.2278 273.8847 15.06399110157405
1 45411U 20019BD  23020.32862588  .00001324  00000-0  10777-3 0  9991
2 45411  53.0529 233.8560 0001192  86.2278 273.8847 15.06399110157382
1 45411U 20019BD  23021.39017487  .00004456  00000-0  31782-3 0  9997
2 45411  53.0526 229.0889 0001314  85.1853 274.9286 15.06403529157540
1 45411U 20019BD  23022.58441573  .00000131  00000-0  27709-4 0  9997
2 45411  53.0527 223.7279 0001302  92.8012 267.3126 15.06399644157725
1 45411U 20019BD  23023.64596925  .00000544  00000-0  55441-4 0  9999
2 45411  53.0543 218.9625 0001224  97.6565 262.4563 15.06396344157885
1 45411U 20019BD  23024.84020866  .00001679  00000-0  13157-3 0  9995
2 45411  53.0542 213.6011 0001213  96.3156 263.7972 15.06400562158062
1 45411U 20019BD  23025.30463847  .00000833  00000-0  74839-4 0  9993
2 45411  53.0541 211.5161 0001190  89.0253 271.0873 15.06398787158152
1 45411U 20019BD  23025.76906941  .00001110  00000-0  93399-4 0  9991
2 45411  53.0541 209.4313 0001182  87.5212 272.5912 15.06394726158223
1 45411U 20019BD  23025.76906941  .00001110  00000-0  93399-4 0  9991
2 45411  53.0541 209.4313 0001182  87.5212 272.5912 15.06394726158201
1 45411U 20019BD  23025.90176034  .00001429  00000-0  11484-3 0  9996
2 45411  53.0541 208.8354 0001208  86.7893 273.3234 15.06398647158240
1 45411U 20019BD  23026.83061005  .00001315  00000-0  10713-3 0  9998
2 45411  53.0543 204.6651 0001200  87.1923 272.9204 15.06405058158367
1 45411U 20019BD  23027.49408610  .00000519  00000-0  53730-4 0  9990
2 45411  53.0541 201.6865 0001247  86.5667 273.5464 15.06394102158483
1 45411U 20019BD  23027.62677859  .00000712  00000-0  66700-4 0  9994
2 45411  53.0541 201.0909 0001245  86.5275 273.5857 15.06395929158483
1 45411U 20019BD  23027.75947271  .00000598  00000-0  59021-4 0  9996
2 45411  53.0543 200.4952 0001222  86.0555 274.0573 15.06395486158521
1 45411U 20019BD  23028.48928732 -.00000898  00000-0 -41388-4 0  9990
2 45411  53.0549 197.2185 0001280  94.4989 265.6147 15.06400253158630
1 45411U 20019BD  23028.88736380 -.00000709  00000-0 -28687-4 0  9998
2 45411  53.0551 195.4323 0001168  96.6118 263.5004 15.06406252158678
1 45411U 20019BD  23029.15275674 -.00000593  00000-0 -20941-4 0  9999
2 45411  53.0548 194.2415 0001116  94.3672 265.7444 15.06397171158712
1 45411U 20019BD  23029.74988116  .00000254  00000-0  35971-4 0  9997
2 45411  53.0558 191.5615 0001097  91.2266 268.8849 15.06393378158828
1 45411U 20019BD  23030.47969998  .00001134  00000-0  95046-4 0  9993
2 45411  53.0561 188.2852 0001170  90.0083 270.1040 15.06388173158932
1 45411U 20019BD  23030.47969998  .00001134  00000-0  95046-4 0  9993
2 45411  53.0561 188.2852 0001170  90.0083 270.1040 15.06388173158910
1 45411U 20019BD  23031.47490116  .00000659  00000-0  63150-4 0  9997
2 45411  53.0556 183.8172 0001133  83.6984 276.4134 15.06394258159080
