1 45412U 20019BE  22365.19230639  .00004207  00000-0  30111-3 0  9991
2 45412  53.0556 324.2384 0002399  37.4813 322.6343 15.06405066154340
1 45412U 20019BE  22365.32500346  .00004180  00000-0  29934-3 0  9992
2 45412  53.0562 323.6435 0002372  40.2412 319.8752 15.06405255154369
1 45412U 20019BE  22365.59039829  .00003007  00000-0  22070-3 0  9995
2 45412  53.0563 322.4522 0002423  40.7397 319.3772 15.06396197154404
1 45412U 20019BE  23001.25387600 -.00000250  00000-0  21202-5 0  9995
2 45412  53.0566 319.4726 0002379  37.2185 322.8969 15.06390413154508
1 45412U 20019BE  23001.25387600 -.00000250  00000-0  21202-5 0  9995
2 45412  53.0566 319.4726 0002379  37.2185 322.8969 15.06390413154508
1 45412U 20019BE  23002.58080489 -.00000588  00000-0 -20526-4 0  9999
2 45412  53.0564 313.5166 0002334  43.5001 316.6172 15.06406390154708
1 45412U 20019BE  23002.84619516  .00000940  00000-0  82017-4 0  9990
2 45412  53.0557 312.3249 0002058  42.7234 317.3914 15.06396075154745
1 45412U 20019BE  23002.84619516  .00000940  00000-0  82017-4 0  9990
2 45412  53.0557 312.3249 0002058  42.7234 317.3914 15.06396075154745
1 45412U 20019BE  23003.57601653  .00002065  00000-0  15755-3 0  9998
2 45412  53.0557 309.0480 0002023  46.5874 313.5283 15.06390597154851
1 45412U 20019BE  23003.57601653  .00002065  00000-0  15755-3 0  9998
2 45412  53.0557 309.0480 0002023  46.5874 313.5283 15.06390597154851
1 45412U 20019BE  23004.10680160 -.00000277  00000-0  34383-6 0  9993
2 45412  53.0556 306.6667 0002150  42.3058 317.8097 15.06387157154936
1 45412U 20019BE  23004.10680160 -.00000277  00000-0  34383-6 0  9993
2 45412  53.0556 306.6667 0002150  42.3058 317.8097 15.06387157154936
1 45412U 20019BE  23004.83659671  .00002073  00000-0  15797-3 0  9996
2 45412  53.0567 303.3892 0001890  48.4345 311.6806 15.06409384155048
1 45412U 20019BE  23004.83659671  .00002073  00000-0  15797-3 0  9996
2 45412  53.0567 303.3892 0001890  48.4345 311.6806 15.06409384155048
1 45412U 20019BE  23005.10197916  .00002970  00000-0  21811-3 0  9996
2 45412  53.0570 302.1996 0002198  46.1509 313.9661 15.06414543155084
1 45412U 20019BE  23005.83179310  .00003257  00000-0  23738-3 0  9993
2 45412  53.0553 298.9230 0002076  38.8092 321.3046 15.06407294155195
1 45412U 20019BE  23006.49529341 -.00003049  00000-0 -18600-3 0  9992
2 45412  53.0555 295.9476 0002122  43.4140 316.7016 15.06376736155296
1 45412U 20019BE  23006.89337005 -.00003959  00000-0 -24705-3 0  9993
2 45412  53.0552 294.1580 0002035  30.7575 329.3533 15.06389382155356
1 45412U 20019BE  23007.09241337 -.00003932  00000-0 -24528-3 0  9992
2 45412  53.0542 293.2651 0002102  30.2192 329.8918 15.06387308155380
1 45412U 20019BE  23007.09241337 -.00003932  00000-0 -24528-3 0  9992
2 45412  53.0542 293.2651 0002102  30.2192 329.8918 15.06387308155380
1 45412U 20019BE  23007.75587329  .00001632  00000-0  12847-3 0  9993
2 45412  53.0561 290.2870 0002170  43.0855 317.0304 15.06390970155482
1 45412U 20019BE  23007.75587329  .00001632  00000-0  12847-3 0  9993
2 45412  53.0561 290.2870 0002170  43.0855 317.0304 15.06390970155482
1 45412U 20019BE  23008.48569086  .00004489  00000-0  32006-3 0  9996
2 45412  53.0556 287.0094 0002204  46.8877 313.2296 15.06399736155590
1 45412U 20019BE  23009.21550401  .00004948  00000-0  35074-3 0  9997
2 45412  53.0547 283.7340 0002085  44.0727 316.0428 15.06408766155703
1 45412U 20019BE  23009.48089074  .00003727  00000-0  26890-3 0  9999
2 45412  53.0551 282.5413 0002138  46.0283 314.0882 15.06407685155749
1 45412U 20019BE  23009.74627909  .00003461  00000-0  25110-3 0  9992
2 45412  53.0534 281.3501 0002246  53.0186 307.1008 15.06405665155788
1 45412U 20019BE  23009.74627909  .00003461  00000-0  25110-3 0  9992
2 45412  53.0534 281.3501 0002246  53.0186 307.1008 15.06405665155788
1 45412U 20019BE  23010.47609226  .00000240  00000-0  34999-4 0  9994
2 45412  53.0551 278.0723 0002096  56.7743 303.3447 15.06404761155891
1 45412U 20019BE  23010.74148058  .00000186  00000-0  31387-4 0  9992
2 45412  53.0547 276.8818 0002219  55.3488 304.7710 15.06404126155933
1 45412U 20019BE  23010.74148058  .00000186  00000-0  31387-4 0  9992
2 45412  53.0547 276.8818 0002219  55.3488 304.7710 15.06404126155933
1 45412U 20019BE  23011.07320527  .00000895  00000-0  78993-4 0  9993
2 45412  53.0543 275.3959 0002225  42.3237 317.7923 15.06416852155988
1 45412U 20019BE  23011.07320527  .00000895  00000-0  78993-4 0  9993
2 45412  53.0543 275.3959 0002225  42.3237 317.7923 15.06416852155988
1 45412U 20019BE  23011.73668859 -.00001867  00000-0 -10652-3 0  9998
2 45412  53.0532 272.4161 0001938  54.0953 306.0215 15.06389374156089
1 45412U 20019BE  23011.73668859 -.00001867  00000-0 -10652-3 0  9998
2 45412  53.0532 272.4161 0001938  54.0953 306.0215 15.06389374156089
1 45412U 20019BE  23012.93093772 -.00000609  00000-0 -21961-4 0  9996
2 45412  53.0535 267.0539 0001781  56.5801 303.5358 15.06393318156269
1 45412U 20019BE  23012.99728374 -.00000013  00000-0  18004-4 0  9997
2 45412  53.0535 266.7561 0001759  56.3464 303.7693 15.06395294156278
1 45412U 20019BE  23013.46171639  .00002886  00000-0  21263-3 0  9995
2 45412  53.0529 264.6716 0001675  64.9832 295.1330 15.06392701156341
1 45412U 20019BE  23013.79345275  .00004284  00000-0  30640-3 0  9993
2 45412  53.0535 263.1831 0001716  68.7591 291.3581 15.06394499156397
1 45412U 20019BE  23014.05883706  .00006319  00000-0  44266-3 0  9999
2 45412  53.0532 261.9914 0001716  68.1689 291.9482 15.06404480156437
1 45412U 20019BE  23014.65596072  .00002008  00000-0  15371-3 0  9998
2 45412  53.0524 259.3094 0001852  76.4445 283.6750 15.06398225156526
1 45412U 20019BE  23015.05404010  .00002872  00000-0  21160-3 0  9995
2 45412  53.0530 257.5221 0001907  76.7027 283.4174 15.06404541156588
1 45412U 20019BE  23015.91654651  .00005783  00000-0  40670-3 0  9999
2 45412  53.0541 253.6516 0001430  88.6521 271.4631 15.06409067156714
1 45412U 20019BE  23015.91654651  .00005783  00000-0  40670-3 0  9999
2 45412  53.0541 253.6516 0001430  88.6521 271.4631 15.06409067156714
1 45412U 20019BE  23016.44732436  .00003620  00000-0  26180-3 0  9994
2 45412  53.0524 251.2674 0001671  83.8643 276.2536 15.06400752156790
1 45412U 20019BE  23016.44732436  .00003620  00000-0  26180-3 0  9994
2 45412  53.0524 251.2674 0001671  83.8643 276.2536 15.06400752156790
1 45412U 20019BE  23016.91175944 -.00000874  00000-0 -39764-4 0  9994
2 45412  53.0537 249.1829 0001539  82.3413 277.7751 15.06387786156868
1 45412U 20019BE  23016.91175944 -.00000874  00000-0 -39764-4 0  9994
2 45412  53.0537 249.1829 0001539  82.3413 277.7751 15.06387786156868
1 45412U 20019BE  23017.04445338  .00001210  00000-0  10014-3 0  9995
2 45412  53.0539 248.5881 0001433  78.5880 281.5270 15.06389022156885
1 45412U 20019BE  23017.90696450  .00011474  00000-0  78781-3 0  9991
2 45412  53.0541 244.7163 0001433  72.9686 287.1459 15.06405293157017
1 45412U 20019BE  23017.97331053  .00013116  00000-0  89756-3 0  9992
2 45412  53.0541 244.4184 0001428  72.8460 287.2685 15.06409476157020
1 45412U 20019BE  23018.03965669  .00012765  00000-0  87401-3 0  9990
2 45412  53.0541 244.1205 0001431  73.6546 286.4600 15.06411114157030
1 45412U 20019BE  23018.90218484  .00012813  00000-0  87778-3 0  9993
2 45412  53.0539 240.2493 0001200  70.5764 289.5355 15.06388781157163
1 45412U 20019BE  23018.90218484  .00012813  00000-0  87778-3 0  9993
2 45412  53.0539 240.2493 0001200  70.5764 289.5355 15.06388781157163
1 45412U 20019BE  23019.30026615  .00030520  00000-0  20581-2 0  9994
2 45412  53.0539 238.4615 0001317  71.7762 288.3370 15.06415790157220
1 45412U 20019BE  23019.56565299  .00043543  00000-0  29232-2 0  9999
2 45412  53.0535 237.2701 0001551  78.8627 281.2536 15.06411693157265
1 45412U 20019BE  23019.63199643  .00016614  00000-0  11310-2 0  9990
2 45412  53.0533 236.9725 0001311  80.2702 279.8435 15.06420311157279
1 45412U 20019BE  23020.29545440  .00011002  00000-0  75583-3 0  9993
2 45412  53.0519 233.9954 0001148  85.9262 274.1858 15.06424737157379
1 45412U 20019BE  23020.29545440  .00011002  00000-0  75583-3 0  9993
2 45412  53.0519 233.9954 0001148  85.9262 274.1858 15.06424737157379
1 45412U 20019BE  23020.89257108  .00006693  00000-0  46757-3 0  9991
2 45412  53.0526 231.3134 0001199  87.6030 272.5096 15.06419148157463
1 45412U 20019BE  23021.29065315 -.00000775  00000-0 -33112-4 0  9992
2 45412  53.0526 229.5257 0001387  87.0527 273.0621 15.06404902157521
1 45412U 20019BE  23021.88777801 -.00000655  00000-0 -25062-4 0  9999
2 45412  53.0529 226.8449 0001159  84.6847 275.4275 15.06394545157614
1 45412U 20019BE  23023.28105896  .00003686  00000-0  26616-3 0  9994
2 45412  53.0543 220.5909 0001131  83.5217 276.5901 15.06406614157823
1 45412U 20019BE  23024.54164819  .00000510  00000-0  53116-4 0  9993
2 45412  53.0546 214.9318 0001095  88.4192 271.6922 15.06400007158013
1 45412U 20019BE  23025.53685264 -.00000010  00000-0  18199-4 0  9993
2 45412  53.0557 210.4644 0001075  90.5419 269.5693 15.06397535158160
1 45412U 20019BE  23025.80223834  .00000217  00000-0  33458-4 0  9997
2 45412  53.0558 209.2733 0001056  90.1955 269.9155 15.06399308158208
1 45412U 20019BE  23025.80223834  .00000217  00000-0  33458-4 0  9997
2 45412  53.0558 209.2733 0001056  90.1955 269.9155 15.06399308158208
1 45412U 20019BE  23027.19552318  .00000646  00000-0  62236-4 0  9995
2 45412  53.0561 203.0193 0001013  90.4462 269.6643 15.06397054158411
1 45412U 20019BE  23027.19552318  .00000646  00000-0  62236-4 0  9995
2 45412  53.0561 203.0193 0001013  90.4462 269.6643 15.06397054158411
1 45412U 20019BE  23027.79264444  .00001023  00000-0  87553-4 0  9990
2 45412  53.0560 200.3382 0000984  89.9326 270.1775 15.06397947158502
1 45412U 20019BE  23028.45611769  .00000234  00000-0  34569-4 0  9992
2 45412  53.0561 197.3593 0001026  84.9835 275.1271 15.06392876158603
1 45412U 20019BE  23028.45611769  .00000234  00000-0  34569-4 0  9992
2 45412  53.0561 197.3593 0001026  84.9835 275.1271 15.06392876158603
1 45412U 20019BE  23028.72150335  .00000220  00000-0  33646-4 0  9999
2 45412  53.0561 196.1680 0001018  84.0131 276.0974 15.06396175158648
1 45412U 20019BE  23029.51766317  .00000627  00000-0  61001-4 0  9997
2 45412  53.0561 192.5940 0001051  83.2950 276.8159 15.06398122158764
1 45412U 20019BE  23029.71670111  .00000678  00000-0  64384-4 0  9998
2 45412  53.0563 191.7007 0001037  82.6810 277.4297 15.06401785158796
1 45412U 20019BE  23030.57921709  .00000208  00000-0  32859-4 0  9997
2 45412  53.0564 187.8288 0001047  81.8306 278.2801 15.06392679158922
1 45412U 20019BE  23030.84460242  .00000079  00000-0  24208-4 0  9992
2 45412  53.0565 186.6371 0000980  87.5652 272.5449 15.06396242158964
1 45412U 20019BE  23031.50807141  .00000081  00000-0  24304-4 0  9999
2 45412  53.0564 183.6589 0001075  83.8765 276.2347 15.06397675159062
