1 45415U 20019BH  22365.29920626  .00012424  00000-0  85080-3 0  9992
2 45415  53.0544 323.7797 0001882  57.5382 302.5789 15.06429209154382
1 45415U 20019BH  22365.29920626  .00012424  00000-0  85080-3 0  9992
2 45415  53.0544 323.7797 0001882  57.5382 302.5789 15.06429209154382
1 45415U 20019BH  23001.29440413 -.00002173  00000-0 -12704-3 0  9996
2 45415  53.0546 319.3116 0001653  52.3124 307.8015 15.06398415154534
1 45415U 20019BH  23001.29440413 -.00002173  00000-0 -12704-3 0  9996
2 45415  53.0546 319.3116 0001653  52.3124 307.8015 15.06398415154534
1 45415U 20019BH  23002.15693203  .00005225  00000-0  36964-3 0  9992
2 45415  53.0537 315.4383 0001877  60.7380 299.3796 15.06378786154666
1 45415U 20019BH  23002.55501898  .00005610  00000-0  39544-3 0  9999
2 45415  53.0559 313.6513 0001808  55.2176 304.8983 15.06378283154720
1 45415U 20019BH  23002.82040766  .00006060  00000-0  42556-3 0  9998
2 45415  53.0548 312.4597 0001677  52.3271 307.7870 15.06384782154767
1 45415U 20019BH  23003.55022055  .00006808  00000-0  47548-3 0  9996
2 45415  53.0544 309.1843 0001727  57.1002 303.0153 15.06401484154875
1 45415U 20019BH  23003.55022055  .00006808  00000-0  47548-3 0  9996
2 45415  53.0544 309.1843 0001727  57.1002 303.0153 15.06401484154875
1 45415U 20019BH  23004.08099864  .00003148  00000-0  23019-3 0  9998
2 45415  53.0552 306.8024 0001774  59.5467 300.5697 15.06396428154957
1 45415U 20019BH  23004.54542103  .00008047  00000-0  55827-3 0  9993
2 45415  53.0554 304.7178 0001769  62.3832 297.7336 15.06414028155021
1 45415U 20019BH  23004.54542103  .00008047  00000-0  55827-3 0  9993
2 45415  53.0554 304.7178 0001769  62.3832 297.7336 15.06414028155021
1 45415U 20019BH  23005.34157349  .00009770  00000-0  67345-3 0  9998
2 45415  53.0544 301.1430 0001703  62.7572 297.3590 15.06423891155144
1 45415U 20019BH  23006.20407848 -.00001078  00000-0 -53490-4 0  9998
2 45415  53.0563 297.2740 0001623  36.5102 323.5997 15.06406430155270
1 45415U 20019BH  23006.53582355 -.00005745  00000-0 -36722-3 0  9994
2 45415  53.0546 295.7820 0001749  62.6520 297.4647 15.06385164155323
1 45415U 20019BH  23006.80121155 -.00006206  00000-0 -39831-3 0  9998
2 45415  53.0539 294.5900 0001772  65.8059 294.3115 15.06381602155362
1 45415U 20019BH  23007.19929580 -.00000403  00000-0 -81703-5 0  9999
2 45415  53.0545 292.8037 0001805  66.9008 293.2171 15.06391744155429
1 45415U 20019BH  23007.19929580 -.00000403  00000-0 -81703-5 0  9999
2 45415  53.0545 292.8037 0001805  66.9008 293.2171 15.06391744155429
1 45415U 20019BH  23008.45988865  .00008823  00000-0  61031-3 0  9992
2 45415  53.0540 287.1453 0001714  67.2779 292.8391 15.06409966155617
1 45415U 20019BH  23008.45988865  .00008823  00000-0  61031-3 0  9992
2 45415  53.0540 287.1453 0001714  67.2779 292.8391 15.06409966155617
1 45415U 20019BH  23008.79162241  .00006590  00000-0  46076-3 0  9992
2 45415  53.0535 285.6562 0001743  68.5992 291.5183 15.06408757155665
1 45415U 20019BH  23009.18970343  .00001662  00000-0  13041-3 0  9997
2 45415  53.0547 283.8688 0001586  62.3601 297.7548 15.06402132155722
1 45415U 20019BH  23009.45508821  .00003473  00000-0  25187-3 0  9991
2 45415  53.0544 282.6779 0001592  64.7706 295.3448 15.06407556155768
1 45415U 20019BH  23009.72047427  .00002682  00000-0  19884-3 0  9999
2 45415  53.0542 281.4867 0001578  67.3965 292.7191 15.06407034155803
1 45415U 20019BH  23010.11855680  .00000665  00000-0  63542-4 0  9992
2 45415  53.0553 279.6998 0001541  65.0384 295.0765 15.06401380155866
1 45415U 20019BH  23011.11375695  .00003947  00000-0  28363-3 0  9993
2 45415  53.0548 275.2321 0001466  80.0250 280.0905 15.06411217156015
1 45415U 20019BH  23011.44549863 -.00000514  00000-0 -15600-4 0  9999
2 45415  53.0545 273.7431 0001643  72.3554 287.7614 15.06395299156062
1 45415U 20019BH  23011.44549863 -.00000514  00000-0 -15600-4 0  9999
2 45415  53.0545 273.7431 0001643  72.3554 287.7614 15.06395299156062
1 45415U 20019BH  23012.70609635 -.00001375  00000-0 -73432-4 0  9996
2 45415  53.0544 268.0827 0001574  83.4428 276.6740 15.06393108156258
1 45415U 20019BH  23012.90513619 -.00000114  00000-0  11223-4 0  9993
2 45415  53.0541 267.1887 0001557  81.1894 278.9271 15.06396420156281
1 45415U 20019BH  23012.97148241 -.00000476  00000-0 -13050-4 0  9997
2 45415  53.0537 266.8916 0001436  84.4347 275.6805 15.06397231156299
1 45415U 20019BH  23013.83399741  .00002259  00000-0  17052-3 0  9990
2 45415  53.0534 263.0192 0001417  90.2410 269.8741 15.06392649156423
1 45415U 20019BH  23014.09937958  .00003491  00000-0  25312-3 0  9994
2 45415  53.0522 261.8292 0001464  84.6253 275.4903 15.06405156156466
1 45415U 20019BH  23014.96189166  .00002734  00000-0  20232-3 0  9995
2 45415  53.0529 257.9556 0001347  92.4963 267.6180 15.06402133156593
1 45415U 20019BH  23015.62536297 -.00000575  00000-0 -19694-4 0  9994
2 45415  53.0531 254.9766 0001572  90.2121 269.9048 15.06397169156699
1 45415U 20019BH  23015.95709192  .00002866  00000-0  21115-3 0  9999
2 45415  53.0520 253.4891 0001318 102.5661 257.5476 15.06406750156745
1 45415U 20019BH  23016.42152117  .00001305  00000-0  10646-3 0  9995
2 45415  53.0517 251.4037 0001602  95.2805 264.8367 15.06401554156810
1 45415U 20019BH  23016.62056928 -.00002936  00000-0 -17835-3 0  9990
2 45415  53.0521 250.5096 0001413  95.9159 264.1991 15.06384847156843
1 45415U 20019BH  23016.75326338 -.00003460  00000-0 -21356-3 0  9995
2 45415  53.0522 249.9136 0001393  95.1637 264.9511 15.06385687156862
1 45415U 20019BH  23016.75326338 -.00003460  00000-0 -21356-3 0  9995
2 45415  53.0522 249.9136 0001393  95.1637 264.9511 15.06385687156862
1 45415U 20019BH  23017.35038538  .00001049  00000-0  89342-4 0  9993
2 45415  53.0529 247.2331 0001328  94.4986 265.6154 15.06393673156959
1 45415U 20019BH  23017.35038538  .00001049  00000-0  89342-4 0  9993
2 45415  53.0529 247.2331 0001328  94.4986 265.6154 15.06393673156959
1 45415U 20019BH  23017.68211971  .00003068  00000-0  22476-3 0  9990
2 45415  53.0529 245.7449 0001213  97.8146 262.2981 15.06398054157006
1 45415U 20019BH  23018.41193726  .00006925  00000-0  48331-3 0  9992
2 45415  53.0515 242.4698 0001388  81.7258 278.3888 15.06402980157110
1 45415U 20019BH  23018.41193726  .00006925  00000-0  48331-3 0  9992
2 45415  53.0515 242.4698 0001388  81.7258 278.3888 15.06402980157110
1 45415U 20019BH  23018.87636304  .00005841  00000-0  41065-3 0  9999
2 45415  53.0523 240.3837 0001196  84.0526 276.0599 15.06406242157188
1 45415U 20019BH  23019.40713875  .00001177  00000-0  97895-4 0  9999
2 45415  53.0526 238.0004 0001109  92.3993 267.7123 15.06398261157265
1 45415U 20019BH  23019.53983331  .00000304  00000-0  39320-4 0  9999
2 45415  53.0524 237.4045 0001179  94.3287 265.7836 15.06396543157288
1 45415U 20019BH  23020.46868881  .00001800  00000-0  13969-3 0  9997
2 45415  53.0522 233.2353 0001183  88.9963 271.1162 15.06400530157428
1 45415U 20019BH  23020.46868881  .00001800  00000-0  13969-3 0  9997
2 45415  53.0522 233.2353 0001183  88.9963 271.1162 15.06400530157428
1 45415U 20019BH  23021.66293193  .00002615  00000-0  19436-3 0  9998
2 45415  53.0519 227.8731 0001170  93.5931 266.5192 15.06398958157607
1 45415U 20019BH  23022.26004149  .00004720  00000-0  33542-3 0  9999
2 45415  53.0520 225.1924 0001151  92.1780 267.9340 15.06416696157699
1 45415U 20019BH  23022.65812175  .00002758  00000-0  20394-3 0  9998
2 45415  53.0514 223.4052 0001161  95.5807 264.5314 15.06411491157752
1 45415U 20019BH  23023.25524235 -.00000999  00000-0 -48171-4 0  9993
2 45415  53.0511 220.7229 0001181  84.7680 275.3444 15.06402417157848
1 45415U 20019BH  23023.52063492 -.00004104  00000-0 -25688-3 0  9995
2 45415  53.0514 219.5332 0001088  90.0392 270.0722 15.06390269157884
1 45415U 20019BH  23024.78122621 -.00000244  00000-0  25355-5 0  9997
2 45415  53.0529 213.8741 0001031  85.4886 274.6221 15.06401334158077
1 45415U 20019BH  23025.31202798  .00013617  00000-0  93285-3 0  9993
2 45415  53.0531 211.4915 0001263 108.6146 251.4981 15.06337926158151
1 45415U 20019BH  23025.31202798  .00013617  00000-0  93285-3 0  9993
2 45415  53.0531 211.4915 0001263 108.6146 251.4981 15.06337926158151
1 45415U 20019BH  23025.71009057  .00001860  00000-0  14377-3 0  9992
2 45415  53.0532 209.7041 0000985  89.5070 270.6032 15.06388451158211
1 45415U 20019BH  23025.71009057  .00001860  00000-0  14377-3 0  9992
2 45415  53.0532 209.7041 0000985  89.5070 270.6032 15.06388451158211
1 45415U 20019BH  23026.83798104  .00001779  00000-0  13828-3 0  9993
2 45415  53.0533 204.6405 0000967  85.2256 274.8843 15.06402570158382
1 45415U 20019BH  23027.50145791  .00000942  00000-0  82125-4 0  9994
2 45415  53.0529 201.6606 0001075  95.1144 264.9968 15.06392161158487
1 45415U 20019BH  23027.50145791  .00000942  00000-0  82125-4 0  9994
2 45415  53.0529 201.6606 0001075  95.1144 264.9968 15.06392161158487
1 45415U 20019BH  23027.70049825  .00001065  00000-0  90367-4 0  9991
2 45415  53.0531 200.7673 0001075  92.5819 267.5293 15.06393608158515
1 45415U 20019BH  23028.43031450  .00000062  00000-0  23036-4 0  9992
2 45415  53.0532 197.4911 0001156  88.7608 271.3513 15.06396150158621
1 45415U 20019BH  23028.76204496  .00000427  00000-0  47547-4 0  9998
2 45415  53.0533 196.0024 0001095  86.9681 273.1433 15.06400685158670
1 45415U 20019BH  23028.76204496  .00000427  00000-0  47547-4 0  9998
2 45415  53.0533 196.0024 0001095  86.9681 273.1433 15.06400685158670
1 45415U 20019BH  23029.22648069  .00002987  00000-0  21941-3 0  9990
2 45415  53.0535 193.9179 0001019  89.8214 270.2891 15.06382340158740
1 45415U 20019BH  23029.69089796  .00001857  00000-0  14351-3 0  9999
2 45415  53.0535 191.8327 0001281  73.1744 286.9385 15.06404472158818
1 45415U 20019BH  23029.82357525  .00003695  00000-0  26668-3 0  9998
2 45415  53.0536 191.2371 0001116 114.2469 245.8637 15.06419650158830
1 45415U 20019BH  23030.15531228  .00002882  00000-0  21222-3 0  9998
2 45415  53.0541 189.7478 0001296  88.5751 271.5386 15.06414343158888
1 45415U 20019BH  23030.55342207 -.00001392  00000-0 -74618-4 0  9994
2 45415  53.0537 187.9610 0001191  93.7882 266.3244 15.06382181158944
1 45415U 20019BH  23030.55342207 -.00001392  00000-0 -74618-4 0  9994
2 45415  53.0537 187.9610 0001191  93.7882 266.3244 15.06382181158944
1 45415U 20019BH  23030.81880650 -.00001112  00000-0 -55809-4 0  9993
2 45415  53.0536 186.7694 0001211  93.1941 266.9187 15.06388250158984
1 45415U 20019BH  23031.15054020 -.00000739  00000-0 -30742-4 0  9998
2 45415  53.0538 185.2804 0001224  93.4802 266.6327 15.06389956159030
1 45415U 20019BH  23031.54861744  .00000457  00000-0  49542-4 0  9993
2 45415  53.0538 183.4929 0001213  95.3370 264.7758 15.06394113159091
1 45415U 20019BH  23031.54861744  .00000457  00000-0  49542-4 0  9993
2 45415  53.0538 183.4929 0001213  95.3370 264.7758 15.06394113159091
