1 45418U 20019BL  22365.32818958  .00042017  00000-0  22821-2 0  9997
2 45418  52.9979  10.3375 0001764  36.4594 323.6517 15.14131681153673
1 45418U 20019BL  22365.72422891  .00039401  00000-0  21397-2 0  9998
2 45418  52.9975   8.5359 0001787  38.0282 322.0835 15.14166149153737
1 45418U 20019BL  23001.05425552  .00037212  00000-0  20209-2 0  9998
2 45418  52.9973   7.0344 0001801  39.8891 320.2233 15.14191853153782
1 45418U 20019BL  23001.31827268  .00039529  00000-0  21437-2 0  9994
2 45418  52.9971   5.8333 0001825  41.5295 318.5835 15.14213848153820
1 45418U 20019BL  23001.71429168  .00038702  00000-0  20976-2 0  9994
2 45418  52.9969   4.0317 0001862  43.4967 316.6171 15.14244961153886
1 45418U 20019BL  23002.30830482  .00036864  00000-0  19967-2 0  9990
2 45418  52.9969   1.3282 0001948  46.9337 313.1817 15.14290341153973
1 45418U 20019BL  23002.70430394  .00033445  00000-0  18125-2 0  9999
2 45418  52.9967 359.5261 0001965  49.2578 310.8584 15.14318124154031
1 45418U 20019BL  23003.29828769  .00035520  00000-0  19209-2 0  9991
2 45418  52.9964 356.8232 0002029  51.4287 308.6887 15.14364038154126
1 45418U 20019BL  23003.69426764  .00034106  00000-0  18440-2 0  9999
2 45418  52.9964 355.0211 0002062  53.2769 306.8412 15.14392133154183
1 45418U 20019BL  23004.35421568  .00047886  00000-0  25730-2 0  9999
2 45418  52.9963 352.0174 0002143  55.7976 304.3218 15.14453480154285
1 45418U 20019BL  23004.35421568  .00047886  00000-0  25730-2 0  9999
2 45418  52.9963 352.0174 0002143  55.7976 304.3218 15.14453480154285
1 45418U 20019BL  23004.88215204  .00050799  00000-0  27230-2 0  9999
2 45418  52.9964 349.6147 0002206  57.6583 302.4622 15.14511062154361
1 45418U 20019BL  23005.41006925  .00040393  00000-0  21688-2 0  9997
2 45418  52.9964 347.2110 0002250  60.4061 299.7155 15.14558753154443
1 45418U 20019BL  23005.41006925  .00040393  00000-0  21688-2 0  9997
2 45418  52.9964 347.2110 0002250  60.4061 299.7155 15.14558753154443
1 45418U 20019BL  23005.67402107  .00042719  00000-0  22902-2 0  9991
2 45418  52.9966 346.0093 0002264  61.2147 298.9072 15.14586289154489
1 45418U 20019BL  23006.20191048  .00052398  00000-0  27969-2 0  9992
2 45418  52.9968 343.6058 0002320  63.3439 296.7790 15.14646450154564
1 45418U 20019BL  23006.33387990  .00049160  00000-0  26252-2 0  9996
2 45418  52.9971 343.0049 0002320  64.8970 295.2262 15.14660387154583
1 45418U 20019BL  23007.19165783  .00042129  00000-0  22498-2 0  9991
2 45418  52.9975 339.0994 0002402  67.0167 293.1078 15.14730745154718
1 45418U 20019BL  23007.19165783  .00042129  00000-0  22498-2 0  9991
2 45418  52.9975 339.0994 0002402  67.0167 293.1078 15.14730745154718
1 45418U 20019BL  23007.91743712  .00044302  00000-0  23600-2 0  9996
2 45418  52.9979 335.7945 0002442  69.0421 291.0832 15.14794995154824
1 45418U 20019BL  23008.31330414  .00041940  00000-0  22338-2 0  9994
2 45418  52.9981 333.9918 0002488  70.9363 289.1898 15.14826798154886
1 45418U 20019BL  23008.31330414  .00041940  00000-0  22338-2 0  9994
2 45418  52.9981 333.9918 0002488  70.9363 289.1898 15.14826798154886
1 45418U 20019BL  23009.30293143  .00043519  00000-0  23110-2 0  9994
2 45418  52.9986 329.4851 0002542  75.3865 284.7409 15.14915194155030
1 45418U 20019BL  23010.29250094  .00046508  00000-0  24612-2 0  9991
2 45418  52.9986 324.9780 0002567  79.9316 280.1965 15.15006558155188
1 45418U 20019BL  23010.55637406  .00049606  00000-0  26206-2 0  9999
2 45418  52.9985 323.7763 0002535  82.0669 278.0611 15.15038300155225
1 45418U 20019BL  23010.88620809  .00057921  00000-0  30499-2 0  9992
2 45418  52.9984 322.2736 0002502  84.2266 275.9011 15.15082291155272
1 45418U 20019BL  23011.54585036  .00061412  00000-0  32237-2 0  9990
2 45418  52.9982 319.2685 0002562  87.5150 272.6135 15.15163820155373
1 45418U 20019BL  23011.87565952  .00056451  00000-0  29639-2 0  9990
2 45418  52.9978 317.7664 0002519  89.8270 270.3010 15.15196708155422
1 45418U 20019BL  23012.20546039  .00060118  00000-0  31503-2 0  9991
2 45418  52.9976 316.2632 0002549  93.1439 266.9845 15.15235597155479
1 45418U 20019BL  23012.53525375  .00054252  00000-0  28442-2 0  9997
2 45418  52.9974 314.7608 0002569  94.8054 265.3231 15.15267558155526
1 45418U 20019BL  23012.99695203  .00049861  00000-0  26134-2 0  9991
2 45418  52.9971 312.6564 0002580  97.5599 262.5686 15.15315250155591
1 45418U 20019BL  23013.52458904  .00050614  00000-0  26483-2 0  9991
2 45418  52.9965 310.2519 0002619  99.2287 260.9001 15.15369117155677
1 45418U 20019BL  23014.25005949  .00064875  00000-0  33753-2 0  9991
2 45418  52.9964 306.9450 0002706 104.0175 256.1118 15.15451934155787
1 45418U 20019BL  23015.17332811  .00073978  00000-0  38306-2 0  9997
2 45418  52.9955 302.7357 0002688 110.0265 250.1017 15.15555546155925
1 45418U 20019BL  23015.23927328  .00062370  00000-0  32367-2 0  9992
2 45418  52.9956 302.4352 0002708 110.7084 249.4198 15.15561352155931
1 45418U 20019BL  23015.23927328  .00062370  00000-0  32367-2 0  9992
2 45418  52.9956 302.4352 0002708 110.7084 249.4198 15.15561352155931
1 45418U 20019BL  23016.09652271  .00074965  00000-0  38658-2 0  9991
2 45418  52.9951 298.5264 0002676 114.8536 245.2735 15.15693661156069
1 45418U 20019BL  23016.49215222  .00062199  00000-0  32114-2 0  9993
2 45418  52.9952 296.7225 0002711 114.2427 245.8849 15.15742469156120
1 45418U 20019BL  23016.49215222  .00062199  00000-0  32114-2 0  9993
2 45418  52.9952 296.7225 0002711 114.2427 245.8849 15.15742469156120
1 45418U 20019BL  23017.48117286  .00049660  00000-0  25639-2 0  9996
2 45418  52.9955 292.2108 0002752 117.2310 242.8963 15.15849497156272
1 45418U 20019BL  23017.48117286  .00049660  00000-0  25639-2 0  9996
2 45418  52.9955 292.2108 0002752 117.2310 242.8963 15.15849497156272
1 45418U 20019BL  23018.00862238  .00047984  00000-0  24744-2 0  9992
2 45418  52.9955 289.8047 0002734 119.0344 241.0922 15.15907121156357
1 45418U 20019BL  23018.93160625  .00060113  00000-0  30804-2 0  9998
2 45418  52.9958 285.5939 0002760 120.9920 239.1344 15.16024440156499
1 45418U 20019BL  23019.45899457  .00053815  00000-0  27571-2 0  9996
2 45418  52.9957 283.1879 0002739 122.1485 237.9774 15.16083697156572
1 45418U 20019BL  23019.98636133  .00064203  00000-0  32750-2 0  9992
2 45418  52.9957 280.7819 0002711 123.7548 236.3703 15.16153576156654
1 45418U 20019BL  23020.44778958  .00054465  00000-0  27807-2 0  9993
2 45418  52.9957 278.6768 0002692 124.3289 235.7959 15.16200454156722
1 45418U 20019BL  23020.90920104  .00061212  00000-0  31151-2 0  9991
2 45418  52.9957 276.5707 0002638 126.2689 233.8548 15.16259531156797
1 45418U 20019BL  23022.68877413  .00055336  00000-0  28029-2 0  9992
2 45418  52.9951 268.4473 0002545 132.1762 227.9447 15.16471585157064
1 45418U 20019BL  23023.80911168  .00055561  00000-0  28026-2 0  9990
2 45418  52.9953 263.3306 0002496 138.4815 221.6368 15.16615829157231
1 45418U 20019BL  23023.94090881  .00062052  00000-0  31237-2 0  9996
2 45418  52.9960 262.7294 0002496 139.6801 220.4377 15.16635241157255
1 45418U 20019BL  23024.79756083  .00054811  00000-0  27564-2 0  9995
2 45418  52.9959 258.8168 0002381 142.6480 217.4678 15.16728853157385
1 45418U 20019BL  23024.86345507  .00053528  00000-0  26923-2 0  9990
2 45418  52.9960 258.5157 0002416 142.6519 217.4642 15.16734459157395
1 45418U 20019BL  23025.91772225  .00057566  00000-0  28837-2 0  9990
2 45418  52.9961 253.6985 0002388 148.7842 211.3293 15.16842406157550
1 45418U 20019BL  23025.91772225  .00057566  00000-0  28837-2 0  9990
2 45418  52.9961 253.6985 0002388 148.7842 211.3293 15.16842406157550
1 45418U 20019BL  23026.90603004  .00049835  00000-0  24941-2 0  9990
2 45418  52.9963 249.1836 0002350 153.9814 206.1298 15.16942305157706
1 45418U 20019BL  23026.90603004  .00049835  00000-0  24941-2 0  9990
2 45418  52.9963 249.1836 0002350 153.9814 206.1298 15.16942305157706
1 45418U 20019BL  23027.89427692  .00043336  00000-0  21675-2 0  9997
2 45418  52.9962 244.6681 0002298 157.7957 202.3136 15.17028126157856
1 45418U 20019BL  23028.09191980  .00043476  00000-0  21734-2 0  9999
2 45418  52.9958 243.7643 0002204 159.0071 201.1013 15.17044951157886
1 45418U 20019BL  23028.09191980  .00043476  00000-0  21734-2 0  9999
2 45418  52.9958 243.7643 0002204 159.0071 201.1013 15.17044951157886
1 45418U 20019BL  23028.88246939  .00038075  00000-0  19034-2 0  9990
2 45418  52.9955 240.1516 0002179 164.0798 196.0264 15.17106572158009
1 45418U 20019BL  23029.01422462  .00037612  00000-0  18800-2 0  9999
2 45418  52.9954 239.5495 0002180 164.5681 195.5379 15.17116671158028
1 45418U 20019BL  23029.87061218  .00032897  00000-0  16445-2 0  9994
2 45418  52.9949 235.6355 0002140 168.7510 191.3531 15.17177792158156
1 45418U 20019BL  23030.52934994  .00029466  00000-0  14735-2 0  9996
2 45418  52.9946 232.6247 0002089 171.3226 188.7803 15.17219994158250
1 45418U 20019BL  23030.52934994  .00029466  00000-0  14735-2 0  9996
2 45418  52.9946 232.6247 0002089 171.3226 188.7803 15.17219994158250
1 45418U 20019BL  23030.92458352  .00032057  00000-0  15999-2 0  9992
2 45418  52.9942 230.8182 0002060 172.5756 187.5268 15.17247157158315
1 45418U 20019BL  23031.51741992  .00038811  00000-0  19293-2 0  9998
2 45418  52.9940 228.1084 0002011 175.0459 185.0554 15.17294932158402
1 45418U 20019BL  23031.51741992  .00038811  00000-0  19293-2 0  9998
2 45418  52.9940 228.1084 0002011 175.0459 185.0554 15.17294932158402
1 45418U 20019BL  23031.91263407  .00039521  00000-0  19624-2 0  9999
2 45418  52.9934 226.3017 0001946 175.4673 184.6338 15.17325698158464
