1 45414U 20019BG  22365.27340550  .00006491  00000-0  45408-3 0  9998
2 45414  53.0538 323.9018 0002034  50.3631 309.7538 15.06413941154365
1 45414U 20019BG  22365.60513918  .00005943  00000-0  41738-3 0  9998
2 45414  53.0538 322.4117 0002132  49.5263 310.5912 15.06411830154393
1 45414U 20019BG  23001.26860643 -.00003017  00000-0 -18373-3 0  9999
2 45414  53.0546 319.4322 0001904  49.9765 310.1390 15.06401709154517
1 45414U 20019BG  23001.60034823 -.00007433  00000-0 -48082-3 0  9996
2 45414  53.0544 317.9425 0001968  48.4541 311.6616 15.06384393154547
1 45414U 20019BG  23001.60034823 -.00007433  00000-0 -48082-3 0  9996
2 45414  53.0544 317.9425 0001968  48.4541 311.6616 15.06384393154569
1 45414U 20019BG  23002.26381899  .00000217  00000-0  33514-4 0  9993
2 45414  53.0530 314.9650 0001917  51.2079 308.9081 15.06395879154660
1 45414U 20019BG  23002.59555178  .00004736  00000-0  33661-3 0  9994
2 45414  53.0538 313.4760 0001950  50.1586 309.9574 15.06403725154693
1 45414U 20019BG  23002.86094472  .00005332  00000-0  37660-3 0  9995
2 45414  53.0553 312.2863 0001911  54.6715 305.4452 15.06395862154734
1 45414U 20019BG  23003.25902745  .00004267  00000-0  30524-3 0  9998
2 45414  53.0551 310.4987 0001983  53.6529 306.4643 15.06396248154798
1 45414U 20019BG  23004.12154645 -.00000951  00000-0 -44940-4 0  9999
2 45414  53.0541 306.6262 0001917  50.3955 309.7203 15.06384010154943
1 45414U 20019BG  23004.51962243  .00002145  00000-0  16288-3 0  9991
2 45414  53.0544 304.8392 0001929  51.5840 308.5322 15.06398806154980
1 45414U 20019BG  23004.51962243  .00002145  00000-0  16288-3 0  9991
2 45414  53.0544 304.8392 0001929  51.5840 308.5322 15.06398806155004
1 45414U 20019BG  23004.85135143  .00005891  00000-0  41395-3 0  9997
2 45414  53.0542 303.3495 0001896  51.3650 308.7508 15.06409296155037
1 45414U 20019BG  23005.24942751  .00015656  00000-0  10667-2 0  9999
2 45414  53.0541 301.5627 0001887  51.3125 308.8032 15.06432346155091
1 45414U 20019BG  23005.24942751  .00015656  00000-0  10667-2 0  9999
2 45414  53.0541 301.5627 0001887  51.3125 308.8032 15.06432346155114
1 45414U 20019BG  23005.84657251 -.00012382  00000-0 -81457-3 0  9994
2 45414  53.0538 298.8827 0001756  55.0907 305.0247 15.06362871155183
1 45414U 20019BG  23006.24466805  .00021504  00000-0  14598-2 0  9997
2 45414  53.0536 297.0964 0001647  61.9031 298.2125 15.06357915155267
1 45414U 20019BG  23006.51005592  .00027076  00000-0  18304-2 0  9998
2 45414  53.0541 295.9056 0001317  60.7102 299.4018 15.06384045155305
1 45414U 20019BG  23006.84178947  .00040253  00000-0  27044-2 0  9992
2 45414  53.0541 294.4158 0001621  64.4759 295.6398 15.06419903155333
1 45414U 20019BG  23006.84178947  .00040253  00000-0  27044-2 0  9992
2 45414  53.0541 294.4158 0001621  64.4759 295.6398 15.06419903155355
1 45414U 20019BG  23007.23986128  .00034396  00000-0  23139-2 0  9996
2 45414  53.0519 292.6276 0001665  66.9792 293.1372 15.06446512155398
1 45414U 20019BG  23007.50524784  .00016413  00000-0  11173-2 0  9997
2 45414  53.0499 291.4348 0002048  73.5479 286.5734 15.06430033155438
1 45414U 20019BG  23007.50524784  .00016413  00000-0  11173-2 0  9997
2 45414  53.0499 291.4348 0002048  73.5479 286.5734 15.06430033155450
1 45414U 20019BG  23008.16871098  .00017062  00000-0  11608-2 0  9997
2 45414  53.0515 288.4583 0002128  73.6645 286.4578 15.06423301155557
1 45414U 20019BG  23008.50044602  .00006313  00000-0  44220-3 0  9992
2 45414  53.0500 286.9688 0002786  76.9437 283.1863 15.06410895155583
1 45414U 20019BG  23008.50044602  .00006313  00000-0  44220-3 0  9992
2 45414  53.0500 286.9688 0002786  76.9437 283.1863 15.06410895155606
1 45414U 20019BG  23009.16390915  .00009343  00000-0  64496-3 0  9999
2 45414  53.0510 283.9896 0002234  87.7762 272.3483 15.06417809155682
1 45414U 20019BG  23010.15911449  .00006894  00000-0  48117-3 0  9991
2 45414  53.0515 279.5209 0001745  85.5362 274.5826 15.06406402155833
1 45414U 20019BG  23010.15911449  .00006894  00000-0  48117-3 0  9991
2 45414  53.0515 279.5209 0001745  85.5362 274.5826 15.06406402155855
1 45414U 20019BG  23011.02162239  .00006251  00000-0  43807-3 0  9991
2 45414  53.0510 275.6485 0001869  88.1465 271.9738 15.06406886155986
1 45414U 20019BG  23011.41970140  .00004379  00000-0  31263-3 0  9994
2 45414  53.0505 273.8618 0001842  87.7795 272.3405 15.06407246156023
1 45414U 20019BG  23011.75143972 -.00002164  00000-0 -12645-3 0  9991
2 45414  53.0499 272.3725 0001714  86.8305 273.2880 15.06391309156077
1 45414U 20019BG  23011.75143972 -.00002164  00000-0 -12645-3 0  9991
2 45414  53.0499 272.3725 0001714  86.8305 273.2880 15.06391309156099
1 45414U 20019BG  23012.08317152  .00002793  00000-0  20632-3 0  9992
2 45414  53.0502 270.8834 0001758  89.3237 270.7953 15.06402851156142
1 45414U 20019BG  23012.41490849  .00004160  00000-0  29806-3 0  9996
2 45414  53.0507 269.3952 0001749  88.7152 271.4037 15.06394573156197
1 45414U 20019BG  23012.94568585  .00002756  00000-0  20391-3 0  9996
2 45414  53.0515 267.0127 0001830  89.3023 270.8175 15.06394658156257
1 45414U 20019BG  23013.41011217  .00002197  00000-0  16633-3 0  9997
2 45414  53.0517 264.9266 0001726  93.4455 266.6731 15.06399994156325
1 45414U 20019BG  23013.67550105  .00003071  00000-0  22500-3 0  9991
2 45414  53.0516 263.7364 0001674  93.9090 266.2090 15.06398379156388
1 45414U 20019BG  23013.94088663  .00004302  00000-0  30752-3 0  9992
2 45414  53.0516 262.5452 0001843  93.1480 266.9720 15.06404707156409
1 45414U 20019BG  23014.67070646  .00001764  00000-0  13733-3 0  9994
2 45414  53.0509 259.2689 0002016  83.1537 276.9681 15.06396768156539
1 45414U 20019BG  23015.06878598  .00001824  00000-0  14135-3 0  9994
2 45414  53.0495 257.4805 0001831  88.0178 272.1020 15.06399815156577
1 45414U 20019BG  23015.93129079  .00006386  00000-0  44709-3 0  9991
2 45414  53.0477 253.6061 0001743  93.2531 266.8657 15.06413334156706
1 45414U 20019BG  23015.93129079  .00006386  00000-0  44709-3 0  9991
2 45414  53.0477 253.6061 0001743  93.2531 266.8657 15.06413334156728
1 45414U 20019BG  23016.92650348 -.00000982  00000-0 -47080-4 0  9993
2 45414  53.0493 249.1394 0001502  81.6172 278.4987 15.06389567156859
1 45414U 20019BG  23016.92650348 -.00000982  00000-0 -47080-4 0  9993
2 45414  53.0493 249.1394 0001502  81.6172 278.4987 15.06389567156871
1 45414U 20019BG  23017.32458569 -.00000151  00000-0  87283-5 0  9996
2 45414  53.0504 247.3515 0001490  80.6712 279.4445 15.06391368156911
1 45414U 20019BG  23017.65631890 -.00000713  00000-0 -29003-4 0  9992
2 45414  53.0505 245.8622 0001319  79.3888 280.7249 15.06396799156968
1 45414U 20019BG  23017.98805021  .00000947  00000-0  82441-4 0  9999
2 45414  53.0503 244.3731 0001394  80.3521 279.7625 15.06402217157038
1 45414U 20019BG  23018.58517630  .00003711  00000-0  26793-3 0  9991
2 45414  53.0497 241.6926 0001437  78.4981 281.6169 15.06397118157108
1 45414U 20019BG  23018.58517630  .00003711  00000-0  26793-3 0  9991
2 45414  53.0497 241.6926 0001437  78.4981 281.6169 15.06397118157120
1 45414U 20019BG  23018.91690390  .00005608  00000-0  39497-3 0  9995
2 45414  53.0490 240.2054 0001317  77.9475 282.1661 15.06410144157150
1 45414U 20019BG  23018.91690390  .00005608  00000-0  39497-3 0  9995
2 45414  53.0490 240.2054 0001317  77.9475 282.1661 15.06410144157172
1 45414U 20019BG  23019.31498684  .00001677  00000-0  13147-3 0  9998
2 45414  53.0504 238.4152 0001363  81.6730 278.4414 15.06401820157235
1 45414U 20019BG  23019.58037665  .00000136  00000-0  28024-4 0  9995
2 45414  53.0471 237.2247 0001532  83.7528 276.3635 15.06397229157257
1 45414U 20019BG  23019.64672538 -.00002937  00000-0 -17842-3 0  9994
2 45414  53.0486 236.9268 0001064  92.2184 267.8927 15.06388405157283
1 45414U 20019BG  23020.37654104  .00000830  00000-0  74625-4 0  9996
2 45414  53.0490 233.6500 0001298  86.0261 274.0877 15.06396407157372
1 45414U 20019BG  23020.37654104  .00000830  00000-0  74625-4 0  9996
2 45414  53.0490 233.6500 0001298  86.0261 274.0877 15.06396407157394
1 45414U 20019BG  23021.43809358  .00005345  00000-0  37743-3 0  9992
2 45414  53.0492 228.8839 0001236  90.2195 269.8935 15.06399446157553
1 45414U 20019BG  23022.56598928  .00001610  00000-0  12695-3 0  9995
2 45414  53.0491 223.8204 0001250  87.0282 273.0850 15.06398616157720
1 45414U 20019BG  23023.69388237  .00001462  00000-0  11699-3 0  9998
2 45414  53.0493 218.7561 0001243  85.8462 274.2668 15.06401261157898
1 45414U 20019BG  23024.42370321  .00003577  00000-0  25899-3 0  9991
2 45414  53.0506 215.4795 0001262  86.6088 273.5045 15.06386306158007
1 45414U 20019BG  23025.28620958  .00000610  00000-0  59812-4 0  9998
2 45414  53.0507 211.6072 0001167  88.4103 271.7020 15.06397177158119
1 45414U 20019BG  23025.81698223  .00000611  00000-0  59919-4 0  9996
2 45414  53.0507 209.2242 0001161  87.7678 272.3444 15.06399815158190
1 45414U 20019BG  23025.81698223  .00000611  00000-0  59919-4 0  9996
2 45414  53.0507 209.2242 0001161  87.7678 272.3444 15.06399815158213
1 45414U 20019BG  23026.54679725  .00001097  00000-0  92526-4 0  9993
2 45414  53.0508 205.9477 0001141  92.3280 267.7840 15.06397744158303
1 45414U 20019BG  23027.21026692  .00000398  00000-0  45600-4 0  9991
2 45414  53.0507 202.9688 0001166  90.1705 269.9417 15.06396192158421
1 45414U 20019BG  23027.47565644  .00000136  00000-0  27998-4 0  9994
2 45414  53.0506 201.7773 0001195  91.0127 269.0999 15.06393905158449
1 45414U 20019BG  23027.80738836  .00000074  00000-0  23861-4 0  9992
2 45414  53.0508 200.2878 0001200  91.1069 269.0057 15.06397880158490
1 45414U 20019BG  23028.47085620  .00000082  00000-0  24429-4 0  9992
2 45414  53.0513 197.3091 0001263  89.8658 270.2475 15.06398093158592
1 45414U 20019BG  23028.47085620  .00000082  00000-0  24429-4 0  9992
2 45414  53.0513 197.3091 0001263  89.8658 270.2475 15.06398093158615
1 45414U 20019BG  23028.86893264  .00000479  00000-0  51042-4 0  9997
2 45414  53.0512 195.5220 0001237  89.2791 270.8340 15.06402547158652
1 45414U 20019BG  23029.73143211  .00002027  00000-0  15487-3 0  9997
2 45414  53.0513 191.6498 0001240  87.9382 272.1749 15.06409310158802
1 45414U 20019BG  23029.86412418  .00002096  00000-0  15951-3 0  9991
2 45414  53.0513 191.0542 0001244  87.0837 273.0294 15.06410290158800
1 45414U 20019BG  23030.12952379  .00000175  00000-0  30629-4 0  9993
2 45414  53.0523 189.8607 0001215  79.9907 280.1219 15.06395983158867
1 45414U 20019BG  23030.52761760 -.00002015  00000-0 -11647-3 0  9994
2 45414  53.0501 188.0741 0001448 111.8483 248.2660 15.06384442158904
1 45414U 20019BG  23030.52761760 -.00002015  00000-0 -11647-3 0  9994
2 45414  53.0501 188.0741 0001448 111.8483 248.2660 15.06384442158926
1 45414U 20019BG  23030.85935086 -.00001517  00000-0 -83033-4 0  9999
2 45414  53.0505 186.5871 0001133  94.7444 265.3674 15.06388392158950
1 45414U 20019BG  23031.12473792 -.00001059  00000-0 -52238-4 0  9995
2 45414  53.0514 185.3951 0001155  94.1575 265.9546 15.06389676159017
1 45414U 20019BG  23031.39012414 -.00000742  00000-0 -30912-4 0  9997
2 45414  53.0513 184.2038 0001097  94.2272 265.8843 15.06392163159036
