1 45416U 20019BJ  22365.26602924  .00003914  00000-0  28149-3 0  9995
2 45416  53.0555 323.9118 0002203  41.1119 319.0036 15.06406965154369
1 45416U 20019BJ  22365.59776706  .00003460  00000-0  25105-3 0  9996
2 45416  53.0555 322.4233 0002335  42.8744 317.2426 15.06401042154419
1 45416U 20019BJ  23001.26125049 -.00000202  00000-0  53820-5 0  9995
2 45416  53.0569 319.4458 0002378  44.1351 315.9828 15.06388040154519
1 45416U 20019BJ  23001.59299193 -.00002573  00000-0 -15394-3 0  9999
2 45416  53.0564 317.9548 0002460  45.2895 314.8294 15.06385444154569
1 45416U 20019BJ  23002.25644543 -.00001920  00000-0 -11001-3 0  9992
2 45416  53.0553 314.9754 0002380  36.4141 323.7010 15.06406398154668
1 45416U 20019BJ  23002.58817381  .00000361  00000-0  43123-4 0  9997
2 45416  53.0552 313.4886 0002234  43.3721 316.7443 15.06407799154710
1 45416U 20019BJ  23003.11895723  .00000990  00000-0  85396-4 0  9999
2 45416  53.0550 311.1055 0001947  43.2253 316.8889 15.06392107154799
1 45416U 20019BJ  23003.58338466  .00001773  00000-0  13795-3 0  9999
2 45416  53.0550 309.0206 0001958  44.3447 315.7699 15.06393955154869
1 45416U 20019BJ  23004.11417134  .00000104  00000-0  25888-4 0  9993
2 45416  53.0549 306.6378 0002089  42.5961 317.5190 15.06386522154944
1 45416U 20019BJ  23004.11417134  .00000104  00000-0  25888-4 0  9993
2 45416  53.0549 306.6378 0002089  42.5961 317.5190 15.06386522154944
1 45416U 20019BJ  23004.91030993  .00003569  00000-0  25831-3 0  9990
2 45416  53.0550 303.0639 0002005  41.5929 318.5212 15.06413726155065
1 45416U 20019BJ  23004.91030993  .00003569  00000-0  25831-3 0  9990
2 45416  53.0550 303.0639 0002005  41.5929 318.5212 15.06413726155065
1 45416U 20019BJ  23005.50743458  .00001167  00000-0  97232-4 0  9990
2 45416  53.0539 300.3830 0002573  53.2721 306.8504 15.06408613155158
1 45416U 20019BJ  23005.50743458  .00001167  00000-0  97232-4 0  9990
2 45416  53.0539 300.3830 0002573  53.2721 306.8504 15.06408613155158
1 45416U 20019BJ  23005.83918530 -.00002001  00000-0 -11545-3 0  9993
2 45416  53.0542 298.8933 0003178  59.9363 300.1941 15.06382875155203
1 45416U 20019BJ  23005.83918530 -.00002001  00000-0 -11545-3 0  9993
2 45416  53.0542 298.8933 0003178  59.9363 300.1941 15.06382875155203
1 45416U 20019BJ  23006.90074702  .00023368  00000-0  15829-2 0  9991
2 45416  53.0538 294.1283 0001663  71.7457 288.3713 15.06389448155362
1 45416U 20019BJ  23007.03344102  .00023682  00000-0  16036-2 0  9990
2 45416  53.0537 293.5331 0001659  71.3287 288.7882 15.06395767155384
1 45416U 20019BJ  23007.16613430  .00025371  00000-0  17158-2 0  9990
2 45416  53.0539 292.9374 0001693  69.9522 290.1650 15.06404172155403
1 45416U 20019BJ  23007.49786864  .00017732  00000-0  12061-2 0  9998
2 45416  53.0529 291.4467 0001450  73.8793 286.2355 15.06406467155456
1 45416U 20019BJ  23007.49786864  .00017732  00000-0  12061-2 0  9998
2 45416  53.0529 291.4467 0001450  73.8793 286.2355 15.06406467155456
1 45416U 20019BJ  23008.16133693  .00021295  00000-0  14436-2 0  9996
2 45416  53.0535 288.4701 0001723  75.7344 284.3836 15.06414434155553
1 45416U 20019BJ  23008.49307422  .00015439  00000-0  10529-2 0  9997
2 45416  53.0535 286.9808 0002330  81.5610 278.5643 15.06406669155608
1 45416U 20019BJ  23008.49307422  .00015439  00000-0  10529-2 0  9997
2 45416  53.0535 286.9808 0002330  81.5610 278.5643 15.06406669155608
1 45416U 20019BJ  23009.15653824  .00015588  00000-0  10627-2 0  9995
2 45416  53.0536 284.0017 0001944  86.9927 273.1284 15.06411374155702
1 45416U 20019BJ  23009.15653824  .00015588  00000-0  10627-2 0  9995
2 45416  53.0536 284.0017 0001944  86.9927 273.1284 15.06411374155702
1 45416U 20019BJ  23010.15174335  .00009154  00000-0  63249-3 0  9993
2 45416  53.0535 279.5337 0001811  91.4450 268.6746 15.06406940155851
1 45416U 20019BJ  23010.15174335  .00009154  00000-0  63249-3 0  9993
2 45416  53.0535 279.5337 0001811  91.4450 268.6746 15.06406940155851
1 45416U 20019BJ  23011.01425103  .00007645  00000-0  53144-3 0  9997
2 45416  53.0539 275.6603 0001787  93.0344 267.0849 15.06408082155980
1 45416U 20019BJ  23011.41232859  .00006567  00000-0  45920-3 0  9990
2 45416  53.0539 273.8731 0001771  93.7381 266.3810 15.06412359156043
1 45416U 20019BJ  23011.81041392  .00001168  00000-0  97298-4 0  9992
2 45416  53.0524 272.0872 0001771  91.0797 269.0395 15.06399422156106
1 45416U 20019BJ  23012.00945320  .00002520  00000-0  18797-3 0  9997
2 45416  53.0522 271.1946 0001718  87.1752 272.9434 15.06403634156135
1 45416U 20019BJ  23012.93831129  .00001108  00000-0  93271-4 0  9992
2 45416  53.0521 267.0267 0001393  94.7170 265.3978 15.06397531156273
1 45416U 20019BJ  23013.00465717  .00000464  00000-0  50072-4 0  9993
2 45416  53.0527 266.7283 0001318  93.6064 266.5076 15.06399024156282
1 45416U 20019BJ  23013.40273651  .00001164  00000-0  96994-4 0  9992
2 45416  53.0536 264.9402 0001322  87.2452 272.8688 15.06403765156344
1 45416U 20019BJ  23013.80082452 -.00000831  00000-0 -36917-4 0  9994
2 45416  53.0529 263.1530 0001344  82.8571 277.2571 15.06390286156406
1 45416U 20019BJ  23014.06620940  .00001921  00000-0  14780-3 0  9995
2 45416  53.0524 261.9623 0001358  86.6868 273.4276 15.06399466156449
1 45416U 20019BJ  23014.66333612  .00000020  00000-0  20216-4 0  9999
2 45416  53.0529 259.2804 0001474  80.4843 279.6312 15.06394027156536
1 45416U 20019BJ  23015.52584528  .00002439  00000-0  18260-3 0  9990
2 45416  53.0518 255.4085 0001657  79.2630 280.8545 15.06397513156665
1 45416U 20019BJ  23015.79122828  .00004269  00000-0  30530-3 0  9997
2 45416  53.0530 254.2166 0001330  84.4450 275.6690 15.06404988156705
1 45416U 20019BJ  23015.92392086  .00006954  00000-0  48509-3 0  9995
2 45416  53.0529 253.6205 0001321  86.6232 273.4909 15.06412191156728
1 45416U 20019BJ  23016.52105053 -.00001942  00000-0 -11154-3 0  9998
2 45416  53.0515 250.9406 0001502  63.1342 296.9800 15.06387390156811
1 45416U 20019BJ  23016.91912946  .00000064  00000-0  23223-4 0  9991
2 45416  53.0525 249.1536 0001353  91.6794 268.4350 15.06394501156879
1 45416U 20019BJ  23017.05182198  .00000436  00000-0  48149-4 0  9992
2 45416  53.0532 248.5576 0001328  94.3902 265.7239 15.06396551156892
1 45416U 20019BJ  23017.44990577  .00000325  00000-0  40703-4 0  9998
2 45416  53.0530 246.7704 0001287  97.1185 262.9951 15.06392986156956
1 45416U 20019BJ  23017.71529489  .00001076  00000-0  91137-4 0  9999
2 45416  53.0530 245.5790 0001261  97.7615 262.3518 15.06392701156996
1 45416U 20019BJ  23018.31241751  .00005893  00000-0  41418-3 0  9996
2 45416  53.0529 242.8985 0001246 100.0107 260.1023 15.06400093157089
1 45416U 20019BJ  23018.51145822  .00006394  00000-0  44775-3 0  9996
2 45416  53.0527 242.0050 0001268 100.6562 259.4570 15.06401803157119
1 45416U 20019BJ  23018.90953523  .00009409  00000-0  64944-3 0  9994
2 45416  53.0527 240.2181 0001249 100.8642 259.2488 15.06413610157175
1 45416U 20019BJ  23018.97588099  .00010247  00000-0  70548-3 0  9992
2 45416  53.0526 239.9201 0001267 101.2095 258.9036 15.06416294157186
1 45416U 20019BJ  23019.57300464  .00003804  00000-0  27410-3 0  9998
2 45416  53.0521 237.2396 0001564  99.6176 260.4990 15.06406064157278
1 45416U 20019BJ  23019.57300464  .00003804  00000-0  27410-3 0  9998
2 45416  53.0521 237.2396 0001564  99.6176 260.4990 15.06406064157278
1 45416U 20019BJ  23020.03743639 -.00001269  00000-0 -66332-4 0  9998
2 45416  53.0519 235.1546 0001501 100.2081 259.9077 15.06392415157345
1 45416U 20019BJ  23020.30282332  .00001296  00000-0  10592-3 0  9990
2 45416  53.0522 233.9635 0001300  94.4495 265.6643 15.06397437157380
1 45416U 20019BJ  23020.89994121  .00004455  00000-0  31771-3 0  9992
2 45416  53.0528 231.2827 0001172  95.1048 265.0074 15.06408097157476
1 45416U 20019BJ  23021.29802271  .00003651  00000-0  26380-3 0  9998
2 45416  53.0525 229.4952 0001118  86.2344 273.8773 15.06405620157530
1 45416U 20019BJ  23022.55861569  .00000461  00000-0  49872-4 0  9991
2 45416  53.0539 223.8365 0001443  87.0181 273.0973 15.06397828157725
1 45416U 20019BJ  23022.82399809 -.00002340  00000-0 -13821-3 0  9998
2 45416  53.0550 222.6447 0001520  88.0684 272.0479 15.06412031157769
1 45416U 20019BJ  23023.81920245  .00001479  00000-0  11819-3 0  9997
2 45416  53.0551 218.1770 0001230  89.7464 270.3666 15.06396833157918
1 45416U 20019BJ  23025.21248886  .00000670  00000-0  63864-4 0  9997
2 45416  53.0552 211.9227 0001135  87.9383 272.1736 15.06396724158122
1 45416U 20019BJ  23025.54422706  .00000026  00000-0  20608-4 0  9992
2 45416  53.0555 210.4337 0001176  89.6477 270.4647 15.06393017158178
1 45416U 20019BJ  23025.80961231  .00000388  00000-0  44908-4 0  9992
2 45416  53.0560 209.2427 0001195  95.8712 264.2413 15.06395571158216
1 45416U 20019BJ  23026.67212014  .00000562  00000-0  56607-4 0  9999
2 45416  53.0563 205.3709 0001170  95.3958 264.7164 15.06397926158347
1 45416U 20019BJ  23027.53463081  .00000921  00000-0  80696-4 0  9991
2 45416  53.0557 201.4983 0001132  91.5365 268.5753 15.06394353158470
1 45416U 20019BJ  23027.80001496  .00000966  00000-0  83740-4 0  9991
2 45416  53.0558 200.3069 0001162  90.6758 269.4364 15.06399822158512
1 45416U 20019BJ  23028.46348804  .00000077  00000-0  24094-4 0  9991
2 45416  53.0558 197.3283 0001236  88.7089 271.4042 15.06395305158611
1 45416U 20019BJ  23028.46348804  .00000077  00000-0  24094-4 0  9991
2 45416  53.0558 197.3283 0001236  88.7089 271.4042 15.06395305158611
1 45416U 20019BJ  23028.86156660  .00000341  00000-0  41812-4 0  9993
2 45416  53.0557 195.5413 0001230  88.0151 272.0979 15.06398298158678
1 45416U 20019BJ  23029.65772770  .00000560  00000-0  56463-4 0  9998
2 45416  53.0555 191.9672 0001266  87.4498 272.6636 15.06399168158795
1 45416U 20019BJ  23029.85676729  .00000524  00000-0  54052-4 0  9999
2 45416  53.0555 191.0739 0001277  84.7394 275.3741 15.06400409158829
1 45416U 20019BJ  23030.45389878  .00001085  00000-0  91722-4 0  9991
2 45416  53.0549 188.3926 0001240  90.7342 269.3789 15.06384308158913
1 45416U 20019BJ  23030.45389878  .00001085  00000-0  91722-4 0  9991
2 45416  53.0549 188.3926 0001240  90.7342 269.3789 15.06384308158913
1 45416U 20019BJ  23031.11736382  .00000063  00000-0  23144-4 0  9999
2 45416  53.0555 185.4151 0001125  87.1190 272.9927 15.06395309159010
1 45416U 20019BJ  23031.44909908  .00000029  00000-0  20828-4 0  9999
2 45416  53.0553 183.9258 0001192  88.3532 271.7593 15.06395369159063
1 45416U 20019BJ  23031.84717641  .00000580  00000-0  57855-4 0  9996
2 45416  53.0559 182.1394 0001215  88.2928 271.8200 15.06400151159124
