1 45538U 20025H   22365.10660698  .00003527  00000-0  25552-3 0  9997
2 45538  53.0537 294.6363 0001964  44.8616 315.2532 15.06402217148970
1 45538U 20025H   22365.50469372  .00003631  00000-0  26251-3 0  9990
2 45538  53.0549 292.8526 0001901  52.4644 307.6517 15.06401979149626
1 45538U 20025H   22365.83643223  .00002190  00000-0  16589-3 0  9997
2 45538  53.0570 291.3680 0001842  52.6768 307.4389 15.06401351149672
1 45538U 20025H   23001.10182791 -.00000889  00000-0 -40809-4 0  9991
2 45538  53.0536 290.1687 0002014  19.4303 340.6762 15.06395253149123
1 45538U 20025H   23001.49992313 -.00002149  00000-0 -12547-3 0  9990
2 45538  53.0555 288.3857 0001982  49.8384 310.2778 15.06382248149772
1 45538U 20025H   23001.49992313 -.00002149  00000-0 -12547-3 0  9990
2 45538  53.0555 288.3857 0001982  49.8384 310.2778 15.06382248149187
1 45538U 20025H   23001.76530668 -.00003938  00000-0 -24565-3 0  9991
2 45538  53.0547 287.1914 0001780  45.0185 315.0948 15.06394039149220
1 45538U 20025H   23001.89799602 -.00003084  00000-0 -18823-3 0  9992
2 45538  53.0556 286.5990 0001729  47.8080 312.3055 15.06398594149830
1 45538U 20025H   23002.09703143 -.00002196  00000-0 -12857-3 0  9994
2 45538  53.0543 285.7043 0001793  46.4206 313.6931 15.06403598149278
1 45538U 20025H   23002.49510787  .00001332  00000-0  10827-3 0  9992
2 45538  53.0537 283.9169 0001801  46.2250 313.8887 15.06402477149926
1 45538U 20025H   23002.76050326  .00000755  00000-0  69587-4 0  9996
2 45538  53.0534 282.7233 0001537  40.8170 319.2934 15.06386905149963
1 45538U 20025H   23002.76050326  .00000755  00000-0  69587-4 0  9996
2 45538  53.0534 282.7233 0001537  40.8170 319.2934 15.06386905149378
1 45538U 20025H   23003.02588948  .00001745  00000-0  13604-3 0  9990
2 45538  53.0548 281.5354 0001989  49.0743 311.0417 15.06394657149416
1 45538U 20025H   23003.49032039  .00001954  00000-0  15010-3 0  9991
2 45538  53.0545 279.4496 0001835  49.4564 310.6585 15.06391132150071
1 45538U 20025H   23004.15379855  .00000497  00000-0  52294-4 0  9992
2 45538  53.0550 276.4721 0001846  49.9347 310.1803 15.06386499149583
1 45538U 20025H   23004.48552798  .00000669  00000-0  63844-4 0  9991
2 45538  53.0549 274.9829 0001993  50.2960 309.8204 15.06396814150227
1 45538U 20025H   23004.48552798  .00000669  00000-0  63844-4 0  9991
2 45538  53.0549 274.9829 0001993  50.2960 309.8204 15.06396814149630
1 45538U 20025H   23005.14898348  .00006073  00000-0  42605-3 0  9995
2 45538  53.0536 272.0032 0001948  56.2750 303.8425 15.06418514150323
1 45538U 20025H   23005.14898348  .00006073  00000-0  42605-3 0  9995
2 45538  53.0536 272.0032 0001948  56.2750 303.8425 15.06418514149736
1 45538U 20025H   23006.40958586 -.00003807  00000-0 -23695-3 0  9998
2 45538  53.0533 266.3447 0001744  48.7393 311.3745 15.06381612149920
1 45538U 20025H   23006.74133210 -.00003175  00000-0 -19443-3 0  9998
2 45538  53.0543 264.8545 0001976  56.7167 303.4011 15.06384710150560
1 45538U 20025H   23007.13940965 -.00002978  00000-0 -18111-3 0  9996
2 45538  53.0538 263.0678 0001967  55.8437 304.2738 15.06391923150628
1 45538U 20025H   23007.40478917 -.00002427  00000-0 -14409-3 0  9994
2 45538  53.0531 261.8769 0001957  57.1126 303.0051 15.06392980150075
1 45538U 20025H   23007.73653684  .00007876  00000-0  54751-3 0  9991
2 45538  53.0536 260.3874 0001852  59.7701 300.3472 15.06368679150718
1 45538U 20025H   23007.73653684  .00007876  00000-0  54751-3 0  9991
2 45538  53.0536 260.3874 0001852  59.7701 300.3472 15.06368679150123
1 45538U 20025H   23008.06826907  .00001415  00000-0  11394-3 0  9997
2 45538  53.0529 258.8985 0001802  55.4101 304.7058 15.06383265150173
1 45538U 20025H   23008.40000338  .00002304  00000-0  17355-3 0  9998
2 45538  53.0538 257.4092 0001829  58.2050 301.9117 15.06389296150816
1 45538U 20025H   23008.73173738  .00006653  00000-0  46512-3 0  9997
2 45538  53.0534 255.9202 0001793  59.6868 300.4299 15.06399006150860
1 45538U 20025H   23008.73173738  .00006653  00000-0  46512-3 0  9997
2 45538  53.0534 255.9202 0001793  59.6868 300.4299 15.06399006150275
1 45538U 20025H   23009.39520138  .00007640  00000-0  53108-3 0  9996
2 45538  53.0518 252.9410 0001731  58.2299 301.8858 15.06411187150967
1 45538U 20025H   23009.92597107  .00007064  00000-0  49241-3 0  9998
2 45538  53.0513 250.5583 0001803  60.7232 299.3937 15.06417460151041
1 45538U 20025H   23010.05866400  .00003388  00000-0  24617-3 0  9994
2 45538  53.0516 249.9628 0001595  59.6266 300.4881 15.06413073150472
1 45538U 20025H   23010.39039649  .00003388  00000-0  24617-3 0  9998
2 45538  53.0509 248.4733 0001444  55.5007 304.6118 15.06411323151113
1 45538U 20025H   23010.65578592  .00001050  00000-0  89407-4 0  9995
2 45538  53.0507 247.2810 0001997  70.4561 289.6644 15.06406424151154
1 45538U 20025H   23010.65578592  .00001050  00000-0  89407-4 0  9995
2 45538  53.0507 247.2810 0001997  70.4561 289.6644 15.06406424150568
1 45538U 20025H   23011.51829573  .00001388  00000-0  11204-3 0  9992
2 45538  53.0521 243.4089 0001852  71.1457 288.9733 15.06402446151283
1 45538U 20025H   23011.65098773  .00002309  00000-0  17383-3 0  9995
2 45538  53.0520 242.8116 0001785  76.5069 283.6118 15.06404979150718
1 45538U 20025H   23011.91637066  .00004898  00000-0  34738-3 0  9996
2 45538  53.0517 241.6233 0001974  65.3957 294.7237 15.06415103151349
1 45538U 20025H   23012.04906190  .00003896  00000-0  28018-3 0  9999
2 45538  53.0518 241.0277 0001920  65.6568 294.4621 15.06417511150779
1 45538U 20025H   23012.71254691 -.00003194  00000-0 -19569-3 0  9999
2 45538  53.0521 238.0493 0001588  67.2443 292.8713 15.06381775150876
1 45538U 20025H   23012.91158768 -.00001092  00000-0 -54410-4 0  9999
2 45538  53.0521 237.1560 0001612  67.8113 292.3047 15.06386835151495
1 45538U 20025H   23013.44236271  .00002170  00000-0  16454-3 0  9995
2 45538  53.0521 234.7728 0001592  73.6195 286.4969 15.06394082151575
1 45538U 20025H   23013.44236271  .00002170  00000-0  16454-3 0  9995
2 45538  53.0521 234.7728 0001592  73.6195 286.4969 15.06394082150989
1 45538U 20025H   23013.90679295  .00011478  00000-0  78815-3 0  9993
2 45538  53.0519 232.6873 0001501  70.6779 289.4372 15.06402294151649
1 45538U 20025H   23014.63661040  .00001149  00000-0  96028-4 0  9994
2 45538  53.0518 229.4110 0001483  71.9911 288.1240 15.06393990151166
1 45538U 20025H   23015.30007923  .00001488  00000-0  11881-3 0  9992
2 45538  53.0511 226.4321 0001507  76.6040 283.5117 15.06396478151854
1 45538U 20025H   23015.83085380  .00000034  00000-0  21173-4 0  9995
2 45538  53.0512 224.0492 0001650  76.1368 283.9804 15.06399839151340
1 45538U 20025H   23015.89720102  .00001639  00000-0  12892-3 0  9998
2 45538  53.0523 223.7514 0001459  74.6921 285.4229 15.06400764151942
1 45538U 20025H   23016.56067256  .00001590  00000-0  12565-3 0  9990
2 45538  53.0517 220.7731 0001453  77.1279 282.9872 15.06395641152046
1 45538U 20025H   23016.82606123  .00003926  00000-0  28236-3 0  9998
2 45538  53.0518 219.5814 0001414  79.6324 280.4824 15.06394752152086
1 45538U 20025H   23016.82606123  .00003926  00000-0  28236-3 0  9998
2 45538  53.0518 219.5814 0001414  79.6324 280.4824 15.06394752151490
1 45538U 20025H   23017.35684066  .00005732  00000-0  40361-3 0  9999
2 45538  53.0527 217.1993 0001323  86.2116 273.9025 15.06378397152166
1 45538U 20025H   23017.35684066  .00005732  00000-0  40361-3 0  9999
2 45538  53.0527 217.1993 0001323  86.2116 273.9025 15.06378397151570
1 45538U 20025H   23017.82125909  .00001372  00000-0  11098-3 0  9998
2 45538  53.0528 215.1139 0001409  82.0148 278.1001 15.06400362152238
1 45538U 20025H   23017.82125909  .00001372  00000-0  11098-3 0  9998
2 45538  53.0528 215.1139 0001409  82.0148 278.1001 15.06400362151642
1 45538U 20025H   23018.55108205  .00005236  00000-0  37036-3 0  9992
2 45538  53.0526 211.8369 0001513  89.5009 270.6154 15.06378196152345
1 45538U 20025H   23018.81646811  .00005509  00000-0  38861-3 0  9991
2 45538  53.0527 210.6456 0001503  89.4447 270.6714 15.06383852152385
1 45538U 20025H   23018.81646811  .00005509  00000-0  38861-3 0  9991
2 45538  53.0527 210.6456 0001503  89.4447 270.6714 15.06383852151799
1 45538U 20025H   23019.21454553  .00000703  00000-0  66075-4 0  9996
2 45538  53.0529 208.8590 0001374  84.5417 275.5729 15.06397949151857
1 45538U 20025H   23019.54628249  .00000338  00000-0  41569-4 0  9992
2 45538  53.0529 207.3695 0001348  86.3731 273.7412 15.06394943152498
1 45538U 20025H   23020.20974787  .00000769  00000-0  70514-4 0  9998
2 45538  53.0532 204.3910 0001382  85.3175 274.7972 15.06399169152596
1 45538U 20025H   23020.80686713  .00001317  00000-0  10730-3 0  9996
2 45538  53.0532 201.7104 0001203  74.6183 285.4939 15.06400927152096
1 45538U 20025H   23021.47034134  .00000782  00000-0  71384-4 0  9992
2 45538  53.0531 198.7324 0001265  86.3627 273.7507 15.06393019152190
1 45538U 20025H   23022.73092825  .00000480  00000-0  51113-4 0  9996
2 45538  53.0532 193.0726 0001293  84.1033 276.0104 15.06399466152385
1 45538U 20025H   23023.46074719  .00000665  00000-0  63543-4 0  9994
2 45538  53.0532 189.7964 0001411  84.0303 276.0847 15.06393135152495
1 45538U 20025H   23024.45594328  .00001103  00000-0  92918-4 0  9993
2 45538  53.0531 185.3283 0001405  86.4980 273.6169 15.06401727152644
1 45538U 20025H   23024.78768653 -.00001329  00000-0 -70348-4 0  9998
2 45538  53.0539 183.8377 0001297  95.4826 264.6311 15.06393737152692
1 45538U 20025H   23025.58384930  .00000163  00000-0  29832-4 0  9994
2 45538  53.0538 180.2639 0001390  93.7922 266.3226 15.06393199153401
1 45538U 20025H   23025.78288623  .00000326  00000-0  40770-4 0  9993
2 45538  53.0533 179.3718 0001344  92.0635 268.0508 15.06398085153439
1 45538U 20025H   23025.78288623  .00000326  00000-0  40770-4 0  9993
2 45538  53.0533 179.3718 0001344  92.0635 268.0508 15.06398085152843
1 45538U 20025H   23026.57905029  .00001880  00000-0  14507-3 0  9991
2 45538  53.0524 175.7978 0001444 100.7800 259.3352 15.06392330153559
1 45538U 20025H   23027.37521501  .00000701  00000-0  65979-4 0  9990
2 45538  53.0529 172.2232 0001438  89.8635 270.2519 15.06396257153082
1 45538U 20025H   23027.57425751  .00000395  00000-0  45422-4 0  9992
2 45538  53.0532 171.3296 0001439  88.8768 271.2385 15.06394865153707
1 45538U 20025H   23027.70695201  .00000657  00000-0  62994-4 0  9990
2 45538  53.0533 170.7347 0001335  80.4799 279.6341 15.06393438153726
1 45538U 20025H   23028.43676524 -.00000918  00000-0 -42750-4 0  9998
2 45538  53.0531 167.4580 0001395  81.7248 278.3899 15.06401737153248
1 45538U 20025H   23028.56944532 -.00009658  00000-0 -62960-3 0  9993
2 45538  53.0535 166.8625 0001635  72.6602 287.4565 15.06443509153856
1 45538U 20025H   23028.70215144  .00000177  00000-0  30804-4 0  9997
2 45538  53.0543 166.2671 0001277  83.0461 277.0673 15.06399901153874
1 45538U 20025H   23029.36562440 -.00000158  00000-0  82655-5 0  9996
2 45538  53.0540 163.2879 0001156  80.3485 279.7635 15.06392718153382
1 45538U 20025H   23029.76370107  .00000459  00000-0  49686-4 0  9996
2 45538  53.0534 161.5008 0001163  79.9002 280.2118 15.06397638154039
1 45538U 20025H   23030.49352289 -.00000386  00000-0 -70099-5 0  9993
2 45538  53.0547 158.2261 0001298  82.9242 277.1895 15.06392833154147
1 45538U 20025H   23030.49352289 -.00000386  00000-0 -70099-5 0  9993
2 45538  53.0547 158.2261 0001298  82.9242 277.1895 15.06392833153551
1 45538U 20025H   23031.48872596  .00005339  00000-0  37725-3 0  9999
2 45538  53.0548 153.7579 0001100 100.2162 259.8951 15.06375667154299
