1 45537U 20025G   23001.28814589  .00171590  00000-0  33040-2 0  9999
2 45537  52.9688 206.6889 0005584 169.6282 190.4839 15.46767805150851
1 45537U 20025G   23001.28814589  .00171590  00000-0  33040-2 0  9999
2 45537  52.9688 206.6889 0005584 169.6282 190.4839 15.46767805150266
1 45537U 20025G   23001.74042480  .00138966  00000-0  26780-2 0  9996
2 45537  52.9688 204.5245 0005521 171.1109 188.9995 15.46883288150928
1 45537U 20025G   23001.99885992  .00132596  00000-0  25544-2 0  9996
2 45537  52.9687 203.2881 0005491 171.7039 188.4058 15.46921061150379
1 45537U 20025G   23002.58029707  .00117144  00000-0  22515-2 0  9993
2 45537  52.9686 200.5050 0005401 174.6168 185.4896 15.47058678151051
1 45537U 20025G   23002.83869666  .00114056  00000-0  21886-2 0  9996
2 45537  52.9684 199.2679 0005392 175.8670 184.2381 15.47119952151093
1 45537U 20025G   23002.83869666  .00114056  00000-0  21886-2 0  9996
2 45537  52.9684 199.2679 0005392 175.8670 184.2381 15.47119952150508
1 45537U 20025G   23003.80759794  .00120368  00000-0  22875-2 0  9996
2 45537  52.9677 194.6287 0005126 181.2634 178.8359 15.47371404150652
1 45537U 20025G   23004.51801874  .00163329  00000-0  30603-2 0  9994
2 45537  52.9675 191.2269 0004802 184.5618 175.5345 15.47594473151351
1 45537U 20025G   23004.51801874  .00163329  00000-0  30603-2 0  9994
2 45537  52.9675 191.2269 0004802 184.5618 175.5345 15.47594473150765
1 45537U 20025G   23004.77632406  .00189785  00000-0  35292-2 0  9998
2 45537  52.9676 189.9888 0004713 186.0985 173.9965 15.47703932151394
1 45537U 20025G   23004.77632406  .00189785  00000-0  35292-2 0  9998
2 45537  52.9676 189.9888 0004713 186.0985 173.9965 15.47703932150809
1 45537U 20025G   23005.48660178  .00119947  00000-0  22400-2 0  9994
2 45537  52.9675 186.5861 0004421 189.4211 170.6713 15.47879973151509
1 45537U 20025G   23005.48660178  .00119947  00000-0  22400-2 0  9994
2 45537  52.9675 186.5861 0004421 189.4211 170.6713 15.47879973150913
1 45537U 20025G   23005.61573323  .00128973  00000-0  24018-2 0  9990
2 45537  52.9671 185.9672 0004410 190.6122 169.4792 15.47920171151523
1 45537U 20025G   23005.61573323  .00128973  00000-0  24018-2 0  9990
2 45537  52.9671 185.9672 0004410 190.6122 169.4792 15.47920171150937
1 45537U 20025G   23006.45500566  .00149172  00000-0  27440-2 0  9998
2 45537  52.9666 181.9442 0004153 195.2673 164.8208 15.48186578151060
1 45537U 20025G   23006.58411249  .00128620  00000-0  23707-2 0  9998
2 45537  52.9665 181.3249 0004152 196.2746 163.8127 15.48218279151679
1 45537U 20025G   23006.58411249  .00128620  00000-0  23707-2 0  9998
2 45537  52.9665 181.3249 0004152 196.2746 163.8127 15.48218279151084
1 45537U 20025G   23007.16505617  .00140228  00000-0  25652-2 0  9995
2 45537  52.9666 178.5391 0004011 199.6315 160.4538 15.48384642151766
1 45537U 20025G   23007.16505617  .00140228  00000-0  25652-2 0  9995
2 45537  52.9666 178.5391 0004011 199.6315 160.4538 15.48384642151171
1 45537U 20025G   23007.74593563  .00157865  00000-0  28622-2 0  9991
2 45537  52.9668 175.7526 0003867 203.9269 156.1558 15.48565625151858
1 45537U 20025G   23007.74593563  .00157865  00000-0  28622-2 0  9991
2 45537  52.9668 175.7526 0003867 203.9269 156.1558 15.48565625151263
1 45537U 20025G   23008.45580407  .00147879  00000-0  26641-2 0  9996
2 45537  52.9676 172.3466 0003492 209.2921 150.7890 15.48791336151962
1 45537U 20025G   23008.58485747  .00167093  00000-0  29948-2 0  9994
2 45537  52.9674 171.7271 0003473 210.5806 149.4998 15.48857900151989
1 45537U 20025G   23008.58485747  .00167093  00000-0  29948-2 0  9994
2 45537  52.9674 171.7271 0003473 210.5806 149.4998 15.48857900151394
1 45537U 20025G   23009.16554860  .00188791  00000-0  33464-2 0  9998
2 45537  52.9678 168.9399 0003173 216.6861 143.3929 15.49086591151480
1 45537U 20025G   23009.55262983  .00180296  00000-0  31834-2 0  9994
2 45537  52.9678 167.0808 0003053 219.5401 140.5383 15.49232158152132
1 45537U 20025G   23010.39117957  .00203228  00000-0  35358-2 0  9994
2 45537  52.9675 163.0533 0002709 228.8408 131.2365 15.49560343152268
1 45537U 20025G   23010.39117957  .00203228  00000-0  35358-2 0  9994
2 45537  52.9675 163.0533 0002709 228.8408 131.2365 15.49560343151672
1 45537U 20025G   23010.71365058  .00200235  00000-0  34695-2 0  9995
2 45537  52.9674 161.5041 0002604 232.8988 127.1780 15.49688598152310
1 45537U 20025G   23011.55193380  .00249214  00000-0  42291-2 0  9996
2 45537  52.9675 157.4748 0002521 246.1376 113.9366 15.50088634152440
1 45537U 20025G   23011.80982213  .00248097  00000-0  41911-2 0  9991
2 45537  52.9676 156.2352 0002366 252.2098 107.8651 15.50221446152488
1 45537U 20025G   23011.80982213  .00248097  00000-0  41911-2 0  9991
2 45537  52.9676 156.2352 0002366 252.2098 107.8651 15.50221446151892
1 45537U 20025G   23012.64782210  .00234702  00000-0  39188-2 0  9990
2 45537  52.9684 152.2032 0002227 268.4622  91.6130 15.50603122152618
1 45537U 20025G   23012.64782210  .00234702  00000-0  39188-2 0  9990
2 45537  52.9684 152.2032 0002227 268.4622  91.6130 15.50603122152023
1 45537U 20025G   23013.55005943  .00232410  00000-0  38269-2 0  9995
2 45537  52.9681 147.8607 0002546 285.6859  74.3867 15.51003706152753
1 45537U 20025G   23013.74336599  .00223875  00000-0  36803-2 0  9997
2 45537  52.9685 146.9303 0002472 288.2160  71.8578 15.51082986152783
1 45537U 20025G   23013.74336599  .00223875  00000-0  36803-2 0  9997
2 45537  52.9685 146.9303 0002472 288.2160  71.8578 15.51082986152198
1 45537U 20025G   23014.38763601  .00295876  00000-0  47587-2 0  9997
2 45537  52.9672 143.8264 0002453 296.1864  63.8891 15.51423674152297
1 45537U 20025G   23014.51647184  .00270351  00000-0  43528-2 0  9991
2 45537  52.9670 143.2058 0002448 298.7984  61.2777 15.51489946152317
1 45537U 20025G   23015.35374882  .00354016  00000-0  55301-2 0  9999
2 45537  52.9669 139.1695 0002759 312.9200  47.1576 15.52024106152449
1 45537U 20025G   23015.61130618  .00386772  00000-0  59690-2 0  9994
2 45537  52.9668 137.9275 0002905 318.1129  41.9656 15.52241849153075
1 45537U 20025G   23015.61130618  .00386772  00000-0  59690-2 0  9994
2 45537  52.9668 137.9275 0002905 318.1129  41.9656 15.52241849152489
1 45537U 20025G   23016.57686895  .00357772  00000-0  54066-2 0  9993
2 45537  52.9671 133.2666 0003350 329.2180  30.8631 15.52932868153222
1 45537U 20025G   23016.70557897  .00350119  00000-0  52798-2 0  9995
2 45537  52.9667 132.6447 0003446 330.2927  29.7885 15.53019227153240
1 45537U 20025G   23016.70557897  .00350119  00000-0  52798-2 0  9995
2 45537  52.9667 132.6447 0003446 330.2927  29.7885 15.53019227152654
1 45537U 20025G   23017.02732466  .00310721  00000-0  46772-2 0  9998
2 45537  52.9665 131.0913 0003773 334.0245  26.0573 15.53213073152706
1 45537U 20025G   23017.34903006  .00315326  00000-0  47096-2 0  9999
2 45537  52.9664 129.5369 0003943 337.5884  22.4951 15.53411845153346
1 45537U 20025G   23017.34903006  .00315326  00000-0  47096-2 0  9999
2 45537  52.9664 129.5369 0003943 337.5884  22.4951 15.53411845152750
1 45537U 20025G   23018.50682893  .00397429  00000-0  57146-2 0  9997
2 45537  52.9668 123.9386 0004591 348.6465  11.4440 15.54160989152931
1 45537U 20025G   23018.57113479  .00377122  00000-0  54295-2 0  9993
2 45537  52.9669 123.6277 0004629 350.1642   9.9276 15.54198832153539
1 45537U 20025G   23018.57113479  .00377122  00000-0  54295-2 0  9993
2 45537  52.9669 123.6277 0004629 350.1642   9.9276 15.54198832152943
1 45537U 20025G   23019.27837733  .00314101  00000-0  44849-2 0  9999
2 45537  52.9675 120.2059 0005153 354.8280   5.2674 15.54650783153055
1 45537U 20025G   23019.53550603  .00353905  00000-0  49950-2 0  9999
2 45537  52.9681 118.9612 0005330 356.3468   3.7501 15.54824710153687
1 45537U 20025G   23019.53550603  .00353905  00000-0  49950-2 0  9999
2 45537  52.9681 118.9612 0005330 356.3468   3.7501 15.54824710153092
1 45537U 20025G   23019.98541519  .00345894  00000-0  48357-2 0  9992
2 45537  52.9672 116.7812 0005741 358.5959   1.5033 15.55111666153169
1 45537U 20025G   23020.49949667  .00315524  00000-0  43776-2 0  9993
2 45537  52.9673 114.2902 0005991   2.4908 357.6130 15.55426635153831
1 45537U 20025G   23020.49949667  .00315524  00000-0  43776-2 0  9993
2 45537  52.9673 114.2902 0005991   2.4908 357.6130 15.55426635153246
1 45537U 20025G   23020.62799971  .00331467  00000-0  45743-2 0  9999
2 45537  52.9671 113.6675 0006080   2.5947 357.5093 15.55514801153260
1 45537U 20025G   23021.46310209  .00366885  00000-0  49364-2 0  9990
2 45537  52.9668 109.6176 0006472   7.6101 352.5006 15.56075690153392
1 45537U 20025G   23021.65577395  .00382132  00000-0  51045-2 0  9994
2 45537  52.9668 108.6829 0006544   8.6464 351.4657 15.56217724153429
1 45537U 20025G   23022.49049112  .00363632  00000-0  47652-2 0  9991
2 45537  52.9670 104.6301 0007027  12.7881 347.3306 15.56796984153558
1 45537U 20025G   23022.61888189  .00345520  00000-0  45245-2 0  9992
2 45537  52.9669 104.0062 0007140  13.7060 346.4143 15.56879375153577
1 45537U 20025G   23023.26072755  .00353374  00000-0  45473-2 0  9997
2 45537  52.9665 100.8873 0007473  17.3219 342.8045 15.57318847153677
1 45537U 20025G   23023.45324585  .00339061  00000-0  43505-2 0  9990
2 45537  52.9664  99.9514 0007584  18.2017 341.9263 15.57445308153704
1 45537U 20025G   23024.15901166  .00367060  00000-0  46087-2 0  9992
2 45537  52.9654  96.5188 0007907  21.4796 338.6544 15.57926620153810
1 45537U 20025G   23025.18520034  .00345828  00000-0  42476-2 0  9993
2 45537  52.9653  91.5230 0008296  26.0992 334.0435 15.58582373153973
1 45537U 20025G   23025.44168182  .00311969  00000-0  38264-2 0  9993
2 45537  52.9653  90.2737 0008486  27.3649 332.7807 15.58733572154603
1 45537U 20025G   23025.44168182  .00311969  00000-0  38264-2 0  9993
2 45537  52.9653  90.2737 0008486  27.3649 332.7807 15.58733572154018
1 45537U 20025G   23026.14686824  .00354389  00000-0  42483-2 0  9990
2 45537  52.9651  86.8371 0008783  30.7014 329.4509 15.59192708154120
1 45537U 20025G   23026.46733921  .00331748  00000-0  39581-2 0  9995
2 45537  52.9650  85.2748 0008915  32.1554 327.9999 15.59393209154767
1 45537U 20025G   23026.46733921  .00331748  00000-0  39581-2 0  9995
2 45537  52.9650  85.2748 0008915  32.1554 327.9999 15.59393209154172
1 45537U 20025G   23027.17222349  .00336310  00000-0  39398-2 0  9997
2 45537  52.9646  81.8362 0009131  35.3757 324.7858 15.59857388154286
1 45537U 20025G   23027.36442891  .00310286  00000-0  36313-2 0  9992
2 45537  52.9646  80.8982 0009146  36.2192 323.9437 15.59971244154903
1 45537U 20025G   23027.36442891  .00310286  00000-0  36313-2 0  9992
2 45537  52.9646  80.8982 0009146  36.2192 323.9437 15.59971244154318
1 45537U 20025G   23028.38928162  .00329922  00000-0  37583-2 0  9992
2 45537  52.9652  75.8941 0009518  40.3954 319.7762 15.60608289155064
1 45537U 20025G   23028.38928162  .00329922  00000-0  37583-2 0  9992
2 45537  52.9652  75.8941 0009518  40.3954 319.7762 15.60608289154478
1 45537U 20025G   23028.83752384  .00296019  00000-0  33527-2 0  9997
2 45537  52.9652  73.7038 0009599  42.8817 317.2942 15.60871345155138
1 45537U 20025G   23029.15765146  .00290986  00000-0  32744-2 0  9990
2 45537  52.9650  72.1394 0009678  44.4268 315.7518 15.61056182154596
1 45537U 20025G   23029.41372461  .00303038  00000-0  33843-2 0  9997
2 45537  52.9648  70.8869 0009740  45.9202 314.2610 15.61212053155228
1 45537U 20025G   23029.41372461  .00303038  00000-0  33843-2 0  9997
2 45537  52.9648  70.8869 0009740  45.9202 314.2610 15.61212053154632
1 45537U 20025G   23030.11780857  .00276486  00000-0  30535-2 0  9999
2 45537  52.9648  67.4433 0009931  49.1211 311.0660 15.61588173154740
1 45537U 20025G   23030.37379493  .00277059  00000-0  30422-2 0  9999
2 45537  52.9649  66.1909 0009977  50.5519 309.6374 15.61735289155379
1 45537U 20025G   23030.82171654  .00288449  00000-0  31322-2 0  9993
2 45537  52.9653  63.9990 0010146  52.5282 307.6651 15.61983122155443
1 45537U 20025G   23031.07764075  .00279470  00000-0  30222-2 0  9998
2 45537  52.9653  62.7461 0010203  53.7172 306.4781 15.62118724155482
1 45537U 20025G   23031.07764075  .00279470  00000-0  30222-2 0  9998
2 45537  52.9653  62.7461 0010203  53.7172 306.4781 15.62118724154896
1 45537U 20025G   23031.78130090  .00329582  00000-0  34810-2 0  9997
2 45537  52.9649  59.3001 0010332  57.7175 302.4837 15.62559610155592
1 45537U 20025G   23031.78130090  .00329582  00000-0  34810-2 0  9997
2 45537  52.9649  59.3001 0010332  57.7175 302.4837 15.62559610155008
1 45537U 20025G   23032.29292529  .00331484  00000-0  34545-2 0  9999
2 45537  52.9646  56.7928 0010391  60.5792 299.6257 15.62896460155679
1 45537U 20025G   23033.06016205  .00320463  00000-0  32821-2 0  9990
2 45537  52.9650  53.0304 0010590  64.5583 295.6524 15.63374399155200
1 45537U 20025G   23033.25193052  .00406635  00000-0  40921-2 0  9993
2 45537  52.9649  52.0897 0010620  65.6159 294.5961 15.63545615155821
1 45537U 20025G   23033.25193052  .00406635  00000-0  40921-2 0  9993
2 45537  52.9649  52.0897 0010620  65.6159 294.5961 15.63545615155236
1 45537U 20025G   23034.08274160  .00318337  00000-0  31712-2 0  9994
2 45537  52.9647  48.0114 0010714  69.6861 290.5303 15.64084904155369
1 45537U 20025G   23034.33831440  .00351746  00000-0  34632-2 0  9997
2 45537  52.9640  46.7559 0010753  70.9750 289.2427 15.64274501155990
1 45537U 20025G   23034.33831440  .00351746  00000-0  34632-2 0  9997
2 45537  52.9640  46.7559 0010753  70.9750 289.2427 15.64274501155406
1 45537U 20025G   23035.42415954  .00419480  00000-0  39614-2 0  9991
2 45537  52.9634  41.4182 0010889  78.5635 281.6601 15.65112037156169
1 45537U 20025G   23035.42415954  .00419480  00000-0  39614-2 0  9991
2 45537  52.9634  41.4182 0010889  78.5635 281.6601 15.65112037155573
1 45537U 20025G   23036.38176193  .00393705  00000-0  36189-2 0  9991
2 45537  52.9635  36.7056 0011099  84.1208 276.1070 15.65867494156310
1 45537U 20025G   23036.38176193  .00393705  00000-0  36189-2 0  9991
2 45537  52.9635  36.7056 0011099  84.1208 276.1070 15.65867494155724
1 45537U 20025G   23036.95609675  .00441152  00000-0  39545-2 0  9999
2 45537  52.9630  33.8769 0011190  87.3960 272.8334 15.66346036156407
1 45537U 20025G   23037.14750158  .00453696  00000-0  40326-2 0  9999
2 45537  52.9630  32.9330 0011222  89.0420 271.1879 15.66518175155845
1 45537U 20025G   23037.33888328  .00522494  00000-0  45679-2 0  9990
2 45537  52.9629  31.9894 0011299  90.8546 269.3763 15.66718162156468
1 45537U 20025G   23037.33888328  .00522494  00000-0  45679-2 0  9990
2 45537  52.9629  31.9894 0011299  90.8546 269.3763 15.66718162155872
1 45537U 20025G   23037.97665035  .00524179  00000-0  44632-2 0  9998
2 45537  52.9628  28.8434 0011317  94.6524 265.5783 15.67367033155974
1 45537U 20025G   23038.35916577  .00657851  00000-0  53995-2 0  9997
2 45537  52.9631  26.9560 0011456  98.2900 261.9414 15.67868502156620
1 45537U 20025G   23038.35916577  .00657851  00000-0  53995-2 0  9997
2 45537  52.9631  26.9560 0011456  98.2900 261.9414 15.67868502156035
1 45537U 20025G   23039.18753427  .00739721  00000-0  57423-2 0  9999
2 45537  52.9625  22.8618 0011640 104.1764 256.0545 15.68989663156164
1 45537U 20025G   23039.50597314  .00771049  00000-0  58507-2 0  9999
2 45537  52.9622  21.2853 0011728 107.3328 252.8971 15.69451391156804
1 45537U 20025G   23039.76065906  .00803523  00000-0  59820-2 0  9996
2 45537  52.9620  20.0244 0011739 108.8674 251.3616 15.69818990156256
1 45537U 20025G   23039.88797889  .00826538  00000-0  60875-2 0  9994
2 45537  52.9620  19.3938 0011740 110.0081 250.2200 15.70012490156863
1 45537U 20025G   23040.14257153  .00860266  00000-0  62082-2 0  9998
2 45537  52.9621  18.1327 0011771 112.1380 248.0886 15.70406396156319
1 45537U 20025G   23040.46071738  .00861255  00000-0  60834-2 0  9998
2 45537  52.9621  16.5542 0011946 115.1300 245.0956 15.70918255156956
1 45537U 20025G   23040.84236159  .00900829  00000-0  61759-2 0  9998
2 45537  52.9619  14.6602 0011977 117.6801 242.5432 15.71519344157012
1 45537U 20025G   23041.03312709  .00950476  00000-0  64980-2 0  9998
2 45537  52.9617  13.7128 0012047 119.1258 241.0966 15.71850001156456
1 45537U 20025G   23041.16028076  .01030502  00000-0  69173-2 0  9992
2 45537  52.9616  13.0810 0012087 120.2534 239.9680 15.72092070157062
1 45537U 20025G   23041.41452940  .01008015  00000-0  66492-2 0  9996
2 45537  52.9612  11.8170 0012219 122.3534 237.8667 15.72558679156516
1 45537U 20025G   23041.79576179  .01033101  00000-0  65982-2 0  9995
2 45537  52.9608   9.9202 0012264 125.1329 235.0839 15.73259752157162
1 45537U 20025G   23042.11332395  .01088647  00000-0  67359-2 0  9997
2 45537  52.9607   8.3390 0012474 128.0325 232.1820 15.73870174157214
1 45537U 20025G   23042.74805417  .01162656  00000-0  67485-2 0  9999
2 45537  52.9605   5.1728 0012717 133.5862 226.6214 15.75181136157310
1 45537U 20025G   23042.74805417  .01162656  00000-0  67485-2 0  9999
2 45537  52.9605   5.1728 0012717 133.5862 226.6214 15.75181136156724
1 45537U 20025G   23043.12864085  .01147348  00000-0  64475-2 0  9995
2 45537  52.9601   3.2717 0012859 136.5979 223.6054 15.75959970157376
1 45537U 20025G   23043.12864085  .01147348  00000-0  64475-2 0  9995
2 45537  52.9601   3.2717 0012859 136.5979 223.6054 15.75959970156780
1 45537U 20025G   23044.14257002  .01312292  00000-0  66946-2 0  9990
2 45537  52.9590 358.1952 0013447 144.6306 215.5607 15.78217973157539
1 45537U 20025G   23044.14257002  .01312292  00000-0  66946-2 0  9990
2 45537  52.9590 358.1952 0013447 144.6306 215.5607 15.78217973156943
1 45537U 20025G   23044.96526997  .01314970  00000-0  60387-2 0  9990
2 45537  52.9572 354.0627 0014136 150.8026 209.2651 15.80114230157081
1 45537U 20025G   23044.96528800  .01366748  00000-0  63613-2 0  9990
2 45537  52.9582 354.0634 0014078 151.2677 208.9121 15.80146943157086
1 45537U 20025G   23045.02853209  .01378331  00000-0  63629-2 0  9990
2 45537  52.9581 353.7457 0014056 151.7430 208.4355 15.80306298157098
1 45537U 20025G   23045.21822668  .01491797  00000-0  66593-2 0  9991
2 45537  52.9619 352.7897 0010753 147.9830 212.2467 15.80874657157128
1 45537U 20025G   23045.40784598  .01528315  00000-0  66494-2 0  9998
2 45537  52.9584 351.8312 0010661 148.6062 211.5582 15.81369977157152
1 45537U 20025G   23045.86774115  .01505456  00000-0  62333-2 0  9991
2 45537  52.9563 349.5184 0013865 156.6709 303.9077 15.82448733157228
1 45537U 20025G   23045.93313868  .01518244  00000-0  62297-2 0  9991
2 45537  52.9576 349.1849 0013691 157.3065 316.0735 15.82623007157232
1 45537U 20025G   23046.12057199  .01576210  00000-0  62818-2 0  9991
2 45537  52.9576 348.2380 0013533 158.2435 303.8520 15.83148663157268
1 45537U 20025G   23046.22894173  .01676069  00000-0  65122-2 0  9997
2 45537  52.9606 347.6871 0010470 151.7518 208.4792 15.83548807157284
1 45537U 20025G   23046.43687563  .01749253  00000-0  65589-2 0  9996
2 45537  52.9574 346.6364 0014843 161.9578 304.5440 15.84131310157311
1 45537U 20025G   23046.74770885  .02114748  00000-0  74663-2 0  9999
2 45537  52.9567 345.0671 0015231 165.0490 275.8244 15.85311045157360
1 45537U 20025G   23046.85964043  .01826240  00000-0  65375-2 0  9998
2 45537  52.9601 344.4984 0010893 159.1442 200.8749 15.85487928157383
1 45537U 20025G   23047.06640929  .02393866  00000-0  80000-2 0  9992
2 45537  52.9564 343.4466 0013642 167.2526 294.2736 15.86588180157413
1 45537U 20025G   23047.17055127  .02495717  00000-0  81062-2 0  9991
2 45537  52.9570 342.9177 0013617 167.1186 169.6977 15.87054496157428
1 45537U 20025G   23047.31620458  .02116177  24262-2  79353-2 0  9990
2 45537  52.9577 342.1787 0015408 168.2070 281.4315 15.87650662157457
1 45537U 20025G   23047.80922126  .01867840  18214-2  63186-2 0  9997
2 45537  52.9551 339.6760 0015225 172.3099 218.4764 15.89564663157539
1 45537U 20025G   23048.11806857  .02290532  32019-2  73229-2 0  9991
2 45537  52.9549 338.0897 0014463 174.6695 185.3889 15.91042577157583
1 45537U 20025G   23048.30646606  .02037664  23700-2  62081-2 0  9992
2 45537  52.9525 337.1293 0014339 175.8604 184.1660 15.91773617157616
1 45537U 20025G   23048.82623067  .01948820  21983-2  52780-2 0  9995
2 45537  52.9511 334.4608 0015335 180.9544 281.4089 15.93949303157691
1 45537U 20025G   23049.05914733  .02272584  34133-2  58925-2 0  9990
2 45537  52.9535 333.2647 0014735 183.3823 176.8111 15.95086556157739
1 45537U 20025G   23049.32612359  .02392801  40843-2  58321-2 0  9999
2 45537  52.9530 331.8926 0015145 185.6643 269.1358 15.96386331157777
1 45537U 20025G   23049.82780670  .02481107  48663-2  53217-2 0  9991
2 45537  52.9522 329.3056 0014934 192.0837 269.8300 15.98902345157850
1 45537U 20025G   23050.14024780  .02841020  82987-2  57117-2 0  9995
2 45537  52.9531 327.6848 0015636 194.2500 268.3192 16.00869081157903
1 45537U 20025G   23050.32728330  .02931190  99646-2  56239-2 0  9999
2 45537  52.9483 326.7192 0016062 195.5470 265.9928 16.02080020157938
1 45537U 20025G   23051.13746730  .04067823  33063-1  58063-2 0  9995
2 45537  52.9504 322.4856 0014692 205.9860 260.4249 16.08944810158061
1 45537U 20025G   23051.30535885  .03992962  37693-1  53473-2 0  9994
2 45537  52.9449 321.6167 0014917 206.1851 153.7424 16.10608759158092
1 45537U 20025G   23051.30537617  .03993267  38669-1  54065-2 0  9990
2 45537  52.9474 321.6045 0013696 206.9738 153.0497 16.10615054158099
1 45537U 20025G   23051.42942280  .04566521  43629-1  53127-2 0  9999
2 45537  52.9451 320.9632 0014128 207.6894 152.3327 16.12018707158111
1 45537U 20025G   23051.75525417  .06848444  11636-4  43985-2 0  9990
2 45537  52.9467 319.2394 0014953 206.2671 248.4176 16.16480446158169
1 45537U 20025G   23051.98607234  .12049615  11703-4  51760-2 0  9998
2 45537  52.9439 317.9942 0013610 216.8959 143.9509 16.21737062158206
1 45537U 20025G   23052.10906682  .14766664  11841-4  46857-2 0  9998
2 45537  52.9444 317.3321 0011131 225.3546 134.8178 16.25443363158225
1 45537U 20025G   23052.24776911  .22290404  12035-4  39887-2 0  9997
2 45537  52.9444 316.5842 0008981 225.8577 227.9971 16.31694892158241
