1 45541U 20025L   22365.08817421  .00003670  00000-0  26502-3 0  9991
2 45541  53.0551 294.7290 0001966  40.2290 319.8844 15.06414709149550
1 45541U 20025L   22365.08817421  .00003670  00000-0  26502-3 0  9991
2 45541  53.0551 294.7290 0001966  40.2290 319.8844 15.06414709148975
1 45541U 20025L   22365.81799475  .00000561  00000-0  56527-4 0  9997
2 45541  53.0560 291.4515 0001852  22.1230 337.9839 15.06409846149664
1 45541U 20025L   23001.14973621 -.00000840  00000-0 -37510-4 0  9991
2 45541  53.0560 289.9636 0002034  34.8881 325.2241 15.06399393149139
1 45541U 20025L   23001.48148818 -.00003227  00000-0 -19788-3 0  9998
2 45541  53.0561 288.4751 0002338  33.1138 326.9997 15.06383587149769
1 45541U 20025L   23001.48148818 -.00003227  00000-0 -19788-3 0  9998
2 45541  53.0561 288.4751 0002338  33.1138 326.9997 15.06383587149185
1 45541U 20025L   23001.81322473 -.00004057  00000-0 -25372-3 0  9994
2 45541  53.0554 286.9857 0002019  39.5405 320.5731 15.06382973149814
1 45541U 20025L   23002.47668681 -.00000688  00000-0 -27267-4 0  9993
2 45541  53.0561 284.0078 0001957  24.9235 335.1849 15.06391507149911
1 45541U 20025L   23002.47668681 -.00000688  00000-0 -27267-4 0  9993
2 45541  53.0561 284.0078 0001957  24.9235 335.1849 15.06391507149337
1 45541U 20025L   23002.74207295  .00001386  00000-0  11199-3 0  9993
2 45541  53.0559 282.8160 0001993  35.6862 324.4260 15.06388577149956
1 45541U 20025L   23003.07380359  .00002300  00000-0  17329-3 0  9991
2 45541  53.0558 281.3271 0002003  37.1503 322.9625 15.06395358149429
1 45541U 20025L   23003.47189222  .00001121  00000-0  94153-4 0  9992
2 45541  53.0564 279.5393 0002131  40.0903 320.0243 15.06392448150063
1 45541U 20025L   23003.47189222  .00001121  00000-0  94153-4 0  9992
2 45541  53.0564 279.5393 0002131  40.0903 320.0243 15.06392448149487
1 45541U 20025L   23004.06902198  .00002285  00000-0  17234-3 0  9999
2 45541  53.0558 276.8598 0002142  41.8485 318.2668 15.06387507149573
1 45541U 20025L   23004.46708885  .00004531  00000-0  32282-3 0  9996
2 45541  53.0558 275.0724 0002102  37.2077 322.9057 15.06407971150212
1 45541U 20025L   23004.46708885  .00004531  00000-0  32282-3 0  9996
2 45541  53.0558 275.0724 0002102  37.2077 322.9057 15.06407971149636
1 45541U 20025L   23005.46228380  .00002395  00000-0  17954-3 0  9999
2 45541  53.0551 270.6045 0002163  39.2681 320.8464 15.06415585150367
1 45541U 20025L   23005.72767070  .00004706  00000-0  33450-3 0  9999
2 45541  53.0551 269.4129 0002118  39.7827 320.3317 15.06412279150407
1 45541U 20025L   23005.72767070  .00004706  00000-0  33450-3 0  9999
2 45541  53.0551 269.4129 0002118  39.7827 320.3317 15.06412279149821
1 45541U 20025L   23006.72288562 -.00003126  00000-0 -19105-3 0  9992
2 45541  53.0548 264.9467 0002250  38.9027 321.2123 15.06396833150556
1 45541U 20025L   23006.72288562 -.00003126  00000-0 -19105-3 0  9992
2 45541  53.0548 264.9467 0002250  38.9027 321.2123 15.06396833149970
1 45541U 20025L   23007.12095815 -.00001170  00000-0 -59634-4 0  9993
2 45541  53.0551 263.1579 0002137  41.0454 319.0695 15.06402659150618
1 45541U 20025L   23007.12095815 -.00001170  00000-0 -59634-4 0  9993
2 45541  53.0551 263.1579 0002137  41.0454 319.0695 15.06402659150034
1 45541U 20025L   23007.71808752 -.00001551  00000-0 -85224-4 0  9997
2 45541  53.0528 260.4775 0002053  44.7792 315.3363 15.06393201150705
1 45541U 20025L   23007.71808752 -.00001551  00000-0 -85224-4 0  9997
2 45541  53.0528 260.4775 0002053  44.7792 315.3363 15.06393201150121
1 45541U 20025L   23008.11617543  .00000247  00000-0  35498-4 0  9995
2 45541  53.0546 258.6914 0002149  43.3208 316.7950 15.06381297150183
1 45541U 20025L   23008.38156425  .00000394  00000-0  45380-4 0  9995
2 45541  53.0549 257.4994 0002087  40.2442 319.8701 15.06382455150802
1 45541U 20025L   23008.71329419  .00000261  00000-0  36424-4 0  9999
2 45541  53.0556 256.0100 0002000  37.2424 322.8703 15.06393694150853
1 45541U 20025L   23008.71329419  .00000261  00000-0  36424-4 0  9999
2 45541  53.0556 256.0100 0002000  37.2424 322.8703 15.06393694150279
1 45541U 20025L   23009.37676292  .00000651  00000-0  62608-4 0  9992
2 45541  53.0556 253.0320 0002072  41.0289 319.0856 15.06397437150952
1 45541U 20025L   23010.10658418  .00001954  00000-0  15008-3 0  9993
2 45541  53.0564 249.7550 0001966  41.4585 318.6553 15.06390009150487
1 45541U 20025L   23010.37196775  .00001810  00000-0  14039-3 0  9999
2 45541  53.0563 248.5638 0002085  42.1638 317.9511 15.06397698151107
1 45541U 20025L   23010.37196775  .00001810  00000-0  14039-3 0  9999
2 45541  53.0563 248.5638 0002085  42.1638 317.9511 15.06397698150522
1 45541U 20025L   23011.03544126  .00001127  00000-0  94543-4 0  9990
2 45541  53.0555 245.5855 0002050  44.3568 315.7585 15.06394201151209
1 45541U 20025L   23011.03544126  .00001127  00000-0  94543-4 0  9990
2 45541  53.0555 245.5855 0002050  44.3568 315.7585 15.06394201150624
1 45541U 20025L   23011.89793484  .00002068  00000-0  15767-3 0  9992
2 45541  53.0595 241.7141 0001457  24.3284 335.7773 15.06407670151332
1 45541U 20025L   23011.89793484  .00002068  00000-0  15767-3 0  9992
2 45541  53.0595 241.7141 0001457  24.3284 335.7773 15.06407670150757
1 45541U 20025L   23012.76046998 -.00001686  00000-0 -94348-4 0  9990
2 45541  53.0543 237.8413 0001940  57.1524 302.9651 15.06379282150888
1 45541U 20025L   23012.89316289 -.00002626  00000-0 -15749-3 0  9999
2 45541  53.0540 237.2476 0001948  48.0907 312.0248 15.06386298151486
1 45541U 20025L   23013.02585563 -.00002211  00000-0 -12960-3 0  9990
2 45541  53.0542 236.6510 0001732  50.4418 309.6724 15.06386577151509
1 45541U 20025L   23013.02585563 -.00002211  00000-0 -12960-3 0  9990
2 45541  53.0542 236.6510 0001732  50.4418 309.6724 15.06386577150924
1 45541U 20025L   23013.88833751 -.00020390  00000-0 -13509-2 0  9996
2 45541  53.0542 232.7791 0001205  53.1573 306.9527 15.06482201151630
1 45541U 20025L   23014.02104094 -.00008667  00000-0 -56332-3 0  9999
2 45541  53.0531 232.1834 0002170  67.9017 292.2202 15.06418009151078
1 45541U 20025L   23014.61818254  .00005601  00000-0  39470-3 0  9991
2 45541  53.0530 229.5027 0001910  57.6006 302.5167 15.06392614151164
1 45541U 20025L   23015.61338606  .00000167  00000-0  30134-4 0  9991
2 45541  53.0508 225.0348 0001871  65.4668 294.6516 15.06392175151894
1 45541U 20025L   23015.81242644  .00000570  00000-0  57199-4 0  9997
2 45541  53.0520 224.1411 0001859  66.5950 293.5234 15.06393878151347
1 45541U 20025L   23015.87877250  .00002050  00000-0  15647-3 0  9996
2 45541  53.0520 223.8435 0001821  64.8744 295.2433 15.06397973151935
1 45541U 20025L   23016.60858979  .00000490  00000-0  51776-4 0  9995
2 45541  53.0520 220.5671 0001854  68.0521 292.0665 15.06395462152042
1 45541U 20025L   23016.74128294  .00000897  00000-0  79120-4 0  9994
2 45541  53.0523 219.9715 0001981  69.1812 290.9388 15.06397840152065
1 45541U 20025L   23016.94032346  .00001877  00000-0  14489-3 0  9993
2 45541  53.0522 219.0779 0001785  67.6675 292.4502 15.06398742151513
1 45541U 20025L   23017.53744835  .00002223  00000-0  16812-3 0  9990
2 45541  53.0528 216.3977 0001755  68.7799 291.3377 15.06396092152183
1 45541U 20025L   23017.80283393  .00002740  00000-0  20277-3 0  9991
2 45541  53.0527 215.2065 0001767  68.9359 291.1819 15.06400379152223
1 45541U 20025L   23018.53264772  .00002901  00000-0  21353-3 0  9997
2 45541  53.0518 211.9295 0001741  70.0112 290.1064 15.06403010152332
1 45541U 20025L   23018.79803322  .00003243  00000-0  23646-3 0  9992
2 45541  53.0516 210.7379 0001717  70.3441 289.7733 15.06405716152377
1 45541U 20025L   23018.79803322  .00003243  00000-0  23646-3 0  9992
2 45541  53.0516 210.7379 0001717  70.3441 289.7733 15.06405716151792
1 45541U 20025L   23019.52785059  .00001366  00000-0  11061-3 0  9992
2 45541  53.0511 207.4617 0001705  70.4745 289.6428 15.06399800152483
1 45541U 20025L   23019.79323724  .00001264  00000-0  10372-3 0  9999
2 45541  53.0512 206.2698 0001696  72.8900 287.2274 15.06400332152529
1 45541U 20025L   23019.79323724  .00001264  00000-0  10372-3 0  9999
2 45541  53.0512 206.2698 0001696  72.8900 287.2274 15.06400332151944
1 45541U 20025L   23021.18652199  .00003286  00000-0  23944-3 0  9991
2 45541  53.0518 200.0148 0001716  70.8205 289.2969 15.06394893152152
1 45541U 20025L   23022.24807162  .00000853  00000-0  76158-4 0  9994
2 45541  53.0539 195.2504 0001584  80.9295 279.1873 15.06398243152313
1 45541U 20025L   23023.70770423  .00001230  00000-0  10144-3 0  9997
2 45541  53.0534 188.6967 0001480  86.8986 273.2173 15.06395442152534
1 45541U 20025L   23023.84039239  .00001626  00000-0  12801-3 0  9996
2 45541  53.0531 188.1008 0001531  85.2915 274.8249 15.06402673152552
1 45541U 20025L   23024.43752012  .00000799  00000-0  72556-4 0  9997
2 45541  53.0533 185.4203 0001399  88.5970 271.5179 15.06394941152644
1 45541U 20025L   23025.16734268 -.00000513  00000-0 -15570-4 0  9990
2 45541  53.0537 182.1428 0001381  85.6672 274.4474 15.06388991153334
1 45541U 20025L   23025.16734268 -.00000513  00000-0 -15570-4 0  9990
2 45541  53.0537 182.1428 0001381  85.6672 274.4474 15.06388991152759
1 45541U 20025L   23025.83082650 -.00001883  00000-0 -10763-3 0  9994
2 45541  53.0534 179.1646 0001425  89.3900 270.7252 15.06379991153437
1 45541U 20025L   23025.83082650 -.00001883  00000-0 -10763-3 0  9994
2 45541  53.0534 179.1646 0001425  89.3900 270.7252 15.06379991152852
1 45541U 20025L   23026.56063004  .00002044  00000-0  15611-3 0  9992
2 45541  53.0570 175.8923 0001195  79.4283 280.6841 15.06393207153548
1 45541U 20025L   23026.69331934  .00002166  00000-0  16422-3 0  9992
2 45541  53.0546 175.2947 0001472  80.1328 279.9827 15.06402351152981
1 45541U 20025L   23027.42313518  .00004770  00000-0  33897-3 0  9990
2 45541  53.0549 172.0161 0001376  87.0520 273.0627 15.06394380153098
1 45541U 20025L   23027.55583086  .00004453  00000-0  31768-3 0  9996
2 45541  53.0537 171.4206 0001365  80.0618 280.0525 15.06394238153690
1 45541U 20025L   23027.62217650  .00004480  00000-0  31951-3 0  9999
2 45541  53.0542 171.1220 0001315  81.5024 278.6114 15.06395925153704
1 45541U 20025L   23028.48468939 -.00000690  00000-0 -27415-4 0  9994
2 45541  53.0534 167.2507 0001489 100.2927 259.8230 15.06398475153255
1 45541U 20025L   23028.55103400 -.00000897  00000-0 -41325-4 0  9996
2 45541  53.0537 166.9525 0001352  81.3718 278.7424 15.06403016153848
1 45541U 20025L   23028.68372310 -.00000349  00000-0 -45221-5 0  9990
2 45541  53.0535 166.3576 0001288  84.3141 275.7995 15.06407345153868
1 45541U 20025L   23028.68372310 -.00000349  00000-0 -45221-5 0  9990
2 45541  53.0535 166.3576 0001288  84.3141 275.7995 15.06407345153284
1 45541U 20025L   23029.67892173 -.00000418  00000-0 -91549-5 0  9995
2 45541  53.0530 161.8915 0001566  91.9762 268.1407 15.06407366154017
1 45541U 20025L   23030.07700536 -.00000077  00000-0  13747-4 0  9995
2 45541  53.0531 160.1042 0001302  88.0845 272.0293 15.06400201153497
1 45541U 20025L   23030.34239707  .00000293  00000-0  38542-4 0  9991
2 45541  53.0532 158.9128 0001259  88.7164 271.3970 15.06392167153530
1 45541U 20025L   23030.47509153  .00000235  00000-0  34651-4 0  9993
2 45541  53.0531 158.3171 0001247  88.4556 271.6576 15.06391733154130
1 45541U 20025L   23031.47029085  .00000353  00000-0  42561-4 0  9995
2 45541  53.0531 153.8491 0001281  86.9879 273.1257 15.06396843154280
1 45541U 20025L   23031.47029085  .00000353  00000-0  42561-4 0  9995
2 45541  53.0531 153.8491 0001281  86.9879 273.1257 15.06396843153706
