1 45542U 20025M   22365.18771514  .00017044  00000-0  11595-2 0  9990
2 45542  53.0539 294.2812 0001815  60.3774 299.7395 15.06426453148987
1 45542U 20025M   22365.51944104  .00015922  00000-0  10842-2 0  9991
2 45542  53.0532 292.7918 0001750  54.6249 305.4903 15.06439799149620
1 45542U 20025M   22365.85117318  .00009828  00000-0  67733-3 0  9997
2 45542  53.0532 291.3026 0001930  62.5948 297.5237 15.06425434149676
1 45542U 20025M   23001.18291089  .00008298  00000-0  57532-3 0  9995
2 45542  53.0531 289.8138 0001846  57.3150 302.8016 15.06398138149130
1 45542U 20025M   23001.51465177  .00009423  00000-0  65100-3 0  9994
2 45542  53.0537 288.3240 0001952  56.2164 303.9011 15.06379787149771
1 45542U 20025M   23001.78004283  .00000404  00000-0  46020-4 0  9991
2 45542  53.0531 287.1320 0001916  58.9109 301.2067 15.06379353149815
1 45542U 20025M   23001.78004283  .00000404  00000-0  46020-4 0  9991
2 45542  53.0531 287.1320 0001916  58.9109 301.2067 15.06379353149220
1 45542U 20025M   23002.50986554  .00007192  00000-0  50140-3 0  9990
2 45542  53.0538 283.8560 0001866  58.9910 301.1262 15.06388762149927
1 45542U 20025M   23003.17333472  .00007173  00000-0  49997-3 0  9996
2 45542  53.0546 280.8784 0001803  52.0726 308.0425 15.06398427150021
1 45542U 20025M   23003.17333472  .00007173  00000-0  49997-3 0  9996
2 45542  53.0546 280.8784 0001803  52.0726 308.0425 15.06398427149434
1 45542U 20025M   23004.03584307  .00003625  00000-0  26215-3 0  9993
2 45542  53.0541 277.0058 0001814  53.7899 306.3257 15.06401747149560
1 45542U 20025M   23004.56661065  .00008271  00000-0  57324-3 0  9995
2 45542  53.0536 274.6235 0001784  51.6759 308.4390 15.06418650150230
1 45542U 20025M   23004.56661065  .00008271  00000-0  57324-3 0  9995
2 45542  53.0536 274.6235 0001784  51.6759 308.4390 15.06418650149643
1 45542U 20025M   23004.83199736  .00004102  00000-0  29405-3 0  9994
2 45542  53.0536 273.4313 0001758  53.8624 306.2528 15.06411826150271
1 45542U 20025M   23005.16372641  .00005621  00000-0  39574-3 0  9994
2 45542  53.0538 271.9421 0001661  58.2181 301.8969 15.06418040149730
1 45542U 20025M   23005.42910794  .00006598  00000-0  46115-3 0  9993
2 45542  53.0536 270.7506 0001728  55.6172 304.4980 15.06424966150361
1 45542U 20025M   23006.42434158 -.00017360  00000-0 -11511-2 0  9991
2 45542  53.0538 266.2873 0001013  45.1041 315.0030 15.06344809149927
1 45542U 20025M   23006.75607771  .00007054  00000-0  49229-3 0  9995
2 45542  53.0532 264.7944 0001642  61.1388 298.9765 15.06378192149974
1 45542U 20025M   23006.82242482  .00008930  00000-0  61799-3 0  9997
2 45542  53.0531 264.4967 0001594  59.7281 300.3866 15.06380114150571
1 45542U 20025M   23007.08782195  .00027297  00000-0  18452-2 0  9990
2 45542  53.0528 263.3055 0001678  61.4155 298.7003 15.06382867150611
1 45542U 20025M   23007.81764006  .00010050  00000-0  69275-3 0  9991
2 45542  53.0523 260.0308 0001798  56.9317 303.1844 15.06392061150726
1 45542U 20025M   23008.01667778  .00012529  00000-0  85850-3 0  9992
2 45542  53.0525 259.1367 0001658  57.1983 302.9165 15.06399921150162
1 45542U 20025M   23008.41475134  .00012049  00000-0  82605-3 0  9991
2 45542  53.0524 257.3489 0001613  61.8012 298.3139 15.06416475150817
1 45542U 20025M   23008.68013391  .00009020  00000-0  62329-3 0  9999
2 45542  53.0521 256.1580 0001691  59.7784 300.3372 15.06423065150266
1 45542U 20025M   23008.94551851  .00005754  00000-0  40460-3 0  9998
2 45542  53.0514 254.9658 0001708  63.4093 296.7070 15.06421745150899
1 45542U 20025M   23009.07821281  .00002422  00000-0  18140-3 0  9999
2 45542  53.0523 254.3715 0001618  56.6471 303.4673 15.06412231150324
1 45542U 20025M   23009.47629259  .00000511  00000-0  53229-4 0  9999
2 45542  53.0529 252.5841 0001690  57.0742 303.0409 15.06407487150977
1 45542U 20025M   23009.67533179  .00000091  00000-0  24988-4 0  9999
2 45542  53.0529 251.6898 0001563  58.0483 302.0658 15.06408185150411
1 45542U 20025M   23009.94072010 -.00001438  00000-0 -77673-4 0  9998
2 45542  53.0531 250.4988 0001598  55.1820 304.9319 15.06403195151043
1 45542U 20025M   23010.07341629 -.00000209  00000-0  48601-5 0  9993
2 45542  53.0540 249.9029 0001667  57.3129 302.8021 15.06402979150477
1 45542U 20025M   23010.47147720 -.00005581  00000-0 -35571-3 0  9992
2 45542  53.0541 248.1162 0001253  74.7569 285.3559 15.06434559151122
1 45542U 20025M   23010.47147720 -.00005581  00000-0 -35571-3 0  9992
2 45542  53.0541 248.1162 0001253  74.7569 285.3559 15.06434559150536
1 45542U 20025M   23010.73686788  .00001008  00000-0  86509-4 0  9999
2 45542  53.0539 246.9236 0001589  57.7549 302.3594 15.06416451151162
1 45542U 20025M   23010.73686788  .00001008  00000-0  86509-4 0  9999
2 45542  53.0539 246.9236 0001589  57.7549 302.3594 15.06416451150576
1 45542U 20025M   23011.93112729 -.00000210  00000-0  48118-5 0  9991
2 45542  53.0534 241.5623 0001427  67.6578 292.4562 15.06393282151341
1 45542U 20025M   23011.93112729 -.00000210  00000-0  48118-5 0  9991
2 45542  53.0534 241.5623 0001427  67.6578 292.4562 15.06393282150755
1 45542U 20025M   23012.32921776 -.00001110  00000-0 -55650-4 0  9994
2 45542  53.0514 239.7736 0001874  72.2303 287.8890 15.06383256150810
1 45542U 20025M   23012.92633261 -.00001204  00000-0 -61979-4 0  9994
2 45542  53.0527 237.0936 0001585  72.7764 287.3399 15.06396357151492
1 45542U 20025M   23012.99267898  .00000987  00000-0  85196-4 0  9992
2 45542  53.0516 236.7990 0001248  89.5496 270.5636 15.06390102150916
1 45542U 20025M   23013.32441464  .00001780  00000-0  13838-3 0  9998
2 45542  53.0528 235.3082 0001418  81.2661 278.8489 15.06387333151558
1 45542U 20025M   23013.72249602  .00002002  00000-0  15332-3 0  9991
2 45542  53.0528 233.5210 0001414  81.7114 278.4036 15.06390591151616
1 45542U 20025M   23014.31961598  .00002425  00000-0  18167-3 0  9990
2 45542  53.0525 230.8407 0001410  82.1417 277.9732 15.06396626151115
1 45542U 20025M   23015.31483096  .00006555  00000-0  45888-3 0  9991
2 45542  53.0520 226.3724 0001539  89.6623 270.4542 15.06374193151858
1 45542U 20025M   23015.31483096  .00006555  00000-0  45888-3 0  9991
2 45542  53.0520 226.3724 0001539  89.6623 270.4542 15.06374193151263
1 45542U 20025M   23015.84559468  .00000551  00000-0  55860-4 0  9998
2 45542  53.0533 223.9866 0001420  93.6825 266.4326 15.06400097151937
1 45542U 20025M   23015.84559468  .00000551  00000-0  55860-4 0  9998
2 45542  53.0533 223.9866 0001420  93.6825 266.4326 15.06400097151342
1 45542U 20025M   23016.84080551 -.00000128  00000-0  10269-4 0  9996
2 45542  53.0523 219.5223 0001312  82.2249 277.8889 15.06391558152086
1 45542U 20025M   23016.84080551 -.00000128  00000-0  10269-4 0  9996
2 45542  53.0523 219.5223 0001312  82.2249 277.8889 15.06391558151490
1 45542U 20025M   23016.97349683  .00000213  00000-0  33208-4 0  9996
2 45542  53.0525 218.9262 0001319  83.1350 276.9789 15.06395019152102
1 45542U 20025M   23017.83600480  .00000795  00000-0  72261-4 0  9994
2 45542  53.0525 215.0539 0001273  81.6761 278.4372 15.06396641152236
1 45542U 20025M   23017.83600480  .00000795  00000-0  72261-4 0  9994
2 45542  53.0525 215.0539 0001273  81.6761 278.4372 15.06396641151640
1 45542U 20025M   23018.49947693  .00001066  00000-0  90456-4 0  9995
2 45542  53.0531 212.0740 0001351  79.5936 280.5206 15.06392783152335
1 45542U 20025M   23018.83120753  .00001633  00000-0  12847-3 0  9990
2 45542  53.0532 210.5849 0001330  79.7007 280.4132 15.06398174152389
1 45542U 20025M   23019.49467898  .00000636  00000-0  61608-4 0  9999
2 45542  53.0530 207.6070 0001253  83.1204 276.9927 15.06397004152486
1 45542U 20025M   23019.49467898  .00000636  00000-0  61608-4 0  9999
2 45542  53.0530 207.6070 0001253  83.1204 276.9927 15.06397004151890
1 45542U 20025M   23020.22448501 -.00002980  00000-0 -18119-3 0  9996
2 45542  53.0531 204.3307 0001199  89.2793 270.8334 15.06417106152596
1 45542U 20025M   23020.22448501 -.00002980  00000-0 -18119-3 0  9996
2 45542  53.0531 204.3307 0001199  89.2793 270.8334 15.06417106152002
1 45542U 20025M   23020.75526521  .00001090  00000-0  92034-4 0  9991
2 45542  53.0530 201.9478 0001223  88.4022 271.7107 15.06399918152083
1 45542U 20025M   23021.48508493  .00002159  00000-0  16381-3 0  9997
2 45542  53.0532 198.6709 0001218  91.3448 268.7681 15.06388764152195
1 45542U 20025M   23021.68412205  .00000773  00000-0  70788-4 0  9996
2 45542  53.0529 197.7771 0001259  87.6354 272.4779 15.06397716152220
1 45542U 20025M   23022.74566805  .00000696  00000-0  65611-4 0  9993
2 45542  53.0530 193.0120 0001171  88.0321 272.0802 15.06401257152387
1 45542U 20025M   23023.74087591  .00000366  00000-0  43462-4 0  9998
2 45542  53.0533 188.5435 0001126  87.5481 272.5637 15.06394110152536
1 45542U 20025M   23025.13417669 -.00001995  00000-0 -11516-3 0  9991
2 45542  53.0542 182.2885 0001389  81.9141 278.2005 15.06380648152744
1 45542U 20025M   23025.39957311 -.00001861  00000-0 -10615-3 0  9993
2 45542  53.0515 181.0985 0002066  81.9893 278.1330 15.06375067153378
1 45542U 20025M   23025.79765249 -.00000860  00000-0 -38895-4 0  9993
2 45542  53.0538 179.3106 0001251  96.8878 263.2253 15.06379923153432
1 45542U 20025M   23026.12937946  .00000724  00000-0  67486-4 0  9991
2 45542  53.0538 177.8212 0001154  88.8093 271.3029 15.06390963152892
1 45542U 20025M   23026.59379842  .00001554  00000-0  12316-3 0  9990
2 45542  53.0541 175.7355 0001117  89.3441 270.7676 15.06404081153555
1 45542U 20025M   23026.59379842  .00001554  00000-0  12316-3 0  9990
2 45542  53.0541 175.7355 0001117  89.3441 270.7676 15.06404081152969
1 45542U 20025M   23026.72648606  .00002412  00000-0  18070-3 0  9999
2 45542  53.0542 175.1399 0001158  91.2928 268.8194 15.06410676152981
1 45542U 20025M   23027.58900627  .00005150  00000-0  36450-3 0  9992
2 45542  53.0550 171.2698 0001553  73.2458 286.8701 15.06388720153110
1 45542U 20025M   23027.78803940  .00002966  00000-0  21788-3 0  9994
2 45542  53.0554 170.3746 0001524  75.7009 284.4149 15.06405171153733
1 45542U 20025M   23027.78803940  .00002966  00000-0  21788-3 0  9994
2 45542  53.0554 170.3746 0001524  75.7009 284.4149 15.06405171153148
1 45542U 20025M   23028.11978084  .00000594  00000-0  58802-4 0  9997
2 45542  53.0523 168.8888 0001410  77.3832 282.7314 15.06398354153193
1 45542U 20025M   23028.58420522 -.00001006  00000-0 -48635-4 0  9991
2 45542  53.0534 166.8021 0001390  82.8029 277.3118 15.06404659153859
1 45542U 20025M   23028.78324201 -.00001099  00000-0 -54867-4 0  9996
2 45542  53.0541 165.9072 0001362  86.9477 273.1668 15.06408751153888
1 45542U 20025M   23028.78324201 -.00001099  00000-0 -54867-4 0  9996
2 45542  53.0541 165.9072 0001362  86.9477 273.1668 15.06408751153293
1 45542U 20025M   23029.38036563 -.00001328  00000-0 -70274-4 0  9999
2 45542  53.0531 163.2260 0001187  90.7161 269.3964 15.06401642153388
1 45542U 20025M   23029.77844245 -.00001146  00000-0 -58046-4 0  9997
2 45542  53.0542 161.4404 0001225  86.9241 273.1888 15.06406203154038
1 45542U 20025M   23030.50826286  .00000032  00000-0  21011-4 0  9998
2 45542  53.0539 158.1645 0001296  86.6258 273.4879 15.06394311154148
1 45542U 20025M   23030.50826286  .00000032  00000-0  21011-4 0  9998
2 45542  53.0539 158.1645 0001296  86.6258 273.4879 15.06394311153552
1 45542U 20025M   23031.50346663 -.00000042  00000-0  16041-4 0  9994
2 45542  53.0538 153.6969 0001240  90.4580 269.6551 15.06395073154292
1 45542U 20025M   23031.70250473  .00000333  00000-0  41235-4 0  9994
2 45542  53.0551 152.8049 0001309  83.0916 277.0222 15.06398565154325
1 45542U 20025M   23031.70250473  .00000333  00000-0  41235-4 0  9994
2 45542  53.0551 152.8049 0001309  83.0916 277.0222 15.06398565153739
