1 45548U 20025T   22365.22825598  .00010674  00000-0  73381-3 0  9997
2 45548  53.0532 294.0894 0001957  51.7455 308.3710 15.06428616149578
1 45548U 20025T   22365.22825598  .00010674  00000-0  73381-3 0  9997
2 45548  53.0532 294.0894 0001957  51.7455 308.3710 15.06428616148993
1 45548U 20025T   23001.09075807 -.00007687  00000-0 -49771-3 0  9998
2 45548  53.0527 290.2179 0001853  54.3954 305.7208 15.06399717149701
1 45548U 20025T   23001.09075807 -.00007687  00000-0 -49771-3 0  9998
2 45548  53.0527 290.2179 0001853  54.3954 305.7208 15.06399717149127
1 45548U 20025T   23002.08597435  .00002667  00000-0  19794-3 0  9997
2 45548  53.0540 285.7529 0001845  65.5575 294.5606 15.06383877149277
1 45548U 20025T   23002.48405567  .00011100  00000-0  76290-3 0  9991
2 45548  53.0534 283.9631 0001859  56.4201 303.6965 15.06399151149917
1 45548U 20025T   23002.74944395  .00008319  00000-0  57671-3 0  9997
2 45548  53.0539 282.7725 0001890  58.4808 301.6366 15.06398823149955
1 45548U 20025T   23002.74944395  .00008319  00000-0  57671-3 0  9997
2 45548  53.0539 282.7725 0001890  58.4808 301.6366 15.06398823149371
1 45548U 20025T   23003.47926139  .00004467  00000-0  31860-3 0  9996
2 45548  53.0537 279.4954 0001915  56.6700 303.4472 15.06399638150066
1 45548U 20025T   23003.47926139  .00004467  00000-0  31860-3 0  9996
2 45548  53.0537 279.4954 0001915  56.6700 303.4472 15.06399638149480
1 45548U 20025T   23004.47446229  .00004606  00000-0  32783-3 0  9994
2 45548  53.0539 275.0284 0001942  57.3109 302.8067 15.06407425150211
1 45548U 20025T   23005.13792305  .00007238  00000-0  50408-3 0  9995
2 45548  53.0537 272.0484 0001794  58.5733 301.5431 15.06417865150310
1 45548U 20025T   23005.13792305  .00007238  00000-0  50408-3 0  9995
2 45548  53.0537 272.0484 0001794  58.5733 301.5431 15.06417865149734
1 45548U 20025T   23005.73504055  .00004565  00000-0  32503-3 0  9990
2 45548  53.0534 269.3692 0001763  57.2164 302.8994 15.06415921150406
1 45548U 20025T   23005.73504055  .00004565  00000-0  32503-3 0  9990
2 45548  53.0534 269.3692 0001763  57.2164 302.8994 15.06415921149820
1 45548U 20025T   23006.73024905 -.00001086  00000-0 -54017-4 0  9994
2 45548  53.0533 264.9001 0001620  60.0208 300.0941 15.06390842150555
1 45548U 20025T   23006.73024905 -.00001086  00000-0 -54017-4 0  9994
2 45548  53.0533 264.9001 0001620  60.0208 300.0941 15.06390842149979
1 45548U 20025T   23007.12833246  .00012987  00000-0  88917-3 0  9999
2 45548  53.0533 263.1145 0001669  59.6034 300.5119 15.06399422150611
1 45548U 20025T   23007.39372082  .00008168  00000-0  56665-3 0  9995
2 45548  53.0530 261.9226 0001643  57.2907 302.8240 15.06397308150654
1 45548U 20025T   23007.39372082  .00008168  00000-0  56665-3 0  9995
2 45548  53.0530 261.9226 0001643  57.2907 302.8240 15.06397308150070
1 45548U 20025T   23008.12354550 -.00000283  00000-0 -72293-7 0  9998
2 45548  53.0534 258.6467 0001740  60.5937 299.5226 15.06382887150186
1 45548U 20025T   23008.38893277  .00002133  00000-0  16211-3 0  9998
2 45548  53.0533 257.4553 0001771  58.8253 301.2910 15.06389756150805
1 45548U 20025T   23008.65431987  .00003401  00000-0  24715-3 0  9991
2 45548  53.0536 256.2635 0001556  57.9156 302.1984 15.06392796150842
1 45548U 20025T   23008.65431987  .00003401  00000-0  24715-3 0  9991
2 45548  53.0536 256.2635 0001556  57.9156 302.1984 15.06392796150268
1 45548U 20025T   23009.38414303 -.00000959  00000-0 -45536-4 0  9997
2 45548  53.0528 252.9873 0001704  58.5527 301.5628 15.06384754150959
1 45548U 20025T   23009.38414303 -.00000959  00000-0 -45536-4 0  9997
2 45548  53.0528 252.9873 0001704  58.5527 301.5628 15.06384754150375
1 45548U 20025T   23009.64953335 -.00004446  00000-0 -27990-3 0  9997
2 45548  53.0527 251.7962 0001751  58.2725 301.8434 15.06383051150994
1 45548U 20025T   23010.11397364  .00000553  00000-0  56051-4 0  9999
2 45548  53.0544 249.7107 0001754  60.6466 299.4698 15.06378579150480
1 45548U 20025T   23010.37935550  .00001276  00000-0  10456-3 0  9993
2 45548  53.0538 248.5201 0001726  60.2842 299.8318 15.06389226151102
1 45548U 20025T   23010.37935550  .00001276  00000-0  10456-3 0  9993
2 45548  53.0538 248.5201 0001726  60.2842 299.8318 15.06389226150527
1 45548U 20025T   23011.04281814  .00002628  00000-0  19524-3 0  9992
2 45548  53.0524 245.5421 0002069  62.3240 297.7959 15.06400871150628
1 45548U 20025T   23011.57358165  .00004932  00000-0  34967-3 0  9992
2 45548  53.0531 243.1587 0001977  62.5180 297.6010 15.06412117151281
1 45548U 20025T   23011.57358165  .00004932  00000-0  34967-3 0  9992
2 45548  53.0531 243.1587 0001977  62.5180 297.6010 15.06412117150707
1 45548U 20025T   23011.90531747  .00007593  00000-0  52784-3 0  9991
2 45548  53.0508 241.6684 0001866  61.8830 298.2347 15.06418433151330
1 45548U 20025T   23012.63513858 -.00000255  00000-0  17942-5 0  9993
2 45548  53.0524 238.3919 0001255  19.0028 341.1007 15.06400233150865
1 45548U 20025T   23012.90052985 -.00002964  00000-0 -18020-3 0  9998
2 45548  53.0519 237.2011 0001687  69.1038 291.0131 15.06392901151488
1 45548U 20025T   23013.56399643 -.00002258  00000-0 -13272-3 0  9996
2 45548  53.0519 234.2221 0001686  70.5802 289.5369 15.06394449151587
1 45548U 20025T   23013.89572989  .00001758  00000-0  13688-3 0  9991
2 45548  53.0522 232.7334 0001695  71.1261 288.9911 15.06400987151632
1 45548U 20025T   23014.02842376  .00003491  00000-0  25315-3 0  9993
2 45548  53.0523 232.1375 0001689  73.0202 287.0972 15.06403054151074
1 45548U 20025T   23014.29381604  .00004585  00000-0  32652-3 0  9991
2 45548  53.0518 230.9459 0001621  71.0653 289.0511 15.06395790151114
1 45548U 20025T   23014.62555447  .00001896  00000-0  14622-3 0  9995
2 45548  53.0519 229.4568 0001636  72.2407 287.8760 15.06388283151161
1 45548U 20025T   23015.62075658  .00000539  00000-0  55104-4 0  9991
2 45548  53.0518 224.9890 0001623  78.8508 281.2663 15.06395214151890
1 45548U 20025T   23015.81979642  .00001627  00000-0  12814-3 0  9997
2 45548  53.0526 224.0957 0001630  81.5622 278.5552 15.06397961151347
1 45548U 20025T   23015.88614308  .00002805  00000-0  20710-3 0  9992
2 45548  53.0527 223.7979 0001630  82.0302 278.0872 15.06400602151931
1 45548U 20025T   23016.54961445  .00001428  00000-0  11477-3 0  9993
2 45548  53.0524 220.8198 0001543  84.3440 275.7725 15.06395158152032
1 45548U 20025T   23016.81500226  .00001502  00000-0  11973-3 0  9993
2 45548  53.0526 219.6282 0001612  83.6908 276.4265 15.06396124152077
1 45548U 20025T   23016.94769580  .00001709  00000-0  13362-3 0  9990
2 45548  53.0525 219.0325 0001564  83.9680 276.1487 15.06398375151515
1 45548U 20025T   23017.54481896  .00001730  00000-0  13499-3 0  9993
2 45548  53.0526 216.3521 0001536  84.5868 275.5296 15.06397072152186
1 45548U 20025T   23017.81020379  .00002520  00000-0  18799-3 0  9994
2 45548  53.0520 215.1609 0001507  84.3901 275.7260 15.06401757152222
1 45548U 20025T   23018.27463102  .00001563  00000-0  12381-3 0  9997
2 45548  53.0516 213.0758 0001473  86.2152 273.9006 15.06402361151713
1 45548U 20025T   23018.54001846  .00002605  00000-0  19371-3 0  9994
2 45548  53.0513 211.8843 0001494  84.5690 275.5469 15.06402056152333
1 45548U 20025T   23018.87174970  .00002618  00000-0  19458-3 0  9999
2 45548  53.0513 210.3945 0001492  87.0617 273.0543 15.06405878152381
1 45548U 20025T   23019.13714564  .00000375  00000-0  44094-4 0  9991
2 45548  53.0525 209.2036 0002868  43.9060 316.2157 15.06395665151846
1 45548U 20025T   23019.53522264 -.00000127  00000-0  10346-4 0  9998
2 45548  53.0506 207.4155 0001551  93.5430 266.5737 15.06395056152483
1 45548U 20025T   23019.80060886  .00000443  00000-0  48630-4 0  9992
2 45548  53.0509 206.2244 0001546  92.8066 267.3100 15.06397850151940
1 45548U 20025T   23020.46407596  .00001236  00000-0  10183-3 0  9991
2 45548  53.0522 203.2463 0001422  92.2681 267.8471 15.06400389152629
1 45548U 20025T   23020.92850023  .00002310  00000-0  17386-3 0  9995
2 45548  53.0522 201.1609 0001419  91.7734 268.3417 15.06407323152112
1 45548U 20025T   23021.45927941  .00001650  00000-0  12962-3 0  9999
2 45548  53.0510 198.7776 0001426  94.4698 265.6454 15.06397241152198
1 45548U 20025T   23022.45448907 -.00001793  00000-0 -10154-3 0  9991
2 45548  53.0523 194.3098 0001412  88.9575 271.1576 15.06388560152346
1 45548U 20025T   23023.44969164  .00001254  00000-0  10308-3 0  9995
2 45548  53.0541 189.8426 0001390  82.9174 277.1973 15.06397155152497
1 45548U 20025T   23024.77662430  .00002877  00000-0  21192-3 0  9993
2 45548  53.0543 183.8859 0001370  90.8574 269.2572 15.06401503152695
1 45548U 20025T   23025.57279151 -.00000382  00000-0 -67336-5 0  9999
2 45548  53.0541 180.3102 0001497 100.4610 259.6548 15.06399175153390
1 45548U 20025T   23025.77183024 -.00000333  00000-0 -34367-5 0  9998
2 45548  53.0539 179.4168 0001488  99.6239 260.4918 15.06400514153429
1 45548U 20025T   23025.77183024 -.00000333  00000-0 -34367-5 0  9998
2 45548  53.0539 179.4168 0001488  99.6239 260.4918 15.06400514152844
1 45548U 20025T   23026.56799666 -.00000471  00000-0 -12716-4 0  9997
2 45548  53.0548 175.8418 0001286  95.6033 264.5102 15.06394504153545
1 45548U 20025T   23026.63434503 -.00000688  00000-0 -27313-4 0  9990
2 45548  53.0547 175.5440 0001273  95.2539 264.8595 15.06392871152979
1 45548U 20025T   23027.56319793  .00000742  00000-0  68702-4 0  9992
2 45548  53.0530 171.3762 0001248  91.8498 268.2633 15.06397337153693
1 45548U 20025T   23027.76223371  .00001457  00000-0  11668-3 0  9992
2 45548  53.0532 170.4823 0001272  91.7712 268.3422 15.06402603153722
1 45548U 20025T   23027.76223371  .00001457  00000-0  11668-3 0  9992
2 45548  53.0532 170.4823 0001272  91.7712 268.3422 15.06402603153148
1 45548U 20025T   23028.09397331  .00000696  00000-0  65641-4 0  9992
2 45548  53.0533 168.9925 0001295  96.2996 263.8141 15.06396371153190
1 45548U 20025T   23028.55840276  .00001040  00000-0  88737-4 0  9999
2 45548  53.0536 166.9072 0001241  96.6668 263.4462 15.06393437153849
1 45548U 20025T   23028.75744006  .00001271  00000-0  10424-3 0  9998
2 45548  53.0541 166.0155 0001315 105.2465 254.8670 15.06397511153877
1 45548U 20025T   23029.35457111 -.00000807  00000-0 -35289-4 0  9996
2 45548  53.0546 163.3353 0001325  91.6344 268.4797 15.06393264153385
1 45548U 20025T   23029.75264756  .00000029  00000-0  20834-4 0  9995
2 45548  53.0544 161.5488 0001234  87.3492 272.7638 15.06397180154022
1 45548U 20025T   23030.08437928 -.00001163  00000-0 -59220-4 0  9999
2 45548  53.0545 160.0596 0001265  74.3726 285.7403 15.06403817153496
1 45548U 20025T   23030.34976622  .00000679  00000-0  64470-4 0  9999
2 45548  53.0543 158.8679 0001197  87.5617 272.5509 15.06398673154114
1 45548U 20025T   23030.68149454  .00000406  00000-0  46121-4 0  9992
2 45548  53.0541 157.3790 0001192  83.1052 277.0073 15.06407954154164
1 45548U 20025T   23031.47766625  .00000342  00000-0  41861-4 0  9990
2 45548  53.0541 153.8056 0001293  77.5990 282.5143 15.06392353154288
1 45548U 20025T   23031.47766625  .00000342  00000-0  41861-4 0  9990
2 45548  53.0541 153.8056 0001293  77.5990 282.5143 15.06392353153704
