1 45559U 20025AE  22365.06327215  .00005634  00000-0  39675-3 0  9992
2 45559  53.0565 274.7756 0001700  66.5098 293.6070 15.06409419149239
1 45559U 20025AE  22365.19597119  .00005214  00000-0  36868-3 0  9993
2 45559  53.0553 274.1780 0001602  62.0101 298.1049 15.06402202149255
1 45559U 20025AE  22365.46135360  .00006018  00000-0  42245-3 0  9998
2 45559  53.0551 272.9870 0001593  64.6381 295.4773 15.06411197149893
1 45559U 20025AE  22365.72674517  .00006301  00000-0  44139-3 0  9998
2 45559  53.0534 271.7966 0001706  65.0100 295.1066 15.06411929149937
1 45559U 20025AE  23001.12483359 -.00000684  00000-0 -26999-4 0  9997
2 45559  53.0554 270.0103 0001854  64.1130 296.0049 15.06396292149397
1 45559U 20025AE  23001.45657703 -.00005603  00000-0 -35776-3 0  9997
2 45559  53.0552 268.5177 0001557  64.9287 295.1863 15.06379184150048
1 45559U 20025AE  23001.45657703 -.00005603  00000-0 -35776-3 0  9997
2 45559  53.0552 268.5177 0001557  64.9287 295.1863 15.06379184149440
1 45559U 20025AE  23001.72196797 -.00007071  00000-0 -45649-3 0  9999
2 45559  53.0555 267.3279 0001883  66.9583 293.1604 15.06379424150086
1 45559U 20025AE  23002.45178767 -.00001180  00000-0 -60328-4 0  9994
2 45559  53.0548 264.0521 0001543  65.5008 294.6142 15.06386394150191
1 45559U 20025AE  23002.45178767 -.00001180  00000-0 -60328-4 0  9994
2 45559  53.0548 264.0521 0001543  65.5008 294.6142 15.06386394149593
1 45559U 20025AE  23002.84987537  .00003931  00000-0  28276-3 0  9999
2 45559  53.0545 262.2647 0001463  65.8863 294.2279 15.06384435150258
1 45559U 20025AE  23003.18161277  .00011570  00000-0  79439-3 0  9997
2 45559  53.0544 260.7756 0001547  65.4152 294.6998 15.06396727150306
1 45559U 20025AE  23003.77873302  .00009316  00000-0  64333-3 0  9993
2 45559  53.0543 258.0952 0001555  64.6998 295.4152 15.06407983149790
1 45559U 20025AE  23004.17681215  .00008812  00000-0  60954-3 0  9993
2 45559  53.0543 256.3081 0001562  66.1177 293.9975 15.06412248150459
1 45559U 20025AE  23005.10565454  .00005789  00000-0  40697-3 0  9995
2 45559  53.0542 252.1384 0001549  70.6028 289.5129 15.06421510149999
1 45559U 20025AE  23005.37103742  .00005063  00000-0  35835-3 0  9995
2 45559  53.0541 250.9472 0001576  71.1121 289.0039 15.06423130150630
1 45559U 20025AE  23006.36624171 -.00005223  00000-0 -33202-3 0  9995
2 45559  53.0533 246.4797 0001871  69.8438 290.2753 15.06393487150788
1 45559U 20025AE  23006.36624171 -.00005223  00000-0 -33202-3 0  9995
2 45559  53.0533 246.4797 0001871  69.8438 290.2753 15.06393487150182
1 45559U 20025AE  23007.02970621  .00000278  00000-0  37570-4 0  9999
2 45559  53.0537 243.5014 0001635  70.0799 290.0366 15.06403197150883
1 45559U 20025AE  23007.02970621  .00000278  00000-0  37570-4 0  9999
2 45559  53.0537 243.5014 0001635  70.0799 290.0366 15.06403197150287
1 45559U 20025AE  23007.69317964  .00000148  00000-0  28815-4 0  9995
2 45559  53.0511 240.5224 0001415  54.8289 305.2832 15.06392825150382
1 45559U 20025AE  23007.89221900  .00001285  00000-0  10514-3 0  9990
2 45559  53.0521 239.6292 0001310  72.4664 287.6468 15.06396847151011
1 45559U 20025AE  23008.02491241  .00004077  00000-0  29242-3 0  9993
2 45559  53.0527 239.0324 0001928  81.3614 278.7594 15.06401296150437
1 45559U 20025AE  23008.35664534  .00004359  00000-0  31135-3 0  9993
2 45559  53.0530 237.5435 0001808  76.8775 283.2415 15.06404258151087
1 45559U 20025AE  23008.88742002  .00003122  00000-0  22837-3 0  9994
2 45559  53.0522 235.1604 0001849  79.2961 280.8236 15.06404031151161
1 45559U 20025AE  23009.02011665  .00000126  00000-0  27348-4 0  9999
2 45559  53.0529 234.5695 0001672  62.9316 297.1843 15.06396293150588
1 45559U 20025AE  23009.61724550  .00000022  00000-0  20377-4 0  9998
2 45559  53.0552 231.8861 0001441  65.5680 294.5459 15.06392026151277
1 45559U 20025AE  23009.61724550  .00000022  00000-0  20377-4 0  9998
2 45559  53.0552 231.8861 0001441  65.5680 294.5459 15.06392026150670
1 45559U 20025AE  23009.88262959  .00000146  00000-0  28728-4 0  9992
2 45559  53.0552 230.6944 0001488  70.7669 289.3481 15.06396950151314
1 45559U 20025AE  23010.01532289  .00000162  00000-0  29762-4 0  9992
2 45559  53.0549 230.0982 0001578  73.8126 286.3036 15.06398289150733
1 45559U 20025AE  23010.61244281  .00001526  00000-0  12130-3 0  9995
2 45559  53.0548 227.4181 0001510  71.3918 288.7235 15.06396738151422
1 45559U 20025AE  23010.94417851 -.00001417  00000-0 -76241-4 0  9991
2 45559  53.0544 225.9285 0001494  69.3171 290.7978 15.06402672151472
1 45559U 20025AE  23011.27591483  .00002136  00000-0  16226-3 0  9995
2 45559  53.0535 224.4386 0001492  73.5541 286.5612 15.06394519150921
1 45559U 20025AE  23011.54130122  .00002126  00000-0  16156-3 0  9995
2 45559  53.0534 223.2468 0001499  74.3237 285.7917 15.06397284151568
1 45559U 20025AE  23011.87303603  .00001677  00000-0  13145-3 0  9992
2 45559  53.0522 221.7572 0001524  75.3024 284.8133 15.06398199151610
1 45559U 20025AE  23012.27111975 -.00000518  00000-0 -15911-4 0  9995
2 45559  53.0517 219.9706 0001360  67.4687 292.6446 15.06393575151074
1 45559U 20025AE  23012.93458822  .00001561  00000-0  12369-3 0  9993
2 45559  53.0517 216.9915 0001399  69.5433 290.5706 15.06398174151770
1 45559U 20025AE  23013.26632820  .00000414  00000-0  46700-4 0  9995
2 45559  53.0510 215.5018 0001561  69.1586 290.9570 15.06393772151826
1 45559U 20025AE  23013.66441307 -.00000221  00000-0  40565-5 0  9998
2 45559  53.0537 213.7162 0001432  76.1521 283.9627 15.06390997151280
1 45559U 20025AE  23013.92980020  .00000560  00000-0  56475-4 0  9998
2 45559  53.0529 212.5256 0001497  79.4761 280.6396 15.06391567151927
1 45559U 20025AE  23014.79230604  .00001083  00000-0  91613-4 0  9994
2 45559  53.0532 208.6528 0001482  80.8197 279.2960 15.06398956151450
1 45559U 20025AE  23015.52212616  .00001604  00000-0  12659-3 0  9990
2 45559  53.0530 205.3775 0001450  79.1545 280.9607 15.06393433152160
1 45559U 20025AE  23015.78751291  .00001778  00000-0  13821-3 0  9999
2 45559  53.0532 204.1858 0001396  80.2459 279.8687 15.06395296152206
1 45559U 20025AE  23015.78751291  .00001778  00000-0  13821-3 0  9999
2 45559  53.0532 204.1858 0001396  80.2459 279.8687 15.06395296151609
1 45559U 20025AE  23016.51732875  .00001053  00000-0  89586-4 0  9996
2 45559  53.0534 200.9095 0001372  79.9314 280.1829 15.06398420152311
1 45559U 20025AE  23016.78271477  .00001041  00000-0  88803-4 0  9999
2 45559  53.0536 199.7173 0001378  83.2348 276.8798 15.06399745152358
1 45559U 20025AE  23017.44618336  .00001274  00000-0  10438-3 0  9998
2 45559  53.0539 196.7389 0001334  83.8472 276.2669 15.06398844151857
1 45559U 20025AE  23017.51253419  .00000776  00000-0  71007-4 0  9999
2 45559  53.0538 196.4412 0001337  83.9899 276.1242 15.06395384152467
1 45559U 20025AE  23018.17600284  .00000896  00000-0  79014-4 0  9997
2 45559  53.0545 193.4627 0001362  84.4087 275.7058 15.06397267152566
1 45559U 20025AE  23018.17600284  .00000896  00000-0  79014-4 0  9997
2 45559  53.0545 193.4627 0001362  84.4087 275.7058 15.06397267151969
1 45559U 20025AE  23018.77312366  .00000939  00000-0  81949-4 0  9992
2 45559  53.0548 190.7831 0001305  84.0188 276.0949 15.06398969152654
1 45559U 20025AE  23019.50294373  .00000654  00000-0  62810-4 0  9991
2 45559  53.0556 187.5074 0001274  95.5471 264.5663 15.06393766152760
1 45559U 20025AE  23019.50294373  .00000654  00000-0  62810-4 0  9991
2 45559  53.0556 187.5074 0001274  95.5471 264.5663 15.06393766152164
1 45559U 20025AE  23020.43179485  .00001120  00000-0  94078-4 0  9991
2 45559  53.0558 183.3379 0001258  96.1593 263.9540 15.06400227152902
1 45559U 20025AE  23020.63083377  .00001341  00000-0  10889-3 0  9999
2 45559  53.0546 182.4440 0001170  96.6279 263.4843 15.06401328152338
1 45559U 20025AE  23021.42699934  .00001250  00000-0  10279-3 0  9991
2 45559  53.0549 178.8696 0001382  88.3033 271.8114 15.06396712152451
1 45559U 20025AE  23022.68758652  .00000609  00000-0  59779-4 0  9999
2 45559  53.0552 173.2109 0001337  94.9016 265.2126 15.06400255152646
1 45559U 20025AE  23023.41740835  .00000338  00000-0  41579-4 0  9993
2 45559  53.0548 169.9337 0001522  92.1534 267.9629 15.06392432152753
1 45559U 20025AE  23024.67799246  .00001763  00000-0  13720-3 0  9991
2 45559  53.0552 164.2752 0001127  92.6942 267.4176 15.06401715152944
1 45559U 20025AE  23025.40781933  .00000258  00000-0  36220-4 0  9996
2 45559  53.0552 160.9993 0000759  87.5058 272.6018 15.06391083153057
1 45559U 20025AE  23025.54051219  .00000419  00000-0  46997-4 0  9999
2 45559  53.0555 160.4040 0000868  91.5953 268.5135 15.06392809153677
1 45559U 20025AE  23025.67320344  .00000869  00000-0  77240-4 0  9995
2 45559  53.0552 159.8081 0000911  93.4682 266.6411 15.06396043153692
1 45559U 20025AE  23026.07128217  .00001359  00000-0  11009-3 0  9990
2 45559  53.0554 158.0213 0000753  80.5289 279.5785 15.06399463153153
1 45559U 20025AE  23026.60205709  .00001311  00000-0  10689-3 0  9992
2 45559  53.0557 155.6387 0001053  96.8712 263.2396 15.06400492153834
1 45559U 20025AE  23027.33187615  .00001183  00000-0  98335-4 0  9990
2 45559  53.0570 152.3628 0001269 105.2482 254.8647 15.06395221153343
1 45559U 20025AE  23027.59726358  .00001154  00000-0  96356-4 0  9990
2 45559  53.0567 151.1714 0001139  97.4740 262.6379 15.06396258153987
1 45559U 20025AE  23028.52611795  .00000609  00000-0  59794-4 0  9991
2 45559  53.0564 147.0022 0001307  87.3323 272.7816 15.06399870154120
1 45559U 20025AE  23028.52611795  .00000609  00000-0  59794-4 0  9991
2 45559  53.0564 147.0022 0001307  87.3323 272.7816 15.06399870153523
1 45559U 20025AE  23028.72515378  .00000475  00000-0  50735-4 0  9990
2 45559  53.0552 146.1065 0001131  89.9624 270.1494 15.06405727154157
1 45559U 20025AE  23029.45498093 -.00000217  00000-0  42986-5 0  9990
2 45559  53.0549 142.8314 0001279  81.3255 278.7879 15.06391909153664
1 45559U 20025AE  23029.52132718 -.00000108  00000-0  11614-4 0  9999
2 45559  53.0553 142.5338 0001309  81.7846 278.3291 15.06392716154275
1 45559U 20025AE  23030.45018001  .00000470  00000-0  50469-4 0  9993
2 45559  53.0558 138.3635 0001364  93.9039 266.2106 15.06398463154415
1 45559U 20025AE  23030.45018001  .00000470  00000-0  50469-4 0  9993
2 45559  53.0558 138.3635 0001364  93.9039 266.2106 15.06398463153818
1 45559U 20025AE  23030.64921806  .00000669  00000-0  63795-4 0  9996
2 45559  53.0567 137.4715 0001311  85.6637 274.4501 15.06402351154443
1 45559U 20025AE  23031.51173615  .00005432  00000-0  38344-3 0  9994
2 45559  53.0577 133.6018 0001167  77.4227 282.6892 15.06380831154577
1 45559U 20025AE  23031.71076926  .00001510  00000-0  12025-3 0  9994
2 45559  53.0576 132.7049 0001294  80.5260 279.5876 15.06400333154604
1 45559U 20025AE  23031.71076926  .00001510  00000-0  12025-3 0  9994
2 45559  53.0576 132.7049 0001294  80.5260 279.5876 15.06400333154008
1 45559U 20025AE  23031.97616246  .00000557  00000-0  56263-4 0  9990
2 45559  53.0572 131.5125 0001232  84.3792 275.7337 15.06393977154049
