1 45550U 20025V   22365.11304047  .00004951  00000-0  35101-3 0  9998
2 45550  53.0575 294.5999 0001801  53.9678 306.1477 15.06406098148966
1 45550U 20025V   22365.51112158  .00004126  00000-0  29571-3 0  9990
2 45550  53.0561 292.8117 0001811  55.1261 304.9898 15.06405103149619
1 45550U 20025V   23001.04190590  .00000892  00000-0  78773-4 0  9997
2 45550  53.0559 290.4278 0001547  55.8585 304.2551 15.06397916149105
1 45550U 20025V   23001.50634796 -.00001784  00000-0 -10090-3 0  9999
2 45550  53.0566 288.3438 0001822  56.9821 303.1343 15.06384227149768
1 45550U 20025V   23001.50634796 -.00001784  00000-0 -10090-3 0  9999
2 45550  53.0566 288.3438 0001822  56.9821 303.1343 15.06384227149173
1 45550U 20025V   23001.77173601 -.00003992  00000-0 -24929-3 0  9990
2 45550  53.0562 287.1534 0001883  58.3515 301.7657 15.06391819149803
1 45550U 20025V   23002.50154902 -.00002341  00000-0 -13829-3 0  9999
2 45550  53.0566 283.8767 0001805  59.5594 300.5573 15.06394577149912
1 45550U 20025V   23002.50154902 -.00002341  00000-0 -13829-3 0  9999
2 45550  53.0566 283.8767 0001805  59.5594 300.5573 15.06394577149327
1 45550U 20025V   23003.09866405  .00001762  00000-0  13719-3 0  9994
2 45550  53.0561 281.1956 0001806  60.2017 299.9151 15.06393098149413
1 45550U 20025V   23003.49675131  .00001199  00000-0  99395-4 0  9991
2 45550  53.0558 279.4087 0001756  58.8814 301.2347 15.06388837150068
1 45550U 20025V   23003.49675131  .00001199  00000-0  99395-4 0  9991
2 45550  53.0558 279.4087 0001756  58.8814 301.2347 15.06388837149471
1 45550U 20025V   23004.55829891  .00001359  00000-0  11014-3 0  9992
2 45550  53.0558 274.6429 0001733  56.9018 303.2138 15.06398925150222
1 45550U 20025V   23004.82368570  .00000469  00000-0  50392-4 0  9998
2 45550  53.0563 273.4515 0001802  55.9160 304.2000 15.06401790150263
1 45550U 20025V   23004.82368570  .00000469  00000-0  50392-4 0  9998
2 45550  53.0563 273.4515 0001802  55.9160 304.2000 15.06401790149676
1 45550U 20025V   23005.42079214  .00001256  00000-0  10316-3 0  9995
2 45550  53.0556 270.7706 0001690  58.2092 301.9062 15.06417204150351
1 45550U 20025V   23005.42079214  .00001256  00000-0  10316-3 0  9995
2 45550  53.0556 270.7706 0001690  58.2092 301.9062 15.06417204149764
1 45550U 20025V   23005.75252702  .00001131  00000-0  94765-4 0  9999
2 45550  53.0557 269.2819 0001625  60.9144 299.2007 15.06412264150401
1 45550U 20025V   23005.75252702  .00001131  00000-0  94765-4 0  9999
2 45550  53.0557 269.2819 0001625  60.9144 299.2007 15.06412264149814
1 45550U 20025V   23006.41601657 -.00001673  00000-0 -93479-4 0  9994
2 45550  53.0555 266.3024 0002166  55.0318 305.0874 15.06389703149917
1 45550U 20025V   23006.81410473 -.00003389  00000-0 -20882-3 0  9995
2 45550  53.0550 264.5169 0001589  63.0153 297.0998 15.06385453150564
1 45550U 20025V   23007.14583576 -.00001314  00000-0 -69343-4 0  9999
2 45550  53.0549 263.0277 0001443  66.4941 293.6199 15.06386571150610
1 45550U 20025V   23007.41121730 -.00001372  00000-0 -73233-4 0  9996
2 45550  53.0552 261.8363 0001511  60.9524 299.1616 15.06397304150653
1 45550U 20025V   23007.41121730 -.00001372  00000-0 -73233-4 0  9996
2 45550  53.0552 261.8363 0001511  60.9524 299.1616 15.06397304150068
1 45550U 20025V   23008.67181303  .00002488  00000-0  18593-3 0  9991
2 45550  53.0555 256.1775 0001356  59.4149 300.6973 15.06386357150259
1 45550U 20025V   23008.93719817  .00002923  00000-0  21507-3 0  9990
2 45550  53.0548 254.9865 0001335  61.6201 298.4923 15.06390945150884
1 45550U 20025V   23009.06988799  .00002911  00000-0  21425-3 0  9998
2 45550  53.0546 254.3909 0001604  62.8322 297.2830 15.06398345150315
1 45550U 20025V   23009.40162538  .00002816  00000-0  20788-3 0  9996
2 45550  53.0543 252.9017 0001585  62.8364 297.2786 15.06394597150955
1 45550U 20025V   23009.93239312  .00002439  00000-0  18256-3 0  9997
2 45550  53.0528 250.5184 0001559  65.0832 295.0318 15.06403377151037
1 45550U 20025V   23010.06508866  .00001282  00000-0  10493-3 0  9996
2 45550  53.0547 249.9233 0001230  61.9417 298.1696 15.06403139151056
1 45550U 20025V   23010.66221473 -.00000888  00000-0 -40738-4 0  9997
2 45550  53.0546 247.2420 0001441  64.0237 296.0900 15.06402047151144
1 45550U 20025V   23010.66221473 -.00000888  00000-0 -40738-4 0  9997
2 45550  53.0546 247.2420 0001441  64.0237 296.0900 15.06402047150558
1 45550U 20025V   23011.59106759 -.00000323  00000-0 -27937-5 0  9990
2 45550  53.0545 243.0720 0001286  62.0914 298.0205 15.06400403151286
1 45550U 20025V   23011.92279728 -.00000142  00000-0  93696-5 0  9997
2 45550  53.0543 241.5829 0001331  61.2536 298.8586 15.06403870151336
1 45550U 20025V   23012.05549042  .00000846  00000-0  75708-4 0  9994
2 45550  53.0544 240.9872 0001510  66.7154 293.3993 15.06401204150760
1 45550U 20025V   23012.91800419 -.00000119  00000-0  10918-4 0  9993
2 45550  53.0548 237.1171 0002001  82.0822 278.0394 15.06396624151487
1 45550U 20025V   23012.91800419 -.00000119  00000-0  10918-4 0  9993
2 45550  53.0548 237.1171 0002001  82.0822 278.0394 15.06396624150891
1 45550U 20025V   23012.98435616 -.00000917  00000-0 -42690-4 0  9992
2 45550  53.0554 236.8187 0001610  74.0844 286.0322 15.06390481150908
1 45550U 20025V   23013.31608860 -.00000606  00000-0 -21806-4 0  9994
2 45550  53.0579 235.3309 0001410  73.5084 286.6060 15.06393481151542
1 45550U 20025V   23013.97954551  .00000853  00000-0  76159-4 0  9990
2 45550  53.0540 232.3496 0001443  67.2382 292.8759 15.06405460151052
1 45550U 20025V   23014.31129115 -.00001344  00000-0 -71365-4 0  9991
2 45550  53.0571 230.8611 0001131  70.3737 289.7374 15.06391403151106
1 45550U 20025V   23014.84208096 -.00001136  00000-0 -57439-4 0  9990
2 45550  53.0532 228.4775 0001426  74.4872 285.6274 15.06377007151185
1 45550U 20025V   23014.97478154 -.00001757  00000-0 -99179-4 0  9994
2 45550  53.0549 227.8827 0001096  73.4868 286.6242 15.06371348151202
1 45550U 20025V   23015.57190852 -.00002172  00000-0 -12703-3 0  9996
2 45550  53.0556 225.2027 0000918  71.6883 288.4206 15.06377047151889
1 45550U 20025V   23015.83729513 -.00001349  00000-0 -71729-4 0  9996
2 45550  53.0551 224.0122 0001106  71.0947 289.0162 15.06381784151928
1 45550U 20025V   23015.83729513 -.00001349  00000-0 -71729-4 0  9996
2 45550  53.0551 224.0122 0001106  71.0947 289.0162 15.06381784151333
1 45550U 20025V   23016.30171880  .00001765  00000-0  13737-3 0  9991
2 45550  53.0550 221.9270 0001398  75.6298 284.4847 15.06388435151401
1 45550U 20025V   23016.56710948  .00002852  00000-0  21035-3 0  9991
2 45550  53.0553 220.7350 0001388  74.6297 285.4845 15.06384249152035
1 45550U 20025V   23016.83249335  .00003953  00000-0  28418-3 0  9993
2 45550  53.0554 219.5440 0001280  77.5364 282.5768 15.06391733152072
1 45550U 20025V   23017.56231061  .00005690  00000-0  40051-3 0  9998
2 45550  53.0537 216.2667 0001444  80.8604 279.2548 15.06406518152183
1 45550U 20025V   23017.82769391  .00006175  00000-0  43296-3 0  9992
2 45550  53.0536 215.0747 0001344  80.1079 280.0062 15.06411688152226
1 45550U 20025V   23017.82769391  .00006175  00000-0  43296-3 0  9992
2 45550  53.0536 215.0747 0001344  80.1079 280.0062 15.06411688151630
1 45550U 20025V   23018.22577829  .00001334  00000-0  10845-3 0  9996
2 45550  53.0543 213.2885 0002015  84.6788 275.4431 15.06402968151698
1 45550U 20025V   23018.55750687  .00000797  00000-0  72393-4 0  9996
2 45550  53.0537 211.7997 0001381  83.1051 277.0095 15.06406728152334
1 45550U 20025V   23018.82289209  .00000332  00000-0  41163-4 0  9999
2 45550  53.0529 210.6080 0001376  80.3767 279.7377 15.06406350152370
1 45550U 20025V   23019.48635800 -.00000820  00000-0 -36176-4 0  9996
2 45550  53.0528 207.6295 0001345  82.1775 277.9366 15.06403980151887
1 45550U 20025V   23019.55271109 -.00000802  00000-0 -34948-4 0  9997
2 45550  53.0540 207.3315 0001435  87.1522 272.9631 15.06403123152482
1 45550U 20025V   23020.21617556  .00001636  00000-0  12869-3 0  9993
2 45550  53.0548 204.3528 0001693  90.2409 269.8774 15.06401151152581
1 45550U 20025V   23020.81329043  .00001479  00000-0  11814-3 0  9994
2 45550  53.0547 201.6718 0001202  86.9354 273.1773 15.06407311152084
1 45550U 20025V   23021.74213348  .00005981  00000-0  41985-3 0  9991
2 45550  53.0538 197.5018 0001465  88.0335 272.0822 15.06423160152222
1 45550U 20025V   23022.47196051 -.00002815  00000-0 -17019-3 0  9999
2 45550  53.0547 194.2266 0001340  77.1858 282.9281 15.06391533152331
1 45550U 20025V   23023.59985896 -.00000811  00000-0 -35541-4 0  9991
2 45550  53.0543 189.1627 0001503  75.6744 284.4412 15.06393072152501
1 45550U 20025V   23024.72776129  .00004173  00000-0  29886-3 0  9991
2 45550  53.0545 184.0991 0001520  72.3831 287.7324 15.06399019152674
1 45550U 20025V   23025.12584704  .00003972  00000-0  28548-3 0  9992
2 45550  53.0545 182.3124 0001517  74.9643 285.1514 15.06393482152736
1 45550U 20025V   23025.59027686  .00001671  00000-0  13105-3 0  9991
2 45550  53.0548 180.2281 0001452  73.4958 286.6190 15.06391727153390
1 45550U 20025V   23025.72296817  .00002630  00000-0  19540-3 0  9995
2 45550  53.0547 179.6325 0001444  73.6649 286.4498 15.06396936153419
1 45550U 20025V   23026.58547873  .00002316  00000-0  17433-3 0  9991
2 45550  53.0548 175.7610 0001460  70.6090 289.5056 15.06397162153549
1 45550U 20025V   23026.71816987  .00002492  00000-0  18612-3 0  9996
2 45550  53.0551 175.1655 0001416  75.9231 284.1915 15.06401582152975
1 45550U 20025V   23027.18260135  .00001602  00000-0  12640-3 0  9993
2 45550  53.0547 173.0820 0001477  73.1962 286.9189 15.06395965153048
1 45550U 20025V   23027.58068452  .00000432  00000-0  47890-4 0  9991
2 45550  53.0547 171.2927 0001274  80.5956 279.5177 15.06392626153693
1 45550U 20025V   23027.77972117  .00001225  00000-0  10108-3 0  9996
2 45550  53.0553 170.3997 0001253  82.1267 277.9864 15.06400494153729
1 45550U 20025V   23028.11146126  .00000564  00000-0  56770-4 0  9999
2 45550  53.0552 168.9095 0001208  78.1241 281.9884 15.06393073153188
1 45550U 20025V   23028.57588547  .00000770  00000-0  70552-4 0  9999
2 45550  53.0553 166.8253 0001325  80.9862 279.1277 15.06398864153843
1 45550U 20025V   23028.77492122  .00000986  00000-0  85038-4 0  9998
2 45550  53.0558 165.9323 0001233  86.8770 273.2360 15.06405445153287
1 45550U 20025V   23028.84126549  .00001070  00000-0  90699-4 0  9997
2 45550  53.0560 165.6346 0001266  79.6306 280.4825 15.06409056153887
1 45550U 20025V   23029.77012550  .00001237  00000-0  10193-3 0  9991
2 45550  53.0561 161.4628 0001209  93.0844 267.0283 15.06402399154028
1 45550U 20025V   23029.77012550  .00001237  00000-0  10193-3 0  9991
2 45550  53.0561 161.4628 0001209  93.0844 267.0283 15.06402399153432
1 45550U 20025V   23030.49994771  .00000473  00000-0  50641-4 0  9990
2 45550  53.0556 158.1869 0001274  87.9892 272.1243 15.06394622154133
1 45550U 20025V   23030.49994771  .00000473  00000-0  50641-4 0  9990
2 45550  53.0556 158.1869 0001274  87.9892 272.1243 15.06394622153547
1 45550U 20025V   23031.49514896  .00000782  00000-0  71392-4 0  9996
2 45550  53.0581 153.7185 0001291  90.3458 269.7679 15.06397033154288
