1 45556U 20025AB  22365.45493381  .00003702  00000-0  26724-3 0  9995
2 45556  53.0549 273.0713 0001419  66.1570 293.9567 15.06406734149894
1 45556U 20025AB  23001.11841884 -.00000266  00000-0  10074-5 0  9997
2 45556  53.0550 270.0926 0001542  73.2210 286.8948 15.06392935149392
1 45556U 20025AB  23001.45015825 -.00001725  00000-0 -96965-4 0  9996
2 45556  53.0545 268.6030 0001494  66.3668 293.7478 15.06389704150040
1 45556U 20025AB  23001.84825112 -.00003367  00000-0 -20736-3 0  9993
2 45556  53.0544 266.8159 0001502  66.4739 293.6408 15.06379429150103
1 45556U 20025AB  23001.91459629 -.00003309  00000-0 -20348-3 0  9992
2 45556  53.0545 266.5180 0001516  68.2222 291.8929 15.06381116149514
1 45556U 20025AB  23002.44535693 -.00000690  00000-0 -27424-4 0  9990
2 45556  53.0543 264.1362 0001652  71.4727 288.6441 15.06400648150196
1 45556U 20025AB  23002.44535693 -.00000690  00000-0 -27424-4 0  9990
2 45556  53.0543 264.1362 0001652  71.4727 288.6441 15.06400648149598
1 45556U 20025AB  23002.84343288  .00001657  00000-0  13009-3 0  9996
2 45556  53.0538 262.3483 0001508  69.3812 290.7338 15.06401699150258
1 45556U 20025AB  23003.10882772  .00002188  00000-0  16581-3 0  9990
2 45556  53.0542 261.1557 0001425  68.0214 292.0926 15.06389715149690
1 45556U 20025AB  23003.44056207  .00002495  00000-0  18634-3 0  9995
2 45556  53.0541 259.6674 0001462  67.0219 293.0924 15.06393612150340
1 45556U 20025AB  23004.10403416  .00002121  00000-0  16130-3 0  9992
2 45556  53.0542 256.6886 0001289  69.3032 290.8095 15.06392327150445
1 45556U 20025AB  23005.03287313  .00001867  00000-0  14414-3 0  9990
2 45556  53.0536 252.5180 0001412  69.0271 291.0869 15.06416657149982
1 45556U 20025AB  23005.36460251  .00005780  00000-0  40633-3 0  9990
2 45556  53.0526 251.0299 0001442  59.1430 300.9701 15.06423393150630
1 45556U 20025AB  23005.69633874  .00004393  00000-0  31347-3 0  9990
2 45556  53.0538 249.5451 0002311  88.7979 271.3274 15.06422205150689
1 45556U 20025AB  23006.35982046 -.00003957  00000-0 -24701-3 0  9995
2 45556  53.0533 246.5638 0001602  77.2400 282.8767 15.06387012150187
1 45556U 20025AB  23006.69155542 -.00000509  00000-0 -15297-4 0  9996
2 45556  53.0538 245.0725 0001488  72.9514 287.1638 15.06393089150831
1 45556U 20025AB  23007.08962948  .00000617  00000-0  60288-4 0  9994
2 45556  53.0540 243.2857 0001542  75.7522 284.3638 15.06401942150894
1 45556U 20025AB  23007.08962948  .00000617  00000-0  60288-4 0  9994
2 45556  53.0540 243.2857 0001542  75.7522 284.3638 15.06401942150298
1 45556U 20025AB  23007.68676617 -.00000764  00000-0 -32442-4 0  9991
2 45556  53.0530 240.6046 0001378  75.0314 285.0827 15.06382572150988
1 45556U 20025AB  23007.68676617 -.00000764  00000-0 -32442-4 0  9991
2 45556  53.0530 240.6046 0001378  75.0314 285.0827 15.06382572150382
1 45556U 20025AB  23008.35023706  .00002024  00000-0  15482-3 0  9994
2 45556  53.0538 237.6259 0001722  77.0559 283.0622 15.06381275151086
1 45556U 20025AB  23008.61561886  .00001674  00000-0  13125-3 0  9991
2 45556  53.0536 236.4342 0001596  76.9813 283.1354 15.06392749151120
1 45556U 20025AB  23008.61561886  .00001674  00000-0  13125-3 0  9991
2 45556  53.0536 236.4342 0001596  76.9813 283.1354 15.06392749150523
1 45556U 20025AB  23009.01369542  .00001560  00000-0  12358-3 0  9992
2 45556  53.0530 234.6470 0001653  78.9082 281.2093 15.06401618150584
1 45556U 20025AB  23009.61081986  .00000542  00000-0  55291-4 0  9994
2 45556  53.0532 231.9673 0001486  77.1709 282.9446 15.06399479151270
1 45556U 20025AB  23009.61081986  .00000542  00000-0  55291-4 0  9994
2 45556  53.0532 231.9673 0001486  77.1709 282.9446 15.06399479150673
1 45556U 20025AB  23010.34063211  .00002300  00000-0  17322-3 0  9993
2 45556  53.0532 228.6920 0001393  74.2492 285.8651 15.06403753151385
1 45556U 20025AB  23010.73871705  .00000341  00000-0  41764-4 0  9992
2 45556  53.0512 226.9026 0001605  96.1450 263.9721 15.06400759151449
1 45556U 20025AB  23010.73871705  .00000341  00000-0  41764-4 0  9992
2 45556  53.0512 226.9026 0001605  96.1450 263.9721 15.06400759150842
1 45556U 20025AB  23011.86660199  .00000737  00000-0  68376-4 0  9997
2 45556  53.0464 221.8391 0003074  90.0741 270.0600 15.06417380151614
1 45556U 20025AB  23011.99930059  .00002460  00000-0  18394-3 0  9995
2 45556  53.0499 221.2457 0001604  79.4909 280.6261 15.06407041151032
1 45556U 20025AB  23012.66278232 -.00001983  00000-0 -11436-3 0  9999
2 45556  53.0505 218.2679 0001199  90.8961 269.2165 15.06383167151135
1 45556U 20025AB  23012.86182501 -.00001796  00000-0 -10177-3 0  9997
2 45556  53.0503 217.3740 0001287  93.0958 267.0178 15.06383160151763
1 45556U 20025AB  23013.32625005 -.00007975  00000-0 -51702-3 0  9994
2 45556  53.0515 215.2884 0001414  90.8175 269.2976 15.06405604151836
1 45556U 20025AB  23013.32625005 -.00007975  00000-0 -51702-3 0  9994
2 45556  53.0515 215.2884 0001414  90.8175 269.2976 15.06405604151230
1 45556U 20025AB  23013.92337360 -.00004031  00000-0 -25184-3 0  9999
2 45556  53.0513 212.6073 0001201  90.4279 269.6848 15.06400863151924
1 45556U 20025AB  23014.65319768  .00005160  00000-0  36508-3 0  9996
2 45556  53.0515 209.3305 0001245  86.2371 273.8760 15.06395968151436
1 45556U 20025AB  23015.51570750  .00002581  00000-0  19210-3 0  9997
2 45556  53.0515 205.4582 0001265  86.7956 273.3178 15.06397589152166
1 45556U 20025AB  23015.78109342  .00003062  00000-0  22433-3 0  9997
2 45556  53.0517 204.2669 0001238  87.0606 273.0525 15.06401052152206
1 45556U 20025AB  23015.78109342  .00003062  00000-0  22433-3 0  9997
2 45556  53.0517 204.2669 0001238  87.0606 273.0525 15.06401052151609
1 45556U 20025AB  23016.44456829 -.00000384  00000-0 -69056-5 0  9996
2 45556  53.0520 201.2883 0001212  88.2334 271.8794 15.06390170151704
1 45556U 20025AB  23016.57727520 -.00002185  00000-0 -12792-3 0  9993
2 45556  53.0528 200.6925 0001179  87.8634 272.2490 15.06378439152323
1 45556U 20025AB  23016.77631478 -.00002075  00000-0 -12054-3 0  9990
2 45556  53.0531 199.7989 0001131  82.0194 278.0924 15.06381210151754
1 45556U 20025AB  23016.84266166 -.00002256  00000-0 -13267-3 0  9994
2 45556  53.0532 199.5011 0001124  81.7569 278.3548 15.06382905152368
1 45556U 20025AB  23017.50612805 -.00000280  00000-0  55935-7 0  9999
2 45556  53.0535 196.5228 0001115  79.8977 280.2138 15.06387701152466
1 45556U 20025AB  23017.50612805 -.00000280  00000-0  55935-7 0  9999
2 45556  53.0535 196.5228 0001115  79.8977 280.2138 15.06387701151869
1 45556U 20025AB  23017.77151357  .00000380  00000-0  44397-4 0  9995
2 45556  53.0534 195.3314 0001119  78.6498 281.4617 15.06391969152508
1 45556U 20025AB  23017.90420609  .00000376  00000-0  44150-4 0  9991
2 45556  53.0534 194.7357 0001135  77.8324 282.2792 15.06394890151929
1 45556U 20025AB  23018.43496928 -.00006765  00000-0 -43523-3 0  9999
2 45556  53.0536 192.3528 0001213  58.8794 301.2314 15.06437305152609
1 45556U 20025AB  23018.43496928 -.00006765  00000-0 -43523-3 0  9999
2 45556  53.0536 192.3528 0001213  58.8794 301.2314 15.06437305152003
1 45556U 20025AB  23018.76671754  .00008988  00000-0  62177-3 0  9990
2 45556  53.0537 190.8637 0000985  77.4195 282.6904 15.06382966152059
1 45556U 20025AB  23018.83305689  .00005298  00000-0  37430-3 0  9994
2 45556  53.0537 190.5656 0001125  72.1059 288.0053 15.06402291152661
1 45556U 20025AB  23018.83305689  .00005298  00000-0  37430-3 0  9994
2 45556  53.0537 190.5656 0001125  72.1059 288.0053 15.06402291152065
1 45556U 20025AB  23019.49652681  .00002365  00000-0  17756-3 0  9995
2 45556  53.0511 187.5874 0001236  73.6027 286.5098 15.06406869152763
1 45556U 20025AB  23020.15998843  .00000726  00000-0  67577-4 0  9999
2 45556  53.0512 184.6087 0001135  76.6302 283.4814 15.06408778152263
1 45556U 20025AB  23020.42537642 -.00000227  00000-0  36506-5 0  9991
2 45556  53.0521 183.4171 0001076  77.0535 283.0574 15.06404270152904
1 45556U 20025AB  23021.15518977  .00000590  00000-0  58473-4 0  9990
2 45556  53.0540 180.1411 0001202  77.3734 282.7390 15.06406534152414
1 45556U 20025AB  23021.42058260 -.00000365  00000-0 -56451-5 0  9991
2 45556  53.0535 178.9496 0001230  83.0860 277.0269 15.06398048152457
1 45556U 20025AB  23021.68596529  .00000405  00000-0  46055-4 0  9995
2 45556  53.0539 177.7582 0001176  84.5896 275.5227 15.06403130152498
1 45556U 20025AB  23022.41578349  .00000038  00000-0  21429-4 0  9997
2 45556  53.0539 174.4825 0001222  85.5320 274.5808 15.06396627152606
1 45556U 20025AB  23023.14559302  .00000011  00000-0  19605-4 0  9990
2 45556  53.0543 171.2065 0001150  92.8937 267.2184 15.06403572152713
1 45556U 20025AB  23024.67157118  .00001679  00000-0  13155-3 0  9992
2 45556  53.0537 164.3562 0001082  90.6383 269.4730 15.06401929152946
1 45556U 20025AB  23025.46774221  .00000565  00000-0  56802-4 0  9990
2 45556  53.0538 160.7818 0001046  89.4238 270.6871 15.06392016153066
1 45556U 20025AB  23025.60043448  .00000934  00000-0  81599-4 0  9997
2 45556  53.0539 160.1861 0001007  88.2370 271.8734 15.06394485153681
1 45556U 20025AB  23025.66678009  .00001105  00000-0  93039-4 0  9993
2 45556  53.0541 159.8887 0000870  85.4663 274.6426 15.06395781153698
1 45556U 20025AB  23026.06485952  .00001305  00000-0  10646-3 0  9995
2 45556  53.0543 158.1011 0001184  89.2393 270.8732 15.06399251153157
1 45556U 20025AB  23026.33025199  .00000814  00000-0  73549-4 0  9994
2 45556  53.0541 156.9103 0000933  88.1094 272.0002 15.06392649153192
1 45556U 20025AB  23026.59563784 -.00000020  00000-0  17511-4 0  9996
2 45556  53.0540 155.7189 0000915  91.8564 268.2529 15.06398468153832
1 45556U 20025AB  23027.45817321 -.00001279  00000-0 -67045-4 0  9996
2 45556  53.0543 151.8473 0001094  77.0144 283.0967 15.06374968153365
1 45556U 20025AB  23027.59086515 -.00000711  00000-0 -28887-4 0  9995
2 45556  53.0542 151.2516 0001032  81.1686 278.9419 15.06378720153988
1 45556U 20025AB  23027.65721109 -.00000385  00000-0 -69502-5 0  9994
2 45556  53.0543 150.9536 0001094  77.4787 282.6324 15.06381103153992
1 45556U 20025AB  23027.65721109 -.00000385  00000-0 -69502-5 0  9994
2 45556  53.0543 150.9536 0001094  77.4787 282.6324 15.06381103153396
1 45556U 20025AB  23028.05528261  .00000995  00000-0  85652-4 0  9991
2 45556  53.0544 149.1666 0001073  84.8670 275.2442 15.06396026153457
1 45556U 20025AB  23028.51970111  .00003100  00000-0  22689-3 0  9998
2 45556  53.0557 147.0829 0001092  74.1919 285.9191 15.06406780153524
1 45556U 20025AB  23028.58604616  .00003952  00000-0  28396-3 0  9995
2 45556  53.0544 146.7837 0001201  70.5244 289.5874 15.06410690154139
1 45556U 20025AB  23028.71874452  .00007122  00000-0  49632-3 0  9996
2 45556  53.0535 146.1877 0001101  77.5748 282.5365 15.06414129154153
1 45556U 20025AB  23029.05048314  .00007279  00000-0  50689-3 0  9991
2 45556  53.0540 144.7014 0001612  60.8538 299.2612 15.06409921153608
1 45556U 20025AB  23029.44856314  .00003265  00000-0  23792-3 0  9997
2 45556  53.0534 142.9107 0001304  88.8082 271.3057 15.06406762153666
1 45556U 20025AB  23029.58125364  .00003985  00000-0  28617-3 0  9996
2 45556  53.0534 142.3138 0001299  97.7256 262.3881 15.06411309154286
1 45556U 20025AB  23030.51010475 -.00000660  00000-0 -25422-4 0  9998
2 45556  53.0535 138.1471 0001316  80.3762 279.7376 15.06408176154425
1 45556U 20025AB  23030.51010475 -.00000660  00000-0 -25422-4 0  9998
2 45556  53.0535 138.1471 0001316  80.3762 279.7376 15.06408176153828
1 45556U 20025AB  23031.43896549  .00000321  00000-0  40418-4 0  9998
2 45556  53.0546 133.9767 0001229  90.8779 269.2351 15.06397047153964
1 45556U 20025AB  23031.50531090  .00000341  00000-0  41761-4 0  9997
2 45556  53.0543 133.6787 0001292  91.5642 268.5495 15.06399277154573
1 45556U 20025AB  23031.70434687  .00000419  00000-0  47003-4 0  9994
2 45556  53.0546 132.7851 0001246  89.8469 270.2663 15.06404849154607
1 45556U 20025AB  23031.70434687  .00000419  00000-0  47003-4 0  9994
2 45556  53.0546 132.7851 0001246  89.8469 270.2663 15.06404849154001
