1 45555U 20025AA  22365.01631520  .00017989  00000-0  12224-2 0  9996
2 45555  53.0513 275.0483 0001819  98.4720 261.6475 15.06432304149228
1 45555U 20025AA  22365.48073408  .00010168  00000-0  69993-3 0  9990
2 45555  53.0498 272.9650 0001338  93.3155 266.7987 15.06432459149892
1 45555U 20025AA  22365.74612025  .00005478  00000-0  38609-3 0  9991
2 45555  53.0510 271.7720 0001892  99.2966 260.8237 15.06425515149935
1 45555U 20025AA  23001.14419951  .00002912  00000-0  21424-3 0  9993
2 45555  53.0512 269.9844 0001384 106.3445 253.7696 15.06412121149390
1 45555U 20025AA  23001.47594412 -.00000345  00000-0 -42862-5 0  9996
2 45555  53.0512 268.4948 0001499 102.6712 257.4445 15.06388063150046
1 45555U 20025AA  23001.47594412 -.00000345  00000-0 -42862-5 0  9996
2 45555  53.0512 268.4948 0001499 102.6712 257.4445 15.06388063149448
1 45555U 20025AA  23002.13942454  .00006236  00000-0  43742-3 0  9992
2 45555  53.0509 265.5162 0001569 104.8316 255.2846 15.06379029150144
1 45555U 20025AA  23002.13942454  .00006236  00000-0  43742-3 0  9992
2 45555  53.0509 265.5162 0001569 104.8316 255.2846 15.06379029149546
1 45555U 20025AA  23002.86923943  .00010246  00000-0  70573-3 0  9992
2 45555  53.0516 262.2405 0001447 104.8976 255.2173 15.06400453150254
1 45555U 20025AA  23003.13462872  .00008886  00000-0  61465-3 0  9999
2 45555  53.0518 261.0497 0001431 104.3474 255.7674 15.06400738149698
1 45555U 20025AA  23003.40001543  .00001969  00000-0  15104-3 0  9997
2 45555  53.0515 259.8580 0001491 112.8210 247.2936 15.06395780150331
1 45555U 20025AA  23003.40001543  .00001969  00000-0  15104-3 0  9997
2 45555  53.0515 259.8580 0001491 112.8210 247.2936 15.06395780149733
1 45555U 20025AA  23003.99714347  .00000353  00000-0  42573-4 0  9991
2 45555  53.0512 257.1781 0001444 109.1588 250.9557 15.06387434149826
1 45555U 20025AA  23004.39522555  .00003346  00000-0  24343-3 0  9993
2 45555  53.0512 255.3911 0001412 110.8489 249.2651 15.06392958150482
1 45555U 20025AA  23005.05868277  .00005865  00000-0  41218-3 0  9999
2 45555  53.0511 252.4120 0001426 111.2811 248.8330 15.06412565150587
1 45555U 20025AA  23005.05868277  .00005865  00000-0  41218-3 0  9999
2 45555  53.0511 252.4120 0001426 111.2811 248.8330 15.06412565149989
1 45555U 20025AA  23005.65579558  .00007854  00000-0  54520-3 0  9996
2 45555  53.0509 249.7323 0001377 110.6482 249.4654 15.06424483150678
1 45555U 20025AA  23006.38560857  .00000960  00000-0  83317-4 0  9997
2 45555  53.0509 246.4531 0000687 170.0412 190.0591 15.06408222150189
1 45555U 20025AA  23006.78370052 -.00001685  00000-0 -94282-4 0  9997
2 45555  53.0499 244.6676 0001477 108.9017 251.2132 15.06391692150842
1 45555U 20025AA  23006.78370052 -.00001685  00000-0 -94282-4 0  9997
2 45555  53.0499 244.6676 0001477 108.9017 251.2132 15.06391692150246
1 45555U 20025AA  23007.91160682  .00002159  00000-0  16387-3 0  9993
2 45555  53.0497 239.6046 0001470 105.2648 254.8503 15.06388139151011
1 45555U 20025AA  23007.91160682  .00002159  00000-0  16387-3 0  9993
2 45555  53.0497 239.6046 0001470 105.2648 254.8503 15.06388139150414
1 45555U 20025AA  23008.77411433  .00004990  00000-0  35367-3 0  9995
2 45555  53.0492 235.7310 0001814 111.5717 248.5466 15.06401658150543
1 45555U 20025AA  23008.90680760  .00004723  00000-0  33573-3 0  9992
2 45555  53.0494 235.1358 0001765 110.6618 249.4560 15.06402271151162
1 45555U 20025AA  23009.57027720  .00003202  00000-0  23378-3 0  9990
2 45555  53.0502 232.1566 0001652 111.6521 248.4644 15.06399748150669
1 45555U 20025AA  23009.90200947  .00003563  00000-0  25796-3 0  9997
2 45555  53.0503 230.6675 0001627 110.5141 249.6023 15.06403215151314
1 45555U 20025AA  23010.43278809  .00004214  00000-0  30170-3 0  9995
2 45555  53.0504 228.2858 0001560 112.2985 247.8169 15.06390945150799
1 45555U 20025AA  23010.56549746  .00021764  00000-0  14775-2 0  9991
2 45555  53.0504 227.6901 0001795 119.9442 240.1726 15.06349669151415
1 45555U 20025AA  23010.69818055  .00007994  00000-0  55525-3 0  9995
2 45555  53.0503 227.0939 0001639 114.7944 245.3215 15.06380090151431
1 45555U 20025AA  23010.69818055  .00007994  00000-0  55525-3 0  9995
2 45555  53.0503 227.0939 0001639 114.7944 245.3215 15.06380090150834
1 45555U 20025AA  23011.36163704  .00003008  00000-0  22069-3 0  9993
2 45555  53.0501 224.1151 0001593 109.7660 250.3501 15.06405954151533
1 45555U 20025AA  23011.36163704  .00003008  00000-0  22069-3 0  9993
2 45555  53.0501 224.1151 0001593 109.7660 250.3501 15.06405954150936
1 45555U 20025AA  23011.69337403 -.00001067  00000-0 -52710-4 0  9990
2 45555  53.0501 222.6258 0001547 109.3595 250.7562 15.06398838151584
1 45555U 20025AA  23011.69337403 -.00001067  00000-0 -52710-4 0  9990
2 45555  53.0501 222.6258 0001547 109.3595 250.7562 15.06398838150987
1 45555U 20025AA  23012.82129271 -.00001276  00000-0 -66802-4 0  9997
2 45555  53.0509 217.5618 0001439 109.7756 250.3388 15.06378679151154
1 45555U 20025AA  23012.88763865 -.00001232  00000-0 -63861-4 0  9990
2 45555  53.0507 217.2641 0001494 108.9036 251.2115 15.06381172151765
1 45555U 20025AA  23013.28571952 -.00000347  00000-0 -44262-5 0  9990
2 45555  53.0505 215.4770 0001552 106.0217 254.0943 15.06382594151221
1 45555U 20025AA  23013.55110729 -.00000100  00000-0  12203-4 0  9996
2 45555  53.0507 214.2853 0001508 106.4255 253.6900 15.06384681151866
1 45555U 20025AA  23013.81649554  .00000062  00000-0  23069-4 0  9996
2 45555  53.0508 213.0938 0001475 107.5897 252.5253 15.06386092151907
1 45555U 20025AA  23014.81169728  .00002755  00000-0  20383-3 0  9993
2 45555  53.0506 208.6255 0001488 107.2471 252.8681 15.06390960151453
1 45555U 20025AA  23015.54150039  .00003009  00000-0  22078-3 0  9995
2 45555  53.0515 205.3483 0001355 110.9258 249.1876 15.06408350152164
1 45555U 20025AA  23015.80687550  .00004550  00000-0  32394-3 0  9991
2 45555  53.0516 204.1574 0001412 110.1997 249.9143 15.06420851151602
1 45555U 20025AA  23015.87321949  .00004993  00000-0  35361-3 0  9993
2 45555  53.0519 203.8587 0001393 109.5860 250.5279 15.06424987152214
1 45555U 20025AA  23016.47037116 -.00000437  00000-0 -10471-4 0  9997
2 45555  53.0519 201.1785 0001422  98.4660 261.6490 15.06389133151706
1 45555U 20025AA  23016.53671072 -.00004283  00000-0 -26889-3 0  9991
2 45555  53.0507 200.8807 0001331  99.4309 260.6830 15.06390180152313
1 45555U 20025AA  23016.80209665 -.00003796  00000-0 -23611-3 0  9994
2 45555  53.0512 199.6896 0001161  95.8667 264.2454 15.06392091151752
1 45555U 20025AA  23016.86844433 -.00003588  00000-0 -22215-3 0  9996
2 45555  53.0510 199.3919 0001294  97.4181 262.6955 15.06391587152364
1 45555U 20025AA  23017.46556315 -.00004480  00000-0 -28204-3 0  9998
2 45555  53.0514 196.7112 0001287 101.8304 258.2830 15.06397693151853
1 45555U 20025AA  23017.53191025 -.00004196  00000-0 -26297-3 0  9993
2 45555  53.0512 196.4131 0001287 102.5289 257.5844 15.06397389152466
1 45555U 20025AA  23018.52711803  .00007178  00000-0  50030-3 0  9998
2 45555  53.0509 191.9450 0001047  98.7757 261.3351 15.06396909152616
1 45555U 20025AA  23018.79250198  .00009594  00000-0  66185-3 0  9994
2 45555  53.0500 190.7535 0001299  94.4710 265.6427 15.06411683152651
1 45555U 20025AA  23018.79250198  .00009594  00000-0  66185-3 0  9994
2 45555  53.0500 190.7535 0001299  94.4710 265.6427 15.06411683152055
1 45555U 20025AA  23019.45596319  .00011152  00000-0  76587-3 0  9996
2 45555  53.0499 187.7747 0001081  99.9991 260.1120 15.06424039152759
1 45555U 20025AA  23019.72134334  .00021516  00000-0  14572-2 0  9991
2 45555  53.0503 186.5840 0001290  87.5593 272.5544 15.06443736152199
1 45555U 20025AA  23020.18576970  .00006875  00000-0  47970-3 0  9999
2 45555  53.0498 184.4983 0001478  75.1184 284.9968 15.06421087152860
1 45555U 20025AA  23020.18576970  .00006875  00000-0  47970-3 0  9999
2 45555  53.0498 184.4983 0001478  75.1184 284.9968 15.06421087152264
1 45555U 20025AA  23020.65020461 -.00004780  00000-0 -30231-3 0  9997
2 45555  53.0501 182.4130 0001460  76.6783 283.4368 15.06386475152330
1 45555U 20025AA  23021.71176426  .00019111  00000-0  12982-2 0  9992
2 45555  53.0520 177.6483 0001463  69.0185 291.0961 15.06406746152498
1 45555U 20025AA  23022.10984607  .00011907  00000-0  81678-3 0  9998
2 45555  53.0521 175.8599 0001465  66.7551 293.3592 15.06406122152550
1 45555U 20025AA  23022.70696830  .00009410  00000-0  64970-3 0  9994
2 45555  53.0528 173.1805 0001517  74.2328 285.8828 15.06405996152648
1 45555U 20025AA  23023.10505143  .00004946  00000-0  35069-3 0  9991
2 45555  53.0513 171.3930 0001568  77.7338 282.3827 15.06398300152704
1 45555U 20025AA  23024.36563945  .00001982  00000-0  15191-3 0  9995
2 45555  53.0508 165.7340 0001684  84.4380 275.6801 15.06399959152899
1 45555U 20025AA  23024.69737666  .00000757  00000-0  69700-4 0  9999
2 45555  53.0531 164.2442 0001284  80.9190 279.1944 15.06396839152945
1 45555U 20025AA  23025.55989034  .00001553  00000-0  12312-3 0  9994
2 45555  53.0512 160.3737 0001320  80.4630 279.6508 15.06395294153679
1 45555U 20025AA  23025.69258314  .00002769  00000-0  20470-3 0  9993
2 45555  53.0526 159.7789 0001246  78.6306 281.4822 15.06399205153697
1 45555U 20025AA  23026.09066562  .00004015  00000-0  28829-3 0  9992
2 45555  53.0526 157.9898 0001384  80.5266 279.5880 15.06399065153155
1 45555U 20025AA  23026.55509282  .00004944  00000-0  35056-3 0  9995
2 45555  53.0526 155.9057 0001257  83.9826 276.1306 15.06402738153820
1 45555U 20025AA  23027.48395259 -.00000128  00000-0  10330-4 0  9995
2 45555  53.0524 151.7361 0001353  99.7611 260.3531 15.06392285153363
1 45555U 20025AA  23027.55030122  .00000980  00000-0  84695-4 0  9998
2 45555  53.0523 151.4379 0001120  89.4191 270.6926 15.06393063153973
1 45555U 20025AA  23028.47915057  .00002625  00000-0  19502-3 0  9991
2 45555  53.0528 147.2671 0001136 106.0460 254.0654 15.06405373153510
1 45555U 20025AA  23028.54549737  .00004309  00000-0  30790-3 0  9990
2 45555  53.0521 146.9693 0001155  97.7346 262.3774 15.06407957154126
1 45555U 20025AA  23028.81088148  .00008397  00000-0  58163-3 0  9999
2 45555  53.0518 145.7775 0000992  85.0928 275.0174 15.06417588154164
1 45555U 20025AA  23029.00992486  .00001552  00000-0  12307-3 0  9996
2 45555  53.0523 144.8833 0000359 110.0010 250.1018 15.06398320153592
1 45555U 20025AA  23029.80608634  .00007726  00000-0  53685-3 0  9996
2 45555  53.0517 141.3087 0000965 121.6395 238.4688 15.06409194154310
1 45555U 20025AA  23030.46956017  .00006204  00000-0  43503-3 0  9999
2 45555  53.0514 138.3319 0001097 103.4747 256.6364 15.06398860153811
1 45555U 20025AA  23030.53590681  .00006496  00000-0  45454-3 0  9998
2 45555  53.0515 138.0341 0001166 101.6425 258.4695 15.06401190154420
1 45555U 20025AA  23030.60225361  .00006399  00000-0  44807-3 0  9999
2 45555  53.0517 137.7363 0001298 105.8355 254.2777 15.06401441154431
1 45555U 20025AA  23031.46476340  .00005119  00000-0  36224-3 0  9992
2 45555  53.0517 133.8646 0001165  93.9844 266.1278 15.06402793153961
1 45555U 20025AA  23031.53110993  .00005320  00000-0  37576-3 0  9994
2 45555  53.0516 133.5666 0001155  94.2597 265.8524 15.06403317154578
