1 45558U 20025AD  22365.03106928  .00005221  00000-0  36899-3 0  9991
2 45558  53.0521 274.9811 0001697  97.8986 262.2195 15.06416370149821
1 45558U 20025AD  22365.03106928  .00005221  00000-0  36899-3 0  9991
2 45558  53.0521 274.9811 0001697  97.8986 262.2195 15.06416370149225
1 45558U 20025AD  22365.76089278 -.00000464  00000-0 -12232-4 0  9991
2 45558  53.0529 271.7056 0001819  91.7083 268.4114 15.06398420149938
1 45558U 20025AD  23001.15897633 -.00001712  00000-0 -96074-4 0  9997
2 45558  53.0524 269.9178 0001498  99.1970 260.9189 15.06393162149990
1 45558U 20025AD  23001.75609728 -.00001013  00000-0 -49117-4 0  9999
2 45558  53.0526 267.2368 0001489  99.9545 260.1612 15.06396574150085
1 45558U 20025AD  23002.08782968  .00002983  00000-0  21908-3 0  9996
2 45558  53.0525 265.7478 0001419  99.0060 261.1089 15.06402697149536
1 45558U 20025AD  23002.41956530  .00003049  00000-0  22351-3 0  9998
2 45558  53.0525 264.2584 0001378  98.1837 261.9308 15.06400840150187
1 45558U 20025AD  23002.75130374  .00002246  00000-0  16967-3 0  9999
2 45558  53.0526 262.7692 0001383  98.6791 261.4354 15.06393425150233
1 45558U 20025AD  23002.75130374  .00002246  00000-0  16967-3 0  9999
2 45558  53.0526 262.7692 0001383  98.6791 261.4354 15.06393425149635
1 45558U 20025AD  23003.54746445  .00000849  00000-0  75921-4 0  9992
2 45558  53.0522 259.1955 0001438  95.6441 264.4712 15.06397811150358
1 45558U 20025AD  23004.14458425  .00001046  00000-0  89093-4 0  9992
2 45558  53.0525 256.5146 0001332  95.8502 264.2639 15.06403035149841
1 45558U 20025AD  23004.40997333  .00000693  00000-0  65384-4 0  9991
2 45558  53.0525 255.3231 0001328  92.1669 267.9472 15.06401567150487
1 45558U 20025AD  23005.40517345  .00000557  00000-0  56306-4 0  9996
2 45558  53.0526 250.8554 0001301  91.4864 268.6274 15.06401825150638
1 45558U 20025AD  23005.40517345  .00000557  00000-0  56306-4 0  9996
2 45558  53.0526 250.8554 0001301  91.4864 268.6274 15.06401825150032
1 45558U 20025AD  23005.80326872 -.00001030  00000-0 -50304-4 0  9994
2 45558  53.0523 249.0692 0001361  91.2629 268.8515 15.06384949150694
1 45558U 20025AD  23005.80326872 -.00001030  00000-0 -50304-4 0  9994
2 45558  53.0523 249.0692 0001361  91.2629 268.8515 15.06384949150098
1 45558U 20025AD  23006.40038002  .00000704  00000-0  66175-4 0  9994
2 45558  53.0516 246.3869 0001527  99.5904 260.5258 15.06399435150186
1 45558U 20025AD  23006.79845642  .00002444  00000-0  18285-3 0  9993
2 45558  53.0516 244.5998 0001293 104.5860 255.5272 15.06405715150849
1 45558U 20025AD  23007.06383994  .00002649  00000-0  19662-3 0  9998
2 45558  53.0521 243.4071 0001331 111.8957 248.2174 15.06410770150887
1 45558U 20025AD  23007.06383994  .00002649  00000-0  19662-3 0  9998
2 45558  53.0521 243.4071 0001331 111.8957 248.2174 15.06410770150281
1 45558U 20025AD  23007.79366534  .00002112  00000-0  16068-3 0  9991
2 45558  53.0518 240.1312 0001221 122.2827 237.8280 15.06394123150396
1 45558U 20025AD  23007.92635942  .00001780  00000-0  13838-3 0  9990
2 45558  53.0514 239.5361 0001308  97.1320 262.9817 15.06396872151010
1 45558U 20025AD  23008.32444009  .00001407  00000-0  11333-3 0  9991
2 45558  53.0511 237.7499 0001291  95.5500 264.5636 15.06398842151074
1 45558U 20025AD  23008.92155933  .00003260  00000-0  23760-3 0  9998
2 45558  53.0506 235.0692 0001308  96.5912 263.5226 15.06405577151169
1 45558U 20025AD  23009.05425323  .00004755  00000-0  33781-3 0  9990
2 45558  53.0507 234.4734 0001298  94.7158 265.3979 15.06405935150588
1 45558U 20025AD  23009.31964203  .00002705  00000-0  20039-3 0  9999
2 45558  53.0506 233.2819 0001286  93.1785 266.9351 15.06400587151225
1 45558U 20025AD  23009.65137857  .00001012  00000-0  86806-4 0  9998
2 45558  53.0507 231.7926 0001313  93.4538 266.6602 15.06395479151272
1 45558U 20025AD  23009.65137857  .00001012  00000-0  86806-4 0  9998
2 45558  53.0507 231.7926 0001313  93.4538 266.6602 15.06395479150675
1 45558U 20025AD  23010.38119273  .00001230  00000-0  10147-3 0  9998
2 45558  53.0502 228.5162 0001343  92.3402 267.7741 15.06398741151387
1 45558U 20025AD  23010.71292750  .00000452  00000-0  49239-4 0  9997
2 45558  53.0504 227.0267 0001345  91.7817 268.3326 15.06398907151430
1 45558U 20025AD  23010.71292750  .00000452  00000-0  49239-4 0  9997
2 45558  53.0504 227.0267 0001345  91.7817 268.3326 15.06398907150833
1 45558U 20025AD  23011.37639631  .00001100  00000-0  92749-4 0  9998
2 45558  53.0502 224.0480 0001358  87.9166 272.1979 15.06399710151531
1 45558U 20025AD  23011.84082511  .00001653  00000-0  12986-3 0  9996
2 45558  53.0504 221.9632 0001272  88.1214 271.9921 15.06398905151607
1 45558U 20025AD  23011.97351815  .00001572  00000-0  12438-3 0  9998
2 45558  53.0505 221.3672 0001269  88.4600 271.6534 15.06400166151020
1 45558U 20025AD  23012.83602677  .00001609  00000-0  12686-3 0  9995
2 45558  53.0504 217.4950 0001257  88.7515 271.3617 15.06400543151757
1 45558U 20025AD  23013.36680163  .00001314  00000-0  10706-3 0  9994
2 45558  53.0513 215.1122 0001226  89.1821 270.9308 15.06399118151830
1 45558U 20025AD  23013.36680163  .00001314  00000-0  10706-3 0  9994
2 45558  53.0513 215.1122 0001226  89.1821 270.9308 15.06399118151234
1 45558U 20025AD  23013.83122885  .00001183  00000-0  98314-4 0  9994
2 45558  53.0513 213.0269 0001208  90.5073 269.6055 15.06399883151905
1 45558U 20025AD  23014.82643311  .00000793  00000-0  72134-4 0  9994
2 45558  53.0517 208.5595 0001113  90.0943 270.0174 15.06398261151453
1 45558U 20025AD  23015.48990185  .00001031  00000-0  88088-4 0  9992
2 45558  53.0517 205.5810 0001065  89.6622 270.4489 15.06398177152151
1 45558U 20025AD  23015.82163550  .00000874  00000-0  77563-4 0  9998
2 45558  53.0520 204.0917 0001014  87.8967 272.2138 15.06398854152202
1 45558U 20025AD  23016.48510774  .00000648  00000-0  62425-4 0  9995
2 45558  53.0519 201.1130 0001030  88.6455 271.4652 15.06394147151701
1 45558U 20025AD  23016.55145697  .00000219  00000-0  33599-4 0  9995
2 45558  53.0521 200.8149 0001027  87.6738 272.4368 15.06391685152316
1 45558U 20025AD  23016.88318875  .00000618  00000-0  60406-4 0  9991
2 45558  53.0522 199.3256 0001028  86.4508 273.6598 15.06395539152366
1 45558U 20025AD  23017.54666109 -.00000092  00000-0  12725-4 0  9999
2 45558  53.0525 196.3470 0001050  83.1509 276.9599 15.06393732152465
1 45558U 20025AD  23017.74569903  .00000303  00000-0  39214-4 0  9991
2 45558  53.0525 195.4534 0001060  83.3746 276.7363 15.06396963152491
1 45558U 20025AD  23017.74569903  .00000303  00000-0  39214-4 0  9991
2 45558  53.0525 195.4534 0001060  83.3746 276.7363 15.06396963151894
1 45558U 20025AD  23018.21012500  .00000658  00000-0  63030-4 0  9996
2 45558  53.0532 193.3689 0001138  81.3993 278.7124 15.06399658152564
1 45558U 20025AD  23018.74089260  .00002268  00000-0  17109-3 0  9995
2 45558  53.0527 190.9854 0001039  82.4269 277.6838 15.06404241152041
1 45558U 20025AD  23018.80723699  .00002273  00000-0  17138-3 0  9991
2 45558  53.0529 190.6876 0001110  81.1670 278.9444 15.06408625152650
1 45558U 20025AD  23019.47071457  .00000708  00000-0  66433-4 0  9997
2 45558  53.0502 187.7077 0001510  93.2769 266.8393 15.06397840152754
1 45558U 20025AD  23019.47071457  .00000708  00000-0  66433-4 0  9997
2 45558  53.0502 187.7077 0001510  93.2769 266.8393 15.06397840152158
1 45558U 20025AD  23019.73610389  .00000200  00000-0  32325-4 0  9999
2 45558  53.0526 186.5169 0000997 102.1260 257.9841 15.06395017152790
1 45558U 20025AD  23020.73130149  .00000287  00000-0  38157-4 0  9996
2 45558  53.0528 182.0512 0000905  84.5260 275.5832 15.06402592152341
1 45558U 20025AD  23021.46112716  .00000378  00000-0  44240-4 0  9998
2 45558  53.0528 178.7750 0000986  89.5303 270.5799 15.06388097152451
1 45558U 20025AD  23022.12458991  .00000887  00000-0  78419-4 0  9990
2 45558  53.0534 175.7979 0001046  93.7747 266.3361 15.06398704152550
1 45558U 20025AD  23022.45632922  .00001465  00000-0  11724-3 0  9992
2 45558  53.0545 174.3079 0001270 105.2604 254.8525 15.06388548152603
1 45558U 20025AD  23023.71691616  .00000839  00000-0  75209-4 0  9990
2 45558  53.0516 168.6459 0001217  92.3427 267.7701 15.06399544152796
1 45558U 20025AD  23025.11020173 -.00000583  00000-0 -20249-4 0  9992
2 45558  53.0516 162.3916 0001167  90.9863 269.1259 15.06399117153002
1 45558U 20025AD  23025.57463588  .00000797  00000-0  72427-4 0  9993
2 45558  53.0532 160.3050 0001163  98.6789 261.4332 15.06387328153676
1 45558U 20025AD  23025.77367397  .00000016  00000-0  19947-4 0  9998
2 45558  53.0514 159.4136 0001432  93.3522 266.7630 15.06395270153704
1 45558U 20025AD  23026.37079388 -.00000000  00000-0  18889-4 0  9993
2 45558  53.0521 156.7325 0001348  91.7944 268.3199 15.06399460153194
1 45558U 20025AD  23026.56983140  .00000334  00000-0  41311-4 0  9999
2 45558  53.0529 155.8388 0001394  94.3086 265.8062 15.06402820153824
1 45558U 20025AD  23026.70252151  .00000671  00000-0  63947-4 0  9999
2 45558  53.0533 155.2423 0001381  95.6351 264.4795 15.06407024153243
1 45558U 20025AD  23027.49868930  .00001148  00000-0  95994-4 0  9991
2 45558  53.0536 151.6653 0001411 123.6863 236.4261 15.06394761153368
1 45558U 20025AD  23027.56503744  .00001082  00000-0  91545-4 0  9993
2 45558  53.0534 151.3705 0001363 107.6549 252.4589 15.06395457153971
1 45558U 20025AD  23027.69772868  .00001055  00000-0  89726-4 0  9990
2 45558  53.0532 150.7751 0001180 101.4295 258.6827 15.06400320153991
1 45558U 20025AD  23028.56024163 -.00000351  00000-0 -47043-5 0  9992
2 45558  53.0535 146.9033 0001228 105.4241 254.6884 15.06399130154123
1 45558U 20025AD  23028.75927996 -.00000014  00000-0  17951-4 0  9998
2 45558  53.0530 146.0093 0001232 107.2159 252.8965 15.06401177154156
1 45558U 20025AD  23028.75927996 -.00000014  00000-0  17951-4 0  9998
2 45558  53.0530 146.0093 0001232 107.2159 252.8965 15.06401177153559
1 45558U 20025AD  23029.62179834 -.00000379  00000-0 -65922-5 0  9992
2 45558  53.0544 142.1379 0001096  88.0280 272.0835 15.06392360154281
1 45558U 20025AD  23029.62179834 -.00000379  00000-0 -65922-5 0  9992
2 45558  53.0544 142.1379 0001096  88.0280 272.0835 15.06392360153684
1 45558U 20025AD  23030.48430675  .00000610  00000-0  59828-4 0  9994
2 45558  53.0542 138.2681 0001023  92.6005 267.5101 15.06393471154411
1 45558U 20025AD  23030.61699644  .00000985  00000-0  85014-4 0  9993
2 45558  53.0535 137.6713 0001003  92.1260 267.9844 15.06398669154432
1 45558U 20025AD  23030.61699644  .00000985  00000-0  85014-4 0  9993
2 45558  53.0535 137.6713 0001003  92.1260 267.9844 15.06398669153835
1 45558U 20025AD  23031.47950623  .00001461  00000-0  11694-3 0  9997
2 45558  53.0526 133.7998 0001155  78.8780 281.2339 15.06396876154560
1 45558U 20025AD  23031.61219761  .00000805  00000-0  72930-4 0  9996
2 45558  53.0522 133.2037 0001097  85.3313 274.7801 15.06402356154589
