1 45565U 20025AL  22365.01262531  .00004342  00000-0  31014-3 0  9997
2 45565  53.0555 275.0663 0001340  72.2458 287.8677 15.06405051149225
1 45565U 20025AL  22365.14531107  .00005430  00000-0  38299-3 0  9990
2 45565  53.0561 274.4674 0001528  75.8570 284.2588 15.06413770149240
1 45565U 20025AL  22365.47704867  .00004398  00000-0  31389-3 0  9996
2 45565  53.0556 272.9771 0001502  75.7507 284.3649 15.06407127149895
1 45565U 20025AL  23001.14053275 -.00000959  00000-0 -45521-4 0  9993
2 45565  53.0558 270.0013 0001547  69.9946 290.1210 15.06394908149998
1 45565U 20025AL  23001.14053275 -.00000959  00000-0 -45521-4 0  9993
2 45565  53.0558 270.0013 0001547  69.9946 290.1210 15.06394908149392
1 45565U 20025AL  23001.73766465 -.00004971  00000-0 -31509-3 0  9998
2 45565  53.0561 267.3210 0001620  72.3719 287.7447 15.06393156150088
1 45565U 20025AL  23001.73766465 -.00004971  00000-0 -31509-3 0  9998
2 45565  53.0561 267.3210 0001620  72.3719 287.7447 15.06393156149480
1 45565U 20025AL  23002.13573728 -.00003376  00000-0 -20781-3 0  9999
2 45565  53.0550 265.5324 0001661  80.1136 280.0041 15.06400167150141
1 45565U 20025AL  23002.13573728 -.00003376  00000-0 -20781-3 0  9999
2 45565  53.0550 265.5324 0001661  80.1136 280.0041 15.06400167149543
1 45565U 20025AL  23002.73285418  .00000115  00000-0  26614-4 0  9999
2 45565  53.0551 262.8528 0001526  76.6126 283.5033 15.06395319150238
1 45565U 20025AL  23003.39632633  .00002431  00000-0  18210-3 0  9992
2 45565  53.0555 259.8742 0001574  78.3669 281.7497 15.06391439150334
1 45565U 20025AL  23003.39632633  .00002431  00000-0  18210-3 0  9992
2 45565  53.0555 259.8742 0001574  78.3669 281.7497 15.06391439149736
1 45565U 20025AL  23003.99345841  .00000592  00000-0  58680-4 0  9992
2 45565  53.0556 257.1933 0001487  77.0131 283.1024 15.06386954149821
1 45565U 20025AL  23004.39153368  .00001615  00000-0  12729-3 0  9998
2 45565  53.0554 255.4066 0001473  78.0824 282.0330 15.06396840149881
1 45565U 20025AL  23005.05499570  .00002310  00000-0  17389-3 0  9990
2 45565  53.0542 252.4256 0001284  71.5404 288.5724 15.06402509150585
1 45565U 20025AL  23005.05499570  .00002310  00000-0  17389-3 0  9990
2 45565  53.0542 252.4256 0001284  71.5404 288.5724 15.06402509149987
1 45565U 20025AL  23006.38194032 -.00003430  00000-0 -21161-3 0  9991
2 45565  53.0536 246.4710 0001301  87.4118 272.7020 15.06382680150787
1 45565U 20025AL  23006.38194032 -.00003430  00000-0 -21161-3 0  9991
2 45565  53.0536 246.4710 0001301  87.4118 272.7020 15.06382680150181
1 45565U 20025AL  23007.37713884  .00000375  00000-0  44051-4 0  9990
2 45565  53.0546 242.0026 0001468  82.9151 277.2005 15.06399638150336
1 45565U 20025AL  23007.90791132 -.00000327  00000-0 -30428-5 0  9994
2 45565  53.0542 239.6217 0000897 106.7540 253.3548 15.06400985151019
1 45565U 20025AL  23008.04060252 -.00000417  00000-0 -91320-5 0  9990
2 45565  53.0540 239.0252 0001271 108.3293 251.7834 15.06406291151038
1 45565U 20025AL  23008.63773484  .00002792  00000-0  20628-3 0  9990
2 45565  53.0537 236.3442 0001185  86.1211 273.9913 15.06388758151123
1 45565U 20025AL  23008.63773484  .00002792  00000-0  20628-3 0  9990
2 45565  53.0537 236.3442 0001185  86.1211 273.9913 15.06388758150526
1 45565U 20025AL  23009.03581653  .00000295  00000-0  38720-4 0  9999
2 45565  53.0543 234.5580 0001114  82.3882 277.7234 15.06396003151183
1 45565U 20025AL  23009.89832096  .00000315  00000-0  40008-4 0  9998
2 45565  53.0560 230.6859 0001268  82.3014 277.8118 15.06402308151318
1 45565U 20025AL  23009.89832096  .00000315  00000-0  40008-4 0  9998
2 45565  53.0560 230.6859 0001268  82.3014 277.8118 15.06402308150711
1 45565U 20025AL  23010.56179639  .00000482  00000-0  51221-4 0  9995
2 45565  53.0552 227.7084 0001058  80.9454 279.1655 15.06392382151417
1 45565U 20025AL  23010.62814291  .00000634  00000-0  61439-4 0  9993
2 45565  53.0557 227.4112 0001442  88.8212 271.2943 15.06392696151429
1 45565U 20025AL  23010.62814291  .00000634  00000-0  61439-4 0  9993
2 45565  53.0557 227.4112 0001442  88.8212 271.2943 15.06392696150822
1 45565U 20025AL  23011.02622511  .00002617  00000-0  19458-3 0  9996
2 45565  53.0524 225.6231 0001678  86.8257 273.2924 15.06390173151488
1 45565U 20025AL  23012.02142166  .00001020  00000-0  87372-4 0  9998
2 45565  53.0519 221.1553 0001714  94.1355 265.9829 15.06401712151037
1 45565U 20025AL  23012.81759863  .00000761  00000-0  70074-4 0  9995
2 45565  53.0488 217.5762 0004600 102.5145 257.6359 15.06394430151158
1 45565U 20025AL  23013.28204774 -.00002563  00000-0 -15335-3 0  9995
2 45565  53.0544 215.4975 0001982  82.9158 277.2056 15.06373164151220
1 45565U 20025AL  23013.54739526 -.00021737  00000-0 -14422-2 0  9991
2 45565  53.0553 214.3033 0001139  70.0438 290.0674 15.06467186151863
1 45565U 20025AL  23013.81281878  .00001647  00000-0  12956-3 0  9990
2 45565  53.0527 213.1120 0001219  96.2208 263.8920 15.06369943151901
1 45565U 20025AL  23013.81281878  .00001647  00000-0  12956-3 0  9990
2 45565  53.0527 213.1120 0001219  96.2208 263.8920 15.06369943151305
1 45565U 20025AL  23014.27724601  .00003044  00000-0  22324-3 0  9990
2 45565  53.0556 211.0292 0001292  87.8848 272.2288 15.06380793151375
1 45565U 20025AL  23014.80801782  .00003932  00000-0  28276-3 0  9993
2 45565  53.0545 208.6457 0001226  88.7507 271.3622 15.06393663151458
1 45565U 20025AL  23015.53783202  .00006642  00000-0  46422-3 0  9994
2 45565  53.0535 205.3694 0001279  87.0572 273.0563 15.06410621152162
1 45565U 20025AL  23015.80321393  .00009120  00000-0  62988-3 0  9992
2 45565  53.0536 204.1779 0001277  84.2564 275.8571 15.06426966152205
1 45565U 20025AL  23015.80321393  .00009120  00000-0  62988-3 0  9992
2 45565  53.0536 204.1779 0001277  84.2564 275.8571 15.06426966151608
1 45565U 20025AL  23016.20128993  .00007303  00000-0  50826-3 0  9997
2 45565  53.0530 202.3906 0001149  78.7768 281.3350 15.06427417151661
1 45565U 20025AL  23016.53302297 -.00002338  00000-0 -13806-3 0  9996
2 45565  53.0534 200.9013 0001265  91.7586 268.3548 15.06410181152317
1 45565U 20025AL  23016.79840876  .00000385  00000-0  44724-4 0  9996
2 45565  53.0534 199.7102 0001283  93.1267 266.9869 15.06412501151758
1 45565U 20025AL  23016.86475580 -.00000160  00000-0  81600-5 0  9997
2 45565  53.0544 199.4131 0001435  96.4476 263.6676 15.06411118152366
1 45565U 20025AL  23017.46187747 -.00000224  00000-0  38198-5 0  9994
2 45565  53.0532 196.7315 0001247  93.9350 266.1782 15.06401617152450
1 45565U 20025AL  23017.46187747 -.00000224  00000-0  38198-5 0  9994
2 45565  53.0532 196.7315 0001247  93.9350 266.1782 15.06401617151853
1 45565U 20025AL  23017.79361226 -.00000434  00000-0 -10243-4 0  9990
2 45565  53.0534 195.2423 0001260  93.4630 266.6503 15.06400755152501
1 45565U 20025AL  23018.52342822  .00001571  00000-0  12430-3 0  9993
2 45565  53.0532 191.9659 0001275  93.8331 266.2804 15.06400597152617
1 45565U 20025AL  23018.78881290  .00002335  00000-0  17556-3 0  9991
2 45565  53.0537 190.7745 0001266  93.0487 267.0647 15.06406413152650
1 45565U 20025AL  23018.78881290  .00002335  00000-0  17556-3 0  9991
2 45565  53.0537 190.7745 0001266  93.0487 267.0647 15.06406413152054
1 45565U 20025AL  23019.45228739  .00000986  00000-0  85059-4 0  9993
2 45565  53.0540 187.7963 0001231  97.3882 262.7247 15.06396288152757
1 45565U 20025AL  23019.45228739  .00000986  00000-0  85059-4 0  9993
2 45565  53.0540 187.7963 0001231  97.3882 262.7247 15.06396288152151
1 45565U 20025AL  23019.71767494  .00001333  00000-0  10838-3 0  9997
2 45565  53.0533 186.6045 0001256  92.4551 267.6581 15.06397693152794
1 45565U 20025AL  23020.64652900  .00002723  00000-0  20157-3 0  9995
2 45565  53.0538 182.4352 0001150  85.8035 274.3085 15.06403625152337
1 45565U 20025AL  23021.44269276  .00000902  00000-0  79434-4 0  9994
2 45565  53.0534 178.8595 0001244 100.9214 259.1915 15.06398773152456
1 45565U 20025AL  23022.76962488  .00000774  00000-0  70830-4 0  9993
2 45565  53.0557 172.9035 0001167  86.7479 273.3643 15.06406815152658
1 45565U 20025AL  23023.10136256  .00000722  00000-0  67384-4 0  9991
2 45565  53.0541 171.4149 0001287  89.3004 270.8132 15.06399881152702
1 45565U 20025AL  23024.36196140 -.00000070  00000-0  14179-4 0  9999
2 45565  53.0538 165.7563 0001113  90.1692 269.9425 15.06394767152897
1 45565U 20025AL  23024.69368881  .00000825  00000-0  74290-4 0  9995
2 45565  53.0542 164.2672 0001091  89.9308 270.1806 15.06402829152944
1 45565U 20025AL  23025.62255117  .00001380  00000-0  11150-3 0  9998
2 45565  53.0540 160.0971 0001154  94.6799 265.4322 15.06393082153687
1 45565U 20025AL  23025.68889585  .00000659  00000-0  63141-4 0  9992
2 45565  53.0538 159.7996 0001194  88.1532 271.9593 15.06398843153696
1 45565U 20025AL  23025.68889585  .00000659  00000-0  63141-4 0  9992
2 45565  53.0538 159.7996 0001194  88.1532 271.9593 15.06398843153090
1 45565U 20025AL  23026.55140490  .00001384  00000-0  11176-3 0  9990
2 45565  53.0540 155.9279 0001100  88.0917 272.0197 15.06397585153823
1 45565U 20025AL  23027.48026327  .00000693  00000-0  65448-4 0  9999
2 45565  53.0547 151.7598 0001266  73.4819 286.6309 15.06395987153369
1 45565U 20025AL  23027.54660945  .00000780  00000-0  71241-4 0  9991
2 45565  53.0541 151.4610 0001165  79.8491 280.2629 15.06396458153975
1 45565U 20025AL  23027.61295530  .00001000  00000-0  86039-4 0  9990
2 45565  53.0540 151.1630 0001170  82.9234 277.1888 15.06397338153980
1 45565U 20025AL  23028.54181286  .00000391  00000-0  45130-4 0  9994
2 45565  53.0539 146.9937 0001195  77.0394 283.0728 15.06396352154120
1 45565U 20025AL  23028.60815767  .00000364  00000-0  43341-4 0  9991
2 45565  53.0540 146.6955 0001180  79.6049 280.5072 15.06399373154139
1 45565U 20025AL  23028.60815767  .00000364  00000-0  43341-4 0  9991
2 45565  53.0540 146.6955 0001180  79.6049 280.5072 15.06399373153532
1 45565U 20025AL  23029.47067399 -.00000318  00000-0 -24390-5 0  9992
2 45565  53.0545 142.8226 0001153  85.4072 274.7049 15.06392669153661
1 45565U 20025AL  23029.60336633 -.00000086  00000-0  13134-4 0  9991
2 45565  53.0547 142.2269 0001153  84.7690 275.3430 15.06394730154283
1 45565U 20025AL  23030.39952609  .00000310  00000-0  39682-4 0  9991
2 45565  53.0554 138.6524 0001129  82.7186 277.3931 15.06398908153801
1 45565U 20025AL  23030.46587199  .00000578  00000-0  57659-4 0  9997
2 45565  53.0550 138.3552 0001153  84.6572 275.4548 15.06399519154412
1 45565U 20025AL  23031.46108088  .00000190  00000-0  31653-4 0  9990
2 45565  53.0545 133.8887 0001174  93.3821 266.7302 15.06391791153968
1 45565U 20025AL  23031.52742676  .00000251  00000-0  35750-4 0  9994
2 45565  53.0543 133.5908 0001152  90.0618 270.0503 15.06393453154577
