1 45561U 20025AG  22365.44998166  .00059919  00000-0  24020-2 0  9998
2 45561  53.0686 166.6842 0004577 133.7202 226.4175 15.24463187151392
1 45561U 20025AG  22365.71221993  .00054324  00000-0  21790-2 0  9991
2 45561  53.0687 165.4734 0004569 134.2467 225.8906 15.24488153151430
1 45561U 20025AG  23001.43335057  .00057032  00000-0  22809-2 0  9996
2 45561  53.0684 162.1459 0004372 134.3347 225.8009 15.24565357151543
1 45561U 20025AG  23001.69557010  .00049190  00000-0  19696-2 0  9995
2 45561  53.0686 160.9352 0004362 134.9592 225.1760 15.24592706151589
1 45561U 20025AG  23001.76112432  .00050076  00000-0  20042-2 0  9990
2 45561  53.0685 160.6328 0004280 134.9747 225.1598 15.24599902151000
1 45561U 20025AG  23002.41665122  .00057161  00000-0  22790-2 0  9996
2 45561  53.0684 157.6079 0004107 134.4236 225.7098 15.24669023151692
1 45561U 20025AG  23002.67885328  .00043357  00000-0  17339-2 0  9991
2 45561  53.0684 156.3971 0004084 135.2894 224.8433 15.24692886151733
1 45561U 20025AG  23003.13769719  .00046566  00000-0  18580-2 0  9992
2 45561  53.0684 154.2794 0003963 134.6491 225.4829 15.24736576151803
1 45561U 20025AG  23003.13769719  .00046566  00000-0  18580-2 0  9992
2 45561  53.0684 154.2794 0003963 134.6491 225.4829 15.24736576151218
1 45561U 20025AG  23003.92425636  .00046944  00000-0  18687-2 0  9994
2 45561  53.0683 150.6475 0003875 135.8027 224.3280 15.24811599151929
1 45561U 20025AG  23004.57968832  .00069326  00000-0  27377-2 0  9991
2 45561  53.0683 147.6213 0003759 136.4642 223.6653 15.24899982151430
1 45561U 20025AG  23004.64522911  .00063159  00000-0  24969-2 0  9995
2 45561  53.0684 147.3188 0003670 136.3545 223.7743 15.24907801152030
1 45561U 20025AG  23005.36615553  .00046274  00000-0  18323-2 0  9996
2 45561  53.0685 143.9902 0003522 135.4241 224.7040 15.24996354152140
1 45561U 20025AG  23005.36615553  .00046274  00000-0  18323-2 0  9996
2 45561  53.0685 143.9902 0003522 135.4241 224.7040 15.24996354151554
1 45561U 20025AG  23006.74234399  .00052741  00000-0  20732-2 0  9997
2 45561  53.0682 137.6340 0003260 135.7216 224.4042 15.25182079152351
1 45561U 20025AG  23006.74234399  .00052741  00000-0  20732-2 0  9997
2 45561  53.0682 137.6340 0003260 135.7216 224.4042 15.25182079151765
1 45561U 20025AG  23007.06998504  .00059257  00000-0  23229-2 0  9991
2 45561  53.0681 136.1211 0003188 134.3894 225.7365 15.25221393152408
1 45561U 20025AG  23007.72523935  .00064947  00000-0  25360-2 0  9996
2 45561  53.0679 133.0935 0003095 134.5544 225.5706 15.25309577152504
1 45561U 20025AG  23007.72523935  .00064947  00000-0  25360-2 0  9996
2 45561  53.0679 133.0935 0003095 134.5544 225.5706 15.25309577151918
1 45561U 20025AG  23008.31493608  .00061420  00000-0  23946-2 0  9996
2 45561  53.0680 130.3696 0002961 132.0454 228.0796 15.25387251152595
1 45561U 20025AG  23008.70805026  .00063067  00000-0  24540-2 0  9990
2 45561  53.0677 128.5527 0002937 132.6023 227.5223 15.25440333152651
1 45561U 20025AG  23009.03563572  .00069786  00000-0  27081-2 0  9991
2 45561  53.0677 127.0398 0002877 130.8091 229.3157 15.25483216152113
1 45561U 20025AG  23009.42872617  .00061428  00000-0  23845-2 0  9996
2 45561  53.0672 125.2229 0002794 130.2933 229.8310 15.25532607152764
1 45561U 20025AG  23010.01834018  .00066177  00000-0  25610-2 0  9994
2 45561  53.0669 122.4984 0002739 129.6018 230.5221 15.25599820152267
1 45561U 20025AG  23010.54241680  .00062314  00000-0  24085-2 0  9993
2 45561  53.0667 120.0756 0002667 129.3595 230.7639 15.25669919152939
1 45561U 20025AG  23011.45949083  .00069167  00000-0  26588-2 0  9999
2 45561  53.0659 115.8360 0002584 126.9649 233.1585 15.25803012152485
1 45561U 20025AG  23011.52499272  .00075715  00000-0  29055-2 0  9995
2 45561  53.0660 115.5330 0002573 127.0979 233.0254 15.25816462153089
1 45561U 20025AG  23011.98349460  .00074943  00000-0  28702-2 0  9998
2 45561  53.0655 113.4134 0002541 125.6887 234.4347 15.25887118152565
1 45561U 20025AG  23012.63845974  .00070337  00000-0  26881-2 0  9991
2 45561  53.0653 110.3832 0002521 124.4138 235.7098 15.25988242153252
1 45561U 20025AG  23013.48985002  .00076233  00000-0  28982-2 0  9997
2 45561  53.0648 106.4443 0002417 120.7301 239.3935 15.26123765152795
1 45561U 20025AG  23013.55533821  .00074786  00000-0  28431-2 0  9993
2 45561  53.0645 106.1417 0002416 121.9421 238.1812 15.26133794153396
1 45561U 20025AG  23013.68631371  .00073803  00000-0  28045-2 0  9996
2 45561  53.0646 105.5356 0002429 121.7485 238.3749 15.26155176153416
1 45561U 20025AG  23014.40664197  .00097802  00000-0  36850-2 0  9997
2 45561  53.0642 102.2030 0002377 119.1793 240.9443 15.26291288152931
1 45561U 20025AG  23014.60308472  .00082482  00000-0  31136-2 0  9990
2 45561  53.0641 101.2938 0002404 119.7217 240.4021 15.26319466152963
1 45561U 20025AG  23015.32333930  .00099285  00000-0  37221-2 0  9997
2 45561  53.0638  97.9606 0002389 116.8366 243.2876 15.26449709153073
1 45561U 20025AG  23015.51975990  .00089797  00000-0  33679-2 0  9996
2 45561  53.0640  97.0511 0002373 116.9415 243.1826 15.26489635153695
1 45561U 20025AG  23015.91258648  .00111054  00000-0  41392-2 0  9997
2 45561  53.0640  95.2331 0002400 115.0676 245.0571 15.26576866153753
1 45561U 20025AG  23015.91258648  .00111054  00000-0  41392-2 0  9997
2 45561  53.0640  95.2331 0002400 115.0676 245.0571 15.26576866153168
1 45561U 20025AG  23016.50178422  .00105795  00000-0  39318-2 0  9994
2 45561  53.0641  92.5046 0002366 114.7399 245.3846 15.26701468153842
1 45561U 20025AG  23016.63271136  .00090743  00000-0  33791-2 0  9999
2 45561  53.0642  91.8982 0002368 115.1070 245.0174 15.26721258153274
1 45561U 20025AG  23016.89456002  .00090199  00000-0  33549-2 0  9990
2 45561  53.0642  90.6862 0002343 113.2272 246.8973 15.26763251153909
1 45561U 20025AG  23017.48369302  .00076073  00000-0  28292-2 0  9996
2 45561  53.0642  87.9576 0002340 113.1576 246.9669 15.26853558153995
1 45561U 20025AG  23017.48369302  .00076073  00000-0  28292-2 0  9996
2 45561  53.0642  87.9576 0002340 113.1576 246.9669 15.26853558153401
1 45561U 20025AG  23018.46550133  .00104301  00000-0  38396-2 0  9991
2 45561  53.0646  83.4098 0002402 111.2641 248.8613 15.27023953153551
1 45561U 20025AG  23018.53095128  .00099475  00000-0  36637-2 0  9998
2 45561  53.0646  83.1066 0002396 111.3180 248.8074 15.27035100154159
1 45561U 20025AG  23019.44719508  .00078794  00000-0  28988-2 0  9995
2 45561  53.0648  78.8615 0002450 109.2615 250.8648 15.27194251153705
1 45561U 20025AG  23019.51263778  .00093979  00000-0  34464-2 0  9994
2 45561  53.0648  78.5582 0002452 109.4132 250.7132 15.27208505154305
1 45561U 20025AG  23019.97072059  .00091362  00000-0  33440-2 0  9991
2 45561  53.0649  76.4360 0002478 107.4105 252.7164 15.27286880153783
1 45561U 20025AG  23020.42877923  .00082848  00000-0  30298-2 0  9993
2 45561  53.0650  74.3125 0002510 108.1545 251.9727 15.27365698154449
1 45561U 20025AG  23021.14853867  .00095963  00000-0  34877-2 0  9993
2 45561  53.0649  70.9766 0002598 106.7837 253.3447 15.27492833153967
1 45561U 20025AG  23022.39161314  .00090118  00000-0  32562-2 0  9996
2 45561  53.0652  65.2117 0002746 107.1812 252.9487 15.27718477154157
1 45561U 20025AG  23024.48479645  .00089014  00000-0  31802-2 0  9996
2 45561  53.0660  55.5003 0003142 107.7144 252.4198 15.28095108154476
1 45561U 20025AG  23025.07341703  .00088474  00000-0  31526-2 0  9997
2 45561  53.0663  52.7694 0003198 107.0551 253.0798 15.28184462154565
1 45561U 20025AG  23025.33501377  .00074191  00000-0  26475-2 0  9999
2 45561  53.0664  51.5547 0003267 107.8922 252.2433 15.28224789155191
1 45561U 20025AG  23025.79279345  .00082102  00000-0  29192-2 0  9996
2 45561  53.0667  49.4304 0003351 107.7839 252.3526 15.28293281155266
1 45561U 20025AG  23025.79279345  .00082102  00000-0  29192-2 0  9996
2 45561  53.0667  49.4304 0003351 107.7839 252.3526 15.28293281154670
1 45561U 20025AG  23026.31594370  .00076943  00000-0  27315-2 0  9994
2 45561  53.0672  47.0016 0003450 108.7013 251.4360 15.28376637155343
1 45561U 20025AG  23027.03522969  .00080552  00000-0  28477-2 0  9990
2 45561  53.0673  43.6628 0003538 108.7877 251.3506 15.28490357154863
1 45561U 20025AG  23027.29677511  .00065521  00000-0  23209-2 0  9999
2 45561  53.0677  42.4482 0003588 109.2609 250.8779 15.28524950155499
1 45561U 20025AG  23027.29677511  .00065521  00000-0  23209-2 0  9999
2 45561  53.0677  42.4482 0003588 109.2609 250.8779 15.28524950154904
1 45561U 20025AG  23028.40827652  .00067355  00000-0  23740-2 0  9993
2 45561  53.0672  37.2863 0003696 112.0967 248.0425 15.28674639155664
1 45561U 20025AG  23028.40827652  .00067355  00000-0  23740-2 0  9993
2 45561  53.0672  37.2863 0003696 112.0967 248.0425 15.28674639155079
1 45561U 20025AG  23028.73516855  .00060683  00000-0  21394-2 0  9999
2 45561  53.0671  35.7687 0003720 112.0683 248.0711 15.28713906155718
1 45561U 20025AG  23029.38892683  .00057300  00000-0  20168-2 0  9997
2 45561  53.0669  32.7315 0003828 114.3027 245.8372 15.28793878155811
1 45561U 20025AG  23029.38892683  .00057300  00000-0  20168-2 0  9997
2 45561  53.0669  32.7315 0003828 114.3027 245.8372 15.28793878155226
1 45561U 20025AG  23030.30413334  .00053215  00000-0  18689-2 0  9999
2 45561  53.0665  28.4802 0003947 116.6881 243.4523 15.28898790155951
1 45561U 20025AG  23030.95781456  .00054766  00000-0  19183-2 0  9995
2 45561  53.0663  25.4439 0004034 117.3530 242.7880 15.28971573155464
1 45561U 20025AG  23031.35000673  .00060501  00000-0  21129-2 0  9992
2 45561  53.0661  23.6210 0004125 119.8473 240.2936 15.29023350156113
1 45561U 20025AG  23031.35000673  .00060501  00000-0  21129-2 0  9992
2 45561  53.0661  23.6210 0004125 119.8473 240.2936 15.29023350155527
