1 45567U 20025AN  22365.03842235  .00003799  00000-0  27373-3 0  9994
2 45567  53.0557 274.9337 0001491  73.0583 287.0570 15.06407205149227
1 45567U 20025AN  22365.17111395  .00004033  00000-0  28941-3 0  9999
2 45567  53.0557 274.3376 0001523  74.2190 285.8967 15.06409109149857
1 45567U 20025AN  23001.03364180 -.00000528  00000-0 -16564-4 0  9990
2 45567  53.0554 270.4659 0001396  66.1581 293.9554 15.06391251149374
1 45567U 20025AN  23001.43171890 -.00004752  00000-0 -30044-3 0  9999
2 45567  53.0538 268.6780 0001387  59.4544 300.6582 15.06387590150048
1 45567U 20025AN  23001.69710720 -.00005195  00000-0 -33023-3 0  9990
2 45567  53.0538 267.4863 0001409  59.0726 301.0401 15.06387149150089
1 45567U 20025AN  23002.09520864 -.00003668  00000-0 -22758-3 0  9999
2 45567  53.0554 265.7012 0001455  68.6944 291.4200 15.06382395149538
1 45567U 20025AN  23002.42693669 -.00002315  00000-0 -13659-3 0  9998
2 45567  53.0566 264.2133 0001627  77.0610 283.0560 15.06392286150194
1 45567U 20025AN  23002.42693669 -.00002315  00000-0 -13659-3 0  9998
2 45567  53.0566 264.2133 0001627  77.0610 283.0560 15.06392286149585
1 45567U 20025AN  23003.09039175  .00003237  00000-0  23610-3 0  9998
2 45567  53.0540 261.2325 0000927  63.4862 296.6222 15.06394979149684
1 45567U 20025AN  23003.42214372  .00007012  00000-0  48960-3 0  9999
2 45567  53.0548 259.7434 0001470  63.1738 296.9401 15.06368850150344
1 45567U 20025AN  23003.42214372  .00007012  00000-0  48960-3 0  9999
2 45567  53.0548 259.7434 0001470  63.1738 296.9401 15.06368850149735
1 45567U 20025AN  23004.41734692  .00002987  00000-0  21943-3 0  9999
2 45567  53.0553 255.2773 0001532  74.3537 285.7621 15.06389800150491
1 45567U 20025AN  23004.41734692  .00002987  00000-0  21943-3 0  9999
2 45567  53.0553 255.2773 0001532  74.3537 285.7621 15.06389800149882
1 45567U 20025AN  23005.08079426  .00002015  00000-0  15404-3 0  9997
2 45567  53.0551 252.2981 0001605  74.5226 285.5940 15.06420684149985
1 45567U 20025AN  23005.41252204  .00002218  00000-0  16768-3 0  9990
2 45567  53.0551 250.8090 0001547  74.4980 285.6180 15.06424212150644
1 45567U 20025AN  23005.67791465  .00003372  00000-0  24509-3 0  9999
2 45567  53.0552 249.6181 0001695  77.7115 282.4064 15.06412770150688
1 45567U 20025AN  23005.67791465  .00003372  00000-0  24509-3 0  9999
2 45567  53.0552 249.6181 0001695  77.7115 282.4064 15.06412770150071
1 45567U 20025AN  23006.67313231 -.00003982  00000-0 -24860-3 0  9990
2 45567  53.0542 245.1501 0001716  78.3379 281.7802 15.06391242150836
1 45567U 20025AN  23006.67313231 -.00003982  00000-0 -24860-3 0  9990
2 45567  53.0542 245.1501 0001716  78.3379 281.7802 15.06391242150229
1 45567U 20025AN  23007.07121392 -.00003248  00000-0 -19928-3 0  9994
2 45567  53.0542 243.3636 0001730  77.8572 282.2611 15.06392737150890
1 45567U 20025AN  23007.73467590  .00007524  00000-0  52334-3 0  9997
2 45567  53.0532 240.3835 0001397  85.1426 274.9723 15.06410749150386
1 45567U 20025AN  23007.93371672  .00007322  00000-0  50976-3 0  9990
2 45567  53.0532 239.4900 0001581  75.7468 284.3696 15.06410728151027
1 45567U 20025AN  23008.46449763  .00003248  00000-0  23688-3 0  9999
2 45567  53.0530 237.1093 0001573  77.4448 282.6716 15.06395547150496
1 45567U 20025AN  23008.53084519  .00002435  00000-0  18235-3 0  9990
2 45567  53.0530 236.8112 0001548  78.8447 281.2716 15.06393614151118
1 45567U 20025AN  23008.92892497  .00002618  00000-0  19462-3 0  9991
2 45567  53.0545 235.0235 0001459  84.1071 276.0084 15.06395051151178
1 45567U 20025AN  23009.45971360 -.00001113  00000-0 -55879-4 0  9991
2 45567  53.0543 232.6396 0001315  82.0641 278.0498 15.06381110151259
1 45567U 20025AN  23009.45971360 -.00001113  00000-0 -55879-4 0  9991
2 45567  53.0543 232.6396 0001315  82.0641 278.0498 15.06381110150641
1 45567U 20025AN  23009.65874808 -.00000036  00000-0  16502-4 0  9994
2 45567  53.0550 231.7480 0001204  81.9736 278.1389 15.06392732151286
1 45567U 20025AN  23009.65874808 -.00000036  00000-0  16502-4 0  9994
2 45567  53.0550 231.7480 0001204  81.9736 278.1389 15.06392732150678
1 45567U 20025AN  23010.58760201  .00001275  00000-0  10452-3 0  9991
2 45567  53.0540 227.5781 0001405  77.8394 282.2753 15.06394999151423
1 45567U 20025AN  23010.72029430  .00001694  00000-0  13259-3 0  9992
2 45567  53.0538 226.9823 0001402  78.3082 281.8064 15.06397637151441
1 45567U 20025AN  23010.72029430  .00001694  00000-0  13259-3 0  9992
2 45567  53.0538 226.9823 0001402  78.3082 281.8064 15.06397637150833
1 45567U 20025AN  23011.31740857  .00002484  00000-0  18554-3 0  9992
2 45567  53.0536 224.3015 0001417  78.0216 282.0932 15.06407980151536
1 45567U 20025AN  23011.31740857  .00002484  00000-0  18554-3 0  9992
2 45567  53.0536 224.3015 0001417  78.0216 282.0932 15.06407980150928
1 45567U 20025AN  23011.84818334  .00006644  00000-0  46437-3 0  9999
2 45567  53.0532 221.9178 0001271  79.3045 280.8087 15.06411293151615
1 45567U 20025AN  23012.57800106 -.00000428  00000-0 -98371-5 0  9990
2 45567  53.0527 218.6417 0001398  82.5653 277.5495 15.06400719151111
1 45567U 20025AN  23012.84339065 -.00003844  00000-0 -23940-3 0  9994
2 45567  53.0528 217.4503 0000616  57.2526 302.8522 15.06390122151765
1 45567U 20025AN  23012.84339065 -.00003844  00000-0 -23940-3 0  9994
2 45567  53.0528 217.4503 0000616  57.2526 302.8522 15.06390122151158
1 45567U 20025AN  23013.57320875 -.00000990  00000-0 -47609-4 0  9992
2 45567  53.0538 214.1727 0000910  77.6921 282.4170 15.06393748151871
1 45567U 20025AN  23013.63955509 -.00000149  00000-0  88726-5 0  9998
2 45567  53.0534 213.8764 0001226  83.1314 276.9814 15.06395877151882
1 45567U 20025AN  23013.63955509 -.00000149  00000-0  88726-5 0  9998
2 45567  53.0534 213.8764 0001226  83.1314 276.9814 15.06395877151275
1 45567U 20025AN  23014.83380402  .00003528  00000-0  25563-3 0  9996
2 45567  53.0526 208.5147 0001309  88.4692 271.6446 15.06396336151455
1 45567U 20025AN  23015.56362183  .00000750  00000-0  69276-4 0  9997
2 45567  53.0528 205.2385 0001267  90.0008 270.1126 15.06393660152174
1 45567U 20025AN  23015.82900860  .00001721  00000-0  13440-3 0  9996
2 45567  53.0532 204.0472 0001223  88.8717 271.2412 15.06397266152218
1 45567U 20025AN  23015.82900860  .00001721  00000-0  13440-3 0  9996
2 45567  53.0532 204.0472 0001223  88.8717 271.2412 15.06397266151600
1 45567U 20025AN  23016.22708909  .00002451  00000-0  18339-3 0  9994
2 45567  53.0534 202.2604 0001211  86.6431 273.4696 15.06400403152275
1 45567U 20025AN  23016.75786631  .00001247  00000-0  10261-3 0  9998
2 45567  53.0534 199.8775 0001233  86.6670 273.4460 15.06397023152355
1 45567U 20025AN  23016.95690447  .00001996  00000-0  15285-3 0  9991
2 45567  53.0536 198.9839 0001241  86.1250 273.9881 15.06402172151775
1 45567U 20025AN  23017.48768728  .00001306  00000-0  10660-3 0  9995
2 45567  53.0537 196.6004 0001284  89.1152 270.9984 15.06389812152469
1 45567U 20025AN  23017.48768728  .00001306  00000-0  10660-3 0  9995
2 45567  53.0537 196.6004 0001284  89.1152 270.9984 15.06389812151851
1 45567U 20025AN  23017.88576744  .00002259  00000-0  17054-3 0  9996
2 45567  53.0546 194.8134 0001240  88.0418 272.0713 15.06390709152525
1 45567U 20025AN  23018.48288233  .00001714  00000-0  13394-3 0  9994
2 45567  53.0547 192.1334 0001240  84.8889 275.2242 15.06402077152002
1 45567U 20025AN  23018.54922858  .00001831  00000-0  14179-3 0  9991
2 45567  53.0545 191.8357 0001265  83.9634 276.1499 15.06403065152626
1 45567U 20025AN  23018.74826564  .00002197  00000-0  16631-3 0  9991
2 45567  53.0547 190.9420 0001226  84.6070 275.5059 15.06407569152659
1 45567U 20025AN  23019.47808977  .00001570  00000-0  12428-3 0  9994
2 45567  53.0543 187.6653 0001221  85.3491 274.7637 15.06397202152763
1 45567U 20025AN  23019.47808977  .00001570  00000-0  12428-3 0  9994
2 45567  53.0543 187.6653 0001221  85.3491 274.7637 15.06397202152156
1 45567U 20025AN  23020.14155739  .00000677  00000-0  64336-4 0  9994
2 45567  53.0547 184.6880 0001220  85.2039 274.9089 15.06398523152863
1 45567U 20025AN  23020.73867276  .00001063  00000-0  90201-4 0  9995
2 45567  53.0550 182.0079 0001226  86.3134 273.7995 15.06406009152348
1 45567U 20025AN  23021.13675869  .00001063  00000-0  90212-4 0  9997
2 45567  53.0547 180.2208 0001054  82.8028 277.3081 15.06397184152406
1 45567U 20025AN  23021.46850126  .00000035  00000-0  21240-4 0  9997
2 45567  53.0557 178.7322 0001171  92.6648 267.4475 15.06388246152454
1 45567U 20025AN  23022.13196730  .00000949  00000-0  82630-4 0  9990
2 45567  53.0558 175.7532 0001072  91.3876 268.7236 15.06394689152552
1 45567U 20025AN  23022.79542786  .00002116  00000-0  16086-3 0  9997
2 45567  53.0545 172.7742 0001011  87.9852 272.1253 15.06406422152654
1 45567U 20025AN  23023.39255760  .00001886  00000-0  14550-3 0  9994
2 45567  53.0549 170.0942 0000945  94.2946 265.8151 15.06392840152745
1 45567U 20025AN  23024.65314413  .00002127  00000-0  16165-3 0  9998
2 45567  53.0549 164.4354 0000987  92.3172 267.7930 15.06402599152935
1 45567U 20025AN  23025.51565484  .00001512  00000-0  12037-3 0  9991
2 45567  53.0543 160.5640 0000995  87.4878 272.6224 15.06397923153061
1 45567U 20025AN  23025.58200081  .00001840  00000-0  14236-3 0  9994
2 45567  53.0542 160.2659 0000987  87.5688 272.5414 15.06399432153683
1 45567U 20025AN  23025.64834506  .00001853  00000-0  14326-3 0  9990
2 45567  53.0541 159.9671 0000997  95.7874 264.3229 15.06403569153691
1 45567U 20025AN  23026.37816733  .00000736  00000-0  68302-4 0  9996
2 45567  53.0547 156.6917 0001068  90.1172 269.9939 15.06393777153197
1 45567U 20025AN  23026.57720562  .00000858  00000-0  76480-4 0  9993
2 45567  53.0547 155.7983 0001092  89.4031 270.7083 15.06397260153834
1 45567U 20025AN  23027.04162779  .00000573  00000-0  57355-4 0  9990
2 45567  53.0547 153.7137 0001009  88.4553 271.6552 15.06404594153299
1 45567U 20025AN  23027.50606611  .00000350  00000-0  42385-4 0  9999
2 45567  53.0568 151.6309 0001110  96.3784 263.7331 15.06390955153367
1 45567U 20025AN  23027.57241320  .00000339  00000-0  41681-4 0  9993
2 45567  53.0555 151.3313 0001230 100.0091 260.1037 15.06391220153980
1 45567U 20025AN  23028.56761529  .00000779  00000-0  71182-4 0  9998
2 45567  53.0564 146.8653 0001298  99.8529 260.2607 15.06395731154134
1 45567U 20025AN  23028.76665185  .00001474  00000-0  11780-3 0  9991
2 45567  53.0554 145.9696 0001166  91.8530 268.2592 15.06400720154167
1 45567U 20025AN  23028.76665185  .00001474  00000-0  11780-3 0  9991
2 45567  53.0554 145.9696 0001166  91.8530 268.2592 15.06400720153559
1 45567U 20025AN  23029.03204377 -.00000010  00000-0  18238-4 0  9996
2 45567  53.0561 144.7756 0001108  90.1815 269.9301 15.06396431153598
1 45567U 20025AN  23029.69551251  .00001376  00000-0  11125-3 0  9996
2 45567  53.0552 141.7989 0001178  92.8293 267.2831 15.06396978154304
1 45567U 20025AN  23030.29264076  .00000518  00000-0  53672-4 0  9991
2 45567  53.0561 139.1179 0001197  91.3989 268.7137 15.06390848153789
1 45567U 20025AN  23030.49167915  .00000741  00000-0  68659-4 0  9996
2 45567  53.0558 138.2269 0001343  85.8349 274.2793 15.06395493154429
1 45567U 20025AN  23030.62436938  .00000171  00000-0  30379-4 0  9990
2 45567  53.0554 137.6303 0001207  88.5838 271.5289 15.06401500154448
1 45567U 20025AN  23030.62436938  .00000171  00000-0  30379-4 0  9990
2 45567  53.0554 137.6303 0001207  88.5838 271.5289 15.06401500153830
1 45567U 20025AN  23031.02245609 -.00000755  00000-0 -31823-4 0  9993
2 45567  53.0548 135.8441 0001370  83.9935 276.1210 15.06395814153895
1 45567U 20025AN  23031.48688245  .00001032  00000-0  88179-4 0  9993
2 45567  53.0549 133.7589 0001359  86.7268 273.3876 15.06395572154577
1 45567U 20025AN  23031.68592013  .00000444  00000-0  48694-4 0  9996
2 45567  53.0542 132.8649 0001205  97.1232 262.9894 15.06400908154602
1 45567U 20025AN  23031.68592013  .00000444  00000-0  48694-4 0  9996
2 45567  53.0542 132.8649 0001205  97.1232 262.9894 15.06400908153993
