1 45568U 20025AP  22365.05320611  .00002975  00000-0  21855-3 0  9990
2 45568  53.0558 275.1305 0001664  58.7873 301.3279 15.06402804149227
1 45568U 20025AP  22365.45127813  .00005557  00000-0  39158-3 0  9997
2 45568  53.0560 273.3417 0001747  58.3786 301.7373 15.06411088149880
1 45568U 20025AP  23001.11476886  .00000854  00000-0  76254-4 0  9999
2 45568  53.0570 270.3647 0001655  59.3785 300.7367 15.06389744149381
1 45568U 20025AP  23001.44651255 -.00000613  00000-0 -22298-4 0  9994
2 45568  53.0560 268.8753 0001612  59.1246 300.9901 15.06381768150031
1 45568U 20025AP  23001.44651255 -.00000613  00000-0 -22298-4 0  9994
2 45568  53.0560 268.8753 0001612  59.1246 300.9901 15.06381768149433
1 45568U 20025AP  23001.77824032 -.00005086  00000-0 -32295-3 0  9991
2 45568  53.0560 267.3850 0001768  58.2008 301.9153 15.06383172150087
1 45568U 20025AP  23001.77824032 -.00005086  00000-0 -32295-3 0  9991
2 45568  53.0560 267.3850 0001768  58.2008 301.9153 15.06383172149489
1 45568U 20025AP  23002.44171668 -.00002604  00000-0 -15601-3 0  9991
2 45568  53.0560 264.4072 0001701  63.8246 296.2917 15.06393733150183
1 45568U 20025AP  23002.70710418 -.00002571  00000-0 -15376-3 0  9994
2 45568  53.0558 263.2150 0002054  66.1050 294.0154 15.06395989150224
1 45568U 20025AP  23002.70710418 -.00002571  00000-0 -15376-3 0  9994
2 45568  53.0558 263.2150 0002054  66.1050 294.0154 15.06395989149626
1 45568U 20025AP  23003.43692047  .00005293  00000-0  37397-3 0  9991
2 45568  53.0553 259.9393 0001746  61.2531 298.8633 15.06396992150338
1 45568U 20025AP  23004.03404353  .00005168  00000-0  36556-3 0  9996
2 45568  53.0553 257.2588 0001715  60.4334 299.6826 15.06401589149827
1 45568U 20025AP  23004.43212035  .00006786  00000-0  47386-3 0  9994
2 45568  53.0546 255.4740 0001896  54.6039 305.5127 15.06412540150480
1 45568U 20025AP  23005.02922960  .00016074  00000-0  10945-2 0  9996
2 45568  53.0546 252.7910 0001729  65.1219 294.9949 15.06435657149970
1 45568U 20025AP  23005.49365073  .00008551  00000-0  59173-3 0  9991
2 45568  53.0538 250.7066 0001878  66.8670 293.2517 15.06432275150647
1 45568U 20025AP  23005.75903474  .00001241  00000-0  10216-3 0  9997
2 45568  53.0557 249.5160 0001512  50.9147 309.1976 15.06422341150680
1 45568U 20025AP  23005.75903474  .00001241  00000-0  10216-3 0  9997
2 45568  53.0557 249.5160 0001512  50.9147 309.1976 15.06422341150084
1 45568U 20025AP  23006.35616455 -.00004940  00000-0 -31301-3 0  9993
2 45568  53.0541 246.8343 0001699  66.5064 293.6104 15.06393252150175
1 45568U 20025AP  23006.68789651 -.00003966  00000-0 -24752-3 0  9997
2 45568  53.0530 245.3451 0001706  69.1281 290.9890 15.06397496150824
1 45568U 20025AP  23007.08597733 -.00001734  00000-0 -97543-4 0  9990
2 45568  53.0532 243.5583 0001696  65.2092 294.9073 15.06398035150880
1 45568U 20025AP  23007.08597733 -.00001734  00000-0 -97543-4 0  9990
2 45568  53.0532 243.5583 0001696  65.2092 294.9073 15.06398035150284
1 45568U 20025AP  23007.35136359  .00001105  00000-0  93064-4 0  9997
2 45568  53.0535 242.3674 0001697  67.7148 292.4021 15.06403943150927
1 45568U 20025AP  23008.34657259  .00002653  00000-0  19694-3 0  9999
2 45568  53.0539 237.9003 0001550  67.6893 292.4260 15.06396928151077
1 45568U 20025AP  23008.34657259  .00002653  00000-0  19694-3 0  9999
2 45568  53.0539 237.9003 0001550  67.6893 292.4260 15.06396928150470
1 45568U 20025AP  23008.67830922  .00001606  00000-0  12674-3 0  9993
2 45568  53.0545 236.4109 0001690  70.2405 289.8766 15.06394682151121
1 45568U 20025AP  23009.01004492  .00001153  00000-0  96321-4 0  9996
2 45568  53.0539 234.9214 0001627  68.8898 291.2265 15.06393984150576
1 45568U 20025AP  23009.60716254 -.00000120  00000-0  10860-4 0  9995
2 45568  53.0546 232.2405 0001639  67.3846 292.7317 15.06404347151264
1 45568U 20025AP  23009.60716254 -.00000120  00000-0  10860-4 0  9995
2 45568  53.0546 232.2405 0001639  67.3846 292.7317 15.06404347150667
1 45568U 20025AP  23009.87255111  .00004028  00000-0  28912-3 0  9990
2 45568  53.0542 231.0493 0001544  68.1682 291.9471 15.06404400151303
1 45568U 20025AP  23010.60236718  .00002133  00000-0  16207-3 0  9994
2 45568  53.0521 227.7719 0001492  70.7424 289.3726 15.06401134151415
1 45568U 20025AP  23010.60236718  .00002133  00000-0  16207-3 0  9994
2 45568  53.0521 227.7719 0001492  70.7424 289.3726 15.06401134150818
1 45568U 20025AP  23011.39853046  .00000958  00000-0  83244-4 0  9999
2 45568  53.0508 224.1968 0001844  73.6909 286.4282 15.06399190151534
1 45568U 20025AP  23011.66391969 -.00000640  00000-0 -24043-4 0  9992
2 45568  53.0518 223.0074 0001983  68.5861 291.5339 15.06397366150975
1 45568U 20025AP  23011.86295643  .00001215  00000-0  10043-3 0  9997
2 45568  53.0521 222.1126 0001674  72.7409 287.3763 15.06402742151609
1 45568U 20025AP  23012.65913103 -.00001966  00000-0 -11318-3 0  9994
2 45568  53.0530 218.5401 0001570  68.2851 291.8305 15.06382951151128
1 45568U 20025AP  23012.85817558 -.00000689  00000-0 -27376-4 0  9996
2 45568  53.0540 217.6464 0001594  68.9039 291.2120 15.06386173151757
1 45568U 20025AP  23012.99085959 -.00006822  00000-0 -43932-3 0  9993
2 45568  53.0539 217.0505 0001528  76.9123 283.2037 15.06413926151176
1 45568U 20025AP  23013.25625725  .00000498  00000-0  52363-4 0  9994
2 45568  53.0536 215.8592 0001590  73.0228 287.0935 15.06386810151213
1 45568U 20025AP  23013.58799034  .00000741  00000-0  68636-4 0  9996
2 45568  53.0540 214.3695 0001410  75.3634 284.7512 15.06390859151867
1 45568U 20025AP  23013.91972318  .00001231  00000-0  10156-3 0  9999
2 45568  53.0537 212.8806 0001449  77.3056 282.8095 15.06395038151917
1 45568U 20025AP  23013.91972318  .00001231  00000-0  10156-3 0  9999
2 45568  53.0537 212.8806 0001449  77.3056 282.8095 15.06395038151311
1 45568U 20025AP  23014.25143018 -.00015675  00000-0 -10339-2 0  9995
2 45568  53.0535 211.3912 0001149  89.6429 270.4692 15.06465887151369
1 45568U 20025AP  23014.58319428  .00003511  00000-0  25453-3 0  9999
2 45568  53.0531 209.9018 0001457  74.8589 285.2561 15.06395957151415
1 45568U 20025AP  23015.51205006  .00001615  00000-0  12727-3 0  9992
2 45568  53.0511 205.7313 0001495  77.4778 282.6378 15.06398611152155
1 45568U 20025AP  23015.77743726  .00001389  00000-0  11210-3 0  9990
2 45568  53.0510 204.5397 0001471  78.0381 282.0773 15.06398746151593
1 45568U 20025AP  23015.84378375  .00001620  00000-0  12763-3 0  9994
2 45568  53.0521 204.2424 0001427  76.9012 283.2136 15.06400818152201
1 45568U 20025AP  23016.50725158  .00000829  00000-0  74534-4 0  9998
2 45568  53.0527 201.2646 0001444  77.0044 283.1106 15.06400550152306
1 45568U 20025AP  23016.90532942  .00000604  00000-0  59410-4 0  9996
2 45568  53.0529 199.4769 0001398  79.2471 280.8676 15.06404045152363
1 45568U 20025AP  23016.90532942  .00000604  00000-0  59410-4 0  9996
2 45568  53.0529 199.4769 0001398  79.2471 280.8676 15.06404045151766
1 45568U 20025AP  23017.50245610  .00000534  00000-0  54726-4 0  9993
2 45568  53.0529 196.7965 0001423  79.0801 281.0348 15.06395205152451
1 45568U 20025AP  23017.50245610  .00000534  00000-0  54726-4 0  9993
2 45568  53.0529 196.7965 0001423  79.0801 281.0348 15.06395205151854
1 45568U 20025AP  23017.90053481  .00000667  00000-0  63686-4 0  9992
2 45568  53.0531 195.0091 0001456  81.9989 278.1165 15.06398364152511
1 45568U 20025AP  23018.43131046  .00000465  00000-0  50112-4 0  9991
2 45568  53.0525 192.6261 0001482  82.7668 277.3489 15.06398658152592
1 45568U 20025AP  23018.76304141  .00000969  00000-0  83948-4 0  9997
2 45568  53.0522 191.1367 0001424  84.0029 276.1122 15.06401820152049
1 45568U 20025AP  23019.49286565 -.00000002  00000-0  18736-4 0  9999
2 45568  53.0519 187.8615 0001329  83.7230 276.3910 15.06391691152756
1 45568U 20025AP  23019.49286565 -.00000002  00000-0  18736-4 0  9999
2 45568  53.0519 187.8615 0001329  83.7230 276.3910 15.06391691152150
1 45568U 20025AP  23020.15633045  .00000969  00000-0  83934-4 0  9996
2 45568  53.0538 184.8838 0001155  83.9742 276.1379 15.06395543152856
1 45568U 20025AP  23020.68710362  .00001342  00000-0  10899-3 0  9997
2 45568  53.0537 182.5009 0001267  86.8679 273.2455 15.06398255152334
1 45568U 20025AP  23021.15153668  .00005085  00000-0  36018-3 0  9999
2 45568  53.0528 180.4149 0001263  79.5796 280.5335 15.06382256152401
1 45568U 20025AP  23021.68230649  .00001329  00000-0  10808-3 0  9998
2 45568  53.0536 178.0314 0001218  83.9201 276.1927 15.06398989152483
1 45568U 20025AP  23022.81020321  .00000387  00000-0  44861-4 0  9998
2 45568  53.0529 172.9678 0001347  88.8241 271.2902 15.06399743152659
1 45568U 20025AP  23023.80540975  .00000041  00000-0  21618-4 0  9992
2 45568  53.0526 168.4996 0001306  89.3569 270.7570 15.06397745152805
1 45568U 20025AP  23025.39774032  .00000862  00000-0  76800-4 0  9995
2 45568  53.0529 161.3512 0001256  75.8841 284.2287 15.06391603153040
1 45568U 20025AP  23025.53043312  .00001125  00000-0  94388-4 0  9995
2 45568  53.0531 160.7560 0001245  74.6161 285.4965 15.06393258153661
1 45568U 20025AP  23025.66312452  .00001572  00000-0  12439-3 0  9995
2 45568  53.0528 160.1608 0001234  74.1146 285.9979 15.06396700153687
1 45568U 20025AP  23026.59197167 -.00010068  00000-0 -65712-3 0  9996
2 45568  53.0522 155.9922 0000799  75.7936 284.3141 15.06449494153820
1 45568U 20025AP  23026.65832432 -.00000214  00000-0  45076-5 0  9998
2 45568  53.0525 155.6942 0000993  80.8540 279.2561 15.06407561153239
1 45568U 20025AP  23027.45449489  .00000057  00000-0  22695-4 0  9998
2 45568  53.0529 152.1208 0001086  68.2200 291.8905 15.06394096153350
1 45568U 20025AP  23027.58718632  .00000357  00000-0  42863-4 0  9993
2 45568  53.0531 151.5237 0001195  71.7921 288.3198 15.06397611153977
1 45568U 20025AP  23027.65353207  .00000605  00000-0  59485-4 0  9998
2 45568  53.0529 151.2261 0001257  68.2598 291.8525 15.06399410153981
1 45568U 20025AP  23028.05162092  .00003489  00000-0  25315-3 0  9990
2 45568  53.0529 149.4394 0001247  87.9579 272.1552 15.06381201153445
1 45568U 20025AP  23028.51604433 -.00000647  00000-0 -24537-4 0  9992
2 45568  53.0533 147.3522 0001100  77.7681 282.3431 15.06397083153511
1 45568U 20025AP  23028.58238935 -.00000297  00000-0 -10711-5 0  9990
2 45568  53.0529 147.0545 0001134  77.4461 282.6655 15.06399082154128
1 45568U 20025AP  23028.64873366  .00000125  00000-0  27270-4 0  9995
2 45568  53.0530 146.7563 0001144  85.5414 274.5705 15.06401932154130
1 45568U 20025AP  23029.57759145  .00000541  00000-0  55238-4 0  9993
2 45568  53.0526 142.5867 0001198 102.8979 257.2144 15.06397121154278
1 45568U 20025AP  23029.57759145  .00000541  00000-0  55238-4 0  9993
2 45568  53.0526 142.5867 0001198 102.8979 257.2144 15.06397121153671
1 45568U 20025AP  23030.50644888  .00000869  00000-0  77246-4 0  9991
2 45568  53.0520 138.4198 0001271  76.6504 283.4627 15.06396224154413
1 45568U 20025AP  23031.43530738  .00000208  00000-0  32887-4 0  9991
2 45568  53.0525 134.2489 0001229  82.6440 277.4689 15.06394301153957
1 45568U 20025AP  23031.50165352  .00000276  00000-0  37444-4 0  9994
2 45568  53.0527 133.9505 0001202  85.5855 274.5272 15.06395061154565
