1 45560U 20025AF  22365.05314153  .00003470  00000-0  25173-3 0  9994
2 45560  53.0535 264.8761 0001690  74.3629 285.7546 15.06405528149371
1 45560U 20025AF  22365.45121755  .00003667  00000-0  26487-3 0  9999
2 45560  53.0535 263.0889 0001709  73.4187 286.6989 15.06409990150036
1 45560U 20025AF  23001.11470211  .00002573  00000-0  19164-3 0  9993
2 45560  53.0547 260.1101 0001632  64.5914 295.5244 15.06387152149539
1 45560U 20025AF  23001.44644726  .00000153  00000-0  29196-4 0  9992
2 45560  53.0546 258.6191 0001491  74.1351 285.9802 15.06379690150188
1 45560U 20025AF  23001.44644726  .00000153  00000-0  29196-4 0  9992
2 45560  53.0546 258.6191 0001491  74.1351 285.9802 15.06379690149580
1 45560U 20025AF  23001.84453725 -.00003995  00000-0 -24958-3 0  9992
2 45560  53.0538 256.8348 0001160  79.9632 280.1488 15.06382492150249
1 45560U 20025AF  23002.50800668 -.00003404  00000-0 -20982-3 0  9996
2 45560  53.0530 253.8556 0001635  74.4456 285.6713 15.06388476150340
1 45560U 20025AF  23002.77339469 -.00001448  00000-0 -78373-4 0  9995
2 45560  53.0526 252.6644 0001600  76.5768 283.5400 15.06384361150384
1 45560U 20025AF  23002.77339469 -.00001448  00000-0 -78373-4 0  9995
2 45560  53.0526 252.6644 0001600  76.5768 283.5400 15.06384361149786
1 45560U 20025AF  23002.97243397 -.00001075  00000-0 -53296-4 0  9994
2 45560  53.0529 251.7706 0001557  76.8621 283.2542 15.06387760150412
1 45560U 20025AF  23003.76859629  .00003663  00000-0  26481-3 0  9991
2 45560  53.0529 248.1960 0001601  77.0844 283.0324 15.06385096149935
1 45560U 20025AF  23004.36571142  .00004508  00000-0  32136-3 0  9992
2 45560  53.0529 245.5153 0001601  77.2816 282.8352 15.06401003150028
1 45560U 20025AF  23005.02918418  .00001228  00000-0  10132-3 0  9995
2 45560  53.0532 242.5362 0001719  72.8631 287.2546 15.06396735150127
1 45560U 20025AF  23005.42726181  .00001300  00000-0  10613-3 0  9998
2 45560  53.0528 240.7495 0001506  79.4143 280.7015 15.06402282150780
1 45560U 20025AF  23005.75899385 -.00002734  00000-0 -16469-3 0  9990
2 45560  53.0522 239.2604 0001436  79.9240 280.1911 15.06398504150830
1 45560U 20025AF  23006.42246067 -.00002151  00000-0 -12556-3 0  9994
2 45560  53.0520 236.2818 0001335  80.9205 279.1935 15.06399061150331
1 45560U 20025AF  23006.75419273 -.00001258  00000-0 -65530-4 0  9999
2 45560  53.0517 234.7928 0001523  80.0285 280.0876 15.06403400150989
1 45560U 20025AF  23007.74940088  .00001075  00000-0  91073-4 0  9998
2 45560  53.0526 230.3243 0001448  85.4528 274.6627 15.06391929150532
1 45560U 20025AF  23007.88209520  .00001003  00000-0  86225-4 0  9996
2 45560  53.0524 229.7287 0001492  84.0294 276.0865 15.06392014151159
1 45560U 20025AF  23008.47921178  .00001330  00000-0  10817-3 0  9998
2 45560  53.0523 227.0480 0001543  83.5200 276.5965 15.06400619150642
1 45560U 20025AF  23008.54555737  .00001522  00000-0  12107-3 0  9997
2 45560  53.0522 226.7500 0001542  83.6991 276.4173 15.06402175151254
1 45560U 20025AF  23008.74459713  .00001521  00000-0  12099-3 0  9995
2 45560  53.0523 225.8565 0001539  83.8061 276.3103 15.06402798151288
1 45560U 20025AF  23009.60711282  .00001201  00000-0  99516-4 0  9998
2 45560  53.0523 221.9846 0001531  81.4162 278.7001 15.06392335151418
1 45560U 20025AF  23009.60711282  .00001201  00000-0  99516-4 0  9998
2 45560  53.0523 221.9846 0001531  81.4162 278.7001 15.06392335150811
1 45560U 20025AF  23010.53596819  .00000440  00000-0  48475-4 0  9991
2 45560  53.0519 217.8150 0001613  81.6319 278.4853 15.06396441151551
1 45560U 20025AF  23010.66866686 -.00000860  00000-0 -38847-4 0  9997
2 45560  53.0522 217.2184 0001522  86.2574 273.8589 15.06391482151576
1 45560U 20025AF  23010.66866686 -.00000860  00000-0 -38847-4 0  9997
2 45560  53.0522 217.2184 0001522  86.2574 273.8589 15.06391482150979
1 45560U 20025AF  23011.26579192  .00000390  00000-0  45110-4 0  9994
2 45560  53.0523 214.5384 0001464  82.7502 277.3653 15.06387167151662
1 45560U 20025AF  23012.79177177  .00001039  00000-0  88667-4 0  9995
2 45560  53.0523 207.6874 0001461  82.0949 278.0206 15.06391753151291
1 45560U 20025AF  23012.92446500  .00001972  00000-0  15130-3 0  9999
2 45560  53.0519 207.0917 0001566  82.2076 277.9091 15.06392601151919
1 45560U 20025AF  23013.52158619  .00001699  00000-0  13296-3 0  9994
2 45560  53.0517 204.4109 0001582  82.8979 277.2190 15.06396963152006
1 45560U 20025AF  23013.91966450  .00001791  00000-0  13913-3 0  9996
2 45560  53.0516 202.6238 0001600  82.9475 277.1696 15.06401674152063
1 45560U 20025AF  23013.91966450  .00001791  00000-0  13913-3 0  9996
2 45560  53.0516 202.6238 0001600  82.9475 277.1696 15.06401674151466
1 45560U 20025AF  23014.78217597  .00000948  00000-0  82528-4 0  9995
2 45560  53.0514 198.7516 0001636  84.0664 276.0511 15.06398910151596
1 45560U 20025AF  23015.51199374 -.00000032  00000-0  16751-4 0  9999
2 45560  53.0514 195.4745 0001671  88.1813 271.9368 15.06398011152300
1 45560U 20025AF  23015.84372520  .00000401  00000-0  45785-4 0  9999
2 45560  53.0520 193.9856 0001554  85.4969 274.6197 15.06401592152359
1 45560U 20025AF  23015.84372520  .00000401  00000-0  45785-4 0  9999
2 45560  53.0520 193.9856 0001554  85.4969 274.6197 15.06401592151752
1 45560U 20025AF  23016.44085047  .00000394  00000-0  45334-4 0  9992
2 45560  53.0523 191.3047 0001616  88.1068 272.0106 15.06396029152445
1 45560U 20025AF  23016.44085047  .00000394  00000-0  45334-4 0  9992
2 45560  53.0523 191.3047 0001616  88.1068 272.0106 15.06396029151848
1 45560U 20025AF  23016.77258496  .00001872  00000-0  14457-3 0  9991
2 45560  53.0524 189.8158 0001434  86.9465 273.1688 15.06392775152492
1 45560U 20025AF  23017.50240448  .00000030  00000-0  20885-4 0  9999
2 45560  53.0534 186.5403 0001440  94.9927 265.1226 15.06392899152608
1 45560U 20025AF  23017.50240448  .00000030  00000-0  20885-4 0  9999
2 45560  53.0534 186.5403 0001440  94.9927 265.1226 15.06392899152002
1 45560U 20025AF  23018.43127494 -.00000829  00000-0 -36774-4 0  9999
2 45560  53.0531 182.3703 0001408  94.2637 265.8513 15.06382382152744
1 45560U 20025AF  23018.43127494 -.00000829  00000-0 -36774-4 0  9999
2 45560  53.0531 182.3703 0001408  94.2637 265.8513 15.06382382152148
1 45560U 20025AF  23018.76300993 -.00000738  00000-0 -30700-4 0  9994
2 45560  53.0531 180.8809 0001390  93.1750 266.9398 15.06385129152798
1 45560U 20025AF  23019.42647468  .00001079  00000-0  91346-4 0  9999
2 45560  53.0530 177.9024 0001278  95.2032 264.9103 15.06391277152898
1 45560U 20025AF  23019.42647468  .00001079  00000-0  91346-4 0  9999
2 45560  53.0530 177.9024 0001278  95.2032 264.9103 15.06391277152292
1 45560U 20025AF  23020.15628219  .00003451  00000-0  25048-3 0  9995
2 45560  53.0527 174.6263 0001250  95.3682 264.7449 15.06398755152401
1 45560U 20025AF  23020.68704766  .00004480  00000-0  31936-3 0  9991
2 45560  53.0536 172.2434 0001207  94.9097 265.2030 15.06413658152482
1 45560U 20025AF  23021.41687218  .00001026  00000-0  87719-4 0  9999
2 45560  53.0520 168.9671 0001306  92.2065 267.9073 15.06405250152593
1 45560U 20025AF  23022.74379898 -.00001763  00000-0 -99471-4 0  9996
2 45560  53.0527 163.0106 0001209 107.7351 252.3770 15.06409390152794
1 45560U 20025AF  23022.81014226 -.00002422  00000-0 -14370-3 0  9992
2 45560  53.0530 162.7118 0001192 109.9032 250.2086 15.06420701152806
1 45560U 20025AF  23023.34092113  .00001795  00000-0  13937-3 0  9990
2 45560  53.0530 160.3290 0000990  99.4273 260.6828 15.06403349152882
1 45560U 20025AF  23023.67263244  .00004847  00000-0  34383-3 0  9990
2 45560  53.0530 158.8397 0000784  93.7698 266.3381 15.06427495152932
1 45560U 20025AF  23024.07072327  .00002614  00000-0  19425-3 0  9995
2 45560  53.0506 157.0547 0000375 105.7966 254.3065 15.06413030152993
1 45560U 20025AF  23024.66787514 -.00002037  00000-0 -11797-3 0  9996
2 45560  53.0533 154.3719 0001139  89.7332 270.3787 15.06383565153080
1 45560U 20025AF  23025.39768277 -.00003531  00000-0 -21828-3 0  9998
2 45560  53.0528 151.0959 0000753  77.4660 282.6413 15.06401342153191
1 45560U 20025AF  23025.59672032 -.00002622  00000-0 -15715-3 0  9991
2 45560  53.0533 150.2023 0000898  89.6324 270.4768 15.06405594153823
1 45560U 20025AF  23025.66306466 -.00002122  00000-0 -12357-3 0  9998
2 45560  53.0530 149.9041 0000962  80.6676 279.4422 15.06408770153834
1 45560U 20025AF  23025.66306466 -.00002122  00000-0 -12357-3 0  9998
2 45560  53.0530 149.9041 0000962  80.6676 279.4422 15.06408770153238
1 45560U 20025AF  23026.32655216  .00010299  00000-0  71014-3 0  9999
2 45560  53.0532 146.9258 0001067 100.3435 259.7674 15.06353824153337
1 45560U 20025AF  23026.59192744  .00002161  00000-0  16397-3 0  9992
2 45560  53.0530 145.7353 0001271 120.4823 239.6292 15.06394508153976
1 45560U 20025AF  23026.65827262  .00003133  00000-0  22917-3 0  9994
2 45560  53.0532 145.4368 0001303 117.1506 242.9616 15.06394138153389
1 45560U 20025AF  23027.58712998  .00001483  00000-0  11839-3 0  9993
2 45560  53.0530 141.2664 0001137  84.1917 275.9201 15.06400606154121
1 45560U 20025AF  23028.51599074 -.00000219  00000-0  41839-5 0  9997
2 45560  53.0531 137.0959 0001261  97.4245 262.6887 15.06396251153662
1 45560U 20025AF  23028.58233714 -.00000217  00000-0  43135-5 0  9999
2 45560  53.0533 136.7980 0001262  95.1858 264.9275 15.06396900154275
1 45560U 20025AF  23028.64868331 -.00000179  00000-0  69012-5 0  9994
2 45560  53.0533 136.5001 0001262  96.8088 263.3044 15.06397509154284
1 45560U 20025AF  23029.57753932 -.00000206  00000-0  50716-5 0  9999
2 45560  53.0533 132.3314 0001222  95.7423 264.3705 15.06398805154423
1 45560U 20025AF  23029.57753932 -.00000206  00000-0  50716-5 0  9999
2 45560  53.0533 132.3314 0001222  95.7423 264.3705 15.06398805153826
1 45560U 20025AF  23030.10831920 -.00000462  00000-0 -12135-4 0  9991
2 45560  53.0533 129.9489 0001249 104.1257 255.9871 15.06393781153907
1 45560U 20025AF  23030.50639557 -.00000051  00000-0  15501-4 0  9990
2 45560  53.0534 128.1620 0001462 118.0009 242.1128 15.06400024154567
1 45560U 20025AF  23030.63908585  .00000977  00000-0  84436-4 0  9993
2 45560  53.0533 127.5661 0001262 101.7525 258.3606 15.06402466154588
1 45560U 20025AF  23030.63908585  .00000977  00000-0  84436-4 0  9993
2 45560  53.0533 127.5661 0001262 101.7525 258.3606 15.06402466153981
1 45560U 20025AF  23031.23621650  .00000360  00000-0  43064-4 0  9993
2 45560  53.0534 124.8862 0001318  83.9606 276.1533 15.06391887154070
1 45560U 20025AF  23031.50160423  .00000209  00000-0  32925-4 0  9995
2 45560  53.0534 123.6949 0001340  82.4182 277.6960 15.06392759154711
1 45560U 20025AF  23031.56795013  .00000427  00000-0  47552-4 0  9994
2 45560  53.0534 123.3966 0001384  81.4158 278.6988 15.06394187154726
1 45560U 20025AF  23031.96602828  .00000614  00000-0  60083-4 0  9991
2 45560  53.0535 121.6096 0001370  84.0861 276.0284 15.06397739154184
