1 45572U 20025AT  22365.10939121  .00014953  00000-0  10200-2 0  9993
2 45572  53.0538 264.6271 0001434  64.7041 295.4096 15.06421760149372
1 45572U 20025AT  22365.44111855  .00015065  00000-0  10272-2 0  9990
2 45572  53.0536 263.1376 0001426  64.9831 295.1306 15.06432628150031
1 45572U 20025AT  23001.10458456 -.00004986  00000-0 -31602-3 0  9995
2 45572  53.0535 260.1582 0001530  68.3302 291.7850 15.06404375150138
1 45572U 20025AT  23001.10458456 -.00004986  00000-0 -31602-3 0  9995
2 45572  53.0535 260.1582 0001530  68.3302 291.7850 15.06404375149529
1 45572U 20025AT  23001.70171545  .00001596  00000-0  12606-3 0  9997
2 45572  53.0535 257.4770 0001658  72.5975 287.5195 15.06385668149619
1 45572U 20025AT  23001.83441207  .00004982  00000-0  35327-3 0  9993
2 45572  53.0536 256.8814 0001715  69.8062 290.3111 15.06383959150244
1 45572U 20025AT  23002.43153665  .00009802  00000-0  67608-3 0  9991
2 45572  53.0536 254.2012 0001614  71.0768 289.0396 15.06396025150330
1 45572U 20025AT  23002.69692513  .00007665  00000-0  53294-3 0  9990
2 45572  53.0535 253.0099 0001612  73.3847 286.7319 15.06396077150372
1 45572U 20025AT  23003.09500977  .00003720  00000-0  26858-3 0  9991
2 45572  53.0539 251.2230 0001613  71.1580 288.9584 15.06391268150436
1 45572U 20025AT  23003.09500977  .00003720  00000-0  26858-3 0  9991
2 45572  53.0539 251.2230 0001613  71.1580 288.9584 15.06391268149827
1 45572U 20025AT  23004.09021776  .00000797  00000-0  72448-4 0  9995
2 45572  53.0541 246.7553 0001557  72.1652 287.9507 15.06389081149975
1 45572U 20025AT  23004.35560408  .00002072  00000-0  15801-3 0  9991
2 45572  53.0536 245.5645 0001547  71.3213 288.7943 15.06394399150626
1 45572U 20025AT  23005.08541156  .00006414  00000-0  44892-3 0  9997
2 45572  53.0533 242.2879 0001568  72.1181 287.9979 15.06412547150123
1 45572U 20025AT  23005.35080785  .00000072  00000-0  23771-4 0  9991
2 45572  53.0534 241.0962 0002081  73.7366 286.3851 15.06393473150776
1 45572U 20025AT  23005.35080785  .00000072  00000-0  23771-4 0  9991
2 45572  53.0534 241.0962 0002081  73.7366 286.3851 15.06393473150169
1 45572U 20025AT  23005.68254437 -.00000641  00000-0 -24110-4 0  9996
2 45572  53.0536 239.6073 0001931  82.9962 277.1247 15.06388670150827
1 45572U 20025AT  23006.67774449  .00003787  00000-0  27299-3 0  9998
2 45572  53.0536 235.1414 0001663  81.7214 278.3963 15.06402199150973
1 45572U 20025AT  23006.67774449  .00003787  00000-0  27299-3 0  9998
2 45572  53.0536 235.1414 0001663  81.7214 278.3963 15.06402199150366
1 45572U 20025AT  23007.00947773  .00008901  00000-0  61554-3 0  9993
2 45572  53.0529 233.6517 0001636  83.7775 276.3400 15.06408061151021
1 45572U 20025AT  23007.60660363  .00002336  00000-0  17572-3 0  9993
2 45572  53.0497 230.9706 0002073  79.5442 280.5781 15.06398642150509
1 45572U 20025AT  23007.87199317  .00000537  00000-0  54970-4 0  9993
2 45572  53.0517 229.7789 0001787  80.0891 280.0299 15.06393194151153
1 45572U 20025AT  23008.33641783 -.00000801  00000-0 -34900-4 0  9991
2 45572  53.0529 227.6942 0001560  93.5360 266.5808 15.06401219151224
1 45572U 20025AT  23008.86719052  .00002166  00000-0  16427-3 0  9991
2 45572  53.0524 225.3105 0001732  83.2572 276.8614 15.06406774151306
1 45572U 20025AT  23008.86719052  .00002166  00000-0  16427-3 0  9991
2 45572  53.0524 225.3105 0001732  83.2572 276.8614 15.06406774150697
1 45572U 20025AT  23008.99988377  .00002346  00000-0  17632-3 0  9992
2 45572  53.0525 224.7149 0001741  82.5930 277.5257 15.06406992151323
1 45572U 20025AT  23009.59701192  .00001751  00000-0  13643-3 0  9994
2 45572  53.0517 222.0344 0001705  81.0065 279.1117 15.06395289151414
1 45572U 20025AT  23009.59701192  .00001751  00000-0  13643-3 0  9994
2 45572  53.0517 222.0344 0001705  81.0065 279.1117 15.06395289150806
1 45572U 20025AT  23010.59221180  .00000414  00000-0  46671-4 0  9993
2 45572  53.0509 217.5671 0001705  80.3580 279.7602 15.06400180151569
1 45572U 20025AT  23010.92394497  .00001787  00000-0  13881-3 0  9992
2 45572  53.0508 216.0779 0001802  80.2587 279.8605 15.06402333151617
1 45572U 20025AT  23010.99029202  .00001641  00000-0  12902-3 0  9990
2 45572  53.0507 215.7805 0001797  78.1057 282.0133 15.06401886151011
1 45572U 20025AT  23011.58741702  .00001085  00000-0  91755-4 0  9998
2 45572  53.0531 213.0989 0001576  89.0621 271.0549 15.06395659151711
1 45572U 20025AT  23011.65376313  .00001176  00000-0  97849-4 0  9999
2 45572  53.0533 212.8010 0001604  90.0207 270.0966 15.06396502151113
1 45572U 20025AT  23011.85280227  .00001413  00000-0  11371-3 0  9998
2 45572  53.0533 211.9075 0001568  90.7562 269.3606 15.06399006151758
1 45572U 20025AT  23012.91435170  .00000639  00000-0  61775-4 0  9998
2 45572  53.0531 207.1420 0001566  91.2851 268.8317 15.06400665151917
1 45572U 20025AT  23012.91435170  .00000639  00000-0  61775-4 0  9998
2 45572  53.0531 207.1420 0001566  91.2851 268.8317 15.06400665151300
1 45572U 20025AT  23013.57782221  .00000869  00000-0  77231-4 0  9992
2 45572  53.0530 204.1633 0001556  92.3618 267.7549 15.06396837152013
1 45572U 20025AT  23013.90955458  .00000856  00000-0  76369-4 0  9990
2 45572  53.0530 202.6740 0001560  92.4593 267.6575 15.06400009152063
1 45572U 20025AT  23014.24129241  .00000410  00000-0  46419-4 0  9990
2 45572  53.0528 201.1845 0001601  91.9923 268.1250 15.06395786151506
1 45572U 20025AT  23015.50187918  .00001092  00000-0  92226-4 0  9999
2 45572  53.0522 195.5246 0001559  93.2814 266.8353 15.06400284152305
1 45572U 20025AT  23015.50187918  .00001092  00000-0  92226-4 0  9999
2 45572  53.0522 195.5246 0001559  93.2814 266.8353 15.06400284151696
1 45572U 20025AT  23015.76726366  .00001433  00000-0  11508-3 0  9995
2 45572  53.0526 194.3336 0001565  92.0069 268.1099 15.06403536152341
1 45572U 20025AT  23016.49708470  .00001203  00000-0  99672-4 0  9996
2 45572  53.0534 191.0585 0001462  87.6931 272.4226 15.06397336152456
1 45572U 20025AT  23016.49708470  .00001203  00000-0  99672-4 0  9996
2 45572  53.0534 191.0585 0001462  87.6931 272.4226 15.06397336151848
1 45572U 20025AT  23016.89516683  .00000695  00000-0  65531-4 0  9994
2 45572  53.0539 189.2708 0001465  92.4960 267.6197 15.06396761152517
1 45572U 20025AT  23017.49229251 -.00000407  00000-0 -84480-5 0  9991
2 45572  53.0540 186.5900 0001478  93.4902 266.6256 15.06394219152605
1 45572U 20025AT  23017.49229251 -.00000407  00000-0 -84480-5 0  9991
2 45572  53.0540 186.5900 0001478  93.4902 266.6256 15.06394219151996
1 45572U 20025AT  23017.75767621  .00000081  00000-0  24333-4 0  9994
2 45572  53.0539 185.3992 0001464  93.2859 266.8298 15.06398654152644
1 45572U 20025AT  23018.48749182  .00001046  00000-0  89134-4 0  9999
2 45572  53.0537 182.1230 0001396  96.3029 263.8119 15.06396629152750
1 45572U 20025AT  23018.75287367  .00001866  00000-0  14412-3 0  9997
2 45572  53.0539 180.9317 0001377  98.6254 261.4891 15.06403140152183
1 45572U 20025AT  23019.48270327 -.00000028  00000-0  17028-4 0  9993
2 45572  53.0552 177.6566 0001316  93.3156 266.7983 15.06388534152902
1 45572U 20025AT  23019.48270327 -.00000028  00000-0  17028-4 0  9993
2 45572  53.0552 177.6566 0001316  93.3156 266.7983 15.06388534152294
1 45572U 20025AT  23020.14616698  .00000889  00000-0  78584-4 0  9991
2 45572  53.0552 174.6777 0001300  85.8583 274.2554 15.06397361152395
1 45572U 20025AT  23020.41155460  .00000645  00000-0  62187-4 0  9998
2 45572  53.0552 173.4862 0001350  88.1310 271.9833 15.06398397153043
1 45572U 20025AT  23021.40675823  .00001833  00000-0  14196-3 0  9994
2 45572  53.0541 169.0183 0001324  82.3343 277.7796 15.06391271152585
1 45572U 20025AT  23022.80003425  .00000980  00000-0  84683-4 0  9993
2 45572  53.0544 162.7634 0001294  84.6527 275.4610 15.06405654152798
1 45572U 20025AT  23023.39716693  .00000369  00000-0  43643-4 0  9998
2 45572  53.0529 160.0823 0001205  87.7165 272.3962 15.06391407152882
1 45572U 20025AT  23023.66254998  .00001484  00000-0  11853-3 0  9999
2 45572  53.0522 158.8911 0001231  85.0931 275.0199 15.06398724152925
1 45572U 20025AT  23025.38757899 -.00000103  00000-0  11961-4 0  9997
2 45572  53.0558 151.1487 0000988  94.7773 265.3329 15.06390404153180
1 45572U 20025AT  23025.58661934  .00000929  00000-0  81295-4 0  9995
2 45572  53.0557 150.2554 0001158  99.4292 260.6828 15.06389141153821
1 45572U 20025AT  23025.65296312  .00000435  00000-0  48109-4 0  9996
2 45572  53.0547 149.9562 0000964  86.9816 273.1284 15.06395422153836
1 45572U 20025AT  23026.05104133  .00001473  00000-0  11774-3 0  9990
2 45572  53.0551 148.1691 0001253  85.1233 274.9899 15.06399164153288
1 45572U 20025AT  23026.58180810  .00002278  00000-0  17175-3 0  9999
2 45572  53.0553 145.7872 0001098  87.3400 272.7714 15.06408728153976
1 45572U 20025AT  23026.71449755  .00002780  00000-0  20540-3 0  9998
2 45572  53.0550 145.1909 0001274  88.2267 271.8868 15.06413575153386
1 45572U 20025AT  23027.04624643  .00001857  00000-0  14353-3 0  9995
2 45572  53.0548 143.7018 0001053  81.9761 278.1347 15.06393410153435
1 45572U 20025AT  23027.57701859  .00001562  00000-0  12375-3 0  9993
2 45572  53.0538 141.3189 0001300  83.0062 277.1075 15.06399744154129
1 45572U 20025AT  23028.50587488  .00000106  00000-0  25993-4 0  9991
2 45572  53.0539 137.1508 0001452  79.5714 280.5438 15.06399143153651
1 45572U 20025AT  23028.57222102 -.00000226  00000-0  36942-5 0  9998
2 45572  53.0535 136.8527 0001370  75.3458 284.7682 15.06399809154277
1 45572U 20025AT  23028.70491216  .00000664  00000-0  63458-4 0  9993
2 45572  53.0530 136.2556 0001312  82.7083 277.4055 15.06403555154299
1 45572U 20025AT  23029.70011968  .00001243  00000-0  10230-3 0  9999
2 45572  53.0539 131.7884 0001313  92.9755 267.1385 15.06397078154443
1 45572U 20025AT  23029.70011968  .00001243  00000-0  10230-3 0  9999
2 45572  53.0539 131.7884 0001313  92.9755 267.1385 15.06397078153835
1 45572U 20025AT  23029.96551094 -.00001074  00000-0 -53222-4 0  9999
2 45572  53.0544 130.5949 0001311  89.3035 270.8104 15.06391118153872
1 45572U 20025AT  23030.42995577 -.00000353  00000-0 -48307-5 0  9998
2 45572  53.0546 128.5123 0001157  94.8581 265.2540 15.06375713153943
1 45572U 20025AT  23030.49630085 -.00000744  00000-0 -31048-4 0  9992
2 45572  53.0543 128.2142 0001312 102.4660 257.6476 15.06380329154566
1 45572U 20025AT  23030.62899236 -.00000580  00000-0 -20046-4 0  9996
2 45572  53.0547 127.6191 0001212  92.2432 267.8696 15.06385099154587
1 45572U 20025AT  23030.62899236 -.00000580  00000-0 -20046-4 0  9996
2 45572  53.0547 127.6191 0001212  92.2432 267.8696 15.06385099153979
1 45572U 20025AT  23030.96072179 -.00000400  00000-0 -79891-5 0  9996
2 45572  53.0547 126.1297 0001145  94.8921 265.2199 15.06393517154027
1 45572U 20025AT  23031.49148889  .00002346  00000-0  17629-3 0  9995
2 45572  53.0547 123.7468 0001194 102.7242 257.3880 15.06402511154719
1 45572U 20025AT  23031.62418110  .00002622  00000-0  19484-3 0  9995
2 45572  53.0547 123.1511 0001202 104.0127 256.0996 15.06404382154733
1 45572U 20025AT  23031.62418110  .00002622  00000-0  19484-3 0  9995
2 45572  53.0547 123.1511 0001202 104.0127 256.0996 15.06404382154126
