1 45576U 20025AX  22365.00617796  .00004280  00000-0  30602-3 0  9998
2 45576  53.0546 265.0998 0001638  61.9421 298.1734 15.06400440149363
1 45576U 20025AX  22365.13886842  .00004763  00000-0  33840-3 0  9995
2 45576  53.0545 264.5038 0001668  62.6725 297.4434 15.06404963149991
1 45576U 20025AX  23001.13407608  .00002270  00000-0  17124-3 0  9990
2 45576  53.0546 260.0364 0001637  64.5807 295.5351 15.06402766149539
1 45576U 20025AX  23001.39948102 -.00000040  00000-0  16216-4 0  9993
2 45576  53.0546 258.8455 0001733  62.5793 297.5372 15.06385541150183
1 45576U 20025AX  23001.39948102 -.00000040  00000-0  16216-4 0  9993
2 45576  53.0546 258.8455 0001733  62.5793 297.5372 15.06385541149574
1 45576U 20025AX  23002.12929417 -.00001657  00000-0 -92381-4 0  9996
2 45576  53.0553 255.5698 0001823  58.4893 301.6274 15.06397013149687
1 45576U 20025AX  23002.39467564 -.00000925  00000-0 -43214-4 0  9993
2 45576  53.0547 254.3779 0001636  64.0943 296.0214 15.06402937150335
1 45576U 20025AX  23002.39467564 -.00000925  00000-0 -43214-4 0  9993
2 45576  53.0547 254.3779 0001636  64.0943 296.0214 15.06402937149726
1 45576U 20025AX  23003.38988104  .00000712  00000-0  66737-4 0  9998
2 45576  53.0539 249.9099 0001688  65.0769 295.0396 15.06393829150480
1 45576U 20025AX  23003.38988104  .00000712  00000-0  66737-4 0  9998
2 45576  53.0539 249.9099 0001688  65.0769 295.0396 15.06393829149871
1 45576U 20025AX  23004.38508634  .00002063  00000-0  15734-3 0  9996
2 45576  53.0534 245.4431 0001654  66.4280 293.6882 15.06395650150637
1 45576U 20025AX  23005.11489716  .00012089  00000-0  82884-3 0  9996
2 45576  53.0530 242.1664 0001625  64.5396 295.5761 15.06411190150130
1 45576U 20025AX  23005.18124318  .00011804  00000-0  80974-3 0  9999
2 45576  53.0529 241.8684 0001681  64.7726 295.3437 15.06412739150753
1 45576U 20025AX  23005.77835766  .00008260  00000-0  57246-3 0  9998
2 45576  53.0526 239.1880 0001645  66.3546 293.7616 15.06421285150843
1 45576U 20025AX  23005.77835766  .00008260  00000-0  57246-3 0  9998
2 45576  53.0526 239.1880 0001645  66.3546 293.7616 15.06421285150236
1 45576U 20025AX  23006.64087631 -.00004433  00000-0 -27898-3 0  9995
2 45576  53.0529 235.3156 0001780  69.2562 290.8618 15.06387360150979
1 45576U 20025AX  23006.64087631 -.00004433  00000-0 -27898-3 0  9995
2 45576  53.0529 235.3156 0001780  69.2562 290.8618 15.06387360150362
1 45576U 20025AX  23007.03895832 -.00000947  00000-0 -44658-4 0  9999
2 45576  53.0525 233.5285 0001714  70.0608 290.0565 15.06393730151035
1 45576U 20025AX  23007.03895832 -.00000947  00000-0 -44658-4 0  9999
2 45576  53.0525 233.5285 0001714  70.0608 290.0565 15.06393730150427
1 45576U 20025AX  23007.90147313  .00003393  00000-0  24662-3 0  9997
2 45576  53.0521 229.6564 0001629  69.7596 290.3568 15.06392280151162
1 45576U 20025AX  23008.29955746  .00002149  00000-0  16316-3 0  9992
2 45576  53.0522 227.8698 0001605  68.3671 291.7489 15.06389744151229
1 45576U 20025AX  23008.29955746  .00002149  00000-0  16316-3 0  9992
2 45576  53.0522 227.8698 0001605  68.3671 291.7489 15.06389744150611
1 45576U 20025AX  23008.89667160 -.00003072  00000-0 -18737-3 0  9995
2 45576  53.0522 225.1890 0001456  69.2610 290.8535 15.06406857151318
1 45576U 20025AX  23009.56014304  .00004066  00000-0  29167-3 0  9997
2 45576  53.0526 222.2103 0001556  68.4200 291.6955 15.06405237150803
1 45576U 20025AX  23009.62648996  .00005373  00000-0  37927-3 0  9999
2 45576  53.0523 221.9124 0001578  68.4895 291.6262 15.06405954151429
1 45576U 20025AX  23010.35630696  .00001215  00000-0  10042-3 0  9999
2 45576  53.0519 218.6360 0001552  67.3028 292.8125 15.06399215151532
1 45576U 20025AX  23010.35630696  .00001215  00000-0  10042-3 0  9999
2 45576  53.0519 218.6360 0001552  67.3028 292.8125 15.06399215150924
1 45576U 20025AX  23010.82073292  .00001497  00000-0  11935-3 0  9998
2 45576  53.0519 216.5509 0001549  67.8847 292.2307 15.06402062151603
1 45576U 20025AX  23011.55054227  .00002436  00000-0  18235-3 0  9990
2 45576  53.0523 213.2745 0001540  67.3544 292.7608 15.06410537151711
1 45576U 20025AX  23011.81592674  .00002997  00000-0  21995-3 0  9991
2 45576  53.0525 212.0830 0001539  68.0128 292.1024 15.06412932151750
1 45576U 20025AX  23011.81592674  .00002997  00000-0  21995-3 0  9991
2 45576  53.0525 212.0830 0001539  68.0128 292.1024 15.06412932151143
1 45576U 20025AX  23012.81114478 -.00000678  00000-0 -26602-4 0  9991
2 45576  53.0532 207.6157 0001450  72.0871 288.0276 15.06389508151296
1 45576U 20025AX  23013.54095658 -.00000732  00000-0 -30275-4 0  9992
2 45576  53.0523 204.3392 0001445  74.6136 285.5012 15.06393516152012
1 45576U 20025AX  23013.54095658 -.00000732  00000-0 -30275-4 0  9992
2 45576  53.0523 204.3392 0001445  74.6136 285.5012 15.06393516151404
1 45576U 20025AX  23013.80634417  .00000110  00000-0  26296-4 0  9999
2 45576  53.0521 203.1476 0001454  74.8582 285.2567 15.06395298152052
1 45576U 20025AX  23014.20441536 -.00007599  00000-0 -49162-3 0  9998
2 45576  53.0520 201.3604 0001430  79.5507 280.5643 15.06412640151500
1 45576U 20025AX  23014.80155262  .00003565  00000-0  25813-3 0  9996
2 45576  53.0520 198.6798 0001451  74.3797 285.7352 15.06396029151594
1 45576U 20025AX  23015.53137125  .00000277  00000-0  37477-4 0  9992
2 45576  53.0515 195.4032 0001485  74.8420 285.2733 15.06391745152318
1 45576U 20025AX  23015.79675740  .00001608  00000-0  12682-3 0  9999
2 45576  53.0519 194.2120 0001410  74.0002 286.1142 15.06396408152352
1 45576U 20025AX  23015.79675740  .00001608  00000-0  12682-3 0  9999
2 45576  53.0519 194.2120 0001410  74.0002 286.1142 15.06396408151744
1 45576U 20025AX  23016.52657275  .00001657  00000-0  13008-3 0  9991
2 45576  53.0519 190.9356 0001382  78.5688 281.5456 15.06398440152460
1 45576U 20025AX  23016.85830428  .00002085  00000-0  15879-3 0  9994
2 45576  53.0519 189.4463 0001364  78.5499 281.5643 15.06403500152510
1 45576U 20025AX  23016.85830428  .00002085  00000-0  15879-3 0  9994
2 45576  53.0519 189.4463 0001364  78.5499 281.5643 15.06403500151902
1 45576U 20025AX  23017.45543068  .00000803  00000-0  72833-4 0  9992
2 45576  53.0519 186.7657 0001339  82.8969 277.2172 15.06394648152608
1 45576U 20025AX  23017.45543068  .00000803  00000-0  72833-4 0  9992
2 45576  53.0519 186.7657 0001339  82.8969 277.2172 15.06394648151999
1 45576U 20025AX  23017.72081690  .00001437  00000-0  11535-3 0  9995
2 45576  53.0519 185.5742 0001320  83.9672 276.1467 15.06397810152646
1 45576U 20025AX  23018.51697973  .00000845  00000-0  75634-4 0  9993
2 45576  53.0530 182.0002 0001317  85.6093 274.5046 15.06397626152765
1 45576U 20025AX  23018.71601435  .00001702  00000-0  13311-3 0  9999
2 45576  53.0531 181.1065 0001278  87.7774 272.3362 15.06404013152799
1 45576U 20025AX  23018.71601435  .00001702  00000-0  13311-3 0  9999
2 45576  53.0531 181.1065 0001278  87.7774 272.3362 15.06404013152182
1 45576U 20025AX  23019.44583911  .00000400  00000-0  45742-4 0  9996
2 45576  53.0533 177.8303 0001214  89.1772 270.9356 15.06391657152293
1 45576U 20025AX  23019.51218590  .00000349  00000-0  42317-4 0  9999
2 45576  53.0532 177.5323 0001219  89.3279 270.7850 15.06391820152918
1 45576U 20025AX  23019.71122555  .00000524  00000-0  54048-4 0  9995
2 45576  53.0535 176.6392 0001172  85.4970 274.6153 15.06393597152945
1 45576U 20025AX  23020.64007505  .00001234  00000-0  10173-3 0  9995
2 45576  53.0536 172.4693 0001160  81.6738 278.4383 15.06401656152472
1 45576U 20025AX  23021.43622575 -.00019635  00000-0 -13003-2 0  9993
2 45576  53.0533 168.8950 0000763  63.1697 296.9370 15.06475679152591
1 45576U 20025AX  23021.70162755  .00001737  00000-0  13549-3 0  9990
2 45576  53.0535 167.7045 0001171  78.3959 281.7161 15.06398676152635
1 45576U 20025AX  23022.76317565  .00001044  00000-0  88959-4 0  9997
2 45576  53.0531 162.9401 0001160  77.1467 282.9652 15.06405791152795
1 45576U 20025AX  23023.09491677  .00000411  00000-0  46462-4 0  9991
2 45576  53.0531 161.4496 0001097  95.6396 264.4718 15.06395401152848
1 45576U 20025AX  23024.35550793  .00000099  00000-0  25525-4 0  9995
2 45576  53.0533 155.7903 0001050  97.9983 262.1126 15.06398157153036
1 45576U 20025AX  23025.48340731  .00000278  00000-0  37525-4 0  9991
2 45576  53.0529 150.7279 0001112  88.3393 271.7723 15.06393085153203
1 45576U 20025AX  23025.61609902  .00000623  00000-0  60695-4 0  9992
2 45576  53.0530 150.1318 0001057  95.5264 264.5845 15.06395374153835
1 45576U 20025AX  23026.61129654  .00000855  00000-0  76294-4 0  9993
2 45576  53.0533 145.6624 0001212  96.5777 263.5350 15.06404410153988
1 45576U 20025AX  23026.61129654  .00000855  00000-0  76294-4 0  9993
2 45576  53.0533 145.6624 0001212  96.5777 263.5350 15.06404410153371
1 45576U 20025AX  23027.00938087 -.00000116  00000-0  11125-4 0  9998
2 45576  53.0537 143.8763 0001328  79.5063 280.6076 15.06401254153431
1 45576U 20025AX  23027.60650574  .00000803  00000-0  72788-4 0  9990
2 45576  53.0533 141.1950 0001109  86.9365 273.1750 15.06396487154135
1 45576U 20025AX  23027.60650574  .00000803  00000-0  72788-4 0  9990
2 45576  53.0533 141.1950 0001109  86.9365 273.1750 15.06396487153527
1 45576U 20025AX  23028.53536228  .00000357  00000-0  42825-4 0  9995
2 45576  53.0526 137.0253 0001115 108.1484 251.9626 15.06397564154271
1 45576U 20025AX  23028.73439888  .00000784  00000-0  71488-4 0  9992
2 45576  53.0530 136.1315 0001056  96.9904 263.1205 15.06402787154306
1 45576U 20025AX  23028.73439888  .00000784  00000-0  71488-4 0  9992
2 45576  53.0530 136.1315 0001056  96.9904 263.1205 15.06402787153697
1 45576U 20025AX  23029.46422280  .00000728  00000-0  67797-4 0  9997
2 45576  53.0531 132.8555 0001027 101.4808 258.6296 15.06390762153801
1 45576U 20025AX  23029.59691392  .00000599  00000-0  59088-4 0  9993
2 45576  53.0527 132.2591 0000719  92.8574 267.2498 15.06395688154432
1 45576U 20025AX  23030.45942427  .00000180  00000-0  30966-4 0  9998
2 45576  53.0537 128.3888 0000991  84.6323 275.4779 15.06397466154564
1 45576U 20025AX  23030.99021049 -.00001808  00000-0 -10253-3 0  9991
2 45576  53.0531 126.0070 0000974  73.9638 286.1458 15.06387936154033
1 45576U 20025AX  23031.45464813 -.00001242  00000-0 -64534-4 0  9997
2 45576  53.0539 123.9230 0001127  68.4617 291.6492 15.06378943154107
1 45576U 20025AX  23031.52099454 -.00001062  00000-0 -52424-4 0  9995
2 45576  53.0535 123.6249 0001159  69.3482 290.7631 15.06380014154720
