1 45573U 20025AU  22365.02093219  .00004046  00000-0  29046-3 0  9995
2 45573  53.0548 265.0263 0001505  68.7534 291.3615 15.06390136149363
1 45573U 20025AU  22365.41900620  .00004900  00000-0  34765-3 0  9994
2 45573  53.0547 263.2368 0001626  72.7552 287.3615 15.06399886149723
1 45573U 20025AU  22365.41900620  .00004900  00000-0  34765-3 0  9994
2 45573  53.0547 263.2368 0001626  72.7552 287.3615 15.06399886149420
1 45573U 20025AU  22365.75074044  .00003451  00000-0  25038-3 0  9996
2 45573  53.0549 261.7509 0001484  68.1165 291.9981 15.06407338149770
1 45573U 20025AU  23001.08248311  .00001746  00000-0  13610-3 0  9998
2 45573  53.0543 260.2611 0001546  63.0421 297.0726 15.06397108149520
1 45573U 20025AU  23001.41423236  .00000268  00000-0  36938-4 0  9993
2 45573  53.0542 258.7702 0001596  69.4366 290.6794 15.06380132149876
1 45573U 20025AU  23001.41423236  .00000268  00000-0  36938-4 0  9993
2 45573  53.0542 258.7702 0001596  69.4366 290.6794 15.06380132149573
1 45573U 20025AU  23001.81231763 -.00002251  00000-0 -13232-3 0  9996
2 45573  53.0539 256.9831 0001532  73.6614 286.4543 15.06386606149932
1 45573U 20025AU  23002.40943474 -.00001989  00000-0 -11470-3 0  9990
2 45573  53.0539 254.3022 0001557  73.0675 287.0485 15.06395886150028
1 45573U 20025AU  23002.40943474 -.00001989  00000-0 -11470-3 0  9990
2 45573  53.0539 254.3022 0001557  73.0675 287.0485 15.06395886149723
1 45573U 20025AU  23002.94020468 -.00000774  00000-0 -33087-4 0  9998
2 45573  53.0536 251.9193 0001535  71.6863 288.4293 15.06399992150109
1 45573U 20025AU  23003.07289620  .00000050  00000-0  22226-4 0  9998
2 45573  53.0538 251.3235 0001624  69.1765 290.9398 15.06401610149826
1 45573U 20025AU  23003.40462768  .00002015  00000-0  15410-3 0  9990
2 45573  53.0537 249.8346 0001581  72.7173 287.3989 15.06402045150174
1 45573U 20025AU  23004.06810628  .00002927  00000-0  21536-3 0  9993
2 45573  53.0535 246.8562 0001585  75.6636 284.4528 15.06390572149973
1 45573U 20025AU  23004.39983472  .00003291  00000-0  23971-3 0  9997
2 45573  53.0539 245.3670 0001580  76.2641 283.8524 15.06402502150023
1 45573U 20025AU  23004.93059685  .00004248  00000-0  30378-3 0  9999
2 45573  53.0536 242.9840 0001580  76.5074 283.6091 15.06417055150403
1 45573U 20025AU  23005.06329172  .00007334  00000-0  51041-3 0  9994
2 45573  53.0528 242.3884 0001619  76.5094 283.6075 15.06425866150424
1 45573U 20025AU  23005.06329172  .00007334  00000-0  51041-3 0  9994
2 45573  53.0528 242.3884 0001619  76.5094 283.6075 15.06425866150121
1 45573U 20025AU  23005.66040798  .00003402  00000-0  24702-3 0  9990
2 45573  53.0524 239.7078 0001614  75.5753 284.5415 15.06418777150512
1 45573U 20025AU  23005.66040798  .00003402  00000-0  24702-3 0  9990
2 45573  53.0524 239.7078 0001614  75.5753 284.5415 15.06418777150219
1 45573U 20025AU  23006.32388122 -.00001460  00000-0 -79124-4 0  9993
2 45573  53.0525 236.7293 0001077  61.8936 298.2162 15.06398549150316
1 45573U 20025AU  23006.65562161 -.00004318  00000-0 -27124-3 0  9993
2 45573  53.0523 235.2396 0001611  75.1466 284.9701 15.06391266150660
1 45573U 20025AU  23006.65562161 -.00004318  00000-0 -27124-3 0  9993
2 45573  53.0523 235.2396 0001611  75.1466 284.9701 15.06391266150367
1 45573U 20025AU  23007.05370325 -.00003595  00000-0 -22262-3 0  9991
2 45573  53.0518 233.4529 0001626  76.8664 283.2506 15.06392307150725
1 45573U 20025AU  23007.65082743  .00002665  00000-0  19777-3 0  9993
2 45573  53.0519 230.7724 0001436  73.0119 287.1028 15.06393103150510
1 45573U 20025AU  23007.91621469  .00004565  00000-0  32520-3 0  9998
2 45573  53.0518 229.5812 0001413  75.4518 284.6627 15.06398007150859
1 45573U 20025AU  23008.51333404  .00009304  00000-0  64246-3 0  9990
2 45573  53.0514 226.9006 0001418  77.3539 282.7609 15.06411848150948
1 45573U 20025AU  23008.71237660  .00002178  00000-0  16508-3 0  9999
2 45573  53.0511 226.0071 0001521  67.2272 292.8878 15.06401266150971
1 45573U 20025AU  23008.71237660  .00002178  00000-0  16508-3 0  9999
2 45573  53.0511 226.0071 0001521  67.2272 292.8878 15.06401266150678
1 45573U 20025AU  23009.50853721  .00004398  00000-0  31391-3 0  9992
2 45573  53.0510 222.4324 0001359  76.5806 283.5334 15.06405286151090
1 45573U 20025AU  23009.70757688  .00005043  00000-0  35715-3 0  9991
2 45573  53.0510 221.5387 0001342  76.7078 283.4061 15.06406162151128
1 45573U 20025AU  23009.97296313  .00006363  00000-0  44554-3 0  9990
2 45573  53.0510 220.3472 0001362  76.0966 284.0174 15.06408647150863
1 45573U 20025AU  23010.30469873  .00002780  00000-0  20541-3 0  9991
2 45573  53.0510 218.8578 0001381  75.3481 284.7661 15.06401234150916
1 45573U 20025AU  23010.57008678  .00001182  00000-0  98209-4 0  9994
2 45573  53.0510 217.6665 0001419  75.8003 284.3144 15.06399171151253
1 45573U 20025AU  23010.83547442  .00000832  00000-0  74719-4 0  9991
2 45573  53.0513 216.4750 0001417  76.2760 283.8387 15.06399134151297
1 45573U 20025AU  23011.49894060  .00002611  00000-0  19406-3 0  9993
2 45573  53.0514 213.4963 0001416  76.0270 284.0876 15.06404488151390
1 45573U 20025AU  23011.49894060  .00002611  00000-0  19406-3 0  9993
2 45573  53.0514 213.4963 0001416  76.0270 284.0876 15.06404488151097
1 45573U 20025AU  23011.83067122  .00002645  00000-0  19637-3 0  9995
2 45573  53.0515 212.0069 0001391  76.9604 283.1540 15.06408447151448
1 45573U 20025AU  23012.82588534 -.00000476  00000-0 -13080-4 0  9999
2 45573  53.0528 207.5392 0001175  76.6100 283.5020 15.06388388151299
1 45573U 20025AU  23013.55570138 -.00000115  00000-0  11160-4 0  9997
2 45573  53.0520 204.2635 0001194  76.5111 283.6011 15.06394819151700
1 45573U 20025AU  23013.82108812  .00000957  00000-0  83153-4 0  9997
2 45573  53.0517 203.0712 0001278  82.1938 277.9195 15.06397507151742
1 45573U 20025AU  23013.82108812  .00000957  00000-0  83153-4 0  9997
2 45573  53.0517 203.0712 0001278  82.1938 277.9195 15.06397507151449
1 45573U 20025AU  23014.55090927  .00002654  00000-0  19705-3 0  9992
2 45573  53.0518 199.7953 0001234  82.2778 277.8351 15.06393242151550
1 45573U 20025AU  23015.47975662  .00005818  00000-0  40903-3 0  9991
2 45573  53.0516 195.6250 0001207  90.4597 269.6530 15.06412658151699
1 45573U 20025AU  23015.54610239  .00006049  00000-0  42446-3 0  9996
2 45573  53.0516 195.3272 0001206  90.5189 269.5938 15.06414182152008
1 45573U 20025AU  23015.81148592  .00008945  00000-0  61827-3 0  9995
2 45573  53.0516 194.1360 0001176  90.4616 269.6508 15.06421734152042
1 45573U 20025AU  23016.47496024 -.00004527  00000-0 -28528-3 0  9999
2 45573  53.0516 191.1574 0001166  81.2311 278.8810 15.06391834152141
1 45573U 20025AU  23016.47496024 -.00004527  00000-0 -28528-3 0  9999
2 45573  53.0516 191.1574 0001166  81.2311 278.8810 15.06391834151847
1 45573U 20025AU  23016.87304430 -.00000252  00000-0  19933-5 0  9994
2 45573  53.0516 189.3702 0001165  78.9964 281.1156 15.06391818152208
1 45573U 20025AU  23017.47017266  .00010180  00000-0  70149-3 0  9993
2 45573  53.0515 186.6896 0001212  75.3212 284.7911 15.06390899152296
1 45573U 20025AU  23017.73555991  .00011538  00000-0  79224-3 0  9995
2 45573  53.0515 185.4982 0001228  74.0464 286.0660 15.06398833152338
1 45573U 20025AU  23017.73555991  .00011538  00000-0  79224-3 0  9995
2 45573  53.0515 185.4982 0001228  74.0464 286.0660 15.06398833152035
1 45573U 20025AU  23018.46537583  .00007820  00000-0  54321-3 0  9993
2 45573  53.0515 182.2217 0001202  74.1275 285.9847 15.06403102152147
1 45573U 20025AU  23018.59806893  .00007306  00000-0  50878-3 0  9992
2 45573  53.0516 181.6258 0001165  75.8288 284.2830 15.06404630152462
1 45573U 20025AU  23018.73076176  .00007781  00000-0  54059-3 0  9993
2 45573  53.0516 181.0304 0001208  73.4059 286.7062 15.06407357152481
1 45573U 20025AU  23019.12884315  .00004819  00000-0  34215-3 0  9990
2 45573  53.0515 179.2439 0001126  68.0869 292.0239 15.06404106152245
1 45573U 20025AU  23019.46058056  .00000304  00000-0  39304-4 0  9992
2 45573  53.0520 177.7547 0001152  80.0179 280.0940 15.06394344152597
1 45573U 20025AU  23019.46058056  .00000304  00000-0  39304-4 0  9992
2 45573  53.0520 177.7547 0001152  80.0179 280.0940 15.06394344152294
1 45573U 20025AU  23020.12404786  .00002124  00000-0  16141-3 0  9997
2 45573  53.0537 174.7770 0001196  83.4715 276.6410 15.06400973152691
1 45573U 20025AU  23020.78751226  .00005891  00000-0  41393-3 0  9994
2 45573  53.0522 171.7977 0001186  84.1234 275.9890 15.06410375152493
1 45573U 20025AU  23021.11924966  .00002400  00000-0  17998-3 0  9992
2 45573  53.0518 170.3059 0001318  82.8486 277.2652 15.06400421152543
1 45573U 20025AU  23022.37984213  .00001248  00000-0  10267-3 0  9993
2 45573  53.0526 164.6495 0001294  88.2121 271.9016 15.06397865152734
1 45573U 20025AU  23023.37504848  .00001125  00000-0  94431-4 0  9996
2 45573  53.0526 160.1818 0001367  86.4748 273.6397 15.06394251152883
1 45573U 20025AU  23024.63563569  .00004024  00000-0  28885-3 0  9991
2 45573  53.0534 154.5239 0001235  74.8585 285.2540 15.06407220153072
1 45573U 20025AU  23025.49815497  .00001138  00000-0  95283-4 0  9996
2 45573  53.0526 150.6505 0001402  82.1112 278.0036 15.06389151153207
1 45573U 20025AU  23025.56450150  .00001127  00000-0  94529-4 0  9995
2 45573  53.0536 150.3534 0001254  77.0328 283.0801 15.06389962153514
1 45573U 20025AU  23025.63084755  .00001184  00000-0  98375-4 0  9993
2 45573  53.0540 150.0556 0001151  72.9037 287.2078 15.06391691153522
1 45573U 20025AU  23026.49335072  .00000559  00000-0  56400-4 0  9997
2 45573  53.0538 146.1835 0001145  72.8177 287.2937 15.06403789153359
1 45573U 20025AU  23026.55969486  .00000964  00000-0  83609-4 0  9997
2 45573  53.0537 145.8857 0001175  72.9693 287.1424 15.06406775153667
1 45573U 20025AU  23027.48856067  .00001012  00000-0  86820-4 0  9993
2 45573  53.0543 141.7159 0001274  88.3977 271.7158 15.06391303153506
1 45573U 20025AU  23027.55490898  .00000946  00000-0  82419-4 0  9992
2 45573  53.0540 141.4183 0001329  82.4317 277.6823 15.06390433153812
1 45573U 20025AU  23027.62125583  .00001611  00000-0  12704-3 0  9995
2 45573  53.0548 141.1209 0001309  82.0316 278.0821 15.06389679153823
1 45573U 20025AU  23028.55010373  .00000001  00000-0  18984-4 0  9997
2 45573  53.0536 136.9496 0001155  88.7136 271.3985 15.06405612153960
1 45573U 20025AU  23028.68279529  .00000534  00000-0  54715-4 0  9994
2 45573  53.0538 136.3540 0001193  89.9923 270.1203 15.06407569153980
1 45573U 20025AU  23028.68279529  .00000534  00000-0  54715-4 0  9994
2 45573  53.0538 136.3540 0001193  89.9923 270.1203 15.06407569153687
1 45573U 20025AU  23029.01453393 -.00001216  00000-0 -62780-4 0  9996
2 45573  53.0545 134.8660 0001171  81.5604 278.5518 15.06402958153735
1 45573U 20025AU  23029.47897113  .00000976  00000-0  84422-4 0  9995
2 45573  53.0547 132.7816 0001349  86.1085 274.0058 15.06388377153804
1 45573U 20025AU  23029.67800902  .00000741  00000-0  68627-4 0  9996
2 45573  53.0539 131.8863 0001339  93.7796 266.3346 15.06394153154139
1 45573U 20025AU  23030.00974080  .00001024  00000-0  87619-4 0  9991
2 45573  53.0538 130.3977 0001208  89.6119 270.5008 15.06396293153886
1 45573U 20025AU  23030.47416347  .00001360  00000-0  11019-3 0  9992
2 45573  53.0538 128.3125 0001235  89.6624 270.4506 15.06404996154253
1 45573U 20025AU  23030.47416347  .00001360  00000-0  11019-3 0  9992
2 45573  53.0538 128.3125 0001235  89.6624 270.4506 15.06404996153959
1 45573U 20025AU  23031.46937151  .00001672  00000-0  13110-3 0  9993
2 45573  53.0545 123.8476 0001380  73.3014 286.8127 15.06396591154402
1 45573U 20025AU  23031.46937151  .00001672  00000-0  13110-3 0  9993
2 45573  53.0545 123.8476 0001380  73.3014 286.8127 15.06396591154109
1 45573U 20025AU  23031.93379754  .00000286  00000-0  38081-4 0  9999
2 45573  53.0537 121.7610 0001135  92.6768 267.4350 15.06400279154477
