1 45587U 20025BJ  22365.12780773  .00004470  00000-0  31872-3 0  9990
2 45587  53.0541 264.5459 0001340 104.4391 255.6746 15.06406260149384
1 45587U 20025BJ  22365.45953781  .00004599  00000-0  32736-3 0  9999
2 45587  53.0535 263.0562 0001107 109.1892 250.9217 15.06408760150037
1 45587U 20025BJ  22365.72493104  .00003935  00000-0  28285-3 0  9994
2 45587  53.0543 261.8654 0001456 104.0750 256.0401 15.06404490150070
1 45587U 20025BJ  23001.12301660 -.00000039  00000-0  16292-4 0  9990
2 45587  53.0529 260.0783 0001360 103.4118 256.7023 15.06401748150130
1 45587U 20025BJ  23001.12301660 -.00000039  00000-0  16292-4 0  9990
2 45587  53.0529 260.0783 0001360 103.4118 256.7023 15.06401748149532
1 45587U 20025BJ  23001.72014634 -.00006428  00000-0 -41318-3 0  9993
2 45587  53.0535 257.3942 0001566 110.3753 249.7405 15.06383573150224
1 45587U 20025BJ  23001.72014634 -.00006428  00000-0 -41318-3 0  9993
2 45587  53.0535 257.3942 0001566 110.3753 249.7405 15.06383573149626
1 45587U 20025BJ  23002.38361955 -.00002515  00000-0 -15003-3 0  9992
2 45587  53.0535 254.4180 0001434 107.8623 252.2523 15.06390511150328
1 45587U 20025BJ  23002.38361955 -.00002515  00000-0 -15003-3 0  9992
2 45587  53.0535 254.4180 0001434 107.8623 252.2523 15.06390511149720
1 45587U 20025BJ  23002.71535890  .00001820  00000-0  14112-3 0  9996
2 45587  53.0536 252.9288 0001252 110.5796 249.5327 15.06385581150378
1 45587U 20025BJ  23003.37882875  .00009098  00000-0  62887-3 0  9994
2 45587  53.0534 249.9504 0001379 107.8845 252.2295 15.06402549150477
1 45587U 20025BJ  23003.71056087  .00008790  00000-0  60813-3 0  9995
2 45587  53.0532 248.4614 0001369 109.7550 250.3587 15.06409329149928
1 45587U 20025BJ  23003.97595168  .00002721  00000-0  20151-3 0  9990
2 45587  53.0533 247.2703 0001402 109.6672 250.4468 15.06398650149964
1 45587U 20025BJ  23004.37403024  .00005974  00000-0  41952-3 0  9999
2 45587  53.0531 245.4833 0001387 110.4691 249.6447 15.06407882150629
1 45587U 20025BJ  23005.10383517  .00010341  00000-0  71162-3 0  9995
2 45587  53.0527 242.2072 0001378 112.2447 247.8688 15.06424633150139
1 45587U 20025BJ  23005.36922314  .00005534  00000-0  38994-3 0  9991
2 45587  53.0523 241.0139 0001639 117.0688 243.0468 15.06416781150775
1 45587U 20025BJ  23005.36922314  .00005534  00000-0  38994-3 0  9991
2 45587  53.0523 241.0139 0001639 117.0688 243.0468 15.06416781150179
1 45587U 20025BJ  23006.36441749  .00006292  00000-0  44087-3 0  9992
2 45587  53.0525 236.5460 0000987 199.1895 160.9056 15.06405358150328
1 45587U 20025BJ  23006.76251346 -.00002399  00000-0 -14229-3 0  9999
2 45587  53.0513 234.7607 0001527 113.3908 246.7242 15.06375389150984
1 45587U 20025BJ  23006.76251346 -.00002399  00000-0 -14229-3 0  9999
2 45587  53.0513 234.7607 0001527 113.3908 246.7242 15.06375389150388
1 45587U 20025BJ  23007.75771240  .00015905  00000-0  10838-2 0  9995
2 45587  53.0518 230.2907 0001392 135.6431 224.4669 15.06414990151137
1 45587U 20025BJ  23007.75771240  .00015905  00000-0  10838-2 0  9995
2 45587  53.0518 230.2907 0001392 135.6431 224.4669 15.06414990150530
1 45587U 20025BJ  23008.02310250  .00006864  00000-0  47918-3 0  9990
2 45587  53.0514 229.1035 0001268  84.8155 275.2979 15.06404121151179
1 45587U 20025BJ  23008.02310250  .00006864  00000-0  47918-3 0  9990
2 45587  53.0514 229.1035 0001268  84.8155 275.2979 15.06404121150572
1 45587U 20025BJ  23008.88560769  .00008581  00000-0  59408-3 0  9991
2 45587  53.0514 225.2267 0001856 103.0235 257.0961 15.06412169151304
1 45587U 20025BJ  23009.61542327  .00000349  00000-0  42340-4 0  9995
2 45587  53.0519 221.9526 0001197 107.2051 252.9069 15.06400292151419
1 45587U 20025BJ  23009.61542327  .00000349  00000-0  42340-4 0  9995
2 45587  53.0519 221.9526 0001197 107.2051 252.9069 15.06400292150812
1 45587U 20025BJ  23009.88081039  .00000091  00000-0  24997-4 0  9994
2 45587  53.0521 220.7609 0001179 106.5986 253.5132 15.06400448151455
1 45587U 20025BJ  23010.27889883 -.00000437  00000-0 -10445-4 0  9991
2 45587  53.0524 218.9740 0001244 106.4353 253.6773 15.06389119151513
1 45587U 20025BJ  23010.27889883 -.00000437  00000-0 -10445-4 0  9991
2 45587  53.0524 218.9740 0001244 106.4353 253.6773 15.06389119150916
1 45587U 20025BJ  23010.67698030  .00000468  00000-0  50349-4 0  9996
2 45587  53.0523 217.1867 0001293 106.1099 254.0032 15.06389823151572
1 45587U 20025BJ  23011.34045078  .00000563  00000-0  56690-4 0  9990
2 45587  53.0526 214.2084 0001217 105.5221 254.5902 15.06392607151070
1 45587U 20025BJ  23011.53949864 -.00000268  00000-0  90514-6 0  9995
2 45587  53.0528 213.3153 0001357 105.1687 254.9452 15.06389312151709
1 45587U 20025BJ  23011.80488873 -.00000642  00000-0 -24216-4 0  9994
2 45587  53.0528 212.1239 0001355 104.7221 255.3918 15.06387490151749
1 45587U 20025BJ  23011.80488873 -.00000642  00000-0 -24216-4 0  9994
2 45587  53.0528 212.1239 0001355 104.7221 255.3918 15.06387490151143
1 45587U 20025BJ  23012.80009053  .00001273  00000-0  10437-3 0  9992
2 45587  53.0525 207.6559 0001430 104.1691 255.9457 15.06393386151294
1 45587U 20025BJ  23012.93278345  .00001270  00000-0  10418-3 0  9994
2 45587  53.0524 207.0603 0001435 103.5660 256.5489 15.06396270151917
1 45587U 20025BJ  23013.52991294  .00001436  00000-0  11534-3 0  9999
2 45587  53.0523 204.3790 0001426 104.5586 255.5561 15.06388503151405
1 45587U 20025BJ  23013.66260686  .00001506  00000-0  12004-3 0  9999
2 45587  53.0525 203.7836 0001391 105.3546 254.7596 15.06389214152025
1 45587U 20025BJ  23014.79049753  .00003038  00000-0  22274-3 0  9996
2 45587  53.0516 198.7200 0001365 104.6371 255.4769 15.06405396151593
1 45587U 20025BJ  23015.52031460  .00001097  00000-0  92522-4 0  9991
2 45587  53.0512 195.4439 0001356 103.7967 256.3173 15.06398756152308
1 45587U 20025BJ  23015.78569950  .00001444  00000-0  11582-3 0  9991
2 45587  53.0510 194.2531 0001268 104.2163 255.8967 15.06401955152347
1 45587U 20025BJ  23015.78569950  .00001444  00000-0  11582-3 0  9991
2 45587  53.0510 194.2531 0001268 104.2163 255.8967 15.06401955151740
1 45587U 20025BJ  23016.51551614 -.00001843  00000-0 -10485-3 0  9997
2 45587  53.0519 190.9758 0001210  94.7699 265.3428 15.06396578152458
1 45587U 20025BJ  23016.78090532 -.00000285  00000-0 -26029-6 0  9996
2 45587  53.0528 189.7845 0001198  99.1636 260.9489 15.06399745151890
1 45587U 20025BJ  23016.84725131 -.00000269  00000-0  80930-6 0  9995
2 45587  53.0530 189.4866 0001183  95.0368 265.0756 15.06401355152507
1 45587U 20025BJ  23017.17898109 -.00002555  00000-0 -15265-3 0  9995
2 45587  53.0532 187.9974 0001144  98.5066 261.6053 15.06411234152556
1 45587U 20025BJ  23017.17898109 -.00002555  00000-0 -15265-3 0  9995
2 45587  53.0532 187.9974 0001144  98.5066 261.6053 15.06411234151959
1 45587U 20025BJ  23017.57706919  .00000777  00000-0  71030-4 0  9991
2 45587  53.0532 186.2102 0001175  90.6889 269.4235 15.06394745152017
1 45587U 20025BJ  23017.84245449  .00000390  00000-0  45070-4 0  9993
2 45587  53.0532 185.0187 0001169  88.1005 272.0118 15.06398565152656
1 45587U 20025BJ  23018.17418508  .00000770  00000-0  70552-4 0  9993
2 45587  53.0534 183.5295 0001137  90.5715 269.5405 15.06403347152702
1 45587U 20025BJ  23018.17418508  .00000770  00000-0  70552-4 0  9993
2 45587  53.0534 183.5295 0001137  90.5715 269.5405 15.06403347152106
1 45587U 20025BJ  23018.77130163  .00002265  00000-0  17085-3 0  9999
2 45587  53.0533 180.8488 0001209  87.5497 272.5631 15.06407545152796
1 45587U 20025BJ  23019.16939230  .00000771  00000-0  70665-4 0  9999
2 45587  53.0534 179.0619 0001352  82.5205 277.5937 15.06397311152854
1 45587U 20025BJ  23019.16939230  .00000771  00000-0  70665-4 0  9999
2 45587  53.0534 179.0619 0001352  82.5205 277.5937 15.06397311152258
1 45587U 20025BJ  23020.16459396  .00000690  00000-0  65241-4 0  9995
2 45587  53.0549 174.5925 0001197  88.8638 271.2488 15.06398600153008
1 45587U 20025BJ  23020.62901745  .00001035  00000-0  88383-4 0  9992
2 45587  53.0539 172.5080 0001152  84.4929 275.6191 15.06403815152477
1 45587U 20025BJ  23021.42518809  .00000478  00000-0  50967-4 0  9993
2 45587  53.0549 168.9297 0001393  88.3874 271.7274 15.06394508152596
1 45587U 20025BJ  23022.68577179  .00002345  00000-0  17627-3 0  9997
2 45587  53.0516 163.2786 0001233  82.9855 277.1274 15.06405644152788
1 45587U 20025BJ  23023.41559218 -.00000592  00000-0 -20843-4 0  9992
2 45587  53.0532 160.0002 0001281  85.8550 274.2586 15.06394393152893
1 45587U 20025BJ  23024.60983294  .00001640  00000-0  12897-3 0  9991
2 45587  53.0529 154.6383 0001159  97.2713 262.8408 15.06402385153070
1 45587U 20025BJ  23025.33965612  .00000246  00000-0  35410-4 0  9994
2 45587  53.0528 151.3622 0001165  97.2439 262.8682 15.06390516153189
1 45587U 20025BJ  23025.60504479  .00000865  00000-0  76960-4 0  9996
2 45587  53.0534 150.1710 0001158  97.2308 262.8812 15.06392055153824
1 45587U 20025BJ  23026.06946803  .00001461  00000-0  11698-3 0  9997
2 45587  53.0542 148.0863 0001206  97.1760 262.9366 15.06396974153293
1 45587U 20025BJ  23026.60024006  .00001793  00000-0  13919-3 0  9995
2 45587  53.0540 145.7046 0001291  89.1292 270.9845 15.06402316153977
1 45587U 20025BJ  23026.66658312  .00001555  00000-0  12326-3 0  9991
2 45587  53.0535 145.4043 0001334 113.1050 247.0080 15.06407354153381
1 45587U 20025BJ  23027.33006239  .00001070  00000-0  90751-4 0  9992
2 45587  53.0540 142.4277 0001062 101.1089 259.0020 15.06391738153486
1 45587U 20025BJ  23027.59544755  .00001577  00000-0  12472-3 0  9995
2 45587  53.0541 141.2380 0001055  82.7328 277.3781 15.06396292154120
1 45587U 20025BJ  23028.52430526  .00000300  00000-0  39028-4 0  9999
2 45587  53.0553 137.0687 0001174 101.3491 258.7629 15.06397605154265
1 45587U 20025BJ  23028.52430526  .00000300  00000-0  39028-4 0  9999
2 45587  53.0553 137.0687 0001174 101.3491 258.7629 15.06397605153668
1 45587U 20025BJ  23028.72334084  .00000660  00000-0  63204-4 0  9995
2 45587  53.0545 136.1736 0001085  99.5161 260.5950 15.06403646154298
1 45587U 20025BJ  23029.45316640 -.00000334  00000-0 -35294-5 0  9993
2 45587  53.0546 132.8966 0000980  99.3006 260.8094 15.06391989153800
1 45587U 20025BJ  23029.65220553  .00000216  00000-0  33369-4 0  9999
2 45587  53.0551 132.0052 0000998  98.1790 261.9312 15.06393745154437
1 45587U 20025BJ  23030.44837170  .00000315  00000-0  40057-4 0  9999
2 45587  53.0558 128.4309 0001040  98.4274 261.6832 15.06391521154554
1 45587U 20025BJ  23030.97914192  .00000699  00000-0  65831-4 0  9999
2 45587  53.0544 126.0464 0001229  81.2297 278.8832 15.06398639154039
1 45587U 20025BJ  23031.50991488  .00001175  00000-0  97724-4 0  9998
2 45587  53.0542 123.6643 0001010  81.0475 279.0628 15.06400496154719
