1 45586U 20025BH  22365.09093081 -.00002909  00000-0 -17621-3 0  9997
2 45586  53.0516 264.7167 0001078  86.3675 273.7437 15.06451525149364
1 45586U 20025BH  22365.42269046  .00009414  00000-0  64971-3 0  9996
2 45586  53.0504 263.2274 0001366  89.1613 270.9532 15.06417708150011
1 45586U 20025BH  22365.42269046  .00009414  00000-0  64971-3 0  9996
2 45586  53.0504 263.2274 0001366  89.1613 270.9532 15.06417708149413
1 45586U 20025BH  22365.82076937  .00004163  00000-0  29809-3 0  9992
2 45586  53.0505 261.4403 0001284  93.7415 266.3720 15.06410568150077
1 45586U 20025BH  23001.15251378  .00002148  00000-0  16309-3 0  9992
2 45586  53.0514 259.9512 0001263  91.3381 268.7752 15.06386990149523
1 45586U 20025BH  23001.55061052 -.00001129  00000-0 -56942-4 0  9992
2 45586  53.0513 258.1644 0001268  85.5226 274.5907 15.06375718150184
1 45586U 20025BH  23001.74965063 -.00002554  00000-0 -15270-3 0  9999
2 45586  53.0511 257.2706 0001227  95.8469 264.2660 15.06381487149617
1 45586U 20025BH  23001.88234152 -.00003110  00000-0 -19004-3 0  9990
2 45586  53.0513 256.6749 0001319  89.4580 270.6560 15.06388743150236
1 45586U 20025BH  23002.08137954 -.00002881  00000-0 -17461-3 0  9994
2 45586  53.0512 255.7812 0001335  90.4758 269.6384 15.06392833149665
1 45586U 20025BH  23002.47945515 -.00003037  00000-0 -18505-3 0  9991
2 45586  53.0511 253.9941 0001335  91.9694 268.1448 15.06401187149727
1 45586U 20025BH  23002.54580210 -.00002349  00000-0 -13887-3 0  9999
2 45586  53.0511 253.6962 0001315  87.5942 272.5198 15.06399327150334
1 45586U 20025BH  23002.94388031 -.00000309  00000-0 -18266-5 0  9992
2 45586  53.0511 251.9087 0001292  92.5616 267.5521 15.06398784150397
1 45586U 20025BH  23003.54100569  .00005815  00000-0  40891-3 0  9999
2 45586  53.0505 249.2280 0001293  92.5747 267.5390 15.06401714150483
1 45586U 20025BH  23003.80639891  .00005121  00000-0  36248-3 0  9994
2 45586  53.0502 248.0367 0001347  92.5875 267.5268 15.06397450149927
1 45586U 20025BH  23004.40351584  .00007871  00000-0  54651-3 0  9993
2 45586  53.0501 245.3560 0001385  92.0260 268.0888 15.06411243150615
1 45586U 20025BH  23004.40351584  .00007871  00000-0  54651-3 0  9993
2 45586  53.0501 245.3560 0001385  92.0260 268.0888 15.06411243150019
1 45586U 20025BH  23004.93428984  .00002971  00000-0  21823-3 0  9991
2 45586  53.0500 242.9731 0001408  92.7149 267.4002 15.06404324150697
1 45586U 20025BH  23005.06698258  .00002620  00000-0  19466-3 0  9990
2 45586  53.0500 242.3773 0001393  93.9084 266.2064 15.06405353150116
1 45586U 20025BH  23005.59775222  .00003056  00000-0  22388-3 0  9996
2 45586  53.0498 239.9943 0001404  94.5098 265.6051 15.06410470150797
1 45586U 20025BH  23005.66409554  .00004420  00000-0  31532-3 0  9993
2 45586  53.0499 239.6965 0001409  94.2393 265.8757 15.06416241150808
1 45586U 20025BH  23005.66409554  .00004420  00000-0  31532-3 0  9993
2 45586  53.0499 239.6965 0001409  94.2393 265.8757 15.06416241150202
1 45586U 20025BH  23006.32757271 -.00002387  00000-0 -14141-3 0  9998
2 45586  53.0498 236.7165 0001524  90.6788 269.4376 15.06390717150900
1 45586U 20025BH  23006.32757271 -.00002387  00000-0 -14141-3 0  9998
2 45586  53.0498 236.7165 0001524  90.6788 269.4376 15.06390717150304
1 45586U 20025BH  23007.05739696 -.00002816  00000-0 -17031-3 0  9998
2 45586  53.0495 233.4413 0001571  85.2219 274.8949 15.06383299151014
1 45586U 20025BH  23007.65451604  .00000439  00000-0  48378-4 0  9990
2 45586  53.0501 230.7605 0001230  96.5533 263.5596 15.06392207151103
1 45586U 20025BH  23007.65451604  .00000439  00000-0  48378-4 0  9990
2 45586  53.0501 230.7605 0001230  96.5533 263.5596 15.06392207150506
1 45586U 20025BH  23008.58338683  .00002042  00000-0  15605-3 0  9992
2 45586  53.0481 226.5920 0001833  88.4421 271.6777 15.06382388151243
1 45586U 20025BH  23008.64973518  .00001712  00000-0  13389-3 0  9991
2 45586  53.0498 226.2923 0001281  96.2971 263.8163 15.06379190151255
1 45586U 20025BH  23008.64973518  .00001712  00000-0  13389-3 0  9991
2 45586  53.0498 226.2923 0001281  96.2971 263.8163 15.06379190150658
1 45586U 20025BH  23008.98146836  .00003152  00000-0  23050-3 0  9999
2 45586  53.0480 224.8039 0002127  80.4438 279.6792 15.06391679150709
1 45586U 20025BH  23009.31319431  .00005767  00000-0  40566-3 0  9995
2 45586  53.0495 223.3138 0001143 105.7103 254.4012 15.06404398151357
1 45586U 20025BH  23009.31319431  .00005767  00000-0  40566-3 0  9995
2 45586  53.0495 223.3138 0001143 105.7103 254.4012 15.06404398150750
1 45586U 20025BH  23009.57858305  .00004892  00000-0  34704-3 0  9996
2 45586  53.0488 222.1220 0001586 101.3928 258.7239 15.06403855151395
1 45586U 20025BH  23009.97666568  .00002258  00000-0  17044-3 0  9990
2 45586  53.0496 220.3350 0001420 104.9624 255.1522 15.06398833150852
1 45586U 20025BH  23010.57378515  .00000509  00000-0  53036-4 0  9999
2 45586  53.0498 217.6532 0001429 109.8704 250.2439 15.06402578151549
1 45586U 20025BH  23010.83917056  .00001043  00000-0  88863-4 0  9997
2 45586  53.0498 216.4621 0001427 107.9192 252.1952 15.06404705151582
1 45586U 20025BH  23010.97186262  .00001982  00000-0  15189-3 0  9991
2 45586  53.0495 215.8659 0001557 106.6951 253.4209 15.06408166151603
1 45586U 20025BH  23011.83436218  .00003603  00000-0  26055-3 0  9992
2 45586  53.0498 211.9944 0001466 102.9334 257.1818 15.06414543151730
1 45586U 20025BH  23011.83436218  .00003603  00000-0  26055-3 0  9992
2 45586  53.0498 211.9944 0001466 102.9334 257.1818 15.06414543151134
1 45586U 20025BH  23012.82957398 -.00003099  00000-0 -18926-3 0  9998
2 45586  53.0489 207.5263 0001741 101.3578 258.7606 15.06390157151280
1 45586U 20025BH  23012.96227713 -.00001900  00000-0 -10873-3 0  9996
2 45586  53.0496 206.9315 0001691 101.1111 259.0068 15.06387763151302
1 45586U 20025BH  23013.55939172 -.00002216  00000-0 -12990-3 0  9994
2 45586  53.0513 204.2503 0001459 102.1172 257.9980 15.06403673151996
1 45586U 20025BH  23013.82477704 -.00002078  00000-0 -12065-3 0  9991
2 45586  53.0507 203.0590 0001409 103.6497 256.4649 15.06405098151431
1 45586U 20025BH  23013.89112427 -.00001061  00000-0 -52369-4 0  9999
2 45586  53.0510 202.7610 0001447 102.2713 257.8438 15.06400932152043
1 45586U 20025BH  23014.48824881  .00001996  00000-0  15290-3 0  9995
2 45586  53.0506 200.0795 0001242  98.7885 261.3244 15.06388972151532
1 45586U 20025BH  23015.48345288  .00001467  00000-0  11739-3 0  9992
2 45586  53.0498 195.6107 0001205  96.2875 263.8251 15.06395597152288
1 45586U 20025BH  23015.81518323  .00001621  00000-0  12765-3 0  9993
2 45586  53.0506 194.1219 0001223  94.2791 265.8337 15.06402105152338
1 45586U 20025BH  23015.81518323  .00001621  00000-0  12765-3 0  9993
2 45586  53.0506 194.1219 0001223  94.2791 265.8337 15.06402105151731
1 45586U 20025BH  23016.47865568  .00000497  00000-0  52233-4 0  9997
2 45586  53.0507 191.1433 0001237  93.2562 266.8569 15.06399055152432
1 45586U 20025BH  23016.47865568  .00000497  00000-0  52233-4 0  9997
2 45586  53.0507 191.1433 0001237  93.2562 266.8569 15.06399055151835
1 45586U 20025BH  23016.74404282  .00000339  00000-0  41643-4 0  9997
2 45586  53.0512 189.9522 0001230  92.2895 267.8234 15.06399145152477
1 45586U 20025BH  23017.47386007  .00000455  00000-0  49465-4 0  9991
2 45586  53.0514 186.6747 0001137  89.5537 270.5582 15.06393947152583
1 45586U 20025BH  23017.73924326  .00000904  00000-0  79561-4 0  9991
2 45586  53.0510 185.4834 0001155  90.5297 269.5824 15.06399461152627
1 45586U 20025BH  23017.73924326  .00000904  00000-0  79561-4 0  9991
2 45586  53.0510 185.4834 0001155  90.5297 269.5824 15.06399461152021
1 45586U 20025BH  23018.40271283  .00000771  00000-0  70632-4 0  9995
2 45586  53.0508 182.5057 0001045  77.3611 282.7495 15.06398441152729
1 45586U 20025BH  23018.66809363 -.00003753  00000-0 -23304-3 0  9997
2 45586  53.0511 181.3141 0000971  84.0905 276.0195 15.06420810152169
1 45586U 20025BH  23019.13252770  .00000099  00000-0  25552-4 0  9990
2 45586  53.0512 179.2296 0000988  85.6294 274.4808 15.06399997152235
1 45586U 20025BH  23019.46426902 -.00000287  00000-0 -34941-6 0  9991
2 45586  53.0536 177.7415 0001433 102.5796 257.5354 15.06392892152885
1 45586U 20025BH  23019.46426902 -.00000287  00000-0 -34941-6 0  9991
2 45586  53.0536 177.7415 0001433 102.5796 257.5354 15.06392892152289
1 45586U 20025BH  23020.12773570  .00000369  00000-0  43645-4 0  9990
2 45586  53.0538 174.7637 0001166  94.1514 265.9609 15.06396106152986
1 45586U 20025BH  23020.65849334 -.00010236  00000-0 -66835-3 0  9991
2 45586  53.0535 172.3824 0001045 103.9503 256.1603 15.06450989152467
1 45586U 20025BH  23021.12293831  .00000465  00000-0  50089-4 0  9995
2 45586  53.0530 170.2890 0001362  76.5363 283.5778 15.06396927152539
1 45586U 20025BH  23021.38833243  .00000837  00000-0  75127-4 0  9993
2 45586  53.0534 169.1037 0001139  96.6185 263.4934 15.06386721152576
1 45586U 20025BH  23021.65371621  .00000856  00000-0  76354-4 0  9994
2 45586  53.0518 167.9114 0001215  91.6156 268.4972 15.06394669152610
1 45586U 20025BH  23022.78160652  .00000127  00000-0  27439-4 0  9990
2 45586  53.0509 162.8472 0001050 105.8780 254.2324 15.06404796152784
1 45586U 20025BH  23024.37393656  .00000647  00000-0  62325-4 0  9999
2 45586  53.0524 155.7003 0001134  68.3872 291.7238 15.06395201153028
1 45586U 20025BH  23025.50183998 -.00000501  00000-0 -14731-4 0  9990
2 45586  53.0528 150.6370 0001343  84.6965 275.4177 15.06389987153192
1 45586U 20025BH  23025.56818511 -.00000046  00000-0  15821-4 0  9996
2 45586  53.0527 150.3385 0001294  84.2339 275.8797 15.06391891153807
1 45586U 20025BH  23025.63452755  .00000266  00000-0  36764-4 0  9990
2 45586  53.0513 150.0392 0001163  90.8986 269.2136 15.06397341153814
1 45586U 20025BH  23025.63452755  .00000266  00000-0  36764-4 0  9990
2 45586  53.0513 150.0392 0001163  90.8986 269.2136 15.06397341153218
1 45586U 20025BH  23026.56338521  .00000968  00000-0  83905-4 0  9995
2 45586  53.0526 145.8707 0001347  97.4895 262.6247 15.06395448153957
1 45586U 20025BH  23027.02781330  .00000711  00000-0  66630-4 0  9999
2 45586  53.0531 143.7850 0001417  90.9848 269.1303 15.06396908153422
1 45586U 20025BH  23027.55859056  .00000742  00000-0  68732-4 0  9997
2 45586  53.0542 141.4024 0001588 101.0053 259.1115 15.06395480154103
1 45586U 20025BH  23027.62493612  .00000924  00000-0  80907-4 0  9997
2 45586  53.0537 141.1044 0001433  98.1114 262.0038 15.06396815154110
1 45586U 20025BH  23028.48745123 -.00000057  00000-0  15097-4 0  9995
2 45586  53.0529 137.2330 0001539  77.3791 282.7370 15.06393664153646
1 45586U 20025BH  23028.55379744 -.00000217  00000-0  43361-5 0  9999
2 45586  53.0530 136.9351 0001661  64.1679 295.9481 15.06395651154257
1 45586U 20025BH  23028.68648476  .00000387  00000-0  44874-4 0  9990
2 45586  53.0521 136.3372 0001290  80.6648 279.4487 15.06400857154271
1 45586U 20025BH  23028.68648476  .00000387  00000-0  44874-4 0  9990
2 45586  53.0521 136.3372 0001290  80.6648 279.4487 15.06400857153674
1 45586U 20025BH  23029.28361171  .00000569  00000-0  57121-4 0  9992
2 45586  53.0531 133.6587 0001432  80.5587 279.5564 15.06392951153764
1 45586U 20025BH  23029.54899790  .00000284  00000-0  37927-4 0  9990
2 45586  53.0531 132.4676 0001241  61.4931 298.6183 15.06396494154406
1 45586U 20025BH  23030.41150778  .00000419  00000-0  47044-4 0  9995
2 45586  53.0522 128.5944 0001454  79.5553 280.5599 15.06394324153934
1 45586U 20025BH  23030.47785446  .00000455  00000-0  49451-4 0  9991
2 45586  53.0523 128.2967 0001462  79.1041 281.0112 15.06394664154546
1 45586U 20025BH  23031.47306130  .00004330  00000-0  30960-3 0  9991
2 45586  53.0524 123.8283 0001167  92.7702 267.3421 15.06377437154691
1 45586U 20025BH  23031.47306130  .00004330  00000-0  30960-3 0  9991
2 45586  53.0524 123.8283 0001167  92.7702 267.3421 15.06377437154095
1 45586U 20025BH  23031.67209538  .00000352  00000-0  42501-4 0  9992
2 45586  53.0531 122.9366 0001336  82.6840 277.4301 15.06398978154120
1 45586U 20025BH  23031.93751193 -.00003407  00000-0 -21015-3 0  9992
2 45586  53.0522 121.7427 0001381  92.5152 267.5995 15.06368899154769
1 45586U 20025BH  23031.93751193 -.00003407  00000-0 -21015-3 0  9992
2 45586  53.0522 121.7427 0001381  92.5152 267.5995 15.06368899154163
