1 45581U 20025BC  22365.00986430  .00015958  00000-0  10869-2 0  9994
2 45581  53.0538 265.0722 0001345 103.0523 257.0616 15.06429347149361
1 45581U 20025BC  22365.14255718  .00013686  00000-0  93521-3 0  9990
2 45581  53.0540 264.4781 0001384  98.4669 261.6477 15.06426962149987
1 45581U 20025BC  22365.73967080  .00006259  00000-0  43843-3 0  9997
2 45581  53.0541 261.7944 0001395 113.1163 246.9973 15.06425116150074
1 45581U 20025BC  23001.13775372 -.00004865  00000-0 -30793-3 0  9993
2 45581  53.0539 260.0098 0001545 106.9751 253.1408 15.06402137149533
1 45581U 20025BC  23001.40314551 -.00005764  00000-0 -36844-3 0  9993
2 45581  53.0536 258.8174 0001484 102.0265 258.0890 15.06392311149574
1 45581U 20025BC  23001.53584204 -.00005039  00000-0 -31969-3 0  9999
2 45581  53.0533 258.2225 0001660  98.1601 261.9576 15.06389044150190
1 45581U 20025BC  23001.80123646 -.00005610  00000-0 -35833-3 0  9997
2 45581  53.0538 257.0309 0001641 104.4274 255.6897 15.06370052150231
1 45581U 20025BC  23002.13297285 -.00003334  00000-0 -20508-3 0  9999
2 45581  53.0539 255.5417 0001565 105.7489 254.3672 15.06384478149683
1 45581U 20025BC  23002.39836221 -.00001698  00000-0 -95188-4 0  9994
2 45581  53.0539 254.3502 0001551 110.8926 249.2229 15.06384799150323
1 45581U 20025BC  23003.06183422  .00002889  00000-0  21280-3 0  9999
2 45581  53.0538 251.3719 0001499 104.7989 255.3166 15.06392015149822
1 45581U 20025BC  23003.39356704  .00004505  00000-0  32115-3 0  9996
2 45581  53.0538 249.8828 0001560 108.0620 252.0539 15.06400067150471
1 45581U 20025BC  23004.38877241  .00006090  00000-0  42728-3 0  9992
2 45581  53.0540 245.4150 0001550 109.5791 250.5365 15.06407425150024
1 45581U 20025BC  23004.91954106  .00009532  00000-0  65760-3 0  9992
2 45581  53.0536 243.0318 0001589 109.2683 250.8478 15.06418468150700
1 45581U 20025BC  23005.45031030  .00005146  00000-0  36398-3 0  9996
2 45581  53.0529 240.6488 0001613 108.7611 251.3553 15.06416710150782
1 45581U 20025BC  23005.45031030  .00005146  00000-0  36398-3 0  9996
2 45581  53.0529 240.6488 0001613 108.7611 251.3553 15.06416710150186
1 45581U 20025BC  23005.71569464  .00004043  00000-0  29003-3 0  9992
2 45581  53.0536 239.4571 0001475 119.4999 240.6138 15.06415942150824
1 45581U 20025BC  23006.64455889 -.00003475  00000-0 -21457-3 0  9995
2 45581  53.0519 235.2877 0001551 109.1928 250.9228 15.06390559150966
1 45581U 20025BC  23006.64455889 -.00003475  00000-0 -21457-3 0  9995
2 45581  53.0519 235.2877 0001551 109.1928 250.9228 15.06390559150360
1 45581U 20025BC  23007.04264625 -.00003133  00000-0 -19161-3 0  9996
2 45581  53.0522 233.5012 0001495 110.4222 249.6927 15.06385243151024
1 45581U 20025BC  23007.90515966  .00003558  00000-0  25769-3 0  9998
2 45581  53.0526 229.6291 0001388 114.3059 245.8075 15.06394138151154
1 45581U 20025BC  23007.97150855  .00005649  00000-0  39791-3 0  9990
2 45581  53.0526 229.3312 0001447 110.4378 249.6767 15.06393501150569
1 45581U 20025BC  23008.56863384  .00003652  00000-0  26401-3 0  9990
2 45581  53.0525 226.6510 0001439 113.8146 246.2994 15.06392229151257
1 45581U 20025BC  23008.63498128  .00003067  00000-0  22476-3 0  9996
2 45581  53.0526 226.3531 0001444 114.0599 246.0541 15.06391348150660
1 45581U 20025BC  23008.90036859  .00003412  00000-0  24785-3 0  9994
2 45581  53.0526 225.1617 0001433 114.7662 245.3476 15.06394900151306
1 45581U 20025BC  23009.29844927  .00003296  00000-0  24006-3 0  9996
2 45581  53.0525 223.3744 0001411 112.8317 247.2821 15.06398287151361
1 45581U 20025BC  23009.63018337  .00003062  00000-0  22437-3 0  9999
2 45581  53.0534 221.8859 0001460 113.5479 246.5663 15.06399908151415
1 45581U 20025BC  23009.96191606  .00003571  00000-0  25849-3 0  9991
2 45581  53.0528 220.3959 0001381 111.9863 248.1273 15.06403668150866
1 45581U 20025BC  23010.35999919  .00001611  00000-0  12705-3 0  9999
2 45581  53.0518 218.6080 0001319 108.5783 251.5349 15.06399096150922
1 45581U 20025BC  23010.55904125  .00001391  00000-0  11224-3 0  9996
2 45581  53.0517 217.7144 0001322 107.9974 252.1159 15.06396150151555
1 45581U 20025BC  23010.82443014  .00001516  00000-0  12067-3 0  9996
2 45581  53.0525 216.5233 0001302 108.0108 252.1023 15.06395946151595
1 45581U 20025BC  23011.55424366  .00001638  00000-0  12885-3 0  9999
2 45581  53.0525 213.2469 0001278 106.9037 253.2092 15.06400740151700
1 45581U 20025BC  23011.81962977  .00001910  00000-0  14709-3 0  9993
2 45581  53.0526 212.0557 0001271 106.6014 253.5114 15.06402578151744
1 45581U 20025BC  23011.81962977  .00001910  00000-0  14709-3 0  9993
2 45581  53.0526 212.0557 0001271 106.6014 253.5114 15.06402578151148
1 45581U 20025BC  23012.81483187  .00001959  00000-0  15039-3 0  9995
2 45581  53.0527 207.5883 0001225 104.5840 255.5285 15.06401432151894
1 45581U 20025BC  23012.94752425  .00002410  00000-0  18062-3 0  9995
2 45581  53.0526 206.9927 0001219 102.6542 257.4583 15.06404331151316
1 45581U 20025BC  23013.54464924  .00000052  00000-0  22363-4 0  9996
2 45581  53.0524 204.3117 0001241 102.8734 257.2393 15.06396445152007
1 45581U 20025BC  23013.81003604  .00000135  00000-0  27966-4 0  9996
2 45581  53.0524 203.1206 0001213 100.8703 259.2423 15.06397264151449
1 45581U 20025BC  23013.87638309  .00000231  00000-0  34389-4 0  9992
2 45581  53.0533 202.8227 0001187 100.7779 259.3344 15.06399852152056
1 45581U 20025BC  23015.20331951  .00000842  00000-0  75404-4 0  9995
2 45581  53.0535 196.8655 0001162  95.7283 264.3839 15.06398091152252
1 45581U 20025BC  23015.20331951  .00000842  00000-0  75404-4 0  9995
2 45581  53.0535 196.8655 0001162  95.7283 264.3839 15.06398091151655
1 45581U 20025BC  23015.80044466  .00000625  00000-0  60873-4 0  9996
2 45581  53.0536 194.1849 0001134  95.0936 265.0182 15.06394721152341
1 45581U 20025BC  23016.46391214  .00000793  00000-0  72096-4 0  9991
2 45581  53.0538 191.2068 0001135  86.7521 273.3597 15.06397804152440
1 45581U 20025BC  23016.46391214  .00000793  00000-0  72096-4 0  9991
2 45581  53.0538 191.2068 0001135  86.7521 273.3597 15.06397804151843
1 45581U 20025BC  23016.72929908  .00000812  00000-0  73425-4 0  9996
2 45581  53.0538 190.0152 0001122  87.2775 272.8342 15.06398389152489
1 45581U 20025BC  23017.19372563  .00000481  00000-0  51171-4 0  9993
2 45581  53.0539 187.9302 0001106  84.8633 275.2482 15.06400390152556
1 45581U 20025BC  23017.72450266  .00001139  00000-0  95359-4 0  9996
2 45581  53.0540 185.5475 0001100  84.5136 275.5978 15.06395725152639
1 45581U 20025BC  23017.72450266  .00001139  00000-0  95359-4 0  9996
2 45581  53.0540 185.5475 0001100  84.5136 275.5978 15.06395725152033
1 45581U 20025BC  23018.58701178  .00000573  00000-0  57342-4 0  9993
2 45581  53.0541 181.6759 0001146  84.4626 275.6493 15.06397285152765
1 45581U 20025BC  23018.71970184  .00000934  00000-0  81588-4 0  9993
2 45581  53.0545 181.0806 0001165  85.1003 275.0119 15.06401660152788
1 45581U 20025BC  23019.44952332 -.00000007  00000-0  18454-4 0  9993
2 45581  53.0543 177.8042 0001188  87.8365 272.2760 15.06395377152896
1 45581U 20025BC  23019.44952332 -.00000007  00000-0  18454-4 0  9993
2 45581  53.0543 177.8042 0001188  87.8365 272.2760 15.06395377152290
1 45581U 20025BC  23020.44472429  .00000336  00000-0  41437-4 0  9990
2 45581  53.0550 173.3355 0001234  99.3709 260.7419 15.06397983153040
1 45581U 20025BC  23020.64376039  .00000880  00000-0  77970-4 0  9997
2 45581  53.0549 172.4418 0001319 100.3487 259.7651 15.06403385152474
1 45581U 20025BC  23021.70531791  .00000202  00000-0  32486-4 0  9994
2 45581  53.0544 167.6795 0001226  85.4712 274.6417 15.06392926152636
1 45581U 20025BC  23022.10339400 -.00000173  00000-0  72658-5 0  9996
2 45581  53.0543 165.8922 0001150  90.0265 270.0856 15.06401145152695
1 45581U 20025BC  23023.76206439  .00000333  00000-0  41226-4 0  9997
2 45581  53.0552 158.4445 0001239  98.7204 261.3925 15.06401382152940
1 45581U 20025BC  23024.09380556 -.00000202  00000-0  53207-5 0  9996
2 45581  53.0555 156.9564 0001455  83.6317 276.4838 15.06393948152999
1 45581U 20025BC  23024.69091449  .00000511  00000-0  53155-4 0  9995
2 45581  53.0548 154.2729 0001165 104.2605 255.8513 15.06409412153089
1 45581U 20025BC  23025.48709064  .00000478  00000-0  50993-4 0  9991
2 45581  53.0541 150.6987 0001362 104.7821 255.3319 15.06390343153207
1 45581U 20025BC  23025.61978382  .00000712  00000-0  66691-4 0  9990
2 45581  53.0549 150.1039 0001288  94.9340 265.1796 15.06392460153829
1 45581U 20025BC  23025.68612970  .00000526  00000-0  54220-4 0  9993
2 45581  53.0552 149.8058 0001241  92.9009 267.2122 15.06394854153834
1 45581U 20025BC  23026.54863843  .00001358  00000-0  11002-3 0  9990
2 45581  53.0553 145.9337 0001172  95.5484 264.5638 15.06396328153965
1 45581U 20025BC  23026.68132805  .00000469  00000-0  50351-4 0  9995
2 45581  53.0552 145.3376 0001341 102.4956 257.6183 15.06405189153381
1 45581U 20025BC  23027.01307036 -.00000827  00000-0 -36640-4 0  9998
2 45581  53.0556 143.8490 0001878  77.5490 282.5709 15.06398931153438
1 45581U 20025BC  23027.54384868 -.00000023  00000-0  17333-4 0  9999
2 45581  53.0561 141.4671 0001278  85.4758 274.6377 15.06391953154114
1 45581U 20025BC  23027.67653968  .00000332  00000-0  41180-4 0  9992
2 45581  53.0558 140.8701 0001248  83.3829 276.7302 15.06395327154132
1 45581U 20025BC  23028.47270217 -.00000026  00000-0  17168-4 0  9993
2 45581  53.0545 137.2973 0001155  95.9172 264.1948 15.06397840153651
1 45581U 20025BC  23028.53904844  .00000189  00000-0  31576-4 0  9998
2 45581  53.0559 137.0021 0001183  98.4621 261.6503 15.06398508154265
1 45581U 20025BC  23028.60539335  .00000300  00000-0  39035-4 0  9998
2 45581  53.0547 136.7015 0001173 101.5332 258.5788 15.06400538154273
1 45581U 20025BC  23029.60059859  .00000350  00000-0  42364-4 0  9991
2 45581  53.0550 132.2354 0000948 107.6363 252.4729 15.06397879154422
1 45581U 20025BC  23029.60059859  .00000350  00000-0  42364-4 0  9991
2 45581  53.0550 132.2354 0000948 107.6363 252.4729 15.06397879153825
1 45581U 20025BC  23030.26407191  .00002337  00000-0  17577-3 0  9995
2 45581  53.0549 129.2572 0000948  98.6686 261.4410 15.06384240153924
1 45581U 20025BC  23030.46309742 -.00008053  00000-0 -52185-3 0  9997
2 45581  53.0550 128.3637 0001220  80.1703 279.9424 15.06436609154554
1 45581U 20025BC  23030.59579780  .00000653  00000-0  62720-4 0  9995
2 45581  53.0548 127.7676 0000933  98.0454 262.0641 15.06402563154576
1 45581U 20025BC  23030.59579780  .00000653  00000-0  62720-4 0  9995
2 45581  53.0548 127.7676 0000933  98.0454 262.0641 15.06402563153979
1 45581U 20025BC  23031.52465445  .00000585  00000-0  58126-4 0  9990
2 45581  53.0549 123.5983 0001113  91.1460 268.9657 15.06400274154719
1 45581U 20025BC  23031.59099912  .00000789  00000-0  71867-4 0  9992
2 45581  53.0548 123.2999 0001117  94.0421 266.0696 15.06402626154721
