1 45666U 20035K   22365.11030715  .00018103  00000-0  12301-2 0  9995
2 45666  53.0529 254.5978 0001270  83.8129 276.3005 15.06429712143192
1 45666U 20035K   22365.11030715  .00018103  00000-0  12301-2 0  9995
2 45666  53.0529 254.5978 0001270  83.8129 276.3005 15.06429712142797
1 45666U 20035K   22365.70742092  .00002910  00000-0  21403-3 0  9991
2 45666  53.0520 251.9155 0001402  86.5793 273.5357 15.06422470143288
1 45666U 20035K   23001.10550222 -.00005190  00000-0 -32978-3 0  9999
2 45666  53.0532 250.1299 0001389  84.8608 275.2540 15.06401851143341
1 45666U 20035K   23001.10550222 -.00005190  00000-0 -32978-3 0  9999
2 45666  53.0532 250.1299 0001389  84.8608 275.2540 15.06401851142946
1 45666U 20035K   23001.70263121  .00001903  00000-0  14667-3 0  9995
2 45666  53.0533 247.4494 0001467  85.2974 274.8183 15.06387827143430
1 45666U 20035K   23002.03436659  .00001164  00000-0  97075-4 0  9994
2 45666  53.0538 245.9614 0001470  88.1366 271.9791 15.06393183143089
1 45666U 20035K   23002.63148786  .00001429  00000-0  11482-3 0  9992
2 45666  53.0533 243.2798 0001381  86.7632 273.3515 15.06398019143576
1 45666U 20035K   23002.69783468 -.00000309  00000-0 -18662-5 0  9997
2 45666  53.0533 242.9818 0001360  86.7539 273.3606 15.06398103143584
1 45666U 20035K   23003.62669699  .00002447  00000-0  18315-3 0  9996
2 45666  53.0533 238.8119 0001448  87.7113 272.4042 15.06395029143722
1 45666U 20035K   23003.62669699  .00002447  00000-0  18315-3 0  9996
2 45666  53.0533 238.8119 0001448  87.7113 272.4042 15.06395029143328
1 45666U 20035K   23004.02478486 -.00000387  00000-0 -70645-5 0  9992
2 45666  53.0535 237.0247 0001418  87.3918 272.7233 15.06386218143380
1 45666U 20035K   23004.35651521 -.00001116  00000-0 -56051-4 0  9996
2 45666  53.0540 235.5354 0001307  83.0706 277.0431 15.06402398143839
1 45666U 20035K   23004.35651521 -.00001116  00000-0 -56051-4 0  9996
2 45666  53.0540 235.5354 0001307  83.0706 277.0431 15.06402398143435
1 45666U 20035K   23004.88728927  .00002653  00000-0  19693-3 0  9994
2 45666  53.0537 233.1522 0001387  91.1738 268.9410 15.06399558143917
1 45666U 20035K   23005.35171290  .00004720  00000-0  33544-3 0  9990
2 45666  53.0529 231.0676 0001396  90.4134 269.7015 15.06410437143984
1 45666U 20035K   23005.35171290  .00004720  00000-0  33544-3 0  9990
2 45666  53.0529 231.0676 0001396  90.4134 269.7015 15.06410437143580
1 45666U 20035K   23006.34691855 -.00000266  00000-0  10570-5 0  9992
2 45666  53.0522 226.6000 0001402  89.6070 270.5080 15.06397323144133
1 45666U 20035K   23006.34691855 -.00000266  00000-0  10570-5 0  9992
2 45666  53.0522 226.6000 0001402  89.6070 270.5080 15.06397323143738
1 45666U 20035K   23007.01039279 -.00003737  00000-0 -23222-3 0  9996
2 45666  53.0529 223.6203 0001571  96.9339 263.1828 15.06386291144239
1 45666U 20035K   23007.01039279 -.00003737  00000-0 -23222-3 0  9996
2 45666  53.0529 223.6203 0001571  96.9339 263.1828 15.06386291143834
1 45666U 20035K   23007.87290348 -.00000751  00000-0 -31535-4 0  9996
2 45666  53.0534 219.7497 0001348  89.9159 270.1984 15.06397142144362
1 45666U 20035K   23008.00559817  .00000855  00000-0  76271-4 0  9990
2 45666  53.0534 219.1543 0001218  90.5790 269.5339 15.06391583143989
1 45666U 20035K   23008.60272036  .00002626  00000-0  19513-3 0  9994
2 45666  53.0536 216.4734 0001271  90.3126 269.8009 15.06390947144478
1 45666U 20035K   23008.86810668  .00002957  00000-0  21737-3 0  9999
2 45666  53.0536 215.2820 0001285  90.4164 269.6972 15.06394677144515
1 45666U 20035K   23009.26618541  .00003378  00000-0  24552-3 0  9996
2 45666  53.0536 213.4949 0001291  89.9198 270.1939 15.06401032144574
1 45666U 20035K   23009.26618541  .00003378  00000-0  24552-3 0  9996
2 45666  53.0536 213.4949 0001291  89.9198 270.1939 15.06401032144170
1 45666U 20035K   23009.59792352  .00000914  00000-0  80239-4 0  9993
2 45666  53.0529 212.0058 0001396  90.0545 270.0604 15.06397423144629
1 45666U 20035K   23009.59792352  .00000914  00000-0  80239-4 0  9993
2 45666  53.0529 212.0058 0001396  90.0545 270.0604 15.06397423144225
1 45666U 20035K   23010.26139574  .00001019  00000-0  87281-4 0  9991
2 45666  53.0539 209.0274 0001374  91.4421 268.6726 15.06397007144727
1 45666U 20035K   23010.79216719  .00000667  00000-0  63685-4 0  9996
2 45666  53.0544 206.6448 0001436  92.4614 267.6539 15.06401411144404
1 45666U 20035K   23010.92485893  .00001030  00000-0  88024-4 0  9991
2 45666  53.0543 206.0491 0001476  91.9107 268.2051 15.06404612144828
1 45666U 20035K   23011.25659035  .00000890  00000-0  78625-4 0  9998
2 45666  53.0542 204.5599 0001469  91.1520 268.9637 15.06406686144877
1 45666U 20035K   23011.78735975  .00002195  00000-0  16618-3 0  9997
2 45666  53.0529 202.1763 0001405  92.0191 268.0958 15.06408306144950
1 45666U 20035K   23011.78735975  .00002195  00000-0  16618-3 0  9997
2 45666  53.0529 202.1763 0001405  92.0191 268.0958 15.06408306144556
1 45666U 20035K   23012.78257675 -.00000334  00000-0 -35222-5 0  9993
2 45666  53.0527 197.7086 0001384  91.7849 268.3299 15.06391171144702
1 45666U 20035K   23012.91527035 -.00001031  00000-0 -50317-4 0  9994
2 45666  53.0526 197.1139 0001327  87.3044 272.8097 15.06394048145128
1 45666U 20035K   23013.51238784 -.00000565  00000-0 -19065-4 0  9997
2 45666  53.0529 194.4329 0001314  88.7628 271.3512 15.06399138145212
1 45666U 20035K   23013.51238784 -.00000565  00000-0 -19065-4 0  9997
2 45666  53.0529 194.4329 0001314  88.7628 271.3512 15.06399138144817
1 45666U 20035K   23013.77776392  .00000899  00000-0  79232-4 0  9997
2 45666  53.0535 193.2413 0001063  89.7214 270.3897 15.06410182145255
1 45666U 20035K   23013.77776392  .00000899  00000-0  79232-4 0  9997
2 45666  53.0535 193.2413 0001063  89.7214 270.3897 15.06410182144850
1 45666U 20035K   23014.50759337  .00000832  00000-0  74775-4 0  9993
2 45666  53.0526 189.9666 0001897  92.8179 267.3027 15.06389729144967
1 45666U 20035K   23014.77298944 -.00000079  00000-0  13607-4 0  9995
2 45666  53.0531 188.7734 0001305  85.9343 274.1795 15.06381418145007
1 45666U 20035K   23015.50280097  .00000563  00000-0  56718-4 0  9994
2 45666  53.0531 185.4965 0001205  84.3904 275.7222 15.06393509145514
1 45666U 20035K   23015.50280097  .00000563  00000-0  56718-4 0  9994
2 45666  53.0531 185.4965 0001205  84.3904 275.7222 15.06393509145110
1 45666U 20035K   23015.76818311  .00001643  00000-0  12919-3 0  9992
2 45666  53.0535 184.3056 0001159  83.3870 276.7251 15.06400875145558
1 45666U 20035K   23015.76818311  .00001643  00000-0  12919-3 0  9992
2 45666  53.0535 184.3056 0001159  83.3870 276.7251 15.06400875145154
1 45666U 20035K   23016.16624382 -.00011405  00000-0 -74698-3 0  9991
2 45666  53.0539 182.5187 0001239 102.9296 257.1832 15.06449947145210
1 45666U 20035K   23016.49800566  .00003312  00000-0  24117-3 0  9994
2 45666  53.0534 181.0297 0001200  79.8492 280.2633 15.06392390145663
1 45666U 20035K   23016.49800566  .00003312  00000-0  24117-3 0  9994
2 45666  53.0534 181.0297 0001200  79.8492 280.2633 15.06392390145269
1 45666U 20035K   23016.82973568  .00004542  00000-0  32356-3 0  9994
2 45666  53.0527 179.5400 0001170  78.8025 281.3095 15.06403666145719
1 45666U 20035K   23017.16146509  .00005361  00000-0  37839-3 0  9990
2 45666  53.0520 178.0501 0000930  86.1529 273.9567 15.06411248145369
1 45666U 20035K   23017.49319736  .00004371  00000-0  31207-3 0  9993
2 45666  53.0526 176.5602 0001121  91.9635 268.1482 15.06411089145810
1 45666U 20035K   23017.82494122 -.00003123  00000-0 -19089-3 0  9993
2 45666  53.0526 175.0724 0001321  90.9159 269.1981 15.06388598145869
1 45666U 20035K   23017.82494122 -.00003123  00000-0 -19089-3 0  9993
2 45666  53.0526 175.0724 0001321  90.9159 269.1981 15.06388598145465
1 45666U 20035K   23018.48840465  .00006664  00000-0  46571-3 0  9998
2 45666  53.0522 172.0940 0001164  87.8426 272.2697 15.06409918145969
1 45666U 20035K   23018.48840465  .00006664  00000-0  46571-3 0  9998
2 45666  53.0522 172.0940 0001164  87.8426 272.2697 15.06409918145565
1 45666U 20035K   23018.68744620  .00021432  00000-0  14527-2 0  9991
2 45666  53.0517 171.2003 0001184  90.1795 269.9330 15.06416089145999
1 45666U 20035K   23019.41726562  .00002547  00000-0  18987-3 0  9999
2 45666  53.0514 167.9240 0001731  89.6830 270.4357 15.06397938145708
1 45666U 20035K   23019.54995933  .00001881  00000-0  14517-3 0  9998
2 45666  53.0523 167.3246 0001318 110.8599 249.2531 15.06394667146129
1 45666U 20035K   23020.47881812  .00011826  00000-0  81136-3 0  9993
2 45666  53.0525 163.1585 0001202  78.8926 281.2198 15.06404651146265
1 45666U 20035K   23020.47881812  .00011826  00000-0  81136-3 0  9993
2 45666  53.0525 163.1585 0001202  78.8926 281.2198 15.06404651145860
1 45666U 20035K   23021.07593741  .00009023  00000-0  62366-3 0  9991
2 45666  53.0535 160.4767 0001256  69.3850 290.7273 15.06410510145953
1 45666U 20035K   23021.40767238  .00002529  00000-0  18858-3 0  9993
2 45666  53.0527 158.9890 0001204  78.8279 281.2845 15.06400942146001
1 45666U 20035K   23021.67305698  .00007985  00000-0  55414-3 0  9990
2 45666  53.0528 157.7982 0001238  82.4834 277.6296 15.06413174146040
1 45666U 20035K   23022.40287782  .00007402  00000-0  51530-3 0  9994
2 45666  53.0527 154.5215 0000832  26.2959 333.8072 15.06396232146150
1 45666U 20035K   23023.39808208  .00001919  00000-0  14769-3 0  9995
2 45666  53.0550 150.0549 0001453  94.7528 265.3627 15.06396962146301
1 45666U 20035K   23024.52597772  .00003660  00000-0  26442-3 0  9998
2 45666  53.0533 144.9907 0001208  97.8354 262.2772 15.06402498146478
1 45666U 20035K   23025.45483881  .00001140  00000-0  95441-4 0  9993
2 45666  53.0528 140.8209 0001331  95.0738 265.0403 15.06394889146617
1 45666U 20035K   23025.58753102  .00001499  00000-0  11951-3 0  9993
2 45666  53.0526 140.2257 0001034  78.8111 281.2994 15.06398336147039
1 45666U 20035K   23026.58273319  .00001779  00000-0  13831-3 0  9991
2 45666  53.0531 135.7569 0001348  96.5486 263.5656 15.06401851147181
1 45666U 20035K   23026.58273319  .00001779  00000-0  13831-3 0  9991
2 45666  53.0531 135.7569 0001348  96.5486 263.5656 15.06401851146786
1 45666U 20035K   23027.51159277  .00001566  00000-0  12399-3 0  9993
2 45666  53.0534 131.5880 0001368  92.2043 267.9102 15.06396814146925
1 45666U 20035K   23028.57314031  .00001374  00000-0  11112-3 0  9990
2 45666  53.0564 126.8241 0001352  93.0697 267.0446 15.06401740147482
1 45666U 20035K   23028.63948720  .00001370  00000-0  11083-3 0  9998
2 45666  53.0563 126.5263 0001352  92.1536 267.9608 15.06401713147494
1 45666U 20035K   23028.63948720  .00001370  00000-0  11083-3 0  9998
2 45666  53.0563 126.5263 0001352  92.1536 267.9608 15.06401713147090
1 45666U 20035K   23029.23661536  .00001049  00000-0  89321-4 0  9996
2 45666  53.0551 123.8458 0001305  85.2616 274.8522 15.06393129147186
1 45666U 20035K   23029.63469500  .00000719  00000-0  67154-4 0  9990
2 45666  53.0559 122.0582 0001277  90.9636 269.1499 15.06396894147649
1 45666U 20035K   23030.43085648  .00000980  00000-0  84648-4 0  9994
2 45666  53.0543 118.4839 0001207  87.5396 272.5731 15.06397726147365
1 45666U 20035K   23030.49720191  .00000869  00000-0  77197-4 0  9996
2 45666  53.0542 118.1857 0001225  87.4936 272.6193 15.06400261147777
1 45666U 20035K   23031.49240499  .00000234  00000-0  34618-4 0  9992
2 45666  53.0553 113.7203 0001512  85.8052 274.3110 15.06401470147529
1 45666U 20035K   23031.62509683  .00001384  00000-0  11178-3 0  9992
2 45666  53.0543 113.1228 0001130  83.6793 276.4325 15.06400585147946
