1 45662U 20035F   22365.40149284  .00009633  00000-0  66434-3 0  9990
2 45662  53.0537 253.3229 0001473  61.5835 298.5302 15.06419212143241
1 45662U 20035F   22365.40149284  .00009633  00000-0  66434-3 0  9990
2 45662  53.0537 253.3229 0001473  61.5835 298.5302 15.06419212142880
1 45662U 20035F   23001.13130788 -.00001152  00000-0 -58459-4 0  9996
2 45662  53.0532 250.0478 0001168  60.7912 299.3193 15.06406018142992
1 45662U 20035F   23001.39670165 -.00003120  00000-0 -19069-3 0  9992
2 45662  53.0540 248.8531 0001458  60.4217 299.6917 15.06394056143393
1 45662U 20035F   23001.39670165 -.00003120  00000-0 -19069-3 0  9992
2 45662  53.0540 248.8531 0001458  60.4217 299.6917 15.06394056143034
1 45662U 20035F   23001.92748115 -.00001939  00000-0 -11134-3 0  9993
2 45662  53.0534 246.4721 0001635  68.4934 291.6229 15.06385325143478
1 45662U 20035F   23002.39191490  .00005456  00000-0  38503-3 0  9998
2 45662  53.0538 244.3878 0001498  66.1267 293.9879 15.06387650143540
1 45662U 20035F   23002.92269233  .00009038  00000-0  62493-3 0  9993
2 45662  53.0533 242.0051 0001563  67.2391 292.8763 15.06396256143627
1 45662U 20035F   23002.92269233  .00009038  00000-0  62493-3 0  9993
2 45662  53.0533 242.0051 0001563  67.2391 292.8763 15.06396256143267
1 45662U 20035F   23003.38711762  .00011137  00000-0  76518-3 0  9999
2 45662  53.0532 239.9201 0001565  67.3552 292.7602 15.06409370143690
1 45662U 20035F   23003.91789418  .00003522  00000-0  25520-3 0  9997
2 45662  53.0535 237.5372 0001570  69.8639 290.2518 15.06399528143776
1 45662U 20035F   23003.91789418  .00003522  00000-0  25520-3 0  9997
2 45662  53.0535 237.5372 0001570  69.8639 290.2518 15.06399528143417
1 45662U 20035F   23004.91308787  .00005809  00000-0  40839-3 0  9994
2 45662  53.0533 233.0693 0001588  72.7827 287.3336 15.06415285143923
1 45662U 20035F   23005.31116704  .00002257  00000-0  17031-3 0  9997
2 45662  53.0524 231.2831 0001377  66.2821 293.8313 15.06408973143625
1 45662U 20035F   23005.57655015  .00001726  00000-0  13467-3 0  9997
2 45662  53.0522 230.0916 0001370  65.6935 294.4197 15.06413495144023
1 45662U 20035F   23005.77559175  .00002602  00000-0  19347-3 0  9996
2 45662  53.0520 229.1982 0001279  64.5062 295.6059 15.06410067144055
1 45662U 20035F   23006.30637245 -.00002108  00000-0 -12268-3 0  9999
2 45662  53.0540 226.8139 0001299  61.2703 298.8416 15.06393086143774
1 45662U 20035F   23006.63810804 -.00001207  00000-0 -62166-4 0  9991
2 45662  53.0520 225.3257 0001396  65.4373 294.6761 15.06391929144181
1 45662U 20035F   23006.96984103 -.00000097  00000-0  12412-4 0  9995
2 45662  53.0520 223.8365 0001428  66.4110 293.7029 15.06396100144239
1 45662U 20035F   23007.30157355  .00000846  00000-0  75682-4 0  9994
2 45662  53.0518 222.3473 0001430  66.9788 293.1352 15.06400609143927
1 45662U 20035F   23007.63330515  .00001349  00000-0  10945-3 0  9990
2 45662  53.0521 220.8580 0001317  66.6330 293.4797 15.06404652144331
1 45662U 20035F   23008.29677828  .00001682  00000-0  13179-3 0  9996
2 45662  53.0516 217.8797 0001413  66.7888 293.3250 15.06396837144076
1 45662U 20035F   23008.56216694  .00001539  00000-0  12223-3 0  9996
2 45662  53.0513 216.6881 0001436  68.3659 291.7483 15.06395724144471
1 45662U 20035F   23008.82755416  .00001585  00000-0  12526-3 0  9992
2 45662  53.0513 215.4967 0001455  68.4316 291.6828 15.06397226144511
1 45662U 20035F   23009.55737137 -.00001062  00000-0 -52397-4 0  9996
2 45662  53.0530 212.2210 0001557  69.6176 290.4981 15.06392537144625
1 45662U 20035F   23009.62371860 -.00000729  00000-0 -30034-4 0  9994
2 45662  53.0525 211.9230 0001493  64.4761 295.6382 15.06392146144278
1 45662U 20035F   23009.69006634 -.00000774  00000-0 -33081-4 0  9990
2 45662  53.0517 211.6244 0001646  69.5894 290.5271 15.06391897144648
1 45662U 20035F   23010.55257822  .00003095  00000-0  22665-3 0  9996
2 45662  53.0523 207.7518 0001515  73.6447 286.4709 15.06388719144773
1 45662U 20035F   23010.81796604  .00003621  00000-0  26190-3 0  9993
2 45662  53.0522 206.5611 0001591  70.3990 289.7171 15.06392197144813
1 45662U 20035F   23010.81796604  .00003621  00000-0  26190-3 0  9993
2 45662  53.0522 206.5611 0001591  70.3990 289.7171 15.06392197144453
1 45662U 20035F   23011.54777904  .00004763  00000-0  33840-3 0  9994
2 45662  53.0522 203.2846 0001610  70.5848 289.5315 15.06402825144923
1 45662U 20035F   23011.81316445  .00005558  00000-0  39162-3 0  9999
2 45662  53.0522 202.0932 0001633  69.8809 290.2355 15.06408321144963
1 45662U 20035F   23011.81316445  .00005558  00000-0  39162-3 0  9999
2 45662  53.0522 202.0932 0001633  69.8809 290.2355 15.06408321144604
1 45662U 20035F   23012.80837674 -.00001396  00000-0 -74869-4 0  9993
2 45662  53.0524 197.6262 0001649  70.3045 289.8121 15.06388109144759
1 45662U 20035F   23012.87472403 -.00001419  00000-0 -76373-4 0  9993
2 45662  53.0523 197.3285 0001672  70.7125 289.4045 15.06388263145123
1 45662U 20035F   23013.20646166 -.00000259  00000-0  15357-5 0  9996
2 45662  53.0531 195.8394 0001644  72.2836 287.8332 15.06391968145173
1 45662U 20035F   23013.86992689 -.00000002  00000-0  18782-4 0  9992
2 45662  53.0527 192.8608 0001653  73.5943 286.5227 15.06398683145277
1 45662U 20035F   23013.93627519  .00000906  00000-0  79710-4 0  9997
2 45662  53.0524 192.5628 0001801  75.3817 284.7371 15.06394932144922
1 45662U 20035F   23015.19686825  .00001579  00000-0  12487-3 0  9996
2 45662  53.0530 186.9033 0001434  80.6051 279.5100 15.06395337145111
1 45662U 20035F   23015.46225819  .00001227  00000-0  10125-3 0  9995
2 45662  53.0531 185.7117 0001434  82.0913 278.0239 15.06393601145518
1 45662U 20035F   23015.72764389  .00001416  00000-0  11396-3 0  9995
2 45662  53.0532 184.5199 0001495  81.3095 278.8063 15.06396933145554
1 45662U 20035F   23016.45746140  .00000890  00000-0  78635-4 0  9996
2 45662  53.0523 181.2437 0001437  84.8811 275.2342 15.06395481145304
1 45662U 20035F   23016.59015353  .00000918  00000-0  80509-4 0  9990
2 45662  53.0533 180.6482 0001426  85.2516 274.8636 15.06397200145686
1 45662U 20035F   23016.78918910  .00000296  00000-0  38789-4 0  9994
2 45662  53.0534 179.7544 0001429  82.0482 278.0669 15.06406142145717
1 45662U 20035F   23016.78918910  .00000296  00000-0  38789-4 0  9994
2 45662  53.0534 179.7544 0001429  82.0482 278.0669 15.06406142145357
1 45662U 20035F   23017.45266616  .00000448  00000-0  48947-4 0  9994
2 45662  53.0533 176.7760 0001477  86.4118 273.7039 15.06393299145812
1 45662U 20035F   23017.45266616  .00000448  00000-0  48947-4 0  9994
2 45662  53.0533 176.7760 0001477  86.4118 273.7039 15.06393299145452
1 45662U 20035F   23017.71805104  .00000807  00000-0  73092-4 0  9992
2 45662  53.0535 175.5845 0001453  87.4118 272.7038 15.06396722145856
1 45662U 20035F   23018.38152099  .00000863  00000-0  76832-4 0  9991
2 45662  53.0533 172.6070 0001349  89.1698 270.9446 15.06395997145955
1 45662U 20035F   23018.64690739  .00001058  00000-0  89908-4 0  9993
2 45662  53.0533 171.4161 0001320  87.1438 272.9702 15.06397631145990
1 45662U 20035F   23018.64690739  .00001058  00000-0  89908-4 0  9993
2 45662  53.0533 171.4161 0001320  87.1438 272.9702 15.06397631145631
1 45662U 20035F   23019.44307593 -.00000384  00000-0 -68903-5 0  9991
2 45662  53.0556 167.8426 0001282  91.1685 268.9451 15.06394376146118
1 45662U 20035F   23019.44307593 -.00000384  00000-0 -68903-5 0  9991
2 45662  53.0556 167.8426 0001282  91.1685 268.9451 15.06394376145757
1 45662U 20035F   23019.70845657 -.00001907  00000-0 -10916-3 0  9999
2 45662  53.0575 166.6525 0000753  91.2794 268.8281 15.06408631145793
1 45662U 20035F   23020.10653839  .00001372  00000-0  11095-3 0  9997
2 45662  53.0547 164.8638 0001161  91.9308 268.1814 15.06400038146215
1 45662U 20035F   23021.63251874  .00001571  00000-0  12431-3 0  9995
2 45662  53.0547 158.0132 0000973  98.3848 261.7251 15.06394369146087
1 45662U 20035F   23023.09215438  .00000323  00000-0  40569-4 0  9991
2 45662  53.0537 151.4606 0001192  85.6918 274.4208 15.06394012146303
1 45662U 20035F   23023.75561519  .00000561  00000-0  56555-4 0  9994
2 45662  53.0541 148.4812 0001475  77.5023 282.6131 15.06406555146407
1 45662U 20035F   23024.55178610  .00002548  00000-0  18993-3 0  9999
2 45662  53.0531 144.9059 0001383  83.1135 277.0011 15.06393413146521
1 45662U 20035F   23025.48064830  .00000028  00000-0  20761-4 0  9998
2 45662  53.0529 140.7375 0001448  74.4957 285.6192 15.06393171146661
1 45662U 20035F   23025.61333767  .00000721  00000-0  67315-4 0  9997
2 45662  53.0525 140.1432 0001212  70.4427 289.6693 15.06397891147048
1 45662U 20035F   23026.60853777  .00001702  00000-0  13315-3 0  9995
2 45662  53.0535 135.6761 0001542  86.8894 273.2271 15.06402275147198
1 45662U 20035F   23026.60853777  .00001702  00000-0  13315-3 0  9995
2 45662  53.0535 135.6761 0001542  86.8894 273.2271 15.06402275146838
1 45662U 20035F   23027.60374229  .00001053  00000-0  89566-4 0  9997
2 45662  53.0525 131.2073 0001203  86.3748 273.7378 15.06398320146986
1 45662U 20035F   23028.53260206 -.00000294  00000-0 -82046-6 0  9995
2 45662  53.0526 127.0383 0001359  65.9330 294.1801 15.06396655147120
1 45662U 20035F   23028.66529218 -.00000258  00000-0  16020-5 0  9997
2 45662  53.0527 126.4406 0001394  70.8799 289.2341 15.06401942147505
1 45662U 20035F   23029.59414670  .00000448  00000-0  48957-4 0  9998
2 45662  53.0531 122.2708 0001284  90.9762 269.1374 15.06400461147643
1 45662U 20035F   23029.59414670  .00000448  00000-0  48957-4 0  9998
2 45662  53.0531 122.2708 0001284  90.9762 269.1374 15.06400461147283
1 45662U 20035F   23030.25762119  .00000702  00000-0  66004-4 0  9993
2 45662  53.0524 119.2915 0001277  91.7234 268.3901 15.06390529147387
1 45662U 20035F   23030.45666062  .00000931  00000-0  81422-4 0  9990
2 45662  53.0524 118.3972 0001230  96.4321 263.6808 15.06391878147773
1 45662U 20035F   23030.92108789 -.00000153  00000-0  85953-5 0  9990
2 45662  53.0526 116.3136 0001278  98.8893 261.2241 15.06396828147840
1 45662U 20035F   23031.45186187  .00000201  00000-0  32402-4 0  9990
2 45662  53.0531 113.9321 0001347  97.4035 262.7107 15.06398776147925
1 45662U 20035F   23031.45186187  .00000201  00000-0  32402-4 0  9990
2 45662  53.0531 113.9321 0001347  97.4035 262.7107 15.06398776147565
1 45662U 20035F   23031.91628848 -.00000081  00000-0  13447-4 0  9991
2 45662  53.0530 111.8475 0001186  93.3619 266.7506 15.06401059147998
