1 45663U 20035G   22365.00710633  .00012269  00000-0  84072-3 0  9996
2 45663  53.0535 255.0738 0001272  96.3556 263.7577 15.06416992142774
1 45663U 20035G   22365.40517915  .00013493  00000-0  92215-3 0  9996
2 45663  53.0532 253.2867 0001219 100.0626 260.0500 15.06434755143242
1 45663U 20035G   23001.06864455 -.00003924  00000-0 -24465-3 0  9992
2 45663  53.0532 250.3085 0001245 103.5103 256.6024 15.06407257142933
1 45663U 20035G   23001.40038424 -.00001266  00000-0 -66117-4 0  9997
2 45663  53.0533 248.8192 0001378 103.3682 256.7461 15.06393818143396
1 45663U 20035G   23001.40038424 -.00001266  00000-0 -66117-4 0  9997
2 45663  53.0533 248.8192 0001378 103.3682 256.7461 15.06393818142980
1 45663U 20035G   23001.93117371  .00008479  00000-0  58789-3 0  9990
2 45663  53.0533 246.4367 0001788  90.1106 270.0088 15.06372865143475
1 45663U 20035G   23001.93117371  .00008479  00000-0  58789-3 0  9990
2 45663  53.0533 246.4367 0001788  90.1106 270.0088 15.06372865143060
1 45663U 20035G   23002.39560834 -.00000476  00000-0 -13044-4 0  9994
2 45663  53.0536 244.3515 0001445 100.9007 259.2145 15.06376789143540
1 45663U 20035G   23002.92638671  .00001075  00000-0  91101-4 0  9992
2 45663  53.0543 241.9694 0001247 104.3849 255.7278 15.06386206143623
1 45663U 20035G   23003.05908512  .00004338  00000-0  31008-3 0  9995
2 45663  53.0539 241.3735 0001406  99.3719 260.7429 15.06383634143237
1 45663U 20035G   23003.58986296  .00008393  00000-0  58174-3 0  9996
2 45663  53.0536 238.9904 0001434 101.9789 258.1361 15.06394471143723
1 45663U 20035G   23004.05428676  .00011781  00000-0  80822-3 0  9992
2 45663  53.0534 236.9060 0001430 100.0153 260.0997 15.06412719143388
1 45663U 20035G   23004.51870266  .00024087  00000-0  16284-2 0  9992
2 45663  53.0533 234.8215 0001410  98.6069 261.5080 15.06445510143869
1 45663U 20035G   23004.51870266  .00024087  00000-0  16284-2 0  9992
2 45663  53.0533 234.8215 0001410  98.6069 261.5080 15.06445510143454
1 45663U 20035G   23004.71774319  .00010976  00000-0  75400-3 0  9994
2 45663  53.0530 233.9277 0001396  80.9709 279.1438 15.06429414143487
1 45663U 20035G   23004.91677793  .00007825  00000-0  54319-3 0  9999
2 45663  53.0530 233.0316 0001604 108.4955 251.6208 15.06429612143922
1 45663U 20035G   23005.31485296  .00002185  00000-0  16540-3 0  9997
2 45663  53.0538 231.2448 0001345 104.6510 255.4629 15.06423213143574
1 45663U 20035G   23005.58023858  .00000441  00000-0  48485-4 0  9995
2 45663  53.0514 230.0591 0001414 111.1511 248.9629 15.06421087144020
1 45663U 20035G   23006.31005066 -.00000046  00000-0  15777-4 0  9998
2 45663  53.0526 226.7827 0000880 140.9403 219.1649 15.06407299143720
1 45663U 20035G   23006.70813601 -.00001238  00000-0 -64222-4 0  9997
2 45663  53.0521 224.9945 0001382 118.5780 241.5348 15.06398175144192
1 45663U 20035G   23006.70813601 -.00001238  00000-0 -64222-4 0  9997
2 45663  53.0521 224.9945 0001382 118.5780 241.5348 15.06398175143786
1 45663U 20035G   23006.97352135  .00001455  00000-0  11656-3 0  9997
2 45663  53.0517 223.8032 0001372 114.1688 245.9444 15.06406107144235
1 45663U 20035G   23007.70333934 -.00000042  00000-0  16095-4 0  9990
2 45663  53.0519 220.5251 0001215 117.4354 242.6758 15.06393643144340
1 45663U 20035G   23008.43315741  .00002742  00000-0  20287-3 0  9992
2 45663  53.0519 217.2487 0001448 107.2281 252.8867 15.06399801144041
1 45663U 20035G   23008.56585088  .00002704  00000-0  20035-3 0  9998
2 45663  53.0519 216.6527 0001408 109.3639 250.7502 15.06400104144474
1 45663U 20035G   23008.83123689  .00003305  00000-0  24064-3 0  9997
2 45663  53.0520 215.4612 0001374 111.0826 249.0310 15.06402974144518
1 45663U 20035G   23009.56105997  .00001092  00000-0  92235-4 0  9997
2 45663  53.0543 212.1829 0001378 122.5311 237.5811 15.06390228144625
1 45663U 20035G   23009.62740729  .00000833  00000-0  74801-4 0  9993
2 45663  53.0542 211.8857 0001326 120.6825 239.4295 15.06389899144228
1 45663U 20035G   23009.69375476  .00000675  00000-0  64214-4 0  9994
2 45663  53.0540 211.5878 0001361 120.0435 240.0689 15.06389632144642
1 45663U 20035G   23010.55626891  .00006197  00000-0  43489-3 0  9996
2 45663  53.0540 207.7157 0001280 133.5811 226.5284 15.06369769144364
1 45663U 20035G   23010.82164861  .00000569  00000-0  57116-4 0  9990
2 45663  53.0537 206.5251 0001366 112.8590 247.2543 15.06398953144816
1 45663U 20035G   23010.82164861  .00000569  00000-0  57116-4 0  9990
2 45663  53.0537 206.5251 0001366 112.8590 247.2543 15.06398953144401
1 45663U 20035G   23011.55146482  .00001873  00000-0  14464-3 0  9997
2 45663  53.0536 203.2487 0001407 111.9681 248.1457 15.06397975144926
1 45663U 20035G   23011.81686040  .00000642  00000-0  61978-4 0  9991
2 45663  53.0537 202.0574 0001383 112.4357 247.6778 15.06389572144968
1 45663U 20035G   23011.81686040  .00000642  00000-0  61978-4 0  9991
2 45663  53.0537 202.0574 0001383 112.4357 247.6778 15.06389572144553
1 45663U 20035G   23012.81205877  .00000769  00000-0  70517-4 0  9996
2 45663  53.0537 197.5895 0001345 112.1765 247.9367 15.06398699144709
1 45663U 20035G   23012.87840415  .00000780  00000-0  71245-4 0  9997
2 45663  53.0542 197.2910 0001324 110.3561 249.7571 15.06401623145127
1 45663U 20035G   23013.21013507  .00001124  00000-0  94341-4 0  9995
2 45663  53.0551 195.8013 0001205 108.4526 251.6594 15.06404762145171
1 45663U 20035G   23013.87361014  .00001402  00000-0  11304-3 0  9992
2 45663  53.0542 192.8236 0001338 105.9437 254.1699 15.06394913145276
1 45663U 20035G   23014.20534871  .00000399  00000-0  45655-4 0  9994
2 45663  53.0558 191.3342 0001226 100.3229 259.7898 15.06392428144910
1 45663U 20035G   23015.46593760  .00000791  00000-0  72024-4 0  9991
2 45663  53.0542 185.6753 0001358  98.1133 262.0010 15.06398096145516
1 45663U 20035G   23015.46593760  .00000791  00000-0  72024-4 0  9991
2 45663  53.0542 185.6753 0001358  98.1133 262.0010 15.06398096145101
1 45663U 20035G   23015.79766500  .00002884  00000-0  21238-3 0  9996
2 45663  53.0545 184.1867 0001328  97.0258 263.0882 15.06403938145567
1 45663U 20035G   23016.46114496  .00001660  00000-0  13033-3 0  9997
2 45663  53.0542 181.2082 0001366  94.6949 265.4196 15.06392380145666
1 45663U 20035G   23016.46114496  .00001660  00000-0  13033-3 0  9997
2 45663  53.0542 181.2082 0001366  94.6949 265.4196 15.06392380145251
1 45663U 20035G   23016.72653477  .00001473  00000-0  11778-3 0  9999
2 45663  53.0549 180.0174 0001314  91.8508 268.2632 15.06391760145707
1 45663U 20035G   23017.45635116 -.00000515  00000-0 -15684-4 0  9999
2 45663  53.0541 176.7418 0001307  87.2527 272.8611 15.06394126145813
1 45663U 20035G   23017.72174244 -.00000523  00000-0 -16239-4 0  9995
2 45663  53.0554 175.5498 0001317  92.8455 267.2685 15.06393273145850
1 45663U 20035G   23017.72174244 -.00000523  00000-0 -16239-4 0  9995
2 45663  53.0554 175.5498 0001317  92.8455 267.2685 15.06393273145445
1 45663U 20035G   23018.58424500  .00002491  00000-0  18605-3 0  9995
2 45663  53.0554 171.6784 0001230  86.6410 273.4719 15.06400753145984
1 45663U 20035G   23018.58424500  .00002491  00000-0  18605-3 0  9995
2 45663  53.0554 171.6784 0001230  86.6410 273.4719 15.06400753145579
1 45663U 20035G   23018.78327826  .00003847  00000-0  27693-3 0  9993
2 45663  53.0552 170.7842 0001181  82.6174 277.4949 15.06410271146015
1 45663U 20035G   23018.78327826  .00003847  00000-0  27693-3 0  9993
2 45663  53.0552 170.7842 0001181  82.6174 277.4949 15.06410271145609
1 45663U 20035G   23019.11502334  .00001592  00000-0  12578-3 0  9991
2 45663  53.0538 169.2929 0001329  77.1498 282.9640 15.06398017146067
1 45663U 20035G   23019.11502334  .00001592  00000-0  12578-3 0  9991
2 45663  53.0538 169.2929 0001329  77.1498 282.9640 15.06398017145651
1 45663U 20035G   23019.77849723  .00001193  00000-0  98972-4 0  9999
2 45663  53.0536 166.3168 0001559  81.7832 278.3333 15.06394029145758
1 45663U 20035G   23020.44195816  .00001344  00000-0  10905-3 0  9999
2 45663  53.0537 163.3386 0001221  88.3986 271.7143 15.06405935146269
1 45663U 20035G   23020.44195816  .00001344  00000-0  10905-3 0  9999
2 45663  53.0537 163.3386 0001221  88.3986 271.7143 15.06405935145853
1 45663U 20035G   23021.43716320  .00002159  00000-0  16378-3 0  9993
2 45663  53.0540 158.8713 0001367  89.8915 270.2231 15.06400078146002
1 45663U 20035G   23022.49871658 -.00000606  00000-0 -21799-4 0  9997
2 45663  53.0550 154.1066 0001382  91.8778 268.2369 15.06394027146162
1 45663U 20035G   23022.69775338  .00000521  00000-0  53834-4 0  9996
2 45663  53.0548 153.2124 0001300  94.6846 265.4291 15.06401275146191
1 45663U 20035G   23023.49392023  .00002498  00000-0  18654-3 0  9996
2 45663  53.0545 149.6387 0001404  88.5063 271.6087 15.06397213146318
1 45663U 20035G   23023.75930263  .00004856  00000-0  34457-3 0  9998
2 45663  53.0544 148.4464 0001396  88.7880 271.3268 15.06408838146357
1 45663U 20035G   23024.55546769  .00002783  00000-0  20562-3 0  9990
2 45663  53.0546 144.8721 0001291  96.4063 263.7073 15.06401036146473
1 45663U 20035G   23025.48432716  .00000108  00000-0  26161-4 0  9990
2 45663  53.0550 140.7042 0001194 108.7318 251.3800 15.06394778146612
1 45663U 20035G   23025.61701828  .00002205  00000-0  16688-3 0  9990
2 45663  53.0538 140.1082 0001017  98.3049 261.8055 15.06401313147045
1 45663U 20035G   23026.61222281  .00004126  00000-0  29568-3 0  9997
2 45663  53.0557 135.6419 0001341  82.8192 277.2949 15.06405605147193
1 45663U 20035G   23026.61222281  .00004126  00000-0  29568-3 0  9997
2 45663  53.0557 135.6419 0001341  82.8192 277.2949 15.06405605146787
1 45663U 20035G   23027.54108050  .00001783  00000-0  13856-3 0  9996
2 45663  53.0544 131.4716 0001364  79.5641 280.5501 15.06400471146927
1 45663U 20035G   23028.53628325  .00001183  00000-0  98277-4 0  9993
2 45663  53.0530 127.0030 0001222  86.8117 273.3012 15.06399943147484
1 45663U 20035G   23028.66897366  .00002582  00000-0  19215-3 0  9998
2 45663  53.0538 126.4051 0001186 104.8952 255.2168 15.06405695147501
1 45663U 20035G   23028.66897366  .00002582  00000-0  19215-3 0  9998
2 45663  53.0538 126.4051 0001186 104.8952 255.2168 15.06405695147095
1 45663U 20035G   23029.26610315  .00000932  00000-0  81478-4 0  9990
2 45663  53.0532 123.7270 0001242  86.3005 273.8126 15.06393454147187
1 45663U 20035G   23029.66418283  .00001228  00000-0  10135-3 0  9994
2 45663  53.0536 121.9396 0001252  88.2791 271.8341 15.06398300147658
1 45663U 20035G   23030.39400075  .00001337  00000-0  10862-3 0  9994
2 45663  53.0541 118.6636 0001304  94.6494 265.4644 15.06395745147355
1 45663U 20035G   23030.59303775  .00001660  00000-0  13027-3 0  9990
2 45663  53.0544 117.7703 0001255  87.7851 272.3281 15.06403224147792
1 45663U 20035G   23030.92477323  .00000194  00000-0  31899-4 0  9997
2 45663  53.0544 116.2832 0001332  75.8033 284.3104 15.06399839147844
1 45663U 20035G   23031.45555164  .00001570  00000-0  12427-3 0  9990
2 45663  53.0563 113.9022 0001430  87.9627 272.1526 15.06397338147511
1 45663U 20035G   23031.58824420  .00002205  00000-0  16685-3 0  9994
2 45663  53.0571 113.3071 0001448  82.8622 277.2531 15.06400289147945
1 45663U 20035G   23031.91997708  .00001570  00000-0  12429-3 0  9997
2 45663  53.0544 111.8124 0001211  82.9172 277.1955 15.06399965147998
