1 45661U 20035E   22365.38674778  .00006846  00000-0  47778-3 0  9990
2 45661  53.0519 253.3872 0001344  79.6203 280.4937 15.06422555143248
1 45661U 20035E   22365.38674778  .00006846  00000-0  47778-3 0  9990
2 45661  53.0519 253.3872 0001344  79.6203 280.4937 15.06422555142821
1 45661U 20035E   23001.11656364 -.00002783  00000-0 -16798-3 0  9996
2 45661  53.0523 250.1128 0001390  87.8631 272.2517 15.06410840142931
1 45661U 20035E   23001.38195568 -.00005858  00000-0 -37473-3 0  9998
2 45661  53.0522 248.9189 0001503  77.3424 282.7733 15.06395008143397
1 45661U 20035E   23001.38195568 -.00005858  00000-0 -37473-3 0  9998
2 45661  53.0522 248.9189 0001503  77.3424 282.7733 15.06395008142970
1 45661U 20035E   23001.71369644 -.00005747  00000-0 -36747-3 0  9993
2 45661  53.0524 247.4301 0001526  83.1590 276.9573 15.06375000143446
1 45661U 20035E   23002.04543561 -.00002118  00000-0 -12342-3 0  9996
2 45661  53.0522 245.9410 0001464  82.8085 277.3070 15.06378724143076
1 45661U 20035E   23002.37717228  .00000643  00000-0  62071-4 0  9999
2 45661  53.0525 244.4519 0001473  83.4425 276.6731 15.06385873143549
1 45661U 20035E   23002.70890871  .00002122  00000-0  16132-3 0  9992
2 45661  53.0524 242.9625 0001402  82.8207 277.2941 15.06389521143591
1 45661U 20035E   23002.70890871  .00002122  00000-0  16132-3 0  9992
2 45661  53.0524 242.9625 0001402  82.8207 277.2941 15.06389521143175
1 45661U 20035E   23003.37237939  .00008137  00000-0  56453-3 0  9998
2 45661  53.0520 239.9840 0001454  82.2255 277.8899 15.06400653143695
1 45661U 20035E   23003.77046125  .00006257  00000-0  43853-3 0  9998
2 45661  53.0514 238.1965 0001391  83.8852 276.2296 15.06400957143339
1 45661U 20035E   23004.36758179  .00004838  00000-0  34344-3 0  9991
2 45661  53.0514 235.5161 0001369  82.3973 277.7171 15.06403825143842
1 45661U 20035E   23004.89835070  .00007699  00000-0  53497-3 0  9993
2 45661  53.0514 233.1333 0001355  81.8772 278.2370 15.06416489143929
1 45661U 20035E   23005.03104312  .00009291  00000-0  64148-3 0  9993
2 45661  53.0513 232.5370 0001360  82.7911 277.3232 15.06418023143948
1 45661U 20035E   23005.03104312  .00009291  00000-0  64148-3 0  9993
2 45661  53.0513 232.5370 0001360  82.7911 277.3232 15.06418023143522
1 45661U 20035E   23006.75605651 -.00003436  00000-0 -21195-3 0  9997
2 45661  53.0518 224.7904 0001474  84.4279 275.6878 15.06393532144205
1 45661U 20035E   23006.75605651 -.00003436  00000-0 -21195-3 0  9997
2 45661  53.0518 224.7904 0001474  84.4279 275.6878 15.06393532143787
1 45661U 20035E   23007.02144512 -.00002962  00000-0 -18009-3 0  9995
2 45661  53.0515 223.5995 0001479  82.8711 277.2446 15.06392331144246
1 45661U 20035E   23007.88395366  .00001888  00000-0  14562-3 0  9998
2 45661  53.0514 219.7298 0001323  86.0748 274.0392 15.06396712144378
1 45661U 20035E   23008.01664735  .00002609  00000-0  19395-3 0  9994
2 45661  53.0507 219.1338 0001373  84.6544 275.4601 15.06399252143977
1 45661U 20035E   23008.54742184  .00003422  00000-0  24848-3 0  9990
2 45661  53.0499 216.7513 0001665  90.0252 270.0928 15.06401314144478
1 45661U 20035E   23008.61376861 -.00001727  00000-0 -97016-4 0  9999
2 45661  53.0513 216.4528 0001797  91.5457 268.5738 15.06402707144486
1 45661U 20035E   23009.47626905  .00004474  00000-0  31895-3 0  9993
2 45661  53.0501 212.5812 0001577  85.4650 274.6519 15.06414852144613
1 45661U 20035E   23009.60896352  .00003040  00000-0  22285-3 0  9994
2 45661  53.0520 211.9853 0001371  86.9038 273.2108 15.06410735144211
1 45661U 20035E   23009.67531740 -.00000191  00000-0  60880-5 0  9998
2 45661  53.0519 211.6874 0001516  79.5704 280.5456 15.06397078144646
1 45661U 20035E   23009.67531740 -.00000191  00000-0  60880-5 0  9998
2 45661  53.0519 211.6874 0001516  79.5704 280.5456 15.06397078144220
1 45661U 20035E   23010.53782413  .00000829  00000-0  74537-4 0  9990
2 45661  53.0511 207.8146 0001450  94.5261 265.5894 15.06398989144774
1 45661U 20035E   23010.80320962  .00001956  00000-0  15017-3 0  9996
2 45661  53.0507 206.6232 0001358  93.1873 266.9271 15.06402216144811
1 45661U 20035E   23010.80320962  .00001956  00000-0  15017-3 0  9996
2 45661  53.0507 206.6232 0001358  93.1873 266.9271 15.06402216144394
1 45661U 20035E   23011.53302812 -.00001441  00000-0 -77888-4 0  9997
2 45661  53.0506 203.3470 0001397  91.8728 268.2421 15.06394494144927
1 45661U 20035E   23011.79841524 -.00001735  00000-0 -97596-4 0  9997
2 45661  53.0510 202.1553 0001350  93.5180 266.5963 15.06397126144962
1 45661U 20035E   23011.79841524 -.00001735  00000-0 -97596-4 0  9997
2 45661  53.0510 202.1553 0001350  93.5180 266.5963 15.06397126144546
1 45661U 20035E   23012.79363225 -.00000943  00000-0 -44474-4 0  9992
2 45661  53.0511 197.6880 0001307  94.0040 266.1098 15.06383876144699
1 45661U 20035E   23012.92632790 -.00000725  00000-0 -29829-4 0  9998
2 45661  53.0520 197.0924 0001289  90.8915 269.2222 15.06387839145132
1 45661U 20035E   23013.52344925  .00001510  00000-0  12030-3 0  9991
2 45661  53.0523 194.4116 0001207  93.8850 266.2277 15.06388435145220
1 45661U 20035E   23013.78883525  .00002011  00000-0  15387-3 0  9998
2 45661  53.0524 193.2202 0001197  93.5639 266.5487 15.06392575145264
1 45661U 20035E   23013.78883525  .00002011  00000-0  15387-3 0  9998
2 45661  53.0524 193.2202 0001197  93.5639 266.5487 15.06392575144847
1 45661U 20035E   23014.85039421  .00001457  00000-0  11671-3 0  9990
2 45661  53.0516 188.4540 0001209  89.5712 270.5415 15.06390368145003
1 45661U 20035E   23015.44751564  .00001372  00000-0  11097-3 0  9993
2 45661  53.0515 185.7731 0001234  83.7274 276.3856 15.06395587145518
1 45661U 20035E   23015.77924569  .00002542  00000-0  18948-3 0  9998
2 45661  53.0517 184.2841 0001257  83.2898 276.8234 15.06403821145569
1 45661U 20035E   23015.77924569  .00002542  00000-0  18948-3 0  9998
2 45661  53.0517 184.2841 0001257  83.2898 276.8234 15.06403821145143
1 45661U 20035E   23016.44271815  .00001373  00000-0  11107-3 0  9993
2 45661  53.0514 181.3055 0001233  87.6536 272.4594 15.06396225145247
1 45661U 20035E   23016.57541195  .00001263  00000-0  10368-3 0  9994
2 45661  53.0528 180.7099 0001296  86.0242 274.0895 15.06396481145683
1 45661U 20035E   23016.77444850  .00001481  00000-0  11828-3 0  9990
2 45661  53.0528 179.8161 0001238  88.7782 271.3348 15.06400804145718
1 45661U 20035E   23017.43792443 -.00000293  00000-0 -77989-6 0  9993
2 45661  53.0530 176.8385 0001314  88.1065 272.0075 15.06394481145818
1 45661U 20035E   23017.70330802  .00000256  00000-0  36047-4 0  9995
2 45661  53.0532 175.6471 0001309  93.9910 266.1229 15.06398743145854
1 45661U 20035E   23017.70330802  .00000256  00000-0  36047-4 0  9995
2 45661  53.0532 175.6471 0001309  93.9910 266.1229 15.06398743145438
1 45661U 20035E   23018.56581433 -.00001155  00000-0 -58629-4 0  9999
2 45661  53.0533 171.7749 0001269  94.3807 265.7327 15.06405976145980
1 45661U 20035E   23018.76485176  .00001319  00000-0  10741-3 0  9990
2 45661  53.0527 170.8812 0001066  87.5334 272.5777 15.06405398146016
1 45661U 20035E   23018.76485176  .00001319  00000-0  10741-3 0  9990
2 45661  53.0527 170.8812 0001066  87.5334 272.5777 15.06405398145598
1 45661U 20035E   23019.42833128  .00000609  00000-0  59765-4 0  9999
2 45661  53.0527 167.9026 0001222  91.6322 268.4807 15.06392702146110
1 45661U 20035E   23019.42833128  .00000609  00000-0  59765-4 0  9999
2 45661  53.0527 167.9026 0001222  91.6322 268.4807 15.06392702145692
1 45661U 20035E   23020.09179844  .00001068  00000-0  90575-4 0  9996
2 45661  53.0531 164.9244 0001143  86.6546 273.4573 15.06396044146218
1 45661U 20035E   23020.62256689  .00001413  00000-0  11369-3 0  9995
2 45661  53.0534 162.5414 0001139  95.7726 264.3393 15.06405013145877
1 45661U 20035E   23021.08699768  .00000956  00000-0  83025-4 0  9995
2 45661  53.0530 160.4566 0000960  71.6310 288.4783 15.06400745145946
1 45661U 20035E   23021.41874381 -.00000006  00000-0  18497-4 0  9996
2 45661  53.0544 158.9686 0001239  86.4101 273.7030 15.06387050145998
1 45661U 20035E   23021.68412585  .00000779  00000-0  71197-4 0  9991
2 45661  53.0545 157.7767 0001331  87.0313 273.0828 15.06395614146030
1 45661U 20035E   23022.74566227 -.00001141  00000-0 -57704-4 0  9996
2 45661  53.0523 153.0097 0001302 118.3316 241.7805 15.06417661146191
1 45661U 20035E   23023.34279899  .00001566  00000-0  12404-3 0  9995
2 45661  53.0538 150.3306 0001244  78.3609 281.7519 15.06391325146289
1 45661U 20035E   23024.07260703  .00000628  00000-0  61015-4 0  9991
2 45661  53.0526 147.0543 0000919  80.8656 279.2436 15.06402402146391
1 45661U 20035E   23025.46590163 -.00000134  00000-0  98673-5 0  9995
2 45661  53.0539 140.8001 0001232  81.1249 278.9879 15.06393701146608
1 45661U 20035E   23025.59859389  .00000134  00000-0  27919-4 0  9990
2 45661  53.0519 140.2033 0001416  74.2671 285.8474 15.06396169147049
1 45661U 20035E   23025.99666930  .00002035  00000-0  15545-3 0  9995
2 45661  53.0528 138.4161 0001465  72.1988 287.9161 15.06401312146684
1 45661U 20035E   23026.52743936  .00004794  00000-0  34042-3 0  9994
2 45661  53.0522 136.0339 0001496  67.5729 292.5418 15.06412979147188
1 45661U 20035E   23026.52743936  .00004794  00000-0  34042-3 0  9994
2 45661  53.0522 136.0339 0001496  67.5729 292.5418 15.06412979146761
1 45661U 20035E   23026.99186703  .00001154  00000-0  96368-4 0  9995
2 45661  53.0528 133.9475 0001775  65.3889 294.7284 15.06407102146832
1 45661U 20035E   23027.58899718 -.00001014  00000-0 -49174-4 0  9998
2 45661  53.0533 131.2684 0001473  75.4224 284.6928 15.06392691146920
1 45661U 20035E   23028.58419929  .00000384  00000-0  44646-4 0  9997
2 45661  53.0530 126.8009 0001389  72.9012 287.2129 15.06396962147491
1 45661U 20035E   23028.65054674  .00001245  00000-0  10246-3 0  9992
2 45661  53.0521 126.5019 0001463  74.7946 285.3204 15.06398384147503
1 45661U 20035E   23028.65054674  .00001245  00000-0  10246-3 0  9992
2 45661  53.0521 126.5019 0001463  74.7946 285.3204 15.06398384147086
1 45661U 20035E   23029.24767469  .00002389  00000-0  17924-3 0  9991
2 45661  53.0521 123.8215 0001378  80.5243 279.5902 15.06390043147178
1 45661U 20035E   23029.64575370  .00003026  00000-0  22195-3 0  9998
2 45661  53.0513 122.0339 0001232  72.2984 287.8140 15.06397053147653
1 45661U 20035E   23030.44191876  .00001678  00000-0  13154-3 0  9999
2 45661  53.0528 118.4610 0001456  85.3478 274.7677 15.06396503147357
1 45661U 20035E   23030.50826495  .00001657  00000-0  13012-3 0  9998
2 45661  53.0527 118.1631 0001413  84.3564 275.7586 15.06397704147785
1 45661U 20035E   23031.56980873  .00001972  00000-0  15121-3 0  9999
2 45661  53.0528 113.3964 0001339  86.8083 273.3059 15.06406032147528
1 45661U 20035E   23031.63615685  .00002749  00000-0  20335-3 0  9999
2 45661  53.0519 113.0986 0001353  89.3109 270.8035 15.06405993147950
