1 45660U 20035D   22365.10293374  .00018182  00000-0  12352-2 0  9993
2 45660  53.0534 254.6617 0001657  84.8670 275.2508 15.06434521142799
1 45660U 20035D   22365.43466192  .00008806  00000-0  60881-3 0  9992
2 45660  53.0537 253.1720 0001597  85.2862 274.8309 15.06431092143258
1 45660U 20035D   22365.43466192  .00008806  00000-0  60881-3 0  9992
2 45660  53.0537 253.1720 0001597  85.2862 274.8309 15.06431092142842
1 45660U 20035D   23001.09812836  .00000895  00000-0  78977-4 0  9998
2 45660  53.0541 250.1945 0001311  80.2906 279.8231 15.06408937143359
1 45660U 20035D   23001.09812836  .00000895  00000-0  78977-4 0  9998
2 45660  53.0541 250.1945 0001311  80.2906 279.8231 15.06408937142943
1 45660U 20035D   23001.69526260  .00002140  00000-0  16256-3 0  9993
2 45660  53.0551 247.5127 0001303  92.7761 267.3378 15.06381948143446
1 45660U 20035D   23002.02700509  .00001025  00000-0  87773-4 0  9995
2 45660  53.0550 246.0244 0001281  85.5211 274.5924 15.06371233143087
1 45660U 20035D   23002.35874223 -.00000236  00000-0  30712-5 0  9992
2 45660  53.0542 244.5351 0001405  88.2570 271.8580 15.06379493143541
1 45660U 20035D   23002.69048136  .00001481  00000-0  11834-3 0  9999
2 45660  53.0542 243.0461 0001292  85.5270 274.5866 15.06380165143598
1 45660U 20035D   23003.08856502  .00004003  00000-0  28756-3 0  9991
2 45660  53.0539 241.2592 0001303  85.5152 274.5986 15.06386938143240
1 45660U 20035D   23003.61934175  .00007087  00000-0  49423-3 0  9992
2 45660  53.0539 238.8766 0001348  87.2373 272.8770 15.06396261143734
1 45660U 20035D   23004.01741947  .00009291  00000-0  64166-3 0  9990
2 45660  53.0537 237.0897 0001367  88.1969 271.9177 15.06409590143382
1 45660U 20035D   23004.34914922  .00012306  00000-0  84314-3 0  9999
2 45660  53.0534 235.6005 0001355  89.1484 270.9660 15.06420536143844
1 45660U 20035D   23005.01261212  .00007738  00000-0  53753-3 0  9997
2 45660  53.0532 232.6223 0001236  94.7485 265.3646 15.06417988143537
1 45660U 20035D   23005.34434348  .00005935  00000-0  41679-3 0  9996
2 45660  53.0530 231.1332 0001447  89.4564 270.6590 15.06417629143992
1 45660U 20035D   23005.34434348  .00005935  00000-0  41679-3 0  9996
2 45660  53.0530 231.1332 0001447  89.4564 270.6590 15.06417629143587
1 45660U 20035D   23006.33954589 -.00002692  00000-0 -16188-3 0  9996
2 45660  53.0525 226.6656 0001747  82.7644 277.3543 15.06398104144148
1 45660U 20035D   23006.33954589 -.00002692  00000-0 -16188-3 0  9996
2 45660  53.0525 226.6656 0001747  82.7644 277.3543 15.06398104143732
1 45660U 20035D   23007.00302192 -.00003658  00000-0 -22690-3 0  9996
2 45660  53.0548 223.6862 0001460  87.9105 272.2051 15.06386784144240
1 45660U 20035D   23007.00302192 -.00003658  00000-0 -22690-3 0  9996
2 45660  53.0548 223.6862 0001460  87.9105 272.2051 15.06386784143834
1 45660U 20035D   23007.86553501  .00000694  00000-0  65459-4 0  9998
2 45660  53.0530 219.8156 0001441  92.2477 267.8677 15.06393922144374
1 45660U 20035D   23008.59535398  .00004998  00000-0  35424-3 0  9992
2 45660  53.0530 216.5384 0001441  90.6667 269.4487 15.06395271144482
1 45660U 20035D   23008.86073987  .00005500  00000-0  38785-3 0  9996
2 45660  53.0530 215.3470 0001446  90.6950 269.4204 15.06400489144110
1 45660U 20035D   23008.92708593  .00005943  00000-0  41751-3 0  9999
2 45660  53.0529 215.0491 0001442  89.6294 270.4860 15.06404624144534
1 45660U 20035D   23009.25881700  .00005825  00000-0  40954-3 0  9991
2 45660  53.0528 213.5598 0001431  89.1877 270.9276 15.06410343144580
1 45660U 20035D   23009.92228648 -.00000310  00000-0 -19030-5 0  9990
2 45660  53.0530 210.5815 0001450  90.6230 269.4925 15.06399388144683
1 45660U 20035D   23010.25402147 -.00000386  00000-0 -70139-5 0  9996
2 45660  53.0531 209.0924 0001457  90.7738 269.3418 15.06397962144322
1 45660U 20035D   23010.58575446  .00000151  00000-0  29032-4 0  9998
2 45660  53.0538 207.6031 0001415  92.3119 267.8032 15.06401404144789
1 45660U 20035D   23010.91748710  .00000996  00000-0  85743-4 0  9999
2 45660  53.0536 206.1138 0001410  91.2866 268.8284 15.06404320144837
1 45660U 20035D   23011.51461586 -.00000538  00000-0 -17221-4 0  9999
2 45660  53.0536 203.4331 0001978  89.2583 270.8632 15.06395854144925
1 45660U 20035D   23011.78000651 -.00000423  00000-0 -95381-5 0  9997
2 45660  53.0529 202.2413 0001457  91.7067 268.4089 15.06389513144555
1 45660U 20035D   23011.91270448  .00000444  00000-0  48713-4 0  9992
2 45660  53.0540 201.6463 0001374  94.5730 265.5416 15.06388791144988
1 45660U 20035D   23012.90790330  .00000915  00000-0  80326-4 0  9998
2 45660  53.0539 197.1785 0001375  96.1843 263.9303 15.06398005145130
1 45660U 20035D   23012.90790330  .00000915  00000-0  80326-4 0  9998
2 45660  53.0539 197.1785 0001375  96.1843 263.9303 15.06398005144724
1 45660U 20035D   23013.50502468  .00002617  00000-0  19452-3 0  9990
2 45660  53.0539 194.4977 0001336  97.0186 263.0955 15.06396835145223
1 45660U 20035D   23013.90310600  .00003977  00000-0  28570-3 0  9990
2 45660  53.0532 192.7107 0001343  94.9804 265.1339 15.06403794145281
1 45660U 20035D   23014.50022868  .00001203  00000-0  99613-4 0  9990
2 45660  53.0525 190.0290 0001404 100.5318 259.5829 15.06399819144966
1 45660U 20035D   23015.49543205 -.00000440  00000-0 -10674-4 0  9996
2 45660  53.0512 185.5619 0001356  92.6626 267.4518 15.06397397145520
1 45660U 20035D   23015.76081618  .00000742  00000-0  68723-4 0  9992
2 45660  53.0517 184.3699 0001170  89.7433 270.3690 15.06402371145159
1 45660U 20035D   23015.82716303  .00001980  00000-0  15176-3 0  9993
2 45660  53.0523 184.0730 0001514  98.7315 261.3845 15.06404207145578
1 45660U 20035D   23016.49063531 -.00000213  00000-0  45956-5 0  9995
2 45660  53.0524 181.0941 0001196  89.9060 270.2066 15.06395425145671
1 45660U 20035D   23016.49063531 -.00000213  00000-0  45956-5 0  9995
2 45660  53.0524 181.0941 0001196  89.9060 270.2066 15.06395425145266
1 45660U 20035D   23016.82236575  .00001128  00000-0  94563-4 0  9994
2 45660  53.0537 179.6051 0001194  90.7163 269.3963 15.06403060145728
1 45660U 20035D   23017.48584346  .00000633  00000-0  61403-4 0  9996
2 45660  53.0538 176.6269 0001171  95.6462 264.4660 15.06391211145823
1 45660U 20035D   23017.81757341  .00000536  00000-0  54883-4 0  9996
2 45660  53.0536 175.1369 0001143  94.4909 265.6211 15.06399000145872
1 45660U 20035D   23017.81757341  .00000536  00000-0  54883-4 0  9996
2 45660  53.0536 175.1369 0001143  94.4909 265.6211 15.06399000145467
1 45660U 20035D   23018.41469517  .00001473  00000-0  11774-3 0  9990
2 45660  53.0528 172.4562 0001152  94.6815 265.4305 15.06397110145968
1 45660U 20035D   23018.68007760  .00002179  00000-0  16514-3 0  9998
2 45660  53.0527 171.2651 0001098  96.4750 263.6364 15.06402824146000
1 45660U 20035D   23019.14450513  .00001466  00000-0  11724-3 0  9994
2 45660  53.0510 169.1811 0000736  86.3386 273.7687 15.06402931145667
1 45660U 20035D   23019.40990037  .00001380  00000-0  11155-3 0  9996
2 45660  53.0512 167.9876 0001198 100.5538 259.5586 15.06392907146119
1 45660U 20035D   23019.40990037  .00001380  00000-0  11155-3 0  9996
2 45660  53.0512 167.9876 0001198 100.5538 259.5586 15.06392907145703
1 45660U 20035D   23019.67528794  .00000265  00000-0  36669-4 0  9991
2 45660  53.0545 166.7982 0001056  93.2549 266.8561 15.06396864146157
1 45660U 20035D   23020.67048235  .00001061  00000-0  90053-4 0  9992
2 45660  53.0548 162.3316 0001073  81.3586 278.7525 15.06408602145897
1 45660U 20035D   23021.40030583  .00001578  00000-0  12484-3 0  9995
2 45660  53.0540 159.0554 0001142  74.6409 285.4706 15.06393424146007
1 45660U 20035D   23021.66568286  .00002584  00000-0  19222-3 0  9994
2 45660  53.0547 157.8632 0001089  78.4797 281.6314 15.06409001146045
1 45660U 20035D   23022.39550985 -.00000470  00000-0 -12670-4 0  9997
2 45660  53.0549 154.5887 0001153  80.8167 279.2952 15.06398550146152
1 45660U 20035D   23023.39071894 -.00000763  00000-0 -32358-4 0  9995
2 45660  53.0546 150.1199 0001024  91.8306 268.2800 15.06392047146303
1 45660U 20035D   23024.05417734 -.00000070  00000-0  14153-4 0  9999
2 45660  53.0548 147.1410 0000805  85.1864 274.9217 15.06404138146400
1 45660U 20035D   23024.51861114  .00001514  00000-0  12053-3 0  9994
2 45660  53.0538 145.0550 0001223  90.8724 269.2405 15.06398227146478
1 45660U 20035D   23025.51381732  .00001714  00000-0  13393-3 0  9998
2 45660  53.0541 140.5877 0001165  98.9624 261.1496 15.06396179146629
1 45660U 20035D   23025.58016158  .00001194  00000-0  99054-4 0  9993
2 45660  53.0539 140.2898 0001051  99.1473 260.9635 15.06400711147042
1 45660U 20035D   23025.71285161  .00001879  00000-0  14500-3 0  9992
2 45660  53.0538 139.6937 0001056  96.0479 264.0630 15.06405324147061
1 45660U 20035D   23025.71285161  .00001879  00000-0  14500-3 0  9992
2 45660  53.0538 139.6937 0001056  96.0479 264.0630 15.06405324146655
1 45660U 20035D   23026.04459212  .00001225  00000-0  10112-3 0  9999
2 45660  53.0550 138.2060 0001145  80.1011 280.0108 15.06398307146702
1 45660U 20035D   23026.57536281  .00000801  00000-0  72681-4 0  9998
2 45660  53.0535 135.8233 0001259  80.8909 279.2222 15.06405349147195
1 45660U 20035D   23026.64170721  .00001445  00000-0  11588-3 0  9992
2 45660  53.0531 135.5236 0001155  96.8848 263.2273 15.06408003146799
1 45660U 20035D   23027.50422024  .00000557  00000-0  56290-4 0  9997
2 45660  53.0531 131.6507 0001286 102.4027 257.7105 15.06400310147331
1 45660U 20035D   23027.50422024  .00000557  00000-0  56290-4 0  9997
2 45660  53.0531 131.6507 0001286 102.4027 257.7105 15.06400310146925
1 45660U 20035D   23028.49942731  .00000511  00000-0  53171-4 0  9993
2 45660  53.0554 127.1867 0001354  96.1933 263.9210 15.06397216147488
1 45660U 20035D   23028.49942731  .00000511  00000-0  53171-4 0  9993
2 45660  53.0554 127.1867 0001354  96.1933 263.9210 15.06397216147073
1 45660U 20035D   23028.69846282  .00000518  00000-0  53646-4 0  9993
2 45660  53.0547 126.2909 0001132  85.0674 275.0444 15.06403640147516
1 45660U 20035D   23029.42828821  .00000060  00000-0  22932-4 0  9990
2 45660  53.0551 123.0158 0001395  95.3903 264.7245 15.06391772147215
1 45660U 20035D   23029.62732891  .00000218  00000-0  33544-4 0  9999
2 45660  53.0554 122.1236 0001317  84.9201 275.1938 15.06392627147657
1 45660U 20035D   23030.55618077  .00000885  00000-0  78312-4 0  9994
2 45660  53.0543 117.9524 0001221  89.8241 270.2888 15.06399385147792
1 45660U 20035D   23030.55618077  .00000885  00000-0  78312-4 0  9994
2 45660  53.0543 117.9524 0001221  89.8241 270.2888 15.06399385147387
1 45660U 20035D   23031.48503819  .00000851  00000-0  76037-4 0  9999
2 45660  53.0544 113.7822 0001248  83.0612 277.0519 15.06397354147931
1 45660U 20035D   23031.94946216  .00000616  00000-0  60212-4 0  9999
2 45660  53.0540 111.6979 0001217  81.5752 278.5374 15.06402845147590
