1 45679U 20035Y   22365.05595424  .00004279  00000-0  30600-3 0  9997
2 45679  53.0536 244.8621 0001329 102.7197 257.3940 15.06397538142930
1 45679U 20035Y   22365.38768187  .00005512  00000-0  38857-3 0  9994
2 45679  53.0534 243.3757 0001508 109.7565 250.3586 15.06406139143384
1 45679U 20035Y   22365.38768187  .00005512  00000-0  38857-3 0  9994
2 45679  53.0534 243.3757 0001508 109.7565 250.3586 15.06406139142989
1 45679U 20035Y   22365.65307496  .00010025  00000-0  69072-3 0  9994
2 45679  53.0529 242.1821 0001233 109.9155 250.1967 15.06411079143424
1 45679U 20035Y   23001.38289433  .00003565  00000-0  25813-3 0  9998
2 45679  53.0541 238.9071 0001389 105.0318 255.0825 15.06397352143534
1 45679U 20035Y   23001.38289433  .00003565  00000-0  25813-3 0  9998
2 45679  53.0541 238.9071 0001389 105.0318 255.0825 15.06397352143130
1 45679U 20035Y   23001.91366674 -.00001554  00000-0 -85440-4 0  9991
2 45679  53.0544 236.5239 0001893 104.9060 255.2138 15.06400732143614
1 45679U 20035Y   23002.37809414 -.00002605  00000-0 -15607-3 0  9991
2 45679  53.0536 234.4386 0001515 113.3703 246.7446 15.06399447143688
1 45679U 20035Y   23002.90886583 -.00001511  00000-0 -82522-4 0  9998
2 45679  53.0538 232.0563 0001473 111.5554 248.5593 15.06407929143361
1 45679U 20035Y   23003.43963848  .00002191  00000-0  16593-3 0  9994
2 45679  53.0539 229.6738 0001509 111.3510 248.7640 15.06402306143840
1 45679U 20035Y   23003.70503405  .00003569  00000-0  25837-3 0  9994
2 45679  53.0529 228.4825 0001451 110.5991 249.5153 15.06395416143484
1 45679U 20035Y   23004.30215526  .00002454  00000-0  18357-3 0  9996
2 45679  53.0529 225.8021 0001436 110.0580 250.0563 15.06398813143975
1 45679U 20035Y   23004.89928385 -.00001495  00000-0 -81528-4 0  9991
2 45679  53.0530 223.1219 0001439 110.7440 249.3703 15.06387508144069
1 45679U 20035Y   23005.29736261  .00000188  00000-0  31552-4 0  9994
2 45679  53.0538 221.3340 0001572 114.9294 245.1858 15.06397790143724
1 45679U 20035Y   23005.56274994  .00001162  00000-0  96926-4 0  9993
2 45679  53.0536 220.1425 0001652 117.3123 242.8034 15.06395190144161
1 45679U 20035Y   23005.69544222  .00001338  00000-0  10872-3 0  9991
2 45679  53.0535 219.5469 0001643 116.8583 243.2574 15.06397140144187
1 45679U 20035Y   23006.69066175 -.00000005  00000-0  18543-4 0  9993
2 45679  53.0532 215.0790 0001622 109.0387 251.0778 15.06380425144333
1 45679U 20035Y   23006.69066175 -.00000005  00000-0  18543-4 0  9993
2 45679  53.0532 215.0790 0001622 109.0387 251.0778 15.06380425143938
1 45679U 20035Y   23007.35413069  .00001320  00000-0  10757-3 0  9993
2 45679  53.0529 212.1009 0001561 110.6249 249.4908 15.06385611144032
1 45679U 20035Y   23007.81855692  .00000248  00000-0  35566-4 0  9990
2 45679  53.0530 210.0162 0001520 112.2904 247.8247 15.06392710144500
1 45679U 20035Y   23007.95125025  .00000128  00000-0  27483-4 0  9991
2 45679  53.0530 209.4202 0001511 111.9764 248.1386 15.06394050144122
1 45679U 20035Y   23008.34934307  .00008306  00000-0  57639-3 0  9997
2 45679  53.0531 207.6333 0001672 117.8803 242.2355 15.06362432144585
1 45679U 20035Y   23008.34934307  .00008306  00000-0  57639-3 0  9997
2 45679  53.0531 207.6333 0001672 117.8803 242.2355 15.06362432144181
1 45679U 20035Y   23008.81375964  .00002519  00000-0  18801-3 0  9995
2 45679  53.0532 205.5481 0001463 110.7407 249.3739 15.06393074144655
1 45679U 20035Y   23008.81375964  .00002519  00000-0  18801-3 0  9995
2 45679  53.0532 205.5481 0001463 110.7407 249.3739 15.06393074144251
1 45679U 20035Y   23009.34453175  .00002524  00000-0  18826-3 0  9998
2 45679  53.0533 203.1652 0001444 110.5799 249.5345 15.06399744144735
1 45679U 20035Y   23009.60991713  .00002479  00000-0  18521-3 0  9993
2 45679  53.0532 201.9736 0001452 111.2832 248.8312 15.06403397144778
1 45679U 20035Y   23009.60991713  .00002479  00000-0  18521-3 0  9993
2 45679  53.0532 201.9736 0001452 111.2832 248.8312 15.06403397144374
1 45679U 20035Y   23010.53876533  .00002072  00000-0  15790-3 0  9993
2 45679  53.0533 197.8036 0001431 112.0354 248.0787 15.06409785144911
1 45679U 20035Y   23010.80415960  .00000568  00000-0  57037-4 0  9995
2 45679  53.0532 196.6119 0001438 112.4304 247.6837 15.06400172144951
1 45679U 20035Y   23010.80415960  .00000568  00000-0  57037-4 0  9995
2 45679  53.0532 196.6119 0001438 112.4304 247.6837 15.06400172144557
1 45679U 20035Y   23011.53396726  .00000589  00000-0  58436-4 0  9991
2 45679  53.0533 193.3351 0001416 111.1609 248.9532 15.06407259145066
1 45679U 20035Y   23011.79934938  .00001044  00000-0  88920-4 0  9990
2 45679  53.0532 192.1439 0001426 112.3557 247.7583 15.06411248144701
1 45679U 20035Y   23011.86569505  .00000583  00000-0  57988-4 0  9999
2 45679  53.0530 191.8462 0001463 112.1167 247.9978 15.06413750145113
1 45679U 20035Y   23012.19743466  .00000977  00000-0  84488-4 0  9998
2 45679  53.0533 190.3566 0001420 104.4794 255.6352 15.06398819144768
1 45679U 20035Y   23012.86091499 -.00000671  00000-0 -26138-4 0  9995
2 45679  53.0530 187.3785 0001441 106.4578 253.6569 15.06387677145263
1 45679U 20035Y   23012.86091499 -.00000671  00000-0 -26138-4 0  9995
2 45679  53.0530 187.3785 0001441 106.4578 253.6569 15.06387677144868
1 45679U 20035Y   23013.19264386  .00000153  00000-0  29175-4 0  9996
2 45679  53.0537 185.8894 0001481 104.8938 255.2215 15.06395397145310
1 45679U 20035Y   23013.19264386  .00000153  00000-0  29175-4 0  9996
2 45679  53.0537 185.8894 0001481 104.8938 255.2215 15.06395397144915
1 45679U 20035Y   23013.72341257  .00000690  00000-0  65187-4 0  9997
2 45679  53.0533 183.5064 0001334 105.1763 254.9373 15.06402479145396
1 45679U 20035Y   23013.72341257  .00000690  00000-0  65187-4 0  9997
2 45679  53.0533 183.5064 0001334 105.1763 254.9373 15.06402479144991
1 45679U 20035Y   23014.85130588  .00002273  00000-0  17143-3 0  9992
2 45679  53.0531 178.4428 0001298 103.5102 256.6032 15.06404167145161
1 45679U 20035Y   23015.18304862  .00001140  00000-0  95421-4 0  9995
2 45679  53.0512 176.9549 0001555  93.3595 266.7572 15.06396508145211
1 45679U 20035Y   23015.58112813  .00000408  00000-0  46319-4 0  9990
2 45679  53.0508 175.1659 0001620  98.7781 261.3391 15.06399691145674
1 45679U 20035Y   23015.71381961  .00000886  00000-0  78331-4 0  9996
2 45679  53.0535 174.5715 0001117  99.1703 260.9412 15.06400330145694
1 45679U 20035Y   23016.44363561 -.00000146  00000-0  90884-5 0  9991
2 45679  53.0520 171.2953 0001237  93.5454 266.5676 15.06398595145402
1 45679U 20035Y   23016.57632861  .00000112  00000-0  26406-4 0  9997
2 45679  53.0522 170.6999 0001202  92.7176 267.3950 15.06399648145821
1 45679U 20035Y   23016.70902016  .00000747  00000-0  69003-4 0  9998
2 45679  53.0523 170.1042 0001092  89.9556 270.1558 15.06403029145840
1 45679U 20035Y   23017.43885074 -.00000540  00000-0 -17399-4 0  9997
2 45679  53.0537 166.8281 0001033  98.1991 261.9115 15.06383798145951
1 45679U 20035Y   23017.43885074 -.00000540  00000-0 -17399-4 0  9997
2 45679  53.0537 166.8281 0001033  98.1991 261.9115 15.06383798145557
1 45679U 20035Y   23017.70423430 -.00001172  00000-0 -59808-4 0  9994
2 45679  53.0538 165.6376 0001406  96.5479 263.5670 15.06393490145999
1 45679U 20035Y   23017.70423430 -.00001172  00000-0 -59808-4 0  9994
2 45679  53.0538 165.6376 0001406  96.5479 263.5670 15.06393490145595
1 45679U 20035Y   23018.56673716  .00001638  00000-0  12884-3 0  9990
2 45679  53.0540 161.7652 0001052 106.4245 253.6859 15.06399372146125
1 45679U 20035Y   23018.56673716  .00001638  00000-0  12884-3 0  9990
2 45679  53.0540 161.7652 0001052 106.4245 253.6859 15.06399372145720
1 45679U 20035Y   23018.63308244  .00001981  00000-0  15186-3 0  9998
2 45679  53.0540 161.4673 0000964 102.4162 257.6935 15.06401736146138
1 45679U 20035Y   23019.42925765  .00001489  00000-0  11886-3 0  9995
2 45679  53.0550 157.8935 0001203  94.7362 265.3764 15.06387244146257
1 45679U 20035Y   23019.42925765  .00001489  00000-0  11886-3 0  9995
2 45679  53.0550 157.8935 0001203  94.7362 265.3764 15.06387244145852
1 45679U 20035Y   23020.09271776  .00001555  00000-0  12325-3 0  9999
2 45679  53.0539 154.9147 0000859  82.1290 277.9797 15.06400169145957
1 45679U 20035Y   23020.35810520  .00000993  00000-0  85507-4 0  9992
2 45679  53.0538 153.7241 0000930  74.4217 285.6874 15.06400745146392
1 45679U 20035Y   23021.48600300  .00002465  00000-0  18433-3 0  9999
2 45679  53.0543 148.6607 0001190  91.5846 268.5279 15.06397376146163
1 45679U 20035Y   23022.61390048  .00000456  00000-0  49469-4 0  9992
2 45679  53.0529 143.5970 0001081  88.5956 271.5156 15.06397652146335
1 45679U 20035Y   23023.34372282  .00000582  00000-0  57965-4 0  9993
2 45679  53.0539 140.3197 0001300  98.8357 261.2779 15.06390167146448
1 45679U 20035Y   23023.74179717  .00001340  00000-0  10883-3 0  9995
2 45679  53.0541 138.5321 0001432  98.1582 261.9569 15.06399229146507
1 45679U 20035Y   23025.46682374  .00000223  00000-0  33893-4 0  9990
2 45679  53.0535 130.7885 0001507 108.3522 251.7631 15.06394681146762
1 45679U 20035Y   23025.53317004 -.00000395  00000-0 -76593-5 0  9990
2 45679  53.0537 130.4908 0001019  96.1100 264.0005 15.06397334147177
1 45679U 20035Y   23025.59951530 -.00000100  00000-0  12197-4 0  9996
2 45679  53.0545 130.1939 0001016  93.0788 267.0317 15.06399308147185
1 45679U 20035Y   23026.59471611  .00001906  00000-0  14681-3 0  9997
2 45679  53.0554 125.7271 0001217  79.9803 280.1323 15.06401410147336
1 45679U 20035Y   23026.59471611  .00001906  00000-0  14681-3 0  9997
2 45679  53.0554 125.7271 0001217  79.9803 280.1323 15.06401410146931
1 45679U 20035Y   23026.99280132  .00001234  00000-0  10175-3 0  9995
2 45679  53.0561 123.9417 0001406  79.1296 280.9851 15.06395867146997
1 45679U 20035Y   23027.52357832 -.00001952  00000-0 -11219-3 0  9996
2 45679  53.0556 121.5597 0001393  79.2157 280.8988 15.06402121147472
1 45679U 20035Y   23028.51877525  .00000668  00000-0  63740-4 0  9990
2 45679  53.0548 117.0903 0001264  78.8750 281.2381 15.06404004147626
1 45679U 20035Y   23028.51877525  .00000668  00000-0  63740-4 0  9990
2 45679  53.0548 117.0903 0001264  78.8750 281.2381 15.06404004147222
1 45679U 20035Y   23028.65146388  .00000745  00000-0  68896-4 0  9994
2 45679  53.0543 116.4917 0001141 100.8190 259.2927 15.06408706147643
1 45679U 20035Y   23029.24859668  .00001291  00000-0  10558-3 0  9990
2 45679  53.0545 113.8092 0001040 116.5870 243.5226 15.06389363147338
1 45679U 20035Y   23029.91206594  .00000370  00000-0  43759-4 0  9995
2 45679  53.0546 110.8344 0001145  92.5835 267.5285 15.06394819147834
1 45679U 20035Y   23030.44283696  .00000582  00000-0  57948-4 0  9993
2 45679  53.0548 108.4514 0001176  97.9075 262.2048 15.06400918147519
1 45679U 20035Y   23030.57552821  .00000558  00000-0  56354-4 0  9999
2 45679  53.0545 107.8560 0001113  90.0997 270.0120 15.06404762147933
1 45679U 20035Y   23030.90726522 -.00000483  00000-0 -13511-4 0  9994
2 45679  53.0542 106.3653 0001061  96.9897 263.1213 15.06400330147981
1 45679U 20035Y   23031.17265931  .00000757  00000-0  69723-4 0  9994
2 45679  53.0538 105.1748 0001290  87.0533 273.0603 15.06391053147625
1 45679U 20035Y   23031.57073533  .00001126  00000-0  94445-4 0  9993
2 45679  53.0546 103.3878 0001123  99.1413 260.9703 15.06398342148089
1 45679U 20035Y   23031.63708068  .00001348  00000-0  10934-3 0  9994
2 45679  53.0546 103.0898 0001130  97.9338 262.1780 15.06400156147690
1 45679U 20035Y   23031.90246974  .00000457  00000-0  49540-4 0  9993
2 45679  53.0543 101.8981 0001125 111.3346 248.7763 15.06398670148138
