1 45674U 20035T   22365.02186812  .00016921  00000-0  11525-2 0  9997
2 45674  53.0542 255.0240 0001458  86.7977 273.3179 15.06387572142796
1 45674U 20035T   22365.41993019  .00010334  00000-0  71122-3 0  9997
2 45674  53.0543 253.2369 0001433  80.7670 279.3481 15.06420157143224
1 45674U 20035T   22365.41993019  .00010334  00000-0  71122-3 0  9997
2 45674  53.0543 253.2369 0001433  80.7670 279.3481 15.06420157142852
1 45674U 20035T   23001.08339567 -.00000131  00000-0  10113-4 0  9999
2 45674  53.0539 250.2582 0001299  77.8706 282.2429 15.06411574143329
1 45674U 20035T   23001.08339567 -.00000131  00000-0  10113-4 0  9999
2 45674  53.0539 250.2582 0001299  77.8706 282.2429 15.06411574142957
1 45674U 20035T   23001.94591650  .00003956  00000-0  28447-3 0  9992
2 45674  53.0545 246.3857 0001266  74.4801 285.6328 15.06382862143456
1 45674U 20035T   23001.94591650  .00003956  00000-0  28447-3 0  9992
2 45674  53.0545 246.3857 0001266  74.4801 285.6328 15.06382862143085
1 45674U 20035T   23002.07861259  .00005145  00000-0  36423-3 0  9997
2 45674  53.0549 245.7887 0001289  82.3395 277.7740 15.06380680143475
1 45674U 20035T   23002.94112701  .00007520  00000-0  52331-3 0  9999
2 45674  53.0543 241.9182 0001339  79.5217 280.5922 15.06393197143608
1 45674U 20035T   23003.67094008  .00006565  00000-0  45918-3 0  9990
2 45674  53.0543 238.6419 0001303  79.5858 280.5278 15.06402351143344
1 45674U 20035T   23004.33440705  .00004152  00000-0  29740-3 0  9998
2 45674  53.0542 235.6639 0001301  79.7926 280.3209 15.06405467143815
1 45674U 20035T   23004.33440705  .00004152  00000-0  29740-3 0  9998
2 45674  53.0542 235.6639 0001301  79.7926 280.3209 15.06405467143444
1 45674U 20035T   23004.93152206  .00005164  00000-0  36517-3 0  9994
2 45674  53.0541 232.9832 0001295  79.1651 280.9484 15.06414454143907
1 45674U 20035T   23005.59498610  .00003489  00000-0  25293-3 0  9996
2 45674  53.0533 230.0047 0001481  83.2518 276.8640 15.06412063143632
1 45674U 20035T   23005.66133244  .00003007  00000-0  22063-3 0  9991
2 45674  53.0534 229.7068 0001476  83.3233 276.7924 15.06411674144014
1 45674U 20035T   23006.32482235 -.00015239  00000-0 -10075-2 0  9993
2 45674  53.0532 226.7286 0002039  81.3738 278.7482 15.06356400143740
1 45674U 20035T   23006.59020572 -.00003912  00000-0 -24397-3 0  9992
2 45674  53.0527 225.5369 0001658  78.4299 281.6876 15.06380203144152
1 45674U 20035T   23006.59020572 -.00003912  00000-0 -24397-3 0  9992
2 45674  53.0527 225.5369 0001658  78.4299 281.6876 15.06380203143780
1 45674U 20035T   23006.98829292  .00000062  00000-0  23052-4 0  9990
2 45674  53.0527 223.7501 0001879  77.8484 282.2715 15.06381242144214
1 45674U 20035T   23007.32002906  .00001944  00000-0  14940-3 0  9999
2 45674  53.0531 222.2610 0001841  77.4297 282.6897 15.06387937143896
1 45674U 20035T   23007.85080775  .00005848  00000-0  41124-3 0  9998
2 45674  53.0527 219.8788 0001729  76.4712 283.6469 15.06393661144343
1 45674U 20035T   23008.58062263  .00007619  00000-0  52973-3 0  9993
2 45674  53.0525 216.6023 0001896  74.1630 285.9568 15.06406145144456
1 45674U 20035T   23008.84600740  .00007933  00000-0  55071-3 0  9991
2 45674  53.0522 215.4108 0001919  73.9724 286.1477 15.06411613144493
1 45674U 20035T   23008.84600740  .00007933  00000-0  55071-3 0  9991
2 45674  53.0522 215.4108 0001919  73.9724 286.1477 15.06411613144123
1 45674U 20035T   23008.97869970  .00008252  00000-0  57199-3 0  9995
2 45674  53.0523 214.8152 0001919  73.8489 286.2711 15.06414220144515
1 45674U 20035T   23009.90754843  .00003424  00000-0  24857-3 0  9992
2 45674  53.0526 210.6449 0001918  75.5710 284.5492 15.06413149144657
1 45674U 20035T   23010.23928241  .00000758  00000-0  69748-4 0  9991
2 45674  53.0525 209.1564 0001917  73.5542 286.5657 15.06406772144331
1 45674U 20035T   23010.57101354  .00001000  00000-0  86047-4 0  9998
2 45674  53.0526 207.6668 0001900  74.7817 285.3382 15.06408617144758
1 45674U 20035T   23010.83639839  .00000995  00000-0  85672-4 0  9996
2 45674  53.0529 206.4751 0001913  75.9926 284.1276 15.06409551144790
1 45674U 20035T   23011.49986368  .00001925  00000-0  14810-3 0  9990
2 45674  53.0534 203.4967 0001982  79.9833 280.1380 15.06405965144897
1 45674U 20035T   23011.69890372  .00001445  00000-0  11590-3 0  9990
2 45674  53.0531 202.6030 0001984  80.0041 280.1172 15.06405037144554
1 45674U 20035T   23011.89794707 -.00000118  00000-0  11002-4 0  9993
2 45674  53.0540 201.7096 0001867  80.8540 279.2660 15.06399151144952
1 45674U 20035T   23011.89794707 -.00000118  00000-0  11002-4 0  9993
2 45674  53.0540 201.7096 0001867  80.8540 279.2660 15.06399151144581
1 45674U 20035T   23012.69413202 -.00002377  00000-0 -14078-3 0  9995
2 45674  53.0553 198.1362 0001803  81.9116 278.2077 15.06381223144707
1 45674U 20035T   23012.89317305 -.00002149  00000-0 -12547-3 0  9990
2 45674  53.0547 197.2425 0001877  81.4094 278.7108 15.06383260145109
1 45674U 20035T   23013.49029297 -.00000434  00000-0 -10259-4 0  9991
2 45674  53.0551 194.5621 0001682  80.9217 279.1962 15.06387242145193
1 45674U 20035T   23013.49029297 -.00000434  00000-0 -10259-4 0  9991
2 45674  53.0551 194.5621 0001682  80.9217 279.1962 15.06387242144822
1 45674U 20035T   23013.88837319 -.00000134  00000-0  99040-5 0  9998
2 45674  53.0549 192.7749 0001768  88.4446 271.6746 15.06392480145257
1 45674U 20035T   23014.88357973  .00006882  00000-0  48043-3 0  9992
2 45674  53.0541 188.3068 0001537  79.7110 280.4052 15.06402610145030
1 45674U 20035T   23015.61338686  .00007427  00000-0  51671-3 0  9991
2 45674  53.0537 185.0305 0001558  79.6922 280.4242 15.06418698145513
1 45674U 20035T   23015.74607737  .00009695  00000-0  66836-3 0  9999
2 45674  53.0538 184.4348 0001564  78.2364 281.8800 15.06427256145162
1 45674U 20035T   23015.81242242  .00012761  00000-0  87321-3 0  9993
2 45674  53.0538 184.1368 0001560  77.9150 282.2014 15.06433623145545
1 45674U 20035T   23016.47588847  .00003071  00000-0  22488-3 0  9997
2 45674  53.0532 181.1581 0001421  87.8913 272.2239 15.06416315145273
1 45674U 20035T   23016.60858216  .00000071  00000-0  23638-4 0  9998
2 45674  53.0530 180.5628 0001290  78.5822 281.5311 15.06408007145662
1 45674U 20035T   23016.87396727  .00005192  00000-0  36706-3 0  9999
2 45674  53.0535 179.3713 0001383  87.4203 272.6944 15.06412460145709
1 45674U 20035T   23017.13935677  .00000428  00000-0  47636-4 0  9994
2 45674  53.0530 178.1780 0001592  85.0834 275.0336 15.06403577145375
1 45674U 20035T   23017.47109443 -.00002615  00000-0 -15676-3 0  9995
2 45674  53.0534 176.6902 0001675 100.7360 259.3818 15.06392687145794
1 45674U 20035T   23017.47109443 -.00002615  00000-0 -15676-3 0  9995
2 45674  53.0534 176.6902 0001675 100.7360 259.3818 15.06392687145424
1 45674U 20035T   23017.80282998  .00002380  00000-0  17866-3 0  9999
2 45674  53.0531 175.2012 0001567  91.1091 269.0077 15.06391615145843
1 45674U 20035T   23018.39995152  .00004281  00000-0  30608-3 0  9998
2 45674  53.0528 172.5204 0001523  91.5967 268.5196 15.06401753145931
1 45674U 20035T   23018.59898986  .00006391  00000-0  44746-3 0  9999
2 45674  53.0536 171.6285 0001424  95.5543 264.5608 15.06407941145594
1 45674U 20035T   23018.66533679  .00008154  00000-0  56556-3 0  9993
2 45674  53.0524 171.3297 0001418  99.2412 260.8737 15.06407675145978
1 45674U 20035T   23019.12976498  .00005088  00000-0  36018-3 0  9999
2 45674  53.0509 169.2462 0001217  76.0752 284.0372 15.06405175145671
1 45674U 20035T   23019.39515749  .00001352  00000-0  10966-3 0  9990
2 45674  53.0533 168.0544 0001672  82.7167 277.4012 15.06395051146089
1 45674U 20035T   23019.39515749  .00001352  00000-0  10966-3 0  9990
2 45674  53.0533 168.0544 0001672  82.7167 277.4012 15.06395051145718
1 45674U 20035T   23020.12497212  .00003060  00000-0  22419-3 0  9991
2 45674  53.0541 164.7790 0001447  78.6750 281.4402 15.06401802146198
1 45674U 20035T   23020.78843803  .00007781  00000-0  54051-3 0  9995
2 45674  53.0538 161.7989 0001336  84.8516 275.2626 15.06410913145929
1 45674U 20035T   23021.12017396  .00004819  00000-0  34214-3 0  9992
2 45674  53.0538 160.3067 0001301  86.8399 273.2739 15.06404196145978
1 45674U 20035T   23022.38076507  .00002037  00000-0  15557-3 0  9999
2 45674  53.0551 154.6541 0001553  90.4127 269.7040 15.06401630146162
1 45674U 20035T   23023.50866411  .00001272  00000-0  10427-3 0  9996
2 45674  53.0532 149.5892 0001354  90.4335 269.6809 15.06397500146334
1 45674U 20035T   23024.63656099  .00001177  00000-0  97928-4 0  9996
2 45674  53.0546 144.5252 0001295  96.2857 263.8279 15.06399177146509
1 45674U 20035T   23025.49907571  .00001285  00000-0  10518-3 0  9994
2 45674  53.0544 140.6548 0001322  99.2239 260.8900 15.06393909146639
1 45674U 20035T   23025.56541985  .00000935  00000-0  81665-4 0  9998
2 45674  53.0536 140.3555 0001052  86.2117 273.8992 15.06399001147013
1 45674U 20035T   23025.63176433  .00001561  00000-0  12364-3 0  9993
2 45674  53.0538 140.0577 0001105  90.7110 269.4006 15.06401602147027
1 45674U 20035T   23025.63176433  .00001561  00000-0  12364-3 0  9993
2 45674  53.0538 140.0577 0001105  90.7110 269.4006 15.06401602146655
1 45674U 20035T   23026.56062085  .00003019  00000-0  22151-3 0  9998
2 45674  53.0543 135.8900 0001848 105.1199 254.9994 15.06398587147164
1 45674U 20035T   23027.02504922  .00000536  00000-0  54895-4 0  9993
2 45674  53.0543 133.8051 0001367  79.0314 281.0829 15.06400219146863
1 45674U 20035T   23027.55582391 -.00001823  00000-0 -10352-3 0  9998
2 45674  53.0544 131.4216 0001202  78.1785 281.9338 15.06405737147316
1 45674U 20035T   23028.48466968 -.00008188  00000-0 -53092-3 0  9991
2 45674  53.0552 127.2523 0001811  75.1603 284.9587 15.06434315147459
1 45674U 20035T   23028.48466968 -.00008188  00000-0 -53092-3 0  9991
2 45674  53.0552 127.2523 0001811  75.1603 284.9587 15.06434315147088
1 45674U 20035T   23028.61737434  .00000017  00000-0  20015-4 0  9996
2 45674  53.0554 126.6569 0001577  78.7329 281.3837 15.06400335147473
1 45674U 20035T   23028.61737434  .00000017  00000-0  20015-4 0  9996
2 45674  53.0554 126.6569 0001577  78.7329 281.3837 15.06400335147103
1 45674U 20035T   23029.28084854  .00000108  00000-0  26179-4 0  9999
2 45674  53.0555 123.6766 0001560  88.6967 271.4201 15.06391280147204
1 45674U 20035T   23029.67889892  .00004229  00000-0  30241-3 0  9999
2 45674  53.0542 121.8888 0001256  79.2797 280.8334 15.06424642147631
1 45674U 20035T   23029.67889892  .00004229  00000-0  30241-3 0  9999
2 45674  53.0542 121.8888 0001256  79.2797 280.8334 15.06424642147260
1 45674U 20035T   23030.27606092 -.00002177  00000-0 -12739-3 0  9990
2 45674  53.0560 119.2090 0001541  93.6409 266.4756 15.06378735147352
1 45674U 20035T   23030.47510146 -.00001937  00000-0 -11121-3 0  9993
2 45674  53.0560 118.3157 0001577  96.3345 263.7824 15.06380233147750
1 45674U 20035T   23031.27125565  .00000288  00000-0  38229-4 0  9994
2 45674  53.0553 114.7408 0001378  85.7611 274.3535 15.06393855147502
1 45674U 20035T   23031.47029006  .00001215  00000-0  10041-3 0  9991
2 45674  53.0545 113.8476 0001285  79.6738 280.4396 15.06400530147532
1 45674U 20035T   23031.60298309  .00001443  00000-0  11572-3 0  9993
2 45674  53.0547 113.2520 0001391  84.1322 275.9825 15.06401225147927
1 45674U 20035T   23031.93471141 -.00002212  00000-0 -12962-3 0  9997
2 45674  53.0529 111.7629 0001173  81.4494 278.6628 15.06415549147978
1 45674U 20035T   23031.93471141 -.00002212  00000-0 -12962-3 0  9997
2 45674  53.0529 111.7629 0001173  81.4494 278.6628 15.06415549147608
