1 45677U 20035W   22365.12504331  .00004950  00000-0  35088-3 0  9991
2 45677  53.0562 254.5608 0001387  70.5932 289.5206 15.06408940142799
1 45677U 20035W   22365.39043275  .00005511  00000-0  38857-3 0  9996
2 45677  53.0546 253.3684 0001740  74.9040 285.2141 15.06404186143243
1 45677U 20035W   22365.72217197  .00004926  00000-0  34939-3 0  9995
2 45677  53.0566 251.8814 0001663  79.9235 280.1941 15.06399308143294
1 45677U 20035W   23001.05391926  .00001919  00000-0  14773-3 0  9995
2 45677  53.0563 250.3904 0001614  71.6019 288.5145 15.06387875142934
1 45677U 20035W   23001.38565587  .00001385  00000-0  11189-3 0  9992
2 45677  53.0564 248.9017 0001631  72.3016 287.8151 15.06388240143394
1 45677U 20035W   23002.38085509 -.00001772  00000-0 -10009-3 0  9996
2 45677  53.0564 244.4336 0001665  73.0156 287.1015 15.06403731143541
1 45677U 20035W   23002.38085509 -.00001772  00000-0 -10009-3 0  9996
2 45677  53.0564 244.4336 0001665  73.0156 287.1015 15.06403731143136
1 45677U 20035W   23002.91162354  .00000445  00000-0  48787-4 0  9998
2 45677  53.0564 242.0519 0001656  77.9997 282.1178 15.06405408143621
1 45677U 20035W   23003.37606128  .00001318  00000-0  10739-3 0  9996
2 45677  53.0557 239.9670 0001679  74.5592 285.5583 15.06392030143695
1 45677U 20035W   23003.37606128  .00001318  00000-0  10739-3 0  9996
2 45677  53.0557 239.9670 0001679  74.5592 285.5583 15.06392030143280
1 45677U 20035W   23004.37125739  .00002466  00000-0  18437-3 0  9999
2 45677  53.0556 235.4991 0001518  76.7263 283.3895 15.06404767143437
1 45677U 20035W   23004.90202967  .00001852  00000-0  14314-3 0  9995
2 45677  53.0557 233.1166 0001605  77.0770 283.0398 15.06407484143929
1 45677U 20035W   23005.03472500  .00001769  00000-0  13760-3 0  9993
2 45677  53.0547 232.5209 0001511  76.6093 283.5065 15.06406517143942
1 45677U 20035W   23005.76453495  .00002763  00000-0  20429-3 0  9990
2 45677  53.0544 229.2440 0001447  77.6575 282.4576 15.06409327144053
1 45677U 20035W   23005.76453495  .00002763  00000-0  20429-3 0  9990
2 45677  53.0544 229.2440 0001447  77.6575 282.4576 15.06409327143647
1 45677U 20035W   23006.42802248 -.00005027  00000-0 -31902-3 0  9994
2 45677  53.0543 226.2669 0001429  70.0940 290.0203 15.06378348143740
1 45677U 20035W   23006.75976080 -.00003576  00000-0 -22146-3 0  9993
2 45677  53.0539 224.7774 0001435  69.5871 290.5272 15.06377477144203
1 45677U 20035W   23007.42323615 -.00001388  00000-0 -74369-4 0  9992
2 45677  53.0539 221.7990 0001469  69.6906 290.4240 15.06381154143892
1 45677U 20035W   23007.88767100  .00001322  00000-0  10771-3 0  9995
2 45677  53.0535 219.7143 0001490  69.3477 290.7671 15.06381379144373
1 45677U 20035W   23008.55114734  .00005554  00000-0  39157-3 0  9999
2 45677  53.0534 216.7354 0001503  73.3139 286.8015 15.06386956144473
1 45677U 20035W   23008.61749439  .00005499  00000-0  38791-3 0  9993
2 45677  53.0532 216.4376 0001503  73.6881 286.4273 15.06388333144483
1 45677U 20035W   23008.61749439  .00005499  00000-0  38791-3 0  9993
2 45677  53.0532 216.4376 0001503  73.6881 286.4273 15.06388333144078
1 45677U 20035W   23009.28096347  .00006025  00000-0  42302-3 0  9999
2 45677  53.0534 213.4592 0001476  74.5245 285.5907 15.06398088144588
1 45677U 20035W   23010.27616238  .00006034  00000-0  42351-3 0  9991
2 45677  53.0536 208.9916 0001503  74.0977 286.0178 15.06409034144329
1 45677U 20035W   23010.54154759  .00005813  00000-0  40869-3 0  9992
2 45677  53.0534 207.8000 0001580  74.7768 285.3396 15.06411693144776
1 45677U 20035W   23010.93962392  .00006914  00000-0  48234-3 0  9992
2 45677  53.0536 206.0130 0001548  74.4057 285.7103 15.06418321144837
1 45677U 20035W   23011.53673615  .00006614  00000-0  46222-3 0  9998
2 45677  53.0538 203.3323 0001604  74.3770 285.7396 15.06425046144923
1 45677U 20035W   23011.80212106  .00003764  00000-0  27132-3 0  9994
2 45677  53.0545 202.1409 0001550  73.5604 286.5555 15.06420373144968
1 45677U 20035W   23011.80212106  .00003764  00000-0  27132-3 0  9994
2 45677  53.0545 202.1409 0001550  73.5604 286.5555 15.06420373144553
1 45677U 20035W   23012.79731268  .00001565  00000-0  12385-3 0  9999
2 45677  53.0546 197.6735 0001534  73.7216 286.3942 15.06418126145111
1 45677U 20035W   23012.79731268  .00001565  00000-0  12385-3 0  9999
2 45677  53.0546 197.6735 0001534  73.7216 286.3942 15.06418126144705
1 45677U 20035W   23013.52713465 -.00003943  00000-0 -24597-3 0  9992
2 45677  53.0548 194.3980 0001545  73.3834 286.7324 15.06395631145228
1 45677U 20035W   23013.52713465 -.00003943  00000-0 -24597-3 0  9992
2 45677  53.0548 194.3980 0001545  73.3834 286.7324 15.06395631144812
1 45677U 20035W   23013.92521875 -.00001481  00000-0 -80522-4 0  9994
2 45677  53.0546 192.6112 0001704  76.2056 283.9123 15.06400968145281
1 45677U 20035W   23014.85407365 -.00000580  00000-0 -20034-4 0  9995
2 45677  53.0545 188.4402 0001443  79.2168 280.8984 15.06400437145015
1 45677U 20035W   23014.92041986 -.00000512  00000-0 -15472-4 0  9991
2 45677  53.0544 188.1423 0001429  77.1078 283.0070 15.06401283145432
1 45677U 20035W   23015.78293177  .00001801  00000-0  13981-3 0  9999
2 45677  53.0544 184.2702 0001428  82.5894 277.5257 15.06395690145567
1 45677U 20035W   23016.44640503  .00001186  00000-0  98527-4 0  9998
2 45677  53.0544 181.2917 0001411  88.0278 272.0873 15.06392803145669
1 45677U 20035W   23016.44640503  .00001186  00000-0  98527-4 0  9998
2 45677  53.0544 181.2917 0001411  88.0278 272.0873 15.06392803145254
1 45677U 20035W   23016.71178867 -.00000942  00000-0 -44337-4 0  9998
2 45677  53.0538 180.1017 0001522  85.8257 274.2906 15.06404017145703
1 45677U 20035W   23016.71178867 -.00000942  00000-0 -44337-4 0  9998
2 45677  53.0538 180.1017 0001522  85.8257 274.2906 15.06404017145297
1 45677U 20035W   23017.17621619  .00000612  00000-0  59948-4 0  9993
2 45677  53.0538 178.0170 0001265  90.1722 269.9412 15.06399386145771
1 45677U 20035W   23017.83968746 -.00000414  00000-0 -89124-5 0  9993
2 45677  53.0542 175.0387 0001287  85.9445 274.1691 15.06399387145465
1 45677U 20035W   23018.56950174  .00001071  00000-0  90817-4 0  9998
2 45677  53.0546 171.7628 0001349  85.0879 275.0264 15.06398307145985
1 45677U 20035W   23018.76853472  .00001606  00000-0  12664-3 0  9990
2 45677  53.0543 170.8665 0001362 103.6988 256.4153 15.06406835146017
1 45677U 20035W   23018.76853472  .00001606  00000-0  12664-3 0  9990
2 45677  53.0543 170.8665 0001362 103.6988 256.4153 15.06406835145601
1 45677U 20035W   23019.10027909  .00000381  00000-0  44458-4 0  9993
2 45677  53.0548 169.3780 0001304 100.7275 259.3861 15.06394683145650
1 45677U 20035W   23019.43201638  .00000377  00000-0  44247-4 0  9993
2 45677  53.0554 167.8861 0001812  97.8415 262.2780 15.06394080146112
1 45677U 20035W   23020.42722176 -.00001005  00000-0 -48618-4 0  9996
2 45677  53.0554 163.4212 0001181  95.3146 264.7978 15.06398229146268
1 45677U 20035W   23020.42722176 -.00001005  00000-0 -48618-4 0  9996
2 45677  53.0554 163.4212 0001181  95.3146 264.7978 15.06398229145852
1 45677U 20035W   23021.09068363 -.00000051  00000-0  15444-4 0  9991
2 45677  53.0557 160.4421 0001202  86.1825 273.9301 15.06403697145959
1 45677U 20035W   23021.35607881  .00001541  00000-0  12236-3 0  9993
2 45677  53.0550 159.2527 0001185  95.0877 265.0248 15.06389810145997
1 45677U 20035W   23021.68780899  .00001486  00000-0  11861-3 0  9991
2 45677  53.0558 157.7640 0001366  90.0441 270.0705 15.06398776146049
1 45677U 20035W   23023.08109011 -.00000255  00000-0  17587-5 0  9995
2 45677  53.0546 151.5074 0001101  90.5773 269.5342 15.06402718146254
1 45677U 20035W   23023.34648334  .00000202  00000-0  32467-4 0  9994
2 45677  53.0540 150.3181 0001206  84.7972 275.3155 15.06394581146295
1 45677U 20035W   23024.47437747  .00000506  00000-0  52883-4 0  9994
2 45677  53.0526 145.2549 0001222  81.2318 278.8809 15.06396222146461
1 45677U 20035W   23025.46958623  .00000442  00000-0  48574-4 0  9996
2 45677  53.0549 140.7873 0001132 113.1790 246.9318 15.06388194146612
1 45677U 20035W   23025.60227798  .00000858  00000-0  76484-4 0  9996
2 45677  53.0542 140.1909 0000927  95.8500 264.2595 15.06392018147043
1 45677U 20035W   23025.66862187  .00000022  00000-0  20368-4 0  9992
2 45677  53.0541 139.8915 0000971  92.8673 267.2427 15.06398433147056
1 45677U 20035W   23025.66862187  .00000022  00000-0  20368-4 0  9992
2 45677  53.0541 139.8915 0000971  92.8673 267.2427 15.06398433146640
1 45677U 20035W   23026.59747870  .00000792  00000-0  72053-4 0  9998
2 45677  53.0543 135.7236 0001026  92.0998 268.0108 15.06398992147193
1 45677U 20035W   23026.99556212  .00000929  00000-0  81243-4 0  9993
2 45677  53.0546 133.9352 0001021  96.6296 263.4809 15.06394859146847
1 45677U 20035W   23027.32730250  .00000404  00000-0  46021-4 0  9990
2 45677  53.0545 132.4466 0000992  94.7617 265.3485 15.06388079146891
1 45677U 20035W   23027.59268593  .00001122  00000-0  94193-4 0  9996
2 45677  53.0553 131.2569 0001154 101.1186 258.9933 15.06394055147344
1 45677U 20035W   23027.59268593  .00001122  00000-0  94193-4 0  9996
2 45677  53.0553 131.2569 0001154 101.1186 258.9933 15.06394055146938
1 45677U 20035W   23028.52154073  .00000086  00000-0  24652-4 0  9998
2 45677  53.0539 127.0860 0001068  88.3642 271.7469 15.06399458147486
1 45677U 20035W   23028.65422900  .00000717  00000-0  67001-4 0  9995
2 45677  53.0543 126.4898 0001068  91.8747 268.2364 15.06405296147506
1 45677U 20035W   23028.65422900  .00000717  00000-0  67001-4 0  9995
2 45677  53.0543 126.4898 0001068  91.8747 268.2364 15.06405296147090
1 45677U 20035W   23028.98597670 -.00000438  00000-0 -10489-4 0  9998
2 45677  53.0550 125.0027 0001549  78.7579 281.3584 15.06391365147145
1 45677U 20035W   23029.51674977 -.00000475  00000-0 -12991-4 0  9995
2 45677  53.0543 122.6190 0001235  78.7640 281.3488 15.06394235147638
1 45677U 20035W   23030.24656317  .00000446  00000-0  48819-4 0  9999
2 45677  53.0542 119.3421 0001253  79.0537 281.0593 15.06395141147334
1 45677U 20035W   23030.51194761  .00000146  00000-0  28658-4 0  9995
2 45677  53.0539 118.1502 0001175  79.0330 281.0791 15.06400829147780
1 45677U 20035W   23031.44080579  .00000963  00000-0  83543-4 0  9990
2 45677  53.0537 113.9814 0001251  71.2696 288.8428 15.06395380147519
1 45677U 20035W   23031.57349630  .00001004  00000-0  86294-4 0  9993
2 45677  53.0541 113.3853 0001193  76.7905 283.3216 15.06399794147944
1 45677U 20035W   23031.63984169  .00001065  00000-0  90378-4 0  9997
2 45677  53.0535 113.0864 0001140  80.4817 279.6300 15.06401200147951
