1 45670U 20035P   22365.31948797  .00002698  00000-0  19994-3 0  9998
2 45670  53.0535 223.6908 0001159  91.2546 268.8576 15.06397241143545
1 45670U 20035P   22365.71756417  .00003165  00000-0  23124-3 0  9998
2 45670  53.0537 221.9035 0001136  89.6050 270.5069 15.06404027143600
1 45670U 20035P   22365.91661533  .00001700  00000-0  13302-3 0  9994
2 45670  53.0536 221.0102 0001199  90.4186 269.6941 15.06392461143330
1 45670U 20035P   23001.58009113 -.00000855  00000-0 -38493-4 0  9996
2 45670  53.0535 218.0315 0001253  90.8085 269.3048 15.06391655143737
1 45670U 20035P   23001.84547911 -.00000867  00000-0 -39310-4 0  9990
2 45670  53.0536 216.8402 0001262  89.9504 270.1629 15.06391640143779
1 45670U 20035P   23001.84547911 -.00000867  00000-0 -39310-4 0  9990
2 45670  53.0536 216.8402 0001262  89.9504 270.1629 15.06391640143476
1 45670U 20035P   23002.30990204 -.00000608  00000-0 -21913-4 0  9992
2 45670  53.0536 214.7555 0001283  89.7770 270.3366 15.06399491143548
1 45670U 20035P   23002.57528486 -.00004590  00000-0 -28930-3 0  9999
2 45670  53.0535 213.5641 0001158  84.6546 275.4575 15.06417145143888
1 45670U 20035P   23002.84066534 -.00007049  00000-0 -45442-3 0  9999
2 45670  53.0535 212.3727 0001480  81.3972 278.7184 15.06429709143921
1 45670U 20035P   23002.84066534 -.00007049  00000-0 -45442-3 0  9999
2 45670  53.0535 212.3727 0001480  81.3972 278.7184 15.06429709143628
1 45670U 20035P   23003.57048878  .00001783  00000-0  13858-3 0  9994
2 45670  53.0536 209.0962 0001416  91.0168 269.0983 15.06396218144031
1 45670U 20035P   23003.57048878  .00001783  00000-0  13858-3 0  9994
2 45670  53.0536 209.0962 0001416  91.0168 269.0983 15.06396218143737
1 45670U 20035P   23004.49934056  .00001150  00000-0  96092-4 0  9998
2 45670  53.0534 204.9263 0001424  90.8423 269.2729 15.06403538144176
1 45670U 20035P   23004.83107733  .00000674  00000-0  64167-4 0  9998
2 45670  53.0536 203.4366 0001442  93.2567 266.8587 15.06400756144222
1 45670U 20035P   23004.83107733  .00000674  00000-0  64167-4 0  9998
2 45670  53.0536 203.4366 0001442  93.2567 266.8587 15.06400756143928
1 45670U 20035P   23005.56089328  .00001169  00000-0  97379-4 0  9999
2 45670  53.0540 200.1606 0001290  93.0868 267.0269 15.06395331144335
1 45670U 20035P   23005.82627703  .00000205  00000-0  32624-4 0  9995
2 45670  53.0537 198.9694 0001294  91.6858 268.4279 15.06402662144375
1 45670U 20035P   23006.22436490  .00000096  00000-0  25349-4 0  9995
2 45670  53.0539 197.1827 0001246  90.4098 269.7034 15.06390068144139
1 45670U 20035P   23006.62245079 -.00000376  00000-0 -63881-5 0  9997
2 45670  53.0536 195.3954 0001257  90.6766 269.4367 15.06386894144490
1 45670U 20035P   23006.95418501 -.00000095  00000-0  12529-4 0  9994
2 45670  53.0535 193.9062 0001262  90.3389 269.7744 15.06389144144546
1 45670U 20035P   23007.48495810  .00000132  00000-0  27778-4 0  9994
2 45670  53.0535 191.5235 0001265  88.1349 271.9785 15.06394413144327
1 45670U 20035P   23007.88303829 -.00000027  00000-0  17098-4 0  9994
2 45670  53.0534 189.7363 0001228  88.2739 271.8390 15.06397302144680
1 45670U 20035P   23008.21477080  .00000795  00000-0  72291-4 0  9990
2 45670  53.0534 188.2471 0001216  90.1108 270.0021 15.06397508144739
1 45670U 20035P   23008.61285050  .00001849  00000-0  14299-3 0  9992
2 45670  53.0535 186.4596 0001171  90.8291 269.2832 15.06396693144495
1 45670U 20035P   23008.87823492  .00001912  00000-0  14721-3 0  9999
2 45670  53.0535 185.2681 0001140  91.3477 268.7643 15.06401064144836
1 45670U 20035P   23009.47535614  .00001200  00000-0  99420-4 0  9992
2 45670  53.0535 182.5872 0001158  91.5521 268.5600 15.06401778144922
1 45670U 20035P   23009.74074711  .00000309  00000-0  39649-4 0  9994
2 45670  53.0536 181.3952 0001268  90.0989 270.0145 15.06398706144965
1 45670U 20035P   23009.74074711  .00000309  00000-0  39649-4 0  9994
2 45670  53.0536 181.3952 0001268  90.0989 270.0145 15.06398706144662
1 45670U 20035P   23010.86864344 -.00000712  00000-0 -28939-4 0  9998
2 45670  53.0534 176.3326 0001312  83.1017 277.0121 15.06399860145130
1 45670U 20035P   23010.86864344 -.00000712  00000-0 -28939-4 0  9998
2 45670  53.0534 176.3326 0001312  83.1017 277.0121 15.06399860144836
1 45670U 20035P   23011.86384269  .00000640  00000-0  61863-4 0  9993
2 45670  53.0530 171.8657 0001267  86.5412 273.5721 15.06397376145281
1 45670U 20035P   23012.12922732  .00000759  00000-0  69834-4 0  9993
2 45670  53.0541 170.6742 0001129  86.0917 274.0201 15.06400584145024
1 45670U 20035P   23012.72633619  .00001980  00000-0  15172-3 0  9994
2 45670  53.0535 167.9934 0001051  86.0565 274.0544 15.06411804145119
1 45670U 20035P   23012.85902589  .00002496  00000-0  18632-3 0  9990
2 45670  53.0545 167.3970 0001173  81.6228 278.4894 15.06416436145433
1 45670U 20035P   23013.12443717 -.00001287  00000-0 -67522-4 0  9996
2 45670  53.0536 166.2062 0001096  89.1765 270.9350 15.06388624145471
1 45670U 20035P   23013.12443717 -.00001287  00000-0 -67522-4 0  9996
2 45670  53.0536 166.2062 0001096  89.1765 270.9350 15.06388624145178
1 45670U 20035P   23014.38503486 -.00001315  00000-0 -69427-4 0  9993
2 45670  53.0548 160.5481 0000506  98.5897 261.5149 15.06386403145364
1 45670U 20035P   23014.71676124 -.00003142  00000-0 -19208-3 0  9991
2 45670  53.0528 159.0587 0001144  99.5092 260.6027 15.06409376145415
1 45670U 20035P   23015.38025641  .00000667  00000-0  63714-4 0  9996
2 45670  53.0526 156.0804 0001202  98.0469 262.0657 15.06368911145514
1 45670U 20035P   23015.64564526  .00001194  00000-0  99096-4 0  9993
2 45670  53.0532 154.8880 0001232 104.1765 255.9361 15.06373147145859
1 45670U 20035P   23015.77833410  .00004400  00000-0  31419-3 0  9995
2 45670  53.0549 154.2918 0001119 100.5660 259.5455 15.06384485145874
1 45670U 20035P   23015.77833410  .00004400  00000-0  31419-3 0  9995
2 45670  53.0549 154.2918 0001119 100.5660 259.5455 15.06384485145571
1 45670U 20035P   23016.64083135  .00008059  00000-0  55903-3 0  9991
2 45670  53.0524 150.4214 0001424  86.7575 273.3577 15.06418696146000
1 45670U 20035P   23016.77352238  .00008353  00000-0  57864-3 0  9993
2 45670  53.0528 149.8244 0001319  94.8192 265.2948 15.06421230146029
1 45670U 20035P   23016.77352238  .00008353  00000-0  57864-3 0  9993
2 45670  53.0528 149.8244 0001319  94.8192 265.2948 15.06421230145725
1 45670U 20035P   23017.37066487  .00001916  00000-0  14752-3 0  9995
2 45670  53.0529 147.1430 0000886 102.7721 257.3367 15.06386488145811
1 45670U 20035P   23017.63605055  .00002084  00000-0  15879-3 0  9992
2 45670  53.0526 145.9534 0001217  93.3208 266.7920 15.06390127146155
1 45670U 20035P   23017.76874042  .00000054  00000-0  22490-4 0  9993
2 45670  53.0521 145.3562 0001325  94.0794 266.0346 15.06397628146173
1 45670U 20035P   23017.76874042  .00000054  00000-0  22490-4 0  9993
2 45670  53.0521 145.3562 0001325  94.0794 266.0346 15.06397628145879
1 45670U 20035P   23018.63124043  .00003659  00000-0  26430-3 0  9990
2 45670  53.0523 141.4857 0001184  94.1535 265.9589 15.06412678146301
1 45670U 20035P   23018.63124043  .00003659  00000-0  26430-3 0  9990
2 45670  53.0523 141.4857 0001184  94.1535 265.9589 15.06412678146008
1 45670U 20035P   23018.69758377  .00006952  00000-0  48484-3 0  9991
2 45670  53.0523 141.1874 0001116  92.4018 267.7099 15.06422475146312
1 45670U 20035P   23019.02932738  .00005681  00000-0  39997-3 0  9991
2 45670  53.0530 139.6971 0001505  91.6350 268.4812 15.06400583146061
1 45670U 20035P   23019.49375553  .00001530  00000-0  12161-3 0  9991
2 45670  53.0532 137.6148 0001472 108.2526 251.8623 15.06399650146439
1 45670U 20035P   23020.02452787  .00002628  00000-0  19524-3 0  9996
2 45670  53.0527 135.2303 0001099  84.6240 275.4875 15.06401180146214
1 45670U 20035P   23020.48896183  .00002832  00000-0  20896-3 0  9999
2 45670  53.0528 133.1455 0001226  85.2135 274.8994 15.06392208146587
1 45670U 20035P   23020.48896183  .00002832  00000-0  20896-3 0  9999
2 45670  53.0528 133.1455 0001226  85.2135 274.8994 15.06392208146284
1 45670U 20035P   23021.48416354  .00017727  00000-0  12054-2 0  9993
2 45670  53.0533 128.6797 0001346  72.5252 287.5884 15.06417703146434
1 45670U 20035P   23022.54570844  .00007114  00000-0  49587-3 0  9997
2 45670  53.0538 123.9136 0001196  82.9174 277.1951 15.06410238146598
1 45670U 20035P   23023.01013813  .00005472  00000-0  38594-3 0  9999
2 45670  53.0528 121.8288 0001325  87.7505 272.3636 15.06400596146668
1 45670U 20035P   23024.20438439  .00003002  00000-0  22036-3 0  9997
2 45670  53.0525 116.4667 0001400 102.8369 257.2776 15.06399740146842
1 45670U 20035P   23025.53132579  .00002220  00000-0  16787-3 0  9997
2 45670  53.0524 110.5102 0001058  99.5612 260.5496 15.06396763147043
1 45670U 20035P   23025.59767205  .00002663  00000-0  19763-3 0  9991
2 45670  53.0531 110.2125 0001154 102.2178 257.8940 15.06398832147355
1 45670U 20035P   23026.52653666 -.00000090  00000-0  12836-4 0  9998
2 45670  53.0533 106.0425 0001222  87.3431 272.7698 15.06388448147497
1 45670U 20035P   23026.52653666 -.00000090  00000-0  12836-4 0  9998
2 45670  53.0533 106.0425 0001222  87.3431 272.7698 15.06388448147194
1 45670U 20035P   23027.52173385  .00020008  00000-0  13573-2 0  9991
2 45670  53.0518 101.5742 0001148  79.5227 280.5891 15.06426352147348
1 45670U 20035P   23027.91981201  .00010233  00000-0  70452-3 0  9997
2 45670  53.0532  99.7866 0001146  91.5249 268.5871 15.06419872147405
1 45670U 20035P   23028.45058572  .00001334  00000-0  10838-3 0  9997
2 45670  53.0516  97.4032 0001216 102.7352 257.3773 15.06406127147489
1 45670U 20035P   23028.58327959  .00001446  00000-0  11594-3 0  9993
2 45670  53.0511  96.8074 0001235  99.4353 260.6776 15.06405614147803
1 45670U 20035P   23028.91501350  .00000853  00000-0  76162-4 0  9993
2 45670  53.0526  95.3195 0000980  93.6208 266.4893 15.06402834147858
1 45670U 20035P   23029.18040201  .00004368  00000-0  31192-3 0  9994
2 45670  53.0521  94.1274 0001037 108.5231 251.5871 15.06398687147596
1 45670U 20035P   23029.57848267  .00008988  00000-0  62139-3 0  9992
2 45670  53.0517  92.3395 0001230 106.7652 253.3472 15.06405578147952
1 45670U 20035P   23030.17560676  .00002184  00000-0  16547-3 0  9999
2 45670  53.0539  89.6588 0001758 117.5076 242.6092 15.06397053147748
1 45670U 20035P   23030.44099271  .00001241  00000-0  10221-3 0  9993
2 45670  53.0536  88.4654 0001372 120.4471 239.6653 15.06400161148082
1 45670U 20035P   23030.83907669  .00000860  00000-0  76644-4 0  9993
2 45670  53.0530  86.6819 0001176  93.1112 267.0012 15.06397303148143
1 45670U 20035P   23031.43619696  .00002703  00000-0  20026-3 0  9990
2 45670  53.0532  84.0011 0001222 102.4287 257.6839 15.06402223148230
1 45670U 20035P   23031.43619696  .00002703  00000-0  20026-3 0  9990
2 45670  53.0532  84.0011 0001222 102.4287 257.6839 15.06402223147936
1 45670U 20035P   23031.83427850  .00001755  00000-0  13666-3 0  9991
2 45670  53.0528  82.2141 0001178 101.7489 258.3632 15.06400457148297
