1 45685U 20035AE  22365.08910514  .00005510  00000-0  38843-3 0  9994
2 45685  53.0519 244.7188 0001597 100.4840 259.6329 15.06407241143347
1 45685U 20035AE  23001.08431047 -.00002064  00000-0 -11974-3 0  9990
2 45685  53.0513 240.2521 0001463  99.5244 260.5910 15.06393112143080
1 45685U 20035AE  23001.34970451 -.00003975  00000-0 -24819-3 0  9990
2 45685  53.0512 239.0603 0001368  99.8207 260.2937 15.06383483143538
1 45685U 20035AE  23001.34970451 -.00003975  00000-0 -24819-3 0  9990
2 45685  53.0512 239.0603 0001368  99.8207 260.2937 15.06383483143123
1 45685U 20035AE  23001.94684842  .00005069  00000-0  35943-3 0  9996
2 45685  53.0512 236.3798 0001681 101.9455 258.1722 15.06352049143623
1 45685U 20035AE  23002.01319042 -.00002509  00000-0 -14969-3 0  9995
2 45685  53.0522 236.0822 0001503 102.9918 257.1239 15.06378606143222
1 45685U 20035AE  23002.34492462 -.00001300  00000-0 -68410-4 0  9998
2 45685  53.0521 234.5929 0001487 101.6128 258.5028 15.06382149143680
1 45685U 20035AE  23003.07474137 -.00000680  00000-0 -26765-4 0  9995
2 45685  53.0521 231.3164 0001531 100.8529 259.2632 15.06389308143382
1 45685U 20035AE  23003.34013173  .00002047  00000-0  15634-3 0  9993
2 45685  53.0522 230.1251 0001502 103.1933 256.9224 15.06383014143839
1 45685U 20035AE  23004.33533203  .00003609  00000-0  26107-3 0  9996
2 45685  53.0520 225.6571 0001384 105.2856 254.8286 15.06396872143983
1 45685U 20035AE  23004.33533203  .00003609  00000-0  26107-3 0  9996
2 45685  53.0520 225.6571 0001384 105.2856 254.8286 15.06396872143578
1 45685U 20035AE  23004.86609973  .00003780  00000-0  27248-3 0  9999
2 45685  53.0519 223.2739 0001367 105.6571 254.4569 15.06407023144061
1 45685U 20035AE  23005.33052148  .00005699  00000-0  40095-3 0  9994
2 45685  53.0510 221.1891 0001420 103.6583 256.4564 15.06421218143720
1 45685U 20035AE  23005.59590773  .00004673  00000-0  33225-3 0  9991
2 45685  53.0506 219.9971 0001868 101.2934 258.8264 15.06420639144178
1 45685U 20035AE  23005.72860295  .00002597  00000-0  19314-3 0  9991
2 45685  53.0502 219.4015 0001414 106.5276 253.5869 15.06413179144198
1 45685U 20035AE  23005.72860295  .00002597  00000-0  19314-3 0  9991
2 45685  53.0502 219.4015 0001414 106.5276 253.5869 15.06413179143782
1 45685U 20035AE  23006.59111475 -.00003848  00000-0 -23961-3 0  9991
2 45685  53.0505 215.5280 0001429 113.6906 246.4233 15.06395395143911
1 45685U 20035AE  23006.92285221 -.00003757  00000-0 -23352-3 0  9992
2 45685  53.0498 214.0395 0001440 106.7051 253.4096 15.06390994144376
1 45685U 20035AE  23007.25458921 -.00002763  00000-0 -16669-3 0  9997
2 45685  53.0499 212.5510 0001383 103.1660 256.9483 15.06392580144429
1 45685U 20035AE  23007.85171481 -.00000133  00000-0  99547-5 0  9992
2 45685  53.0498 209.8701 0001278 107.6700 252.4429 15.06390366144102
1 45685U 20035AE  23007.91806105 -.00000737  00000-0 -30583-4 0  9992
2 45685  53.0496 209.5720 0001333 108.1664 251.9470 15.06391963144525
1 45685U 20035AE  23008.58153547  .00002468  00000-0  18459-3 0  9999
2 45685  53.0517 206.5937 0001265 109.1377 250.9749 15.06387920144629
1 45685U 20035AE  23008.91326978  .00003130  00000-0  22895-3 0  9992
2 45685  53.0504 205.1045 0001274 106.4045 253.7084 15.06393623144677
1 45685U 20035AE  23008.91326978  .00003130  00000-0  22895-3 0  9992
2 45685  53.0504 205.1045 0001274 106.4045 253.7084 15.06393623144262
1 45685U 20035AE  23009.24500071  .00004192  00000-0  30011-3 0  9995
2 45685  53.0507 203.6150 0001301 107.9591 252.1540 15.06401363144720
1 45685U 20035AE  23009.57671857  .00008830  00000-0  61051-3 0  9993
2 45685  53.0507 202.1258 0001156 112.4526 247.6585 15.06427348144369
1 45685U 20035AE  23009.90846216  .00002639  00000-0  19593-3 0  9998
2 45685  53.0509 200.6364 0001319 104.3453 255.7683 15.06405320144828
1 45685U 20035AE  23010.24019256  .00002968  00000-0  21799-3 0  9999
2 45685  53.0506 199.1470 0001280 110.6784 249.4342 15.06409492144465
1 45685U 20035AE  23010.50557617  .00002384  00000-0  17883-3 0  9997
2 45685  53.0499 197.9551 0001353 108.9262 251.1874 15.06412400144917
1 45685U 20035AE  23010.77095992  .00002850  00000-0  21007-3 0  9990
2 45685  53.0499 196.7635 0001372 110.8157 249.2979 15.06415473144954
1 45685U 20035AE  23011.30173183 -.00000284  00000-0 -14215-6 0  9996
2 45685  53.0502 194.3811 0001217 113.4982 246.6134 15.06409717144624
1 45685U 20035AE  23011.56711445 -.00007529  00000-0 -48690-3 0  9993
2 45685  53.0503 193.1895 0001234 109.2152 250.8971 15.06412717145075
1 45685U 20035AE  23011.76614895 -.00009321  00000-0 -60735-3 0  9992
2 45685  53.0506 192.2959 0001203 107.0005 253.1116 15.06421413144695
1 45685U 20035AE  23011.89885500  .00001072  00000-0  90838-4 0  9990
2 45685  53.0505 191.7003 0001367 110.7659 249.3476 15.06403909145120
1 45685U 20035AE  23011.89885500  .00001072  00000-0  90838-4 0  9990
2 45685  53.0505 191.7003 0001367 110.7659 249.3476 15.06403909144714
1 45685U 20035AE  23012.76137332 -.00002247  00000-0 -13202-3 0  9996
2 45685  53.0504 187.8284 0001490 104.6283 255.4871 15.06389016144845
1 45685U 20035AE  23012.89407228 -.00001393  00000-0 -74667-4 0  9998
2 45685  53.0510 187.2335 0001394 104.8277 255.2867 15.06389423145274
1 45685U 20035AE  23013.88927814  .00000089  00000-0  24839-4 0  9991
2 45685  53.0512 182.7645 0001263 104.0893 256.0236 15.06391264145423
1 45685U 20035AE  23014.15467780  .00007846  00000-0  54557-3 0  9990
2 45685  53.0512 181.5734 0001254  93.0753 267.0380 15.06362117145057
1 45685U 20035AE  23014.55275068  .00002490  00000-0  18602-3 0  9991
2 45685  53.0503 179.7859 0001220  97.9772 262.1355 15.06390710145116
1 45685U 20035AE  23015.61430349  .00001175  00000-0  97779-4 0  9996
2 45685  53.0503 175.0203 0001258  85.8964 274.2168 15.06393648145689
1 45685U 20035AE  23015.74699695  .00001887  00000-0  14557-3 0  9993
2 45685  53.0503 174.4250 0001245  80.7940 279.3190 15.06394536145709
1 45685U 20035AE  23015.74699695  .00001887  00000-0  14557-3 0  9993
2 45685  53.0503 174.4250 0001245  80.7940 279.3190 15.06394536145293
1 45685U 20035AE  23016.54315919  .00001332  00000-0  10833-3 0  9994
2 45685  53.0506 170.8501 0001205  89.1995 270.9132 15.06397466145821
1 45685U 20035AE  23016.74219709  .00001517  00000-0  12071-3 0  9997
2 45685  53.0508 169.9565 0001149  88.7406 271.3715 15.06402660145859
1 45685U 20035AE  23017.14028055  .00000983  00000-0  84884-4 0  9992
2 45685  53.0507 168.1696 0001241  87.6039 272.5092 15.06398503145500
1 45685U 20035AE  23017.53836693  .00000155  00000-0  29282-4 0  9992
2 45685  53.0509 166.3827 0001218  89.0219 271.0910 15.06390655145972
1 45685U 20035AE  23017.53836693  .00000155  00000-0  29282-4 0  9992
2 45685  53.0509 166.3827 0001218  89.0219 271.0910 15.06390655145567
1 45685U 20035AE  23017.73740347  .00001082  00000-0  91505-4 0  9991
2 45685  53.0507 165.4880 0001251  99.3066 260.8064 15.06398918146001
1 45685U 20035AE  23017.73740347  .00001082  00000-0  91505-4 0  9991
2 45685  53.0507 165.4880 0001251  99.3066 260.8064 15.06398918145594
1 45685U 20035AE  23018.53356383  .00002210  00000-0  16722-3 0  9994
2 45685  53.0521 161.9145 0001179  94.9981 265.1143 15.06400891146121
1 45685U 20035AE  23018.66625475  .00002764  00000-0  20432-3 0  9996
2 45685  53.0524 161.3196 0001157  89.7080 270.4042 15.06404815146141
1 45685U 20035AE  23019.72781193  .00001104  00000-0  93022-4 0  9997
2 45685  53.0525 156.5532 0001172  85.3218 274.7905 15.06399717145894
1 45685U 20035AE  23020.45762325  .00002857  00000-0  21055-3 0  9997
2 45685  53.0514 153.2767 0001250  79.1812 280.9317 15.06406687146414
1 45685U 20035AE  23020.78935066  .00007217  00000-0  50258-3 0  9999
2 45685  53.0511 151.7880 0001244  73.6881 286.4245 15.06421087146050
1 45685U 20035AE  23021.18743866  .00000836  00000-0  74993-4 0  9992
2 45685  53.0514 149.9998 0001273  91.6336 268.4798 15.06399670146111
1 45685U 20035AE  23021.65186171  .00004838  00000-0  34335-3 0  9995
2 45685  53.0516 147.9165 0001198  68.2235 291.8881 15.06412972146182
1 45685U 20035AE  23022.51437720  .00008681  00000-0  60103-3 0  9992
2 45685  53.0514 144.0443 0001142  81.6198 278.4921 15.06396671146311
1 45685U 20035AE  23023.04515214  .00003862  00000-0  27809-3 0  9998
2 45685  53.0519 141.6611 0001218  95.6714 264.4414 15.06390884146399
1 45685U 20035AE  23024.30574712  .00002747  00000-0  20326-3 0  9994
2 45685  53.0515 136.0036 0001121  73.3079 286.8033 15.06397553146580
1 45685U 20035AE  23025.49999351 -.00000794  00000-0 -34407-4 0  9993
2 45685  53.0506 130.6427 0001750  78.4749 281.6436 15.06397454146762
1 45685U 20035AE  23025.56634124 -.00000216  00000-0  43879-5 0  9997
2 45685  53.0512 130.3453 0001653  77.6171 282.5003 15.06396392147184
1 45685U 20035AE  23026.49519476  .00001730  00000-0  13502-3 0  9991
2 45685  53.0532 126.1748 0001523  87.2984 272.8179 15.06400409147328
1 45685U 20035AE  23026.95962551  .00000248  00000-0  35523-4 0  9999
2 45685  53.0532 124.0899 0001515  92.7766 267.3396 15.06398337146989
1 45685U 20035AE  23027.49040860  .00000202  00000-0  32502-4 0  9993
2 45685  53.0537 121.7074 0001600  98.8943 261.2227 15.06388064147479
1 45685U 20035AE  23027.49040860  .00000202  00000-0  32502-4 0  9993
2 45685  53.0537 121.7074 0001600  98.8943 261.2227 15.06388064147064
1 45685U 20035AE  23028.55194864  .00001377  00000-0  11129-3 0  9990
2 45685  53.0538 116.9406 0001363 100.7795 259.3347 15.06404372147224
1 45685U 20035AE  23028.61829424  .00002374  00000-0  17817-3 0  9992
2 45685  53.0525 116.6423 0001286  89.4166 270.6970 15.06406422147647
1 45685U 20035AE  23029.28177111  .00001064  00000-0  90297-4 0  9994
2 45685  53.0509 113.6628 0001262  92.4343 267.6791 15.06391242147334
1 45685U 20035AE  23029.61350240  .00001753  00000-0  13657-3 0  9996
2 45685  53.0518 112.1738 0001170  89.9187 270.1936 15.06398578147794
1 45685U 20035AE  23030.40966648  .00001109  00000-0  93361-4 0  9996
2 45685  53.0531 108.5999 0001194  94.0552 266.0573 15.06399041147502
1 45685U 20035AE  23030.47601085  .00000441  00000-0  48504-4 0  9991
2 45685  53.0521 108.3015 0001190  90.0766 270.0359 15.06401126147928
1 45685U 20035AE  23031.53755639  .00001750  00000-0  13633-3 0  9992
2 45685  53.0529 103.5362 0001215  88.2610 271.8518 15.06405378147674
