1 45688U 20035AH  22365.09510999  .00027005  00000-0  15645-2 0  9998
2 45688  53.0561 242.1492 0003831 120.7802 239.3567 15.12032819142950
1 45688U 20035AH  22365.35950611  .00020918  00000-0  12164-2 0  9995
2 45688  53.0560 240.9516 0003850 121.9463 238.1903 15.12042454143418
1 45688U 20035AH  23001.08658840  .00017594  00000-0  10256-2 0  9998
2 45688  53.0558 237.6590 0003856 124.0966 236.0392 15.12067226143107
1 45688U 20035AH  23001.61536812  .00016172  00000-0  94389-3 0  9992
2 45688  53.0555 235.2646 0003878 125.3159 234.8196 15.12083784143602
1 45688U 20035AH  23001.68146545  .00015347  00000-0  89666-3 0  9994
2 45688  53.0555 234.9656 0003897 125.6571 234.4783 15.12085136143613
1 45688U 20035AH  23002.60681627  .00012402  00000-0  72772-3 0  9991
2 45688  53.0551 230.7749 0003880 128.5977 231.5362 15.12108395143759
1 45688U 20035AH  23002.67291243  .00011983  00000-0  70373-3 0  9997
2 45688  53.0551 230.4755 0003875 128.7450 231.3888 15.12109501143767
1 45688U 20035AH  23002.67291243  .00011983  00000-0  70373-3 0  9997
2 45688  53.0551 230.4755 0003875 128.7450 231.3888 15.12109501143341
1 45688U 20035AH  23003.59824953  .00010523  00000-0  61985-3 0  9997
2 45688  53.0543 226.2847 0003863 131.4508 228.6816 15.12129271143907
1 45688U 20035AH  23003.79653472  .00010198  00000-0  60122-3 0  9995
2 45688  53.0543 225.3867 0003847 131.7805 228.3515 15.12132981143516
1 45688U 20035AH  23004.32529174  .00013288  00000-0  77753-3 0  9997
2 45688  53.0540 222.9921 0003801 132.7948 227.3363 15.12147852144015
1 45688U 20035AH  23004.85404431  .00014178  00000-0  82803-3 0  9994
2 45688  53.0538 220.5973 0003764 133.6822 226.4482 15.12161711144092
1 45688U 20035AH  23004.85404431  .00014178  00000-0  82803-3 0  9994
2 45688  53.0538 220.5973 0003764 133.6822 226.4482 15.12161711143675
1 45688U 20035AH  23005.58107146  .00011385  00000-0  66827-3 0  9993
2 45688  53.0536 217.3043 0003742 134.5011 225.6286 15.12177037144202
1 45688U 20035AH  23005.84544303  .00010917  00000-0  64145-3 0  9993
2 45688  53.0537 216.1068 0003719 134.9158 225.2136 15.12182703144247
1 45688U 20035AH  23006.30809031  .00011758  00000-0  68921-3 0  9997
2 45688  53.0537 214.0113 0003697 135.6433 224.4855 15.12194531144313
1 45688U 20035AH  23006.30809031  .00011758  00000-0  68921-3 0  9997
2 45688  53.0537 214.0113 0003697 135.6433 224.4855 15.12194531143895
1 45688U 20035AH  23006.96901054  .00010133  00000-0  59628-3 0  9997
2 45688  53.0539 211.0178 0003642 136.5158 223.6121 15.12206876144411
1 45688U 20035AH  23007.56383455  .00010002  00000-0  58865-3 0  9990
2 45688  53.0540 208.3232 0003621 137.5868 222.5404 15.12217551144503
1 45688U 20035AH  23007.56383455  .00010002  00000-0  58865-3 0  9990
2 45688  53.0540 208.3232 0003621 137.5868 222.5404 15.12217551144086
1 45688U 20035AH  23008.55519954  .00007888  00000-0  46782-3 0  9998
2 45688  53.0543 203.8325 0003555 140.4874 219.6378 15.12231238144656
1 45688U 20035AH  23008.81956207  .00007679  00000-0  45581-3 0  9997
2 45688  53.0544 202.6348 0003549 140.9845 219.1403 15.12234704144694
1 45688U 20035AH  23008.81956207  .00007679  00000-0  45581-3 0  9997
2 45688  53.0544 202.6348 0003549 140.9845 219.1403 15.12234704144278
1 45688U 20035AH  23009.48046502  .00006912  00000-0  41192-3 0  9992
2 45688  53.0547 199.6411 0003488 143.0715 217.0517 15.12243652144791
1 45688U 20035AH  23010.20745377  .00006351  00000-0  37983-3 0  9990
2 45688  53.0548 196.3479 0003446 145.1311 214.9907 15.12253085144485
1 45688U 20035AH  23010.53790143  .00006128  00000-0  36706-3 0  9991
2 45688  53.0548 194.8510 0003449 146.2359 213.8852 15.12257590144955
1 45688U 20035AH  23010.80225904  .00005987  00000-0  35896-3 0  9990
2 45688  53.0549 193.6535 0003411 146.8821 213.2384 15.12260734144991
1 45688U 20035AH  23011.52923783  .00007573  00000-0  44929-3 0  9990
2 45688  53.0548 190.3603 0003394 149.0761 211.0431 15.12274546145107
1 45688U 20035AH  23011.52923783  .00007573  00000-0  44929-3 0  9990
2 45688  53.0548 190.3603 0003394 149.0761 211.0431 15.12274546144689
1 45688U 20035AH  23012.85099824  .00010164  00000-0  59642-3 0  9995
2 45688  53.0540 184.3724 0003311 152.4659 207.6508 15.12304586145305
1 45688U 20035AH  23012.85099824  .00010164  00000-0  59642-3 0  9995
2 45688  53.0540 184.3724 0003311 152.4659 207.6508 15.12304586144887
1 45688U 20035AH  23013.51186675  .00012074  00000-0  70473-3 0  9997
2 45688  53.0553 181.3794 0003231 155.1256 204.9892 15.12324755145404
1 45688U 20035AH  23013.84229742  .00013999  00000-0  81388-3 0  9990
2 45688  53.0540 179.8817 0003205 155.3226 204.7919 15.12337010145459
1 45688U 20035AH  23014.17272487  .00017952  00000-0  10379-2 0  9995
2 45688  53.0548 178.3851 0003137 156.8052 203.3082 15.12353048145080
1 45688U 20035AH  23015.16398784  .00024493  00000-0  14066-2 0  9999
2 45688  53.0549 173.8943 0002994 157.2137 202.8987 15.12403544145234
1 45688U 20035AH  23015.42831922  .00024190  00000-0  13890-2 0  9992
2 45688  53.0550 172.6966 0002939 157.3550 202.7572 15.12416103145691
1 45688U 20035AH  23015.69264598  .00024862  00000-0  14262-2 0  9990
2 45688  53.0543 171.4992 0002844 157.5065 202.6052 15.12434775145739
1 45688U 20035AH  23016.15521059  .00033407  00000-0  19062-2 0  9998
2 45688  53.0548 169.4032 0002758 158.9078 201.2027 15.12474667145381
1 45688U 20035AH  23016.41952859  .00033858  00000-0  19305-2 0  9993
2 45688  53.0546 168.2051 0002749 159.4077 200.7026 15.12494629145846
1 45688U 20035AH  23016.88207757  .00031426  00000-0  17922-2 0  9996
2 45688  53.0544 166.1090 0002650 159.8362 200.2735 15.12524709145919
1 45688U 20035AH  23017.41069350  .00027817  00000-0  15877-2 0  9997
2 45688  53.0546 163.7133 0002550 160.9418 199.1669 15.12557058145999
1 45688U 20035AH  23017.41069350  .00027817  00000-0  15877-2 0  9997
2 45688  53.0546 163.7133 0002550 160.9418 199.1669 15.12557058145573
1 45688U 20035AH  23017.67499672  .00031451  00000-0  17910-2 0  9998
2 45688  53.0546 162.5157 0002477 161.6768 198.4313 15.12576896146031
1 45688U 20035AH  23018.53395988  .00039905  00000-0  22610-2 0  9994
2 45688  53.0548 158.6226 0002293 163.9702 196.1363 15.12643995146164
1 45688U 20035AH  23018.53395988  .00039905  00000-0  22610-2 0  9994
2 45688  53.0548 158.6226 0002293 163.9702 196.1363 15.12643995145747
1 45688U 20035AH  23018.66610454  .00041543  00000-0  23518-2 0  9995
2 45688  53.0548 158.0239 0002247 164.2270 195.8792 15.12655620146187
1 45688U 20035AH  23019.39288155  .00034057  00000-0  19300-2 0  9991
2 45688  53.0551 154.7294 0002115 166.7575 193.3472 15.12713182146292
1 45688U 20035AH  23019.72322416  .00046962  00000-0  26473-2 0  9994
2 45688  53.0553 153.2322 0002018 167.8778 192.2262 15.12752223145922
1 45688U 20035AH  23020.38389159  .00040098  00000-0  22616-2 0  9994
2 45688  53.0559 150.2376 0001923 170.2253 189.8776 15.12805289146445
1 45688U 20035AH  23021.04453205  .00047934  00000-0  26924-2 0  9994
2 45688  53.0559 147.2422 0001780 170.4798 189.6227 15.12871625146121
1 45688U 20035AH  23021.63908311  .00054760  00000-0  30649-2 0  9996
2 45688  53.0559 144.5463 0001677 171.2463 188.8558 15.12936716146210
1 45688U 20035AH  23023.02626764  .00053111  00000-0  29612-2 0  9997
2 45688  53.0555 138.2565 0001301 173.4549 186.6460 15.13089229146422
1 45688U 20035AH  23024.47935300  .00055898  00000-0  30995-2 0  9996
2 45688  53.0552 131.6651 0000945 170.9957 189.1053 15.13262206146648
1 45688U 20035AH  23025.53604298  .00048257  00000-0  26726-2 0  9991
2 45688  53.0549 126.8704 0000667 162.8249 197.2766 15.13373642147227
1 45688U 20035AH  23025.53604298  .00048257  00000-0  26726-2 0  9991
2 45688  53.0549 126.8704 0000667 162.8249 197.2766 15.13373642146800
1 45688U 20035AH  23025.99831930  .00061273  00000-0  33776-2 0  9992
2 45688  53.0545 124.7726 0000486 153.4068 206.6949 15.13428937146874
1 45688U 20035AH  23026.52661486  .00059618  00000-0  32818-2 0  9995
2 45688  53.0546 122.3750 0000331 138.0880 222.0138 15.13491308147376
1 45688U 20035AH  23026.98885726  .00055567  00000-0  30576-2 0  9998
2 45688  53.0545 120.2773 0000311 106.6985 253.4041 15.13538987147020
1 45688U 20035AH  23027.51711526  .00051213  00000-0  28166-2 0  9990
2 45688  53.0549 117.8788 0000331  94.1327 265.9703 15.13594857147521
1 45688U 20035AH  23028.50755154  .00046633  00000-0  25611-2 0  9997
2 45688  53.0555 113.3828 0000487  57.6303 302.4736 15.13688380147678
1 45688U 20035AH  23028.50755154  .00046633  00000-0  25611-2 0  9997
2 45688  53.0555 113.3828 0000487  57.6303 302.4736 15.13688380147252
1 45688U 20035AH  23028.63960502  .00040768  00000-0  22422-2 0  9996
2 45688  53.0554 112.7830 0000496  56.4651 303.6389 15.13699913147699
1 45688U 20035AH  23029.43190676  .00039974  00000-0  21952-2 0  9996
2 45688  53.0556 109.1855 0000606  55.5990 304.5060 15.13763016147396
1 45688U 20035AH  23029.62997728  .00038348  00000-0  21062-2 0  9996
2 45688  53.0556 108.2865 0000671  48.4614 311.6436 15.13777280147847
1 45688U 20035AH  23030.55428048  .00032899  00000-0  18074-2 0  9998
2 45688  53.0561 104.0894 0000791  48.8397 311.2663 15.13841719147986
1 45688U 20035AH  23030.55428048  .00032899  00000-0  18074-2 0  9998
2 45688  53.0561 104.0894 0000791  48.8397 311.2663 15.13841719147560
1 45688U 20035AH  23030.88437951  .00032344  00000-0  17762-2 0  9995
2 45688  53.0562 102.5906 0000847  45.8782 314.2280 15.13864175148037
1 45688U 20035AH  23031.47854503  .00034885  00000-0  19115-2 0  9993
2 45688  53.0563  99.8926 0000927  42.4433 317.6631 15.13906347148128
1 45688U 20035AH  23031.87464623  .00035354  00000-0  19353-2 0  9993
2 45688  53.0563  98.0940 0000977  41.2085 318.8981 15.13935043148182
