1 45680U 20035Z   22365.06332136  .00002675  00000-0  19843-3 0  9993
2 45680  53.0540 244.8391 0001406  81.7407 278.3742 15.06395875142921
1 45680U 20035Z   22365.39504939  .00003369  00000-0  24490-3 0  9996
2 45680  53.0541 243.3500 0001389  81.7480 278.3666 15.06403613143374
1 45680U 20035Z   22365.39504939  .00003369  00000-0  24490-3 0  9996
2 45680  53.0541 243.3500 0001389  81.7480 278.3666 15.06403613142979
1 45680U 20035Z   22365.92582337  .00003414  00000-0  24795-3 0  9992
2 45680  53.0540 240.9669 0001294  81.4149 278.6987 15.06403120143457
1 45680U 20035Z   23001.92104561 -.00000943  00000-0 -44436-4 0  9990
2 45680  53.0534 236.4998 0001308  80.0217 280.0920 15.06389633143605
1 45680U 20035Z   23001.92104561 -.00000943  00000-0 -44436-4 0  9990
2 45680  53.0534 236.4998 0001308  80.0217 280.0920 15.06389633143201
1 45680U 20035Z   23002.05373636 -.00001419  00000-0 -76390-4 0  9999
2 45680  53.0535 235.9029 0001262  81.3405 278.7727 15.06395679143625
1 45680U 20035Z   23002.91623610 -.00001066  00000-0 -52653-4 0  9998
2 45680  53.0531 232.0310 0001211  80.0669 280.0456 15.06405644143353
1 45680U 20035Z   23003.04892946 -.00000144  00000-0  92041-5 0  9994
2 45680  53.0534 231.4352 0001340  83.2221 276.8920 15.06403348143771
1 45680U 20035Z   23003.71240413  .00001296  00000-0  10593-3 0  9992
2 45680  53.0535 228.4571 0001328  83.8824 276.2316 15.06391391143476
1 45680U 20035Z   23004.30952534  .00001298  00000-0  10606-3 0  9999
2 45680  53.0536 225.7768 0001334  84.0370 276.0771 15.06395801143968
1 45680U 20035Z   23004.90663812  .00001004  00000-0  86275-4 0  9994
2 45680  53.0534 223.0959 0001332  84.4027 275.7114 15.06408072144053
1 45680U 20035Z   23005.30471105  .00001770  00000-0  13762-3 0  9991
2 45680  53.0534 221.3085 0001409  84.5980 275.5169 15.06414185144115
1 45680U 20035Z   23005.30471105  .00001770  00000-0  13762-3 0  9991
2 45680  53.0534 221.3085 0001409  84.5980 275.5169 15.06414185143710
1 45680U 20035Z   23005.70279760  .00001247  00000-0  10261-3 0  9998
2 45680  53.0532 219.5210 0001403  88.2343 271.8806 15.06403541144177
1 45680U 20035Z   23005.70279760  .00001247  00000-0  10261-3 0  9998
2 45680  53.0532 219.5210 0001403  88.2343 271.8806 15.06403541143772
1 45680U 20035Z   23006.76450732 -.00025817  00000-0 -17292-2 0  9996
2 45680  53.0534 214.7567 0002155 102.2547 257.8683 15.06213955144332
1 45680U 20035Z   23006.76450732 -.00025817  00000-0 -17292-2 0  9996
2 45680  53.0534 214.7567 0002155 102.2547 257.8683 15.06213955143937
1 45680U 20035Z   23007.16242807 -.00000685  00000-0 -27097-4 0  9995
2 45680  53.0531 212.9686 0001318  84.0193 276.0946 15.06404397143993
1 45680U 20035Z   23007.22877378 -.00000423  00000-0 -94731-5 0  9999
2 45680  53.0532 212.6707 0001311  86.3924 273.7215 15.06405844144403
1 45680U 20035Z   23007.82590557 -.00000546  00000-0 -17754-4 0  9991
2 45680  53.0529 209.9891 0001416  87.8612 272.2539 15.06391260144496
1 45680U 20035Z   23007.82590557 -.00000546  00000-0 -17754-4 0  9991
2 45680  53.0529 209.9891 0001416  87.8612 272.2539 15.06391260144092
1 45680U 20035Z   23008.55572577  .00000176  00000-0  30738-4 0  9998
2 45680  53.0530 206.7139 0001307  83.2706 276.8432 15.06389377144602
1 45680U 20035Z   23008.82111290  .00000444  00000-0  48706-4 0  9991
2 45680  53.0529 205.5224 0001311  84.2535 275.8604 15.06391412144645
1 45680U 20035Z   23009.55092818  .00000770  00000-0  70570-4 0  9992
2 45680  53.0526 202.2463 0001367  84.9082 275.2063 15.06396073144759
1 45680U 20035Z   23009.55092818  .00000770  00000-0  70570-4 0  9992
2 45680  53.0526 202.2463 0001367  84.9082 275.2063 15.06396073144355
1 45680U 20035Z   23010.54612867  .00002404  00000-0  18020-3 0  9992
2 45680  53.0524 197.7784 0001400  85.0298 275.0851 15.06401478144906
1 45680U 20035Z   23010.81151484  .00002832  00000-0  20893-3 0  9991
2 45680  53.0516 196.5869 0001426  84.0812 276.0340 15.06405249144945
1 45680U 20035Z   23010.81151484  .00002832  00000-0  20893-3 0  9991
2 45680  53.0516 196.5869 0001426  84.0812 276.0340 15.06405249144541
1 45680U 20035Z   23011.20959783  .00000998  00000-0  85889-4 0  9991
2 45680  53.0517 194.8006 0001379  83.6653 276.4493 15.06400447145001
1 45680U 20035Z   23011.20959783  .00000998  00000-0  85889-4 0  9991
2 45680  53.0517 194.8006 0001379  83.6653 276.4493 15.06400447144606
1 45680U 20035Z   23011.87306930 -.00000950  00000-0 -44876-4 0  9995
2 45680  53.0517 191.8219 0001408  85.9880 274.1270 15.06394636145105
1 45680U 20035Z   23011.87306930 -.00000950  00000-0 -44876-4 0  9995
2 45680  53.0517 191.8219 0001408  85.9880 274.1270 15.06394636144700
1 45680U 20035Z   23012.73558260 -.00000509  00000-0 -15302-4 0  9998
2 45680  53.0527 187.9498 0001358  89.9676 270.1469 15.06395837145236
1 45680U 20035Z   23013.20001106  .00000163  00000-0  29826-4 0  9993
2 45680  53.0527 185.8643 0001403  89.9050 270.2100 15.06394820145304
1 45680U 20035Z   23013.20001106  .00000163  00000-0  29826-4 0  9993
2 45680  53.0527 185.8643 0001403  89.9050 270.2100 15.06394820144909
1 45680U 20035Z   23013.86347525  .00001908  00000-0  14698-3 0  9991
2 45680  53.0527 182.8851 0001315  91.1434 268.9706 15.06399176145401
1 45680U 20035Z   23014.46060044  .00001411  00000-0  11360-3 0  9998
2 45680  53.0527 180.2042 0001326  91.2063 268.9078 15.06396607145099
1 45680U 20035Z   23014.85867682  .00002140  00000-0  16253-3 0  9990
2 45680  53.0529 178.4165 0001345  95.3200 264.7943 15.06402534145154
1 45680U 20035Z   23015.58850142  .00000059  00000-0  22845-4 0  9996
2 45680  53.0529 175.1390 0001539  98.6157 261.5006 15.06394871145665
1 45680U 20035Z   23015.72119044  .00001019  00000-0  87259-4 0  9998
2 45680  53.0532 174.5449 0001182  91.4461 268.6663 15.06400207145680
1 45680U 20035Z   23015.72119044  .00001019  00000-0  87259-4 0  9998
2 45680  53.0532 174.5449 0001182  91.4461 268.6663 15.06400207145286
1 45680U 20035Z   23016.25196940  .00000019  00000-0  20188-4 0  9994
2 45680  53.0520 172.1638 0001215  86.9274 273.1854 15.06394305145368
1 45680U 20035Z   23016.58370158 -.00000090  00000-0  12815-4 0  9993
2 45680  53.0522 170.6749 0001140  87.9329 272.1790 15.06396861145812
1 45680U 20035Z   23016.71639137  .00001180  00000-0  98105-4 0  9999
2 45680  53.0520 170.0785 0001135  92.5608 267.5511 15.06403076145838
1 45680U 20035Z   23016.71639137  .00001180  00000-0  98105-4 0  9999
2 45680  53.0520 170.0785 0001135  92.5608 267.5511 15.06403076145434
1 45680U 20035Z   23017.51256430 -.00002272  00000-0 -13372-3 0  9996
2 45680  53.0524 166.5042 0001008  92.3315 267.7789 15.06386486145957
1 45680U 20035Z   23017.51256430 -.00002272  00000-0 -13372-3 0  9996
2 45680  53.0524 166.5042 0001008  92.3315 267.7789 15.06386486145553
1 45680U 20035Z   23017.77794990  .00000565  00000-0  56798-4 0  9993
2 45680  53.0532 165.3134 0001064  91.7981 268.3130 15.06396401145998
1 45680U 20035Z   23017.77794990  .00000565  00000-0  56798-4 0  9993
2 45680  53.0532 165.3134 0001064  91.7981 268.3130 15.06396401145594
1 45680U 20035Z   23018.50776485  .00002109  00000-0  16042-3 0  9997
2 45680  53.0533 162.0372 0001142  87.0134 273.0986 15.06399205146103
1 45680U 20035Z   23018.64045575  .00003034  00000-0  22247-3 0  9993
2 45680  53.0528 161.4421 0001002  68.6339 291.4757 15.06404512146122
1 45680U 20035Z   23019.10488229  .00001944  00000-0  14936-3 0  9996
2 45680  53.0517 159.3553 0000884  96.0064 264.1026 15.06402693145795
1 45680U 20035Z   23019.43662350  .00002922  00000-0  21498-3 0  9999
2 45680  53.0507 157.8682 0001743  89.1554 270.9634 15.06397935146245
1 45680U 20035Z   23019.56931892  .00001789  00000-0  13900-3 0  9992
2 45680  53.0512 157.2721 0001486  92.0241 268.0918 15.06393747145866
1 45680U 20035Z   23020.10009396  .00001858  00000-0  14361-3 0  9998
2 45680  53.0526 154.8888 0001175  78.7955 281.3166 15.06398138146342
1 45680U 20035Z   23020.63086798  .00001494  00000-0  11918-3 0  9998
2 45680  53.0525 152.5057 0001134  79.8966 280.2151 15.06400283146025
1 45680U 20035Z   23022.48857779  .00002039  00000-0  15573-3 0  9995
2 45680  53.0540 144.1675 0001083  63.0495 297.0604 15.06401424146308
1 45680U 20035Z   23023.41743812 -.00000098  00000-0  12346-4 0  9991
2 45680  53.0530 139.9970 0001256  79.2176 280.8954 15.06392647146443
1 45680U 20035Z   23023.61647379  .00002257  00000-0  17038-3 0  9994
2 45680  53.0529 139.1038 0001262  74.5555 285.5574 15.06402730146472
1 45680U 20035Z   23024.08090676  .00000777  00000-0  71048-4 0  9995
2 45680  53.0532 137.0196 0001314  66.5753 293.5374 15.06395151146540
1 45680U 20035Z   23025.47419759  .00001271  00000-0  10421-3 0  9993
2 45680  53.0539 130.7645 0001117  87.0879 273.0237 15.06388293146757
1 45680U 20035Z   23025.54054279  .00001122  00000-0  94250-4 0  9991
2 45680  53.0540 130.4657 0001119  94.9361 265.1756 15.06391050147163
1 45680U 20035Z   23025.60688897  .00001121  00000-0  94173-4 0  9990
2 45680  53.0535 130.1668 0001241  98.8502 261.2627 15.06392049147176
1 45680U 20035Z   23026.53574221  .00001435  00000-0  11522-3 0  9992
2 45680  53.0545 125.9999 0001319  73.1618 286.9516 15.06398728147313
1 45680U 20035Z   23026.53574221  .00001435  00000-0  11522-3 0  9992
2 45680  53.0545 125.9999 0001319  73.1618 286.9516 15.06398728146918
1 45680U 20035Z   23026.60208319  .00001106  00000-0  93115-4 0  9996
2 45680  53.0541 125.6997 0001304  85.5124 274.6014 15.06407706146927
1 45680U 20035Z   23027.00016817  .00001318  00000-0  10739-3 0  9996
2 45680  53.0544 123.9126 0001250  88.8948 271.2184 15.06398964146987
1 45680U 20035Z   23027.53094229  .00001771  00000-0  13779-3 0  9997
2 45680  53.0535 121.5287 0001338 112.6969 247.4161 15.06397613147469
1 45680U 20035Z   23028.52614779 -.00000160  00000-0  81339-5 0  9996
2 45680  53.0540 117.0610 0001250  89.1272 270.9860 15.06400201147615
1 45680U 20035Z   23028.52614779 -.00000160  00000-0  81339-5 0  9996
2 45680  53.0540 117.0610 0001250  89.1272 270.9860 15.06400201147211
1 45680U 20035Z   23028.65883965 -.00000050  00000-0  15524-4 0  9995
2 45680  53.0541 116.4654 0001294 100.5314 259.5821 15.06401412147637
1 45680U 20035Z   23029.25597273 -.00000143  00000-0  93285-5 0  9990
2 45680  53.0533 113.7875 0001402  79.3571 280.7576 15.06388261147327
1 45680U 20035Z   23029.52135509 -.00000508  00000-0 -15241-4 0  9991
2 45680  53.0537 112.5959 0001092  85.6766 274.4348 15.06395371147363
1 45680U 20035Z   23029.91943751  .00000390  00000-0  45051-4 0  9999
2 45680  53.0538 110.8090 0001213  85.5646 274.5481 15.06392982147827
1 45680U 20035Z   23030.45020726  .00000358  00000-0  42947-4 0  9993
2 45680  53.0539 108.4259 0001145  84.6660 275.4460 15.06402678147908
1 45680U 20035Z   23030.45020726  .00000358  00000-0  42947-4 0  9993
2 45680  53.0539 108.4259 0001145  84.6660 275.4460 15.06402678147504
1 45680U 20035Z   23031.18002703 -.00001209  00000-0 -62277-4 0  9995
2 45680  53.0539 105.1491 0001227  85.7659 274.3470 15.06398751147614
1 45680U 20035Z   23031.51176110  .00002430  00000-0  18202-3 0  9999
2 45680  53.0540 103.6597 0001127  86.0837 274.0281 15.06391440148062
1 45680U 20035Z   23031.90984206  .00000483  00000-0  51311-4 0  9990
2 45680  53.0540 101.8736 0001191  77.0050 283.1072 15.06397311148124
