1 45682U 20035AB  22365.06698448  .00002743  00000-0  20287-3 0  9996
2 45682  53.0541 244.8227 0001233 101.9427 258.1701 15.06412064142928
1 45682U 20035AB  22365.39872096  .00001138  00000-0  95231-4 0  9994
2 45682  53.0531 243.3332 0001197 104.2399 255.8723 15.06407835143379
1 45682U 20035AB  22365.39872096  .00001138  00000-0  95231-4 0  9994
2 45682  53.0531 243.3332 0001197 104.2399 255.8723 15.06407835142974
1 45682U 20035AB  22365.92951107 -.00001694  00000-0 -94898-4 0  9991
2 45682  53.0539 240.9508 0001348 101.5784 258.5357 15.06386545143457
1 45682U 20035AB  22365.92951107 -.00001694  00000-0 -94898-4 0  9991
2 45682  53.0539 240.9508 0001348 101.5784 258.5357 15.06386545143053
1 45682U 20035AB  23001.92472266 -.00002580  00000-0 -15442-3 0  9995
2 45682  53.0538 236.4833 0001409 102.1371 257.9776 15.06384749143603
1 45682U 20035AB  23002.05741681 -.00003110  00000-0 -19003-3 0  9997
2 45682  53.0541 235.8868 0001347 102.7238 257.3901 15.06386677143625
1 45682U 20035AB  23002.05741681 -.00003110  00000-0 -19003-3 0  9997
2 45682  53.0541 235.8868 0001347 102.7238 257.3901 15.06386677143221
1 45682U 20035AB  23002.91990810 -.00012623  00000-0 -82909-3 0  9996
2 45682  53.0539 232.0144 0001596  89.8318 270.2853 15.06439722143752
1 45682U 20035AB  23002.91990810 -.00012623  00000-0 -82909-3 0  9996
2 45682  53.0539 232.0144 0001596  89.8318 270.2853 15.06439722143358
1 45682U 20035AB  23003.11897031  .00002279  00000-0  17195-3 0  9999
2 45682  53.0540 231.1213 0001401 103.7641 256.3504 15.06381451143383
1 45682U 20035AB  23003.31801145  .00002547  00000-0  18990-3 0  9994
2 45682  53.0540 230.2278 0001391 103.7868 256.3276 15.06384017143818
1 45682U 20035AB  23004.04782656  .00003642  00000-0  26330-3 0  9994
2 45682  53.0538 226.9517 0001372 105.1686 254.9455 15.06392684143526
1 45682U 20035AB  23004.31321222  .00004318  00000-0  30860-3 0  9996
2 45682  53.0539 225.7604 0001359 105.5047 254.6092 15.06398977143964
1 45682U 20035AB  23005.30840937  .00002061  00000-0  15720-3 0  9996
2 45682  53.0526 221.2929 0001369 106.1734 253.9406 15.06406658143712
1 45682U 20035AB  23005.57379435  .00002296  00000-0  17296-3 0  9995
2 45682  53.0526 220.1010 0001381 107.1587 252.9553 15.06409593144154
1 45682U 20035AB  23005.70648458  .00002362  00000-0  17732-3 0  9993
2 45682  53.0523 219.5060 0001421 105.9646 254.1500 15.06413424144171
1 45682U 20035AB  23006.36995842 -.00002619  00000-0 -15700-3 0  9998
2 45682  53.0514 216.5280 0001514 100.0240 260.0920 15.06395883143877
1 45682U 20035AB  23006.70169707 -.00003149  00000-0 -19266-3 0  9999
2 45682  53.0521 215.0389 0001548 102.2717 257.8445 15.06392427144327
1 45682U 20035AB  23007.43150468  .00005344  00000-0  37726-3 0  9992
2 45682  53.0518 211.7617 0001461 108.0392 252.0756 15.06409823144036
1 45682U 20035AB  23007.82959060  .00002386  00000-0  17906-3 0  9991
2 45682  53.0517 209.9733 0001422 112.5215 247.5924 15.06396642144494
1 45682U 20035AB  23007.82959060  .00002386  00000-0  17906-3 0  9991
2 45682  53.0517 209.9733 0001422 112.5215 247.5924 15.06396642144090
1 45682U 20035AB  23008.55941351  .00000370  00000-0  43760-4 0  9995
2 45682  53.0515 206.6983 0001393 108.1066 252.0075 15.06388365144609
1 45682U 20035AB  23008.82480134  .00000572  00000-0  57315-4 0  9997
2 45682  53.0513 205.5069 0001426 107.8354 252.2790 15.06390677144248
1 45682U 20035AB  23008.89114718  .00000401  00000-0  45817-4 0  9991
2 45682  53.0519 205.2082 0001351 112.6578 247.4554 15.06392438144651
1 45682U 20035AB  23009.55461724  .00000580  00000-0  57865-4 0  9991
2 45682  53.0522 202.2300 0001322 112.4918 247.6211 15.06395329144754
1 45682U 20035AB  23009.88635109  .00001100  00000-0  92756-4 0  9994
2 45682  53.0522 200.7408 0001285 109.9648 250.1479 15.06397981144802
1 45682U 20035AB  23010.21808769  .00003049  00000-0  22348-3 0  9990
2 45682  53.0523 199.2517 0001310 111.9752 248.1377 15.06396670144453
1 45682U 20035AB  23010.35078155  .00003580  00000-0  25915-3 0  9996
2 45682  53.0526 198.6563 0001271 113.0898 247.0225 15.06397428144878
1 45682U 20035AB  23010.88155306  .00004182  00000-0  29940-3 0  9999
2 45682  53.0523 196.2732 0001261 112.3110 247.8013 15.06405545144957
1 45682U 20035AB  23011.27963073  .00004304  00000-0  30758-3 0  9996
2 45682  53.0524 194.4860 0001249 112.9820 247.1301 15.06409805145014
1 45682U 20035AB  23011.27963073  .00004304  00000-0  30758-3 0  9996
2 45682  53.0524 194.4860 0001249 112.9820 247.1301 15.06409805144619
1 45682U 20035AB  23011.61136261  .00003716  00000-0  26814-3 0  9999
2 45682  53.0524 192.9966 0001249 114.7032 245.4087 15.06410715145068
1 45682U 20035AB  23012.73925642  .00001593  00000-0  12578-3 0  9995
2 45682  53.0529 187.9330 0001234 116.3705 243.7411 15.06407371144831
1 45682U 20035AB  23012.87194772  .00002200  00000-0  16651-3 0  9994
2 45682  53.0528 187.3372 0001262 115.0508 245.0612 15.06411515145258
1 45682U 20035AB  23013.53543415 -.00002150  00000-0 -12550-3 0  9990
2 45682  53.0532 184.3592 0001268 105.3105 254.8024 15.06389507144951
1 45682U 20035AB  23013.73447356 -.00001870  00000-0 -10669-3 0  9996
2 45682  53.0538 183.4655 0001159 113.8909 246.2202 15.06390588145384
1 45682U 20035AB  23014.19889747 -.00000480  00000-0 -13308-4 0  9991
2 45682  53.0521 181.3783 0001500 113.9918 246.1228 15.06396803145053
1 45682U 20035AB  23014.72966528  .00000855  00000-0  76272-4 0  9996
2 45682  53.0535 178.9974 0001206 108.3422 251.7698 15.06404046145134
1 45682U 20035AB  23015.59216809  .00006561  00000-0  45873-3 0  9994
2 45682  53.0527 175.1254 0001176 101.3265 258.7856 15.06414687145662
1 45682U 20035AB  23015.72485870  .00009073  00000-0  62678-3 0  9998
2 45682  53.0526 174.5301 0001156  97.6715 262.4406 15.06425903145680
1 45682U 20035AB  23015.72485870  .00009073  00000-0  62678-3 0  9998
2 45682  53.0526 174.5301 0001156  97.6715 262.4406 15.06425903145286
1 45682U 20035AB  23016.45464946  .00012885  00000-0  88100-3 0  9993
2 45682  53.0524 171.2536 0001136  94.9714 265.1405 15.06454986145399
1 45682U 20035AB  23016.58733760  .00012993  00000-0  88815-3 0  9993
2 45682  53.0524 170.6579 0001126  94.0123 266.0995 15.06459622145816
1 45682U 20035AB  23016.72002591  .00012057  00000-0  82554-3 0  9995
2 45682  53.0525 170.0622 0001111  93.9261 266.1855 15.06461551145837
1 45682U 20035AB  23017.38346255  .00009577  00000-0  65961-3 0  9992
2 45682  53.0524 167.0836 0001056  90.9232 269.1878 15.06474338145938
1 45682U 20035AB  23017.84789385 -.00027218  00000-0 -18154-2 0  9993
2 45682  53.0522 164.9987 0001189  74.3816 285.7304 15.06398897146002
1 45682U 20035AB  23017.84789385 -.00027218  00000-0 -18154-2 0  9993
2 45682  53.0522 164.9987 0001189  74.3816 285.7304 15.06398897145607
1 45682U 20035AB  23018.37868782 -.00013569  00000-0 -89482-3 0  9998
2 45682  53.0513 162.6127 0001779  90.1079 270.0114 15.06356972146087
1 45682U 20035AB  23018.37868782 -.00013569  00000-0 -89482-3 0  9998
2 45682  53.0513 162.6127 0001779  90.1079 270.0114 15.06356972145682
1 45682U 20035AB  23018.90947778  .00001397  00000-0  11277-3 0  9991
2 45682  53.0514 160.2312 0001112  81.1913 278.9202 15.06365397146161
1 45682U 20035AB  23019.10852752  .00023059  00000-0  15631-2 0  9997
2 45682  53.0522 159.3398 0001133  66.6286 293.4822 15.06369949145792
1 45682U 20035AB  23019.37391864  .00021433  00000-0  14542-2 0  9992
2 45682  53.0525 158.1479 0001150  64.9854 295.1254 15.06379977146233
1 45682U 20035AB  23019.57295911  .00030853  00000-0  20811-2 0  9992
2 45682  53.0520 157.2555 0001309  59.9748 300.1371 15.06400253145862
1 45682U 20035AB  23020.10374000  .00021719  00000-0  14727-2 0  9990
2 45682  53.0534 154.8717 0001273  75.7426 284.3704 15.06394988145948
1 45682U 20035AB  23020.50183225  .00016923  00000-0  11533-2 0  9994
2 45682  53.0528 153.0859 0001101  76.1212 283.9899 15.06365937146401
1 45682U 20035AB  23020.50183225  .00016923  00000-0  11533-2 0  9994
2 45682  53.0528 153.0859 0001101  76.1212 283.9899 15.06365937146007
1 45682U 20035AB  23021.36436015  .00028414  00000-0  19194-2 0  9996
2 45682  53.0534 149.2142 0001296  67.7992 292.3134 15.06387821146138
1 45682U 20035AB  23021.62974874  .00017829  00000-0  12131-2 0  9997
2 45682  53.0536 148.0230 0001282  75.6236 284.4895 15.06390494146179
1 45682U 20035AB  23022.35956973  .00006761  00000-0  47245-3 0  9996
2 45682  53.0536 144.7472 0001299  75.7252 284.3882 15.06391234146287
1 45682U 20035AB  23022.69130122  .00014020  00000-0  95799-3 0  9997
2 45682  53.0536 143.2567 0001320  70.9749 289.1382 15.06409576146332
1 45682U 20035AB  23023.35477370  .00001105  00000-0  93086-4 0  9998
2 45682  53.0533 140.2805 0000977  77.8040 282.3059 15.06392352146438
1 45682U 20035AB  23023.62015964  .00004484  00000-0  31974-3 0  9995
2 45682  53.0531 139.0885 0001016  88.0078 272.1028 15.06400439146473
1 45682U 20035AB  23024.48267076  .00003578  00000-0  25895-3 0  9991
2 45682  53.0540 135.2169 0000838  87.1177 272.9908 15.06398696146608
1 45682U 20035AB  23025.54422371  .00001422  00000-0  11434-3 0  9990
2 45682  53.0532 130.4503 0000876  85.0639 275.0450 15.06397039147168
1 45682U 20035AB  23025.54422371  .00001422  00000-0  11434-3 0  9990
2 45682  53.0532 130.4503 0000876  85.0639 275.0450 15.06397039146763
1 45682U 20035AB  23025.61057053  .00002210  00000-0  16718-3 0  9995
2 45682  53.0525 130.1525 0000836  79.2776 280.8307 15.06398839147179
1 45682U 20035AB  23026.53942493  .00004784  00000-0  33974-3 0  9999
2 45682  53.0528 125.9820 0001009  91.4627 268.6477 15.06407095147319
1 45682U 20035AB  23027.00385171  .00003611  00000-0  26115-3 0  9993
2 45682  53.0528 123.8975 0001075  83.0805 277.0306 15.06405899146982
1 45682U 20035AB  23027.53462529  .00002025  00000-0  15478-3 0  9992
2 45682  53.0525 121.5129 0001102 119.1553 240.9547 15.06404805147463
1 45682U 20035AB  23027.60097352  .00002394  00000-0  17956-3 0  9990
2 45682  53.0521 121.2156 0001194 103.0796 257.0327 15.06404703147471
1 45682U 20035AB  23027.60097352  .00002394  00000-0  17956-3 0  9990
2 45682  53.0521 121.2156 0001194 103.0796 257.0327 15.06404703147077
1 45682U 20035AB  23028.46348447  .00000223  00000-0  33865-4 0  9996
2 45682  53.0533 117.3423 0001223 112.2244 247.8875 15.06398255147604
1 45682U 20035AB  23028.46348447  .00000223  00000-0  33865-4 0  9996
2 45682  53.0533 117.3423 0001223 112.2244 247.8875 15.06398255147200
1 45682U 20035AB  23028.66252396  .00000428  00000-0  47596-4 0  9998
2 45682  53.0525 116.4509 0001262  98.4621 261.6511 15.06400934147639
1 45682U 20035AB  23029.25965406 -.00000049  00000-0  15622-4 0  9992
2 45682  53.0532 113.7700 0001443  95.9998 264.1156 15.06388840147320
1 45682U 20035AB  23029.92312479  .00000973  00000-0  84209-4 0  9994
2 45682  53.0547 110.7915 0001249  94.9412 265.1720 15.06391273147822
1 45682U 20035AB  23030.45389562  .00001781  00000-0  13843-3 0  9994
2 45682  53.0540 108.4092 0001247  92.0939 268.0193 15.06399096147508
1 45682U 20035AB  23030.58658773  .00002154  00000-0  16344-3 0  9995
2 45682  53.0539 107.8135 0001260  91.7102 268.4032 15.06401131147926
1 45682U 20035AB  23031.18371536  .00001990  00000-0  15244-3 0  9996
2 45682  53.0536 105.1333 0001238  83.1707 276.9422 15.06394252147613
1 45682U 20035AB  23031.58179050  .00002282  00000-0  17205-3 0  9991
2 45682  53.0537 103.3458 0001226  84.6644 275.4484 15.06403038147676
1 45682U 20035AB  23031.91352919  .00001396  00000-0  11262-3 0  9997
2 45682  53.0549 101.8573 0001376  76.3383 283.7759 15.06398760148127
1 45682U 20035AB  23031.97987629  .00001281  00000-0  10488-3 0  9997
2 45682  53.0536 101.5590 0001268  79.5105 280.6027 15.06397804147734
