1 45686U 20035AF  22365.08175311  .00003344  00000-0  24331-3 0  9993
2 45686  53.0540 244.7466 0001591 116.4098 243.7054 15.06398259143344
1 45686U 20035AF  22365.08175311  .00003344  00000-0  24331-3 0  9993
2 45686  53.0540 244.7466 0001591 116.4098 243.7054 15.06398259142938
1 45686U 20035AF  23001.34234434  .00000180  00000-0  30961-4 0  9994
2 45686  53.0542 239.0875 0001568 115.8695 244.2456 15.06400836143535
1 45686U 20035AF  23001.34234434  .00000180  00000-0  30961-4 0  9994
2 45686  53.0542 239.0875 0001568 115.8695 244.2456 15.06400836143120
1 45686U 20035AF  23001.93946657 -.00003141  00000-0 -19207-3 0  9997
2 45686  53.0533 236.4078 0001551 116.0269 244.0880 15.06394304143624
1 45686U 20035AF  23002.33754725 -.00000848  00000-0 -38021-4 0  9992
2 45686  53.0537 234.6208 0001520 116.5192 243.5953 15.06398350143685
1 45686U 20035AF  23002.93466587  .00001655  00000-0  12994-3 0  9999
2 45686  53.0536 231.9401 0001497 118.4086 241.7053 15.06404560143777
1 45686U 20035AF  23002.93466587  .00001655  00000-0  12994-3 0  9999
2 45686  53.0536 231.9401 0001497 118.4086 241.7053 15.06404560143362
1 45686U 20035AF  23003.33275044  .00002824  00000-0  20840-3 0  9998
2 45686  53.0534 230.1530 0001386 119.4803 240.6324 15.06399585143425
1 45686U 20035AF  23003.59813989  .00001858  00000-0  14360-3 0  9998
2 45686  53.0528 228.9621 0001574 117.7449 242.3700 15.06396331143872
1 45686U 20035AF  23003.73083628  .00002291  00000-0  17267-3 0  9994
2 45686  53.0535 228.3661 0001542 117.2502 242.8644 15.06394070143485
1 45686U 20035AF  23004.32796061  .00001173  00000-0  97638-4 0  9991
2 45686  53.0538 225.6854 0001387 113.9461 246.1673 15.06392413143989
1 45686U 20035AF  23004.85874481 -.00001552  00000-0 -85350-4 0  9993
2 45686  53.0536 223.3030 0001784 109.2291 250.8891 15.06384472144068
1 45686U 20035AF  23004.85874481 -.00001552  00000-0 -85350-4 0  9993
2 45686  53.0536 223.3030 0001784 109.2291 250.8891 15.06384472143652
1 45686U 20035AF  23005.58856820  .00002114  00000-0  16085-3 0  9992
2 45686  53.0539 220.0276 0001308 110.9392 249.1737 15.06387736144178
1 45686U 20035AF  23005.85395675  .00006240  00000-0  43749-3 0  9999
2 45686  53.0529 218.8355 0001328 115.1585 244.9542 15.06394171144216
1 45686U 20035AF  23005.85395675  .00006240  00000-0  43749-3 0  9999
2 45686  53.0529 218.8355 0001328 115.1585 244.9542 15.06394171143800
1 45686U 20035AF  23006.65011761  .00012232  00000-0  83828-3 0  9999
2 45686  53.0525 215.2617 0001243 109.3561 250.7563 15.06417140144332
1 45686U 20035AF  23006.98184715  .00012031  00000-0  82466-3 0  9999
2 45686  53.0526 213.7726 0001222 108.5810 251.5311 15.06423722144380
1 45686U 20035AF  23006.98184715  .00012031  00000-0  82466-3 0  9999
2 45686  53.0526 213.7726 0001222 108.5810 251.5311 15.06423722143974
1 45686U 20035AF  23007.44627176  .00003749  00000-0  27031-3 0  9997
2 45686  53.0522 211.6865 0001340 112.0700 248.0432 15.06414717144048
1 45686U 20035AF  23007.84434958  .00002827  00000-0  20851-3 0  9994
2 45686  53.0524 209.8997 0001308 112.5218 247.5910 15.06413457144515
1 45686U 20035AF  23008.24242832  .00000568  00000-0  56974-4 0  9993
2 45686  53.0525 208.1129 0001272 110.8599 249.2526 15.06409573144165
1 45686U 20035AF  23008.57416357 -.00002244  00000-0 -13179-3 0  9998
2 45686  53.0523 206.6234 0001305 110.5632 249.5497 15.06401310144627
1 45686U 20035AF  23008.83954522  .00001101  00000-0  92749-4 0  9998
2 45686  53.0537 205.4323 0001320 111.6775 248.4355 15.06413279144667
1 45686U 20035AF  23009.30396310  .00001760  00000-0  13698-3 0  9992
2 45686  53.0540 203.3466 0001276 106.2057 253.9072 15.06419012144735
1 45686U 20035AF  23009.63569438  .00001955  00000-0  15005-3 0  9991
2 45686  53.0540 201.8574 0001279 106.3126 253.8004 15.06417026144376
1 45686U 20035AF  23010.23281312  .00001009  00000-0  86583-4 0  9991
2 45686  53.0543 199.1766 0001159 100.0024 260.1096 15.06414669144873
1 45686U 20035AF  23010.23281312  .00001009  00000-0  86583-4 0  9991
2 45686  53.0543 199.1766 0001159 100.0024 260.1096 15.06414669144468
1 45686U 20035AF  23010.63090939 -.00000365  00000-0 -56227-5 0  9997
2 45686  53.0537 197.3896 0001236 102.2577 257.8551 15.06391691144523
1 45686U 20035AF  23010.89630816  .00002259  00000-0  17064-3 0  9995
2 45686  53.0494 196.1987 0002704  94.5475 265.5822 15.06377427144971
1 45686U 20035AF  23011.22802962 -.00002231  00000-0 -13094-3 0  9997
2 45686  53.0540 194.7091 0001249  98.0855 262.0275 15.06397696145028
1 45686U 20035AF  23011.75880458 -.00001987  00000-0 -11453-3 0  9995
2 45686  53.0540 192.3261 0001224  97.8501 262.2627 15.06396242144690
1 45686U 20035AF  23011.89148338 -.00012360  00000-0 -81131-3 0  9991
2 45686  53.0537 191.7302 0001060  93.4820 266.6291 15.06444967145121
1 45686U 20035AF  23011.89148338 -.00012360  00000-0 -81131-3 0  9991
2 45686  53.0537 191.7302 0001060  93.4820 266.6291 15.06444967144715
1 45686U 20035AF  23012.75400744  .00001832  00000-0  14188-3 0  9997
2 45686  53.0538 187.8583 0001242  94.0194 266.0937 15.06391764144847
1 45686U 20035AF  23012.88670064  .00001941  00000-0  14921-3 0  9991
2 45686  53.0538 187.2628 0001250  93.1099 267.0033 15.06394666145274
1 45686U 20035AF  23013.88190810  .00001891  00000-0  14583-3 0  9996
2 45686  53.0536 182.7960 0001217  84.2891 275.8237 15.06396876145420
1 45686U 20035AF  23013.88190810  .00001891  00000-0  14583-3 0  9996
2 45686  53.0536 182.7960 0001217  84.2891 275.8237 15.06396876145015
1 45686U 20035AF  23014.74440763 -.00003406  00000-0 -20977-3 0  9997
2 45686  53.0536 178.9236 0001478  80.6583 279.4574 15.06420948145141
1 45686U 20035AF  23015.14250079  .00001091  00000-0  92132-4 0  9990
2 45686  53.0540 177.1369 0001216  82.7372 277.3756 15.06397149145205
1 45686U 20035AF  23015.60693052  .00000610  00000-0  59826-4 0  9992
2 45686  53.0542 175.0516 0001220  87.8325 272.2803 15.06397287145689
1 45686U 20035AF  23015.73961923  .00001258  00000-0  10330-3 0  9996
2 45686  53.0543 174.4568 0001178  85.9219 274.1905 15.06403409145704
1 45686U 20035AF  23016.40309241 -.00001707  00000-0 -95734-4 0  9993
2 45686  53.0537 171.4782 0001073  87.0086 273.1025 15.06396323145394
1 45686U 20035AF  23016.60213317 -.00000667  00000-0 -25907-4 0  9992
2 45686  53.0532 170.5845 0001102  91.3229 268.7887 15.06395376145831
1 45686U 20035AF  23016.80116809  .00000649  00000-0  62457-4 0  9991
2 45686  53.0547 169.6911 0001037  86.5898 273.5210 15.06407922145863
1 45686U 20035AF  23016.80116809  .00000649  00000-0  62457-4 0  9991
2 45686  53.0547 169.6911 0001037  86.5898 273.5210 15.06407922145458
1 45686U 20035AF  23017.13291063  .00000665  00000-0  63521-4 0  9995
2 45686  53.0535 168.2023 0001216  86.2146 273.8982 15.06394169145509
1 45686U 20035AF  23017.46465204  .00001069  00000-0  90695-4 0  9992
2 45686  53.0549 166.7132 0001228  85.1392 274.9737 15.06387970145964
1 45686U 20035AF  23017.46465204  .00001069  00000-0  90695-4 0  9992
2 45686  53.0549 166.7132 0001228  85.1392 274.9737 15.06387970145559
1 45686U 20035AF  23017.66368834  .00001751  00000-0  13642-3 0  9999
2 45686  53.0539 165.8194 0001421  85.0292 275.0859 15.06394957145997
1 45686U 20035AF  23017.66368834  .00001751  00000-0  13642-3 0  9999
2 45686  53.0539 165.8194 0001421  85.0292 275.0859 15.06394957145582
1 45686U 20035AF  23018.59254044  .00004727  00000-0  33595-3 0  9994
2 45686  53.0543 161.6497 0001207  91.7767 268.3360 15.06407474146133
1 45686U 20035AF  23018.65888650  .00007227  00000-0  50340-3 0  9992
2 45686  53.0535 161.3515 0001153  90.4852 269.6269 15.06412916145737
1 45686U 20035AF  23019.12331385  .00004492  00000-0  32018-3 0  9996
2 45686  53.0540 159.2659 0001174  96.1138 263.9984 15.06407096145803
1 45686U 20035AF  23019.38870945  .00001105  00000-0  93098-4 0  9998
2 45686  53.0538 158.0761 0001233  93.4794 266.6336 15.06393453146257
1 45686U 20035AF  23019.38870945  .00001105  00000-0  93098-4 0  9998
2 45686  53.0538 158.0761 0001233  93.4794 266.6336 15.06393453145841
1 45686U 20035AF  23020.51660046  .00005579  00000-0  39305-3 0  9993
2 45686  53.0540 153.0123 0001232 103.4515 256.6611 15.06408902146429
1 45686U 20035AF  23020.51660046  .00005579  00000-0  39305-3 0  9993
2 45686  53.0540 153.0123 0001232 103.4515 256.6611 15.06408902146014
1 45686U 20035AF  23021.44545493  .00003908  00000-0  28106-3 0  9995
2 45686  53.0542 148.8430 0001284  88.3521 271.7615 15.06406238146151
1 45686U 20035AF  23022.37431265  .00002100  00000-0  15985-3 0  9993
2 45686  53.0543 144.6729 0001137  83.0606 277.0513 15.06397941146291
1 45686U 20035AF  23023.36951978  .00001768  00000-0  13754-3 0  9992
2 45686  53.0546 140.2064 0001299  81.3916 278.7220 15.06394804146447
1 45686U 20035AF  23024.49741639  .00003325  00000-0  24202-3 0  9999
2 45686  53.0557 135.1435 0001169  92.0666 268.0457 15.06401413146619
1 45686U 20035AF  23025.49262236  .00002085  00000-0  15883-3 0  9998
2 45686  53.0537 130.6740 0001546 105.1997 254.9163 15.06397127146768
1 45686U 20035AF  23025.55896932  .00002814  00000-0  20771-3 0  9993
2 45686  53.0540 130.3768 0001424  94.0985 266.0167 15.06399654147189
1 45686U 20035AF  23025.62531584  .00003268  00000-0  23816-3 0  9997
2 45686  53.0536 130.0786 0001431  95.0937 265.0216 15.06400978147194
1 45686U 20035AF  23026.48782563  .00002738  00000-0  20260-3 0  9998
2 45686  53.0533 126.2061 0001402  93.4631 266.6519 15.06401845147327
1 45686U 20035AF  23026.62051752  .00004178  00000-0  29919-3 0  9993
2 45686  53.0536 125.6101 0001466  96.8022 263.3134 15.06406305146938
1 45686U 20035AF  23027.48302694  .00001331  00000-0  10823-3 0  9994
2 45686  53.0535 121.7378 0001485  99.4530 260.6627 15.06400673147473
1 45686U 20035AF  23027.48302694  .00001331  00000-0  10823-3 0  9994
2 45686  53.0535 121.7378 0001485  99.4530 260.6627 15.06400673147068
1 45686U 20035AF  23028.47823265 -.00000450  00000-0 -11324-4 0  9997
2 45686  53.0542 117.2721 0001422  95.9907 264.1244 15.06394848147620
1 45686U 20035AF  23028.47823265 -.00000450  00000-0 -11324-4 0  9997
2 45686  53.0542 117.2721 0001422  95.9907 264.1244 15.06394848147215
1 45686U 20035AF  23028.61093000  .00001330  00000-0  10816-3 0  9999
2 45686  53.0568 116.6796 0001400  92.9417 267.1732 15.06394267147644
1 45686U 20035AF  23029.27440287 -.00000759  00000-0 -32066-4 0  9993
2 45686  53.0573 113.6996 0001522  91.1672 268.9492 15.06392523147339
1 45686U 20035AF  23029.60613265  .00000291  00000-0  38412-4 0  9998
2 45686  53.0559 112.2094 0001452  88.5115 271.6041 15.06396637147792
1 45686U 20035AF  23030.40229460  .00001376  00000-0  11123-3 0  9992
2 45686  53.0563 108.6362 0001445  89.9802 270.1352 15.06396574147502
1 45686U 20035AF  23030.46864001  .00000817  00000-0  73761-4 0  9990
2 45686  53.0555 108.3377 0001339  84.5146 275.5996 15.06400632147920
1 45686U 20035AF  23031.46384167  .00001727  00000-0  13477-3 0  9999
2 45686  53.0549 103.8704 0001114  63.4030 296.7073 15.06400050148078
1 45686U 20035AF  23031.46384167  .00001727  00000-0  13477-3 0  9999
2 45686  53.0549 103.8704 0001114  63.4030 296.7073 15.06400050147662
1 45686U 20035AF  23031.92826746  .00001196  00000-0  99174-4 0  9993
2 45686  53.0549 101.7840 0001268  88.6009 271.5125 15.06401857148144
