1 45684U 20035AD  22365.09280216  .00011286  00000-0  77504-3 0  9997
2 45684  53.0519 244.7068 0001457  67.9587 292.1556 15.06415465142938
1 45684U 20035AD  22365.35818538  .00011598  00000-0  79575-3 0  9996
2 45684  53.0520 243.5153 0001460  67.7156 292.3988 15.06422583143386
1 45684U 20035AD  23001.08799862 -.00001188  00000-0 -60875-4 0  9992
2 45684  53.0533 240.2388 0001485  67.8320 292.2826 15.06405400143081
1 45684U 20035AD  23001.35339147 -.00003996  00000-0 -24958-3 0  9998
2 45684  53.0521 239.0471 0001498  64.7366 295.3778 15.06392959143531
1 45684U 20035AD  23001.35339147 -.00003996  00000-0 -24958-3 0  9998
2 45684  53.0521 239.0471 0001498  64.7366 295.3778 15.06392959143126
1 45684U 20035AD  23001.95051320 -.00001793  00000-0 -10153-3 0  9993
2 45684  53.0520 236.3663 0001461  66.6802 293.4340 15.06396487143623
1 45684U 20035AD  23002.34859339 -.00000434  00000-0 -10224-4 0  9994
2 45684  53.0529 234.5801 0001505  70.1937 289.9214 15.06401611143686
1 45684U 20035AD  23002.34859339 -.00000434  00000-0 -10224-4 0  9994
2 45684  53.0529 234.5801 0001505  70.1937 289.9214 15.06401611143271
1 45684U 20035AD  23003.01206996  .00000468  00000-0  50307-4 0  9995
2 45684  53.0522 231.6010 0001508  70.0150 290.1001 15.06390978143375
1 45684U 20035AD  23003.34380521  .00001014  00000-0  86987-4 0  9999
2 45684  53.0523 230.1117 0001489  70.3553 289.7596 15.06393543143831
1 45684U 20035AD  23004.33900443  .00003474  00000-0  25196-3 0  9996
2 45684  53.0521 225.6442 0001508  71.7009 288.4144 15.06405934143981
1 45684U 20035AD  23004.33900443  .00003474  00000-0  25196-3 0  9996
2 45684  53.0521 225.6442 0001508  71.7009 288.4144 15.06405934143576
1 45684U 20035AD  23004.86978223  .00001999  00000-0  15308-3 0  9999
2 45684  53.0522 223.2615 0001599  73.2436 286.8728 15.06399863144062
1 45684U 20035AD  23005.06882298  .00002231  00000-0  16866-3 0  9998
2 45684  53.0520 222.3676 0001554  73.7249 286.3911 15.06398956143683
1 45684U 20035AD  23005.59959296  .00002439  00000-0  18257-3 0  9995
2 45684  53.0519 219.9848 0001548  73.9899 286.1260 15.06405714144171
1 45684U 20035AD  23005.86497902  .00002142  00000-0  16265-3 0  9994
2 45684  53.0515 218.7946 0001504  68.6575 291.4574 15.06405884144217
1 45684U 20035AD  23006.72750258 -.00003029  00000-0 -18462-3 0  9994
2 45684  53.0513 214.9215 0001605  73.2489 286.8676 15.06381353144349
1 45684U 20035AD  23006.72750258 -.00003029  00000-0 -18462-3 0  9994
2 45684  53.0513 214.9215 0001605  73.2489 286.8676 15.06381353143933
1 45684U 20035AD  23007.25828229 -.00000538  00000-0 -17242-4 0  9995
2 45684  53.0527 212.5382 0001584  73.3554 286.7609 15.06387603144421
1 45684U 20035AD  23007.85540488 -.00000604  00000-0 -21646-4 0  9996
2 45684  53.0524 209.8575 0001679  82.6396 277.4784 15.06390909144102
1 45684U 20035AD  23007.92175219 -.00000619  00000-0 -22636-4 0  9996
2 45684  53.0524 209.5596 0001508  74.4803 285.6353 15.06390793144525
1 45684U 20035AD  23008.25348897  .00000797  00000-0  72391-4 0  9995
2 45684  53.0525 208.0704 0001592  73.7698 286.3466 15.06387027144572
1 45684U 20035AD  23008.91696036  .00002310  00000-0  17398-3 0  9997
2 45684  53.0523 205.0921 0001572  74.8329 285.2834 15.06388764144676
1 45684U 20035AD  23008.98330730  .00002419  00000-0  18132-3 0  9997
2 45684  53.0523 204.7942 0001574  74.9863 285.1300 15.06389543144685
1 45684U 20035AD  23008.98330730  .00002419  00000-0  18132-3 0  9997
2 45684  53.0523 204.7942 0001574  74.9863 285.1300 15.06389543144270
1 45684U 20035AD  23009.64677525  .00002354  00000-0  17690-3 0  9993
2 45684  53.0523 201.8156 0001586  75.2235 284.8930 15.06395961144787
1 45684U 20035AD  23010.24389212  .00002507  00000-0  18713-3 0  9991
2 45684  53.0523 199.1348 0001565  76.6408 283.4755 15.06403316144462
1 45684U 20035AD  23010.50927742  .00002483  00000-0  18552-3 0  9990
2 45684  53.0521 197.9434 0001595  76.9312 283.1855 15.06406051144919
1 45684U 20035AD  23010.77466185  .00002595  00000-0  19298-3 0  9990
2 45684  53.0521 196.7520 0001591  76.9999 283.1168 15.06408211144950
1 45684U 20035AD  23011.76986455  .00000438  00000-0  48291-4 0  9997
2 45684  53.0528 192.2834 0001090  75.7079 284.4031 15.06404239144696
1 45684U 20035AD  23011.90255795  .00000512  00000-0  53273-4 0  9998
2 45684  53.0515 191.6891 0001516  73.9204 286.1952 15.06404645145122
1 45684U 20035AD  23012.89776379 -.00002906  00000-0 -17623-3 0  9992
2 45684  53.0519 187.2203 0001676  83.9745 276.1435 15.06406600145276
1 45684U 20035AD  23012.89776379 -.00002906  00000-0 -17623-3 0  9992
2 45684  53.0519 187.2203 0001676  83.9745 276.1435 15.06406600144860
1 45684U 20035AD  23013.36219195  .00000768  00000-0  70440-4 0  9992
2 45684  53.0520 185.1352 0001638  82.0895 278.0280 15.06396420145349
1 45684U 20035AD  23013.89296365  .00001194  00000-0  99058-4 0  9994
2 45684  53.0519 182.7526 0001647  82.5913 277.5263 15.06400735145428
1 45684U 20035AD  23014.15835735  .00000295  00000-0  38715-4 0  9998
2 45684  53.0518 181.5610 0001664  82.9290 277.1888 15.06393917145050
1 45684U 20035AD  23015.48529538  .00000172  00000-0  30433-4 0  9999
2 45684  53.0512 175.6034 0001639  87.3684 272.7493 15.06397895145250
1 45684U 20035AD  23015.61798558  .00000925  00000-0  80971-4 0  9992
2 45684  53.0523 175.0084 0001552  88.7645 271.3522 15.06401013145680
1 45684U 20035AD  23015.81702194  .00001232  00000-0  10157-3 0  9995
2 45684  53.0531 174.1148 0001457  85.4797 274.6359 15.06406541145715
1 45684U 20035AD  23015.81702194  .00001232  00000-0  10157-3 0  9995
2 45684  53.0531 174.1148 0001457  85.4797 274.6359 15.06406541145300
1 45684U 20035AD  23016.14876328  .00001581  00000-0  12505-3 0  9999
2 45684  53.0549 172.6257 0001709  81.3103 278.8079 15.06397167145352
1 45684U 20035AD  23016.54684571  .00000405  00000-0  46067-4 0  9995
2 45684  53.0514 170.8388 0001467  82.1559 277.9596 15.06393196145828
1 45684U 20035AD  23016.81222854  .00001072  00000-0  90821-4 0  9995
2 45684  53.0524 169.6472 0001423  84.3031 275.8120 15.06401934145864
1 45684U 20035AD  23017.14396919  .00000544  00000-0  55448-4 0  9995
2 45684  53.0528 168.1572 0001447  83.6788 276.4365 15.06393747145501
1 45684U 20035AD  23017.40935941  .00000225  00000-0  34020-4 0  9997
2 45684  53.0520 166.9659 0001402  87.2576 272.8573 15.06391081145950
1 45684U 20035AD  23017.67474407  .00000752  00000-0  69376-4 0  9998
2 45684  53.0519 165.7744 0001381  87.4549 272.6598 15.06394718145997
1 45684U 20035AD  23018.53725403  .00001597  00000-0  12612-3 0  9997
2 45684  53.0533 161.9031 0001338  84.9906 275.1235 15.06393749146126
1 45684U 20035AD  23018.53725403  .00001597  00000-0  12612-3 0  9997
2 45684  53.0533 161.9031 0001338  84.9906 275.1235 15.06393749145710
1 45684U 20035AD  23018.66994063  .00002482  00000-0  18545-3 0  9996
2 45684  53.0530 161.3075 0001315  80.6607 279.4530 15.06403640146140
1 45684U 20035AD  23018.66994063  .00002482  00000-0  18545-3 0  9996
2 45684  53.0530 161.3075 0001315  80.6607 279.4530 15.06403640145734
1 45684U 20035AD  23019.39976648  .00001089  00000-0  91975-4 0  9997
2 45684  53.0532 158.0318 0001311  80.7746 279.3391 15.06393212145849
1 45684U 20035AD  23019.53246166  .00000818  00000-0  73789-4 0  9990
2 45684  53.0532 157.4369 0001312  78.8391 281.2746 15.06392221146276
1 45684U 20035AD  23020.46131108  .00001343  00000-0  10902-3 0  9994
2 45684  53.0536 153.2652 0001243 101.0415 259.0714 15.06401426146410
1 45684U 20035AD  23020.46131108  .00001343  00000-0  10902-3 0  9994
2 45684  53.0536 153.2652 0001243 101.0415 259.0714 15.06401426146005
1 45684U 20035AD  23020.66034464  .00002620  00000-0  19464-3 0  9994
2 45684  53.0529 152.3737 0001174  91.1811 268.9312 15.06409944146032
1 45684U 20035AD  23021.32382490  .00001429  00000-0  11482-3 0  9991
2 45684  53.0534 149.3936 0001683  85.1430 274.9751 15.06395621146131
1 45684U 20035AD  23022.38537138  .00000387  00000-0  44852-4 0  9999
2 45684  53.0526 144.6292 0001161  75.1563 284.9554 15.06398349146291
1 45684U 20035AD  23023.57961939  .00002437  00000-0  18246-3 0  9996
2 45684  53.0523 139.2696 0001066  60.9119 299.1976 15.06395005146471
1 45684U 20035AD  23025.50368081  .00001099  00000-0  92687-4 0  9995
2 45684  53.0520 130.6301 0001277  78.2388 281.8744 15.06394817146763
1 45684U 20035AD  23025.57002675  .00001750  00000-0  13637-3 0  9997
2 45684  53.0524 130.3331 0001114  71.6580 288.4531 15.06396923147182
1 45684U 20035AD  23026.56522491  .00003183  00000-0  23242-3 0  9995
2 45684  53.0523 125.8653 0001211  73.5422 286.5700 15.06406864147331
1 45684U 20035AD  23026.63157040  .00003981  00000-0  28590-3 0  9994
2 45684  53.0522 125.5675 0001182  74.9081 285.2038 15.06409783146932
1 45684U 20035AD  23026.96330598  .00000654  00000-0  62796-4 0  9992
2 45684  53.0538 124.0747 0001276  67.6938 292.4186 15.06402508146984
1 45684U 20035AD  23027.56043023  .00001810  00000-0  14033-3 0  9998
2 45684  53.0524 121.3976 0001183  91.3917 268.7207 15.06401383147487
1 45684U 20035AD  23028.55563467  .00000023  00000-0  20438-4 0  9999
2 45684  53.0540 116.9296 0001320  86.6554 273.4586 15.06398994147225
1 45684U 20035AD  23028.62198068  .00000470  00000-0  50428-4 0  9996
2 45684  53.0531 116.6309 0001300  82.0379 278.0757 15.06400955147648
1 45684U 20035AD  23029.21910800  .00000980  00000-0  84686-4 0  9997
2 45684  53.0520 113.9510 0001183  84.6413 275.4711 15.06392149147327
1 45684U 20035AD  23029.61718584  .00001379  00000-0  11143-3 0  9996
2 45684  53.0524 112.1628 0001183  89.6790 270.4335 15.06399756147794
1 45684U 20035AD  23030.41335084  .00002373  00000-0  17815-3 0  9993
2 45684  53.0526 108.5889 0001193  88.3786 271.7339 15.06397954147501
1 45684U 20035AD  23030.47969559  .00001938  00000-0  14893-3 0  9998
2 45684  53.0524 108.2907 0001139  91.4231 268.6889 15.06400830147926
1 45684U 20035AD  23031.47489939  .00001305  00000-0  10649-3 0  9991
2 45684  53.0533 103.8238 0001171  87.0349 273.0774 15.06400673148076
1 45684U 20035AD  23031.47489939  .00001305  00000-0  10649-3 0  9991
2 45684  53.0533 103.8238 0001171  87.0349 273.0774 15.06400673147660
1 45684U 20035AD  23031.60759151  .00001601  00000-0  12633-3 0  9996
2 45684  53.0533 103.2280 0001139  90.9438 269.1681 15.06401830148094
