1 45690U 20035AK  22365.10659511  .00004065  00000-0  29158-3 0  9993
2 45690  53.0568 244.6331 0001312  76.6411 283.4724 15.06408063142873
1 45690U 20035AK  22365.37198072  .00004808  00000-0  34136-3 0  9999
2 45690  53.0567 243.4416 0001291  75.4296 284.6836 15.06410636143324
1 45690U 20035AK  23001.10180599  .00001797  00000-0  13949-3 0  9996
2 45690  53.0560 240.1676 0001437  79.8658 280.2493 15.06397583143024
1 45690U 20035AK  23001.36720533 -.00000255  00000-0  17667-5 0  9994
2 45690  53.0567 238.9747 0001479  79.6943 280.4212 15.06387377143476
1 45690U 20035AK  23001.36720533 -.00000255  00000-0  17667-5 0  9994
2 45690  53.0567 238.9747 0001479  79.6943 280.4212 15.06387377143061
1 45690U 20035AK  23001.76529376 -.00002440  00000-0 -14502-3 0  9992
2 45690  53.0566 237.1881 0001509  82.9429 277.1731 15.06384596143531
1 45690U 20035AK  23002.36241496 -.00002443  00000-0 -14523-3 0  9999
2 45690  53.0564 234.5074 0001511  81.7704 278.3456 15.06390078143629
1 45690U 20035AK  23002.89318981 -.00000284  00000-0 -15129-6 0  9998
2 45690  53.0563 232.1243 0001564  82.1836 277.9330 15.06387075143707
1 45690U 20035AK  23002.89318981 -.00000284  00000-0 -15129-6 0  9998
2 45690  53.0563 232.1243 0001564  82.1836 277.9330 15.06387075143291
1 45690U 20035AK  23003.35761721  .00000817  00000-0  73726-4 0  9999
2 45690  53.0564 230.0395 0001570  82.1689 277.9478 15.06389949143778
1 45690U 20035AK  23004.02108501  .00002648  00000-0  19664-3 0  9999
2 45690  53.0562 227.0611 0001548  81.8722 278.2442 15.06391951143874
1 45690U 20035AK  23004.02108501  .00002648  00000-0  19664-3 0  9999
2 45690  53.0562 227.0611 0001548  81.8722 278.2442 15.06391951143469
1 45690U 20035AK  23004.88358330  .00002808  00000-0  20727-3 0  9990
2 45690  53.0563 223.1894 0001574  82.4380 277.6788 15.06407677144006
1 45690U 20035AK  23005.01627243  .00003040  00000-0  22283-3 0  9996
2 45690  53.0561 222.5932 0001567  82.7003 277.4164 15.06413503143614
1 45690U 20035AK  23005.41435798  .00001304  00000-0  10640-3 0  9997
2 45690  53.0557 220.8055 0001474  84.2365 275.8791 15.06406621144084
1 45690U 20035AK  23005.41435798  .00001304  00000-0  10640-3 0  9997
2 45690  53.0557 220.8055 0001474  84.2365 275.8791 15.06406621143678
1 45690U 20035AK  23005.67975753 -.00000825  00000-0 -36494-4 0  9990
2 45690  53.0556 219.6143 0001528  81.6573 278.4589 15.06392835144129
1 45690U 20035AK  23006.27688783 -.00002314  00000-0 -13653-3 0  9997
2 45690  53.0559 216.9344 0001562  82.5409 277.5757 15.06387715143803
1 45690U 20035AK  23006.67496890  .00005031  00000-0  35681-3 0  9999
2 45690  53.0560 215.1473 0001712  81.6069 278.5114 15.06354498144270
1 45690U 20035AK  23006.67496890  .00005031  00000-0  35681-3 0  9999
2 45690  53.0560 215.1473 0001712  81.6069 278.5114 15.06354498143864
1 45690U 20035AK  23007.27208686 -.00002028  00000-0 -11728-3 0  9991
2 45690  53.0559 212.4670 0001536  81.1880 278.9283 15.06397022144368
1 45690U 20035AK  23007.33843495 -.00001692  00000-0 -94753-4 0  9997
2 45690  53.0564 212.1696 0001510  81.4992 278.6168 15.06394075143967
1 45690U 20035AK  23007.67017040  .00000515  00000-0  53511-4 0  9991
2 45690  53.0561 210.6801 0001460  79.7419 280.3734 15.06387014144429
1 45690U 20035AK  23008.53268144  .00001637  00000-0  12877-3 0  9995
2 45690  53.0558 206.8084 0001479  82.7554 277.3603 15.06389663144556
1 45690U 20035AK  23008.53268144  .00001637  00000-0  12877-3 0  9995
2 45690  53.0558 206.8084 0001479  82.7554 277.3603 15.06389663144141
1 45690U 20035AK  23008.79806806  .00001634  00000-0  12860-3 0  9995
2 45690  53.0558 205.6172 0001495  82.7237 277.3922 15.06392628144590
1 45690U 20035AK  23009.32883861  .00001518  00000-0  12077-3 0  9992
2 45690  53.0558 203.2343 0001521  83.1203 276.9959 15.06400382144673
1 45690U 20035AK  23009.59422375  .00001595  00000-0  12594-3 0  9999
2 45690  53.0558 202.0430 0001518  82.9181 277.1980 15.06402837144714
1 45690U 20035AK  23009.59422375  .00001595  00000-0  12594-3 0  9999
2 45690  53.0558 202.0430 0001518  82.9181 277.1980 15.06402837144309
1 45690U 20035AK  23010.25768381  .00001672  00000-0  13110-3 0  9995
2 45690  53.0560 199.0648 0001524  82.8254 277.2908 15.06410248144817
1 45690U 20035AK  23010.78845859 -.00002789  00000-0 -16829-3 0  9991
2 45690  53.0533 196.6832 0002077  83.1033 277.0192 15.06419500144899
1 45690U 20035AK  23010.78845859 -.00002789  00000-0 -16829-3 0  9991
2 45690  53.0533 196.6832 0002077  83.1033 277.0192 15.06419500144484
1 45690U 20035AK  23011.78365613  .00000278  00000-0  37553-4 0  9994
2 45690  53.0555 192.2145 0001520  80.5690 279.5470 15.06409894145043
1 45690U 20035AK  23011.78365613  .00000278  00000-0  37553-4 0  9994
2 45690  53.0555 192.2145 0001520  80.5690 279.5470 15.06409894144637
1 45690U 20035AK  23012.77889564 -.00003409  00000-0 -21023-3 0  9995
2 45690  53.0549 187.7476 0001604  81.8057 278.3114 15.06369544144785
1 45690U 20035AK  23012.84524865 -.00004097  00000-0 -25657-3 0  9994
2 45690  53.0548 187.4500 0001043  71.0572 289.0530 15.06363511145206
1 45690U 20035AK  23012.84524865 -.00004097  00000-0 -25657-3 0  9994
2 45690  53.0548 187.4500 0001043  71.0572 289.0530 15.06363511144799
1 45690U 20035AK  23013.50869435  .00000388  00000-0  44938-4 0  9994
2 45690  53.0563 184.4699 0001668  58.5944 301.5208 15.06400223145300
1 45690U 20035AK  23013.50869435  .00000388  00000-0  44938-4 0  9994
2 45690  53.0563 184.4699 0001668  58.5944 301.5208 15.06400223144893
1 45690U 20035AK  23013.90677150  .00001217  00000-0  10058-3 0  9996
2 45690  53.0563 182.6832 0001758  61.4251 298.6914 15.06405643145360
1 45690U 20035AK  23014.83562695  .00012413  00000-0  85122-3 0  9990
2 45690  53.0566 178.5138 0002057  58.4158 301.7032 15.06379152145093
1 45690U 20035AK  23015.56545057  .00000064  00000-0  23235-4 0  9991
2 45690  53.0569 175.2379 0001885  58.4710 301.6463 15.06404460145615
1 45690U 20035AK  23015.69813793 -.00001118  00000-0 -56159-4 0  9994
2 45690  53.0562 174.6425 0001764  56.7546 303.3612 15.06406690145631
1 45690U 20035AK  23016.16256213  .00000082  00000-0  24396-4 0  9990
2 45690  53.0563 172.5579 0001819  56.9058 303.2106 15.06410398145299
1 45690U 20035AK  23016.42794792 -.00001630  00000-0 -90508-4 0  9998
2 45690  53.0561 171.3671 0001535  65.6879 294.4270 15.06408657145748
1 45690U 20035AK  23016.82602540  .00000186  00000-0  31393-4 0  9991
2 45690  53.0567 169.5800 0001850  58.0859 302.0310 15.06412512145804
1 45690U 20035AK  23017.42315838 -.00000488  00000-0 -13868-4 0  9993
2 45690  53.0566 166.8996 0001599  62.3366 297.7785 15.06392375145899
1 45690U 20035AK  23017.42315838 -.00000488  00000-0 -13868-4 0  9993
2 45690  53.0566 166.8996 0001599  62.3366 297.7785 15.06392375145484
1 45690U 20035AK  23017.82123922  .00000316  00000-0  40151-4 0  9991
2 45690  53.0565 165.1127 0001713  63.9185 296.1980 15.06395566145952
1 45690U 20035AK  23018.55105521  .00001255  00000-0  10312-3 0  9995
2 45690  53.0557 161.8376 0001819  69.0490 291.0693 15.06398039146061
1 45690U 20035AK  23018.55105521  .00001255  00000-0  10312-3 0  9995
2 45690  53.0557 161.8376 0001819  69.0490 291.0693 15.06398039145655
1 45690U 20035AK  23018.68374587  .00002247  00000-0  16969-3 0  9995
2 45690  53.0566 161.2425 0001552  61.0788 299.0356 15.06402705146088
1 45690U 20035AK  23019.41356977  .00000195  00000-0  32011-4 0  9997
2 45690  53.0560 157.9658 0001632  75.2846 284.8324 15.06388559146192
1 45690U 20035AK  23019.41356977  .00000195  00000-0  32011-4 0  9997
2 45690  53.0560 157.9658 0001632  75.2846 284.8324 15.06388559145786
1 45690U 20035AK  23019.74529772  .00002900  00000-0  21346-3 0  9992
2 45690  53.0559 156.4752 0001494  69.5320 290.5829 15.06402131145835
1 45690U 20035AK  23020.07703327  .00001902  00000-0  14656-3 0  9997
2 45690  53.0567 154.9869 0001559  75.9864 284.1298 15.06400083146296
1 45690U 20035AK  23021.07224744 -.00003202  00000-0 -19627-3 0  9999
2 45690  53.0575 150.5247 0001442  82.8266 277.2887 15.06379795146035
1 45690U 20035AK  23021.33764587 -.00003206  00000-0 -19654-3 0  9996
2 45690  53.0574 149.3303 0002167  84.8914 275.2322 15.06370812146077
1 45690U 20035AK  23022.59822569  .00013913  00000-0  95047-3 0  9994
2 45690  53.0574 143.6697 0001285  93.7006 266.4129 15.06423027146266
1 45690U 20035AK  23023.12899946  .00010157  00000-0  69932-3 0  9998
2 45690  53.0583 141.2888 0000910  85.7632 274.3461 15.06423166146342
1 45690U 20035AK  23023.39438725  .00001034  00000-0  88252-4 0  9992
2 45690  53.0573 140.0980 0001301  57.8535 302.2580 15.06414428146386
1 45690U 20035AK  23024.52227750  .00007169  00000-0  49957-3 0  9995
2 45690  53.0578 135.0347 0001279  59.4621 300.6494 15.06410429146552
1 45690U 20035AK  23025.51748238  .00001397  00000-0  11263-3 0  9990
2 45690  53.0574 130.5674 0001245  64.9043 295.2075 15.06400845146705
1 45690U 20035AK  23025.58382825  .00002081  00000-0  15855-3 0  9995
2 45690  53.0575 130.2700 0001240  61.8322 298.2792 15.06403247147129
1 45690U 20035AK  23026.57902872  .00003547  00000-0  25686-3 0  9996
2 45690  53.0570 125.8028 0001241  66.5595 293.5524 15.06408055147271
1 45690U 20035AK  23026.57902872  .00003547  00000-0  25686-3 0  9996
2 45690  53.0570 125.8028 0001241  66.5595 293.5524 15.06408055146865
1 45690U 20035AK  23027.04345770  .00002787  00000-0  20590-3 0  9991
2 45690  53.0573 123.7192 0001412  77.0666 283.0480 15.06403744146936
1 45690U 20035AK  23027.57423525  .00002085  00000-0  15886-3 0  9997
2 45690  53.0570 121.3353 0001272  79.8978 280.2155 15.06398639147010
1 45690U 20035AK  23028.43674189  .00001863  00000-0  14391-3 0  9990
2 45690  53.0573 117.4632 0001169  88.2044 271.9079 15.06402640147551
1 45690U 20035AK  23029.23291167  .00000472  00000-0  50554-4 0  9997
2 45690  53.0577 113.8898 0001195  86.6318 273.4808 15.06389889147268
1 45690U 20035AK  23029.49829879  .00001136  00000-0  95137-4 0  9996
2 45690  53.0584 112.6984 0001109  80.4949 279.6165 15.06392549147717
1 45690U 20035AK  23030.42715110  .00001516  00000-0  12063-3 0  9991
2 45690  53.0585 108.5289 0001186  87.6435 272.4689 15.06397150147449
1 45690U 20035AK  23030.49349700  .00001718  00000-0  13418-3 0  9995
2 45690  53.0584 108.2311 0001200  85.0485 275.0641 15.06398399147864
1 45690U 20035AK  23031.35600925  .00001856  00000-0  14346-3 0  9994
2 45690  53.0583 104.3595 0001273  78.4372 281.6760 15.06395070147997
1 45690U 20035AK  23031.88678159  .00001188  00000-0  98663-4 0  9999
2 45690  53.0584 101.9769 0001263  82.1432 277.9700 15.06400456148079
1 45690U 20035AK  23031.88678159  .00001188  00000-0  98663-4 0  9999
2 45690  53.0584 101.9769 0001263  82.1432 277.9700 15.06400456147663
