1 45694U 20035AP  22365.36861710  .00023929  00000-0  13738-2 0  9997
2 45694  53.0509 240.6437 0003393 121.6446 238.4877 15.12425878143415
1 45694U 20035AP  22365.83118892  .00021666  00000-0  12452-2 0  9993
2 45694  53.0507 238.5477 0003391 123.0440 237.0877 15.12445847143481
1 45694U 20035AP  23001.62415467  .00020116  00000-0  11565-2 0  9999
2 45694  53.0503 234.9541 0003354 125.0393 235.0913 15.12479410143603
1 45694U 20035AP  23001.69023442  .00020123  00000-0  11568-2 0  9995
2 45694  53.0503 234.6547 0003350 125.1607 234.9699 15.12482123143616
1 45694U 20035AP  23002.35102387  .00023124  00000-0  13251-2 0  9990
2 45694  53.0500 231.6603 0003279 126.2608 233.8687 15.12513392143322
1 45694U 20035AP  23002.61533646  .00018084  00000-0  10405-2 0  9992
2 45694  53.0500 230.4623 0003290 126.7083 233.4211 15.12521081143756
1 45694U 20035AP  23002.87964731  .00018245  00000-0  10493-2 0  9999
2 45694  53.0498 229.2646 0003250 126.8073 233.3217 15.12530935143796
1 45694U 20035AP  23003.34218653  .00021655  00000-0  12409-2 0  9995
2 45694  53.0499 227.1681 0003213 127.3045 232.8240 15.12552253143862
1 45694U 20035AP  23003.34218653  .00021655  00000-0  12409-2 0  9995
2 45694  53.0499 227.1681 0003213 127.3045 232.8240 15.12552253143479
1 45694U 20035AP  23004.33332385  .00025605  00000-0  14617-2 0  9996
2 45694  53.0500 222.6759 0003137 128.3178 231.8096 15.12594330144012
1 45694U 20035AP  23005.32442447  .00022119  00000-0  12636-2 0  9993
2 45694  53.0498 218.1832 0003066 129.4839 230.6424 15.12650899143774
1 45694U 20035AP  23005.58871094  .00023877  00000-0  13617-2 0  9997
2 45694  53.0499 216.9850 0003067 130.0399 230.0862 15.12669000144204
1 45694U 20035AP  23005.72085322  .00025058  00000-0  14276-2 0  9999
2 45694  53.0497 216.3865 0003047 129.7412 230.3848 15.12677639144227
1 45694U 20035AP  23005.72085322  .00025058  00000-0  14276-2 0  9999
2 45694  53.0497 216.3865 0003047 129.7412 230.3848 15.12677639143833
1 45694U 20035AP  23006.57975931  .00024982  00000-0  14212-2 0  9992
2 45694  53.0498 212.4921 0002965 132.4898 227.6345 15.12731953144350
1 45694U 20035AP  23006.57975931  .00024982  00000-0  14212-2 0  9992
2 45694  53.0498 212.4921 0002965 132.4898 227.6345 15.12731953143966
1 45694U 20035AP  23007.83502966  .00031193  00000-0  17648-2 0  9994
2 45694  53.0500 206.8009 0002810 134.8409 225.2812 15.12813590144543
1 45694U 20035AP  23007.83502966  .00031193  00000-0  17648-2 0  9994
2 45694  53.0500 206.8009 0002810 134.8409 225.2812 15.12813590144150
1 45694U 20035AP  23008.56173575  .00028114  00000-0  15911-2 0  9995
2 45694  53.0502 203.5056 0002793 137.2363 222.8846 15.12856067144655
1 45694U 20035AP  23008.82598748  .00029453  00000-0  16650-2 0  9995
2 45694  53.0502 202.3077 0002746 137.0970 223.0237 15.12872119144692
1 45694U 20035AP  23008.95811222  .00031907  00000-0  18012-2 0  9995
2 45694  53.0504 201.7086 0002716 136.9660 223.1545 15.12882074144322
1 45694U 20035AP  23009.55266562  .00027633  00000-0  15617-2 0  9992
2 45694  53.0506 199.0119 0002686 138.9162 221.2033 15.12914303144800
1 45694U 20035AP  23010.21326474  .00028358  00000-0  16004-2 0  9992
2 45694  53.0506 196.0162 0002590 140.0638 220.0545 15.12952623144904
1 45694U 20035AP  23010.21326474  .00028358  00000-0  16004-2 0  9992
2 45694  53.0506 196.0162 0002590 140.0638 220.0545 15.12952623144511
1 45694U 20035AP  23010.87384426  .00037736  00000-0  21183-2 0  9999
2 45694  53.0504 193.0206 0002492 140.8333 219.2839 15.13003531145003
1 45694U 20035AP  23011.20412572  .00036139  00000-0  20285-2 0  9999
2 45694  53.0490 191.5220 0002524 142.9839 217.1327 15.13027128144664
1 45694U 20035AP  23011.86467168  .00039697  00000-0  22221-2 0  9996
2 45694  53.0489 188.5257 0002425 143.9901 216.1255 15.13081249145157
1 45694U 20035AP  23012.19493517  .00042736  00000-0  23878-2 0  9997
2 45694  53.0491 187.0276 0002354 143.8640 216.2511 15.13112549144811
1 45694U 20035AP  23012.85544251  .00042992  00000-0  23980-2 0  9990
2 45694  53.0497 184.0307 0002227 144.6293 215.4847 15.13171510145302
1 45694U 20035AP  23013.71406068  .00045779  00000-0  25454-2 0  9993
2 45694  53.0492 180.1351 0002025 146.4869 213.6252 15.13255469145438
1 45694U 20035AP  23013.71406068  .00045779  00000-0  25454-2 0  9993
2 45694  53.0492 180.1351 0002025 146.4869 213.6252 15.13255469145045
1 45694U 20035AP  23014.17637215  .00059789  00000-0  33073-2 0  9996
2 45694  53.0490 178.0373 0001940 144.4628 215.6493 15.13315374145118
1 45694U 20035AP  23015.16698827  .00064381  00000-0  35469-2 0  9997
2 45694  53.0490 173.5416 0001718 142.6524 217.4588 15.13424826145268
1 45694U 20035AP  23015.43114189  .00055702  00000-0  30730-2 0  9994
2 45694  53.0489 172.3427 0001698 141.8437 218.2676 15.13444748145303
1 45694U 20035AP  23015.56321680  .00052321  00000-0  28880-2 0  9991
2 45694  53.0489 171.7432 0001658 141.7582 218.3528 15.13455097145719
1 45694U 20035AP  23015.69529034  .00051175  00000-0  28244-2 0  9998
2 45694  53.0491 171.1445 0001477 139.2191 220.8911 15.13470108145733
1 45694U 20035AP  23015.69529034  .00051175  00000-0  28244-2 0  9998
2 45694  53.0491 171.1445 0001477 139.2191 220.8911 15.13470108145340
1 45694U 20035AP  23016.55373167  .00053714  00000-0  29535-2 0  9993
2 45694  53.0491 167.2481 0001278 134.6148 225.4949 15.13580244145868
1 45694U 20035AP  23016.81785539  .00054925  00000-0  30165-2 0  9998
2 45694  53.0493 166.0490 0001231 133.5819 226.5275 15.13612618145516
1 45694U 20035AP  23016.88388581  .00052613  00000-0  28907-2 0  9994
2 45694  53.0494 165.7488 0001241 133.9207 226.1887 15.13618320145911
1 45694U 20035AP  23017.41211391  .00047324  00000-0  25992-2 0  9992
2 45694  53.0495 163.3513 0001057 127.4381 232.6708 15.13679487145994
1 45694U 20035AP  23017.67621970  .00055531  00000-0  30407-2 0  9994
2 45694  53.0498 162.1517 0000976 127.2061 232.9020 15.13714027146036
1 45694U 20035AP  23018.40248567  .00072230  00000-0  39314-2 0  9994
2 45694  53.0502 158.8541 0000872 115.8329 244.2754 15.13800483146140
1 45694U 20035AP  23018.66657169  .00067778  00000-0  36892-2 0  9993
2 45694  53.0506 157.6543 0000842 116.3645 243.7434 15.13831040145799
1 45694U 20035AP  23019.39278259  .00050798  00000-0  27700-2 0  9995
2 45694  53.0507 154.3567 0000762 105.1831 254.9245 15.13903712146290
1 45694U 20035AP  23019.39278259  .00050798  00000-0  27700-2 0  9995
2 45694  53.0507 154.3567 0000762 105.1831 254.9245 15.13903712145907
1 45694U 20035AP  23019.59083310  .00064224  00000-0  34884-2 0  9999
2 45694  53.0510 153.4567 0000753 104.2103 255.8973 15.13932859145938
1 45694U 20035AP  23020.38300638  .00051748  00000-0  28120-2 0  9996
2 45694  53.0512 149.8589 0000713  90.5103 269.5971 15.14018988146442
1 45694U 20035AP  23020.38300638  .00051748  00000-0  28120-2 0  9996
2 45694  53.0512 149.8589 0000713  90.5103 269.5971 15.14018988146059
1 45694U 20035AP  23021.30714951  .00062318  00000-0  33680-2 0  9998
2 45694  53.0512 145.6606 0000722  80.0022 280.1052 15.14125167146199
1 45694U 20035AP  23022.69324645  .00051492  00000-0  27782-2 0  9995
2 45694  53.0510 139.3621 0000822  66.8386 293.2693 15.14275175146405
1 45694U 20035AP  23024.54116475  .00046892  00000-0  25193-2 0  9993
2 45694  53.0504 130.9637 0001182  50.8777 309.2320 15.14469282146688
1 45694U 20035AP  23025.59701788  .00044915  00000-0  24080-2 0  9994
2 45694  53.0500 126.1638 0001300  47.6854 312.4248 15.14564265147238
1 45694U 20035AP  23025.59701788  .00044915  00000-0  24080-2 0  9994
2 45694  53.0500 126.1638 0001300  47.6854 312.4248 15.14564265146844
1 45694U 20035AP  23026.52083529  .00048501  00000-0  25914-2 0  9996
2 45694  53.0498 121.9631 0001493  46.0679 314.0436 15.14649807147379
1 45694U 20035AP  23026.98272524  .00044753  00000-0  23910-2 0  9990
2 45694  53.0497 119.8629 0001616  44.9668 315.1455 15.14688698147052
1 45694U 20035AP  23027.51058419  .00041560  00000-0  22198-2 0  9995
2 45694  53.0498 117.4623 0001729  44.6099 315.5032 15.14732515147526
1 45694U 20035AP  23028.50028058  .00038365  00000-0  20469-2 0  9999
2 45694  53.0500 112.9609 0001923  44.2517 315.8629 15.14808883147674
1 45694U 20035AP  23028.50028058  .00038365  00000-0  20469-2 0  9999
2 45694  53.0500 112.9609 0001923  44.2517 315.8629 15.14808883147281
1 45694U 20035AP  23029.48992852  .00033730  00000-0  17991-2 0  9996
2 45694  53.0509 108.4596 0002129  45.1244 314.9922 15.14879628147822
1 45694U 20035AP  23030.21564073  .00030431  00000-0  16232-2 0  9991
2 45694  53.0514 105.1584 0002221  46.4465 313.6712 15.14929280147543
1 45694U 20035AP  23030.47953012  .00031149  00000-0  16601-2 0  9991
2 45694  53.0517 103.9579 0002268  47.2231 312.8952 15.14947671147975
1 45694U 20035AP  23031.46908875  .00031518  00000-0  16764-2 0  9998
2 45694  53.0523  99.4561 0002355  49.6064 310.5134 15.15012632148125
1 45694U 20035AP  23031.46908875  .00031518  00000-0  16764-2 0  9998
2 45694  53.0523  99.4561 0002355  49.6064 310.5134 15.15012632147731
