1 45692U 20035AM  22365.74152827  .00003795  00000-0  27340-3 0  9993
2 45692  53.0535 241.7784 0001455  69.2652 290.8493 15.06416137143431
1 45692U 20035AM  23001.07326014  .00001576  00000-0  12460-3 0  9990
2 45692  53.0536 240.2891 0001426  76.4109 283.7039 15.06413524143489
1 45692U 20035AM  23001.07326014  .00001576  00000-0  12460-3 0  9990
2 45692  53.0536 240.2891 0001426  76.4109 283.7039 15.06413524143085
1 45692U 20035AM  23001.93577515 -.00002635  00000-0 -15809-3 0  9998
2 45692  53.0538 236.4169 0001318  76.6034 283.5102 15.06394195143611
1 45692U 20035AM  23002.00212144 -.00001219  00000-0 -62979-4 0  9999
2 45692  53.0534 236.1188 0001441  80.3510 279.7642 15.06396595143222
1 45692U 20035AM  23002.59924350  .00000172  00000-0  30427-4 0  9990
2 45692  53.0530 233.4386 0001441  73.2109 286.9037 15.06398933143713
1 45692U 20035AM  23002.93098375 -.00001982  00000-0 -11421-3 0  9991
2 45692  53.0535 231.9489 0001397  80.8752 279.2395 15.06386847143761
1 45692U 20035AM  23002.93098375 -.00001982  00000-0 -11421-3 0  9991
2 45692  53.0535 231.9489 0001397  80.8752 279.2395 15.06386847143367
1 45692U 20035AM  23003.59445658  .00001781  00000-0  13846-3 0  9992
2 45692  53.0533 228.9706 0001475  82.4264 277.6893 15.06389757143869
1 45692U 20035AM  23003.99253535  .00001956  00000-0  15021-3 0  9998
2 45692  53.0540 227.1836 0001477  84.4911 275.6247 15.06396739143527
1 45692U 20035AM  23004.32426607  .00002438  00000-0  18248-3 0  9998
2 45692  53.0541 225.6944 0001483  85.1132 275.0027 15.06403216143979
1 45692U 20035AM  23004.85503355  .00003313  00000-0  24113-3 0  9993
2 45692  53.0539 223.3113 0001518  86.2341 273.8821 15.06410800144057
1 45692U 20035AM  23004.85503355  .00003313  00000-0  24113-3 0  9993
2 45692  53.0539 223.3113 0001518  86.2341 273.8821 15.06410800143652
1 45692U 20035AM  23005.58484835  .00002641  00000-0  19609-3 0  9992
2 45692  53.0521 220.0353 0001613  84.5718 275.5455 15.06410171143763
1 45692U 20035AM  23005.85023233  .00003458  00000-0  25083-3 0  9993
2 45692  53.0520 218.8437 0001574  85.6772 274.4397 15.06413604144205
1 45692U 20035AM  23006.38101453 -.00001346  00000-0 -71464-4 0  9994
2 45692  53.0517 216.4611 0001637  83.8046 276.3130 15.06396829143881
1 45692U 20035AM  23006.64640688 -.00003976  00000-0 -24824-3 0  9999
2 45692  53.0522 215.2695 0001597  86.2660 273.8512 15.06387439144323
1 45692U 20035AM  23006.64640688 -.00003976  00000-0 -24824-3 0  9999
2 45692  53.0522 215.2695 0001597  86.2660 273.8512 15.06387439143928
1 45692U 20035AM  23006.97814208 -.00003503  00000-0 -21642-3 0  9997
2 45692  53.0521 213.7801 0001578  86.8025 273.3144 15.06388719144377
1 45692U 20035AM  23007.84065664 -.00000984  00000-0 -47178-4 0  9991
2 45692  53.0534 209.9085 0001599  86.1150 274.0021 15.06392217144502
1 45692U 20035AM  23007.84065664 -.00000984  00000-0 -47178-4 0  9991
2 45692  53.0534 209.9085 0001599  86.1150 274.0021 15.06392217144108
1 45692U 20035AM  23007.97333809 -.00009388  00000-0 -61166-3 0  9993
2 45692  53.0535 209.3129 0002004 104.0258 256.0954 15.06429249144126
1 45692U 20035AM  23008.23874727  .00005232  00000-0  37017-3 0  9992
2 45692  53.0534 208.1216 0001483  92.3397 267.7761 15.06367050144162
1 45692U 20035AM  23008.57047683  .00002033  00000-0  15543-3 0  9998
2 45692  53.0536 206.6324 0001501  85.8617 274.2543 15.06384480144617
1 45692U 20035AM  23008.83586479  .00002249  00000-0  16989-3 0  9992
2 45692  53.0536 205.4410 0001508  86.0377 274.0785 15.06387165144252
1 45692U 20035AM  23008.90221144  .00002288  00000-0  17248-3 0  9997
2 45692  53.0537 205.1431 0001502  85.5954 274.5206 15.06388930144661
1 45692U 20035AM  23009.49933310  .00002487  00000-0  18585-3 0  9993
2 45692  53.0537 202.4625 0001477  85.6036 274.5122 15.06394804144753
1 45692U 20035AM  23009.89741203  .00002555  00000-0  19037-3 0  9994
2 45692  53.0539 200.6754 0001486  85.5308 274.5850 15.06400376144816
1 45692U 20035AM  23010.22914436  .00002632  00000-0  19551-3 0  9990
2 45692  53.0539 199.1861 0001508  86.2455 273.8706 15.06403584144864
1 45692U 20035AM  23010.22914436  .00002632  00000-0  19551-3 0  9990
2 45692  53.0539 199.1861 0001508  86.2455 273.8706 15.06403584144460
1 45692U 20035AM  23010.89260531  .00003274  00000-0  23852-3 0  9995
2 45692  53.0527 196.2073 0001516  85.7062 274.4100 15.06413038144962
1 45692U 20035AM  23011.22433559  .00003242  00000-0  23634-3 0  9998
2 45692  53.0528 194.7180 0001512  85.4433 274.6729 15.06415393145012
1 45692U 20035AM  23011.22433559  .00003242  00000-0  23634-3 0  9998
2 45692  53.0528 194.7180 0001512  85.4433 274.6729 15.06415393144617
1 45692U 20035AM  23011.75513001 -.00001675  00000-0 -93593-4 0  9999
2 45692  53.0527 192.3349 0001736  86.0249 274.0938 15.06389422144694
1 45692U 20035AM  23011.88782679 -.00002825  00000-0 -17090-3 0  9997
2 45692  53.0530 191.7394 0001645  87.0121 273.1056 15.06384729145114
1 45692U 20035AM  23012.88303598  .00000453  00000-0  49340-4 0  9994
2 45692  53.0535 187.2715 0001650  81.6908 278.4268 15.06390818145260
1 45692U 20035AM  23012.88303598  .00000453  00000-0  49340-4 0  9994
2 45692  53.0535 187.2715 0001650  81.6908 278.4268 15.06390818144865
1 45692U 20035AM  23013.41381617  .00007048  00000-0  49167-3 0  9995
2 45692  53.0539 184.8897 0001583  75.0295 285.0869 15.06394154145346
1 45692U 20035AM  23013.87824133  .00009849  00000-0  67902-3 0  9998
2 45692  53.0539 182.8049 0001608  74.4352 285.6814 15.06408850145411
1 45692U 20035AM  23013.87824133  .00009849  00000-0  67902-3 0  9998
2 45692  53.0539 182.8049 0001608  74.4352 285.6814 15.06408850145017
1 45692U 20035AM  23015.13881113  .00008401  00000-0  58174-3 0  9994
2 45692  53.0511 177.1453 0001120  48.0222 312.0863 15.06429425145206
1 45692U 20035AM  23015.47054995 -.00001552  00000-0 -85271-4 0  9992
2 45692  53.0543 175.6569 0001465  80.6863 279.4291 15.06405737145253
1 45692U 20035AM  23015.60324242  .00000508  00000-0  53015-4 0  9991
2 45692  53.0547 175.0613 0001475  84.1313 275.9844 15.06408628145674
1 45692U 20035AM  23015.73593497  .00006935  00000-0  48383-3 0  9996
2 45692  53.0543 174.4655 0001417  80.2142 279.9007 15.06412655145694
1 45692U 20035AM  23016.59844632  .00004836  00000-0  34332-3 0  9998
2 45692  53.0545 170.5941 0001160  92.0126 268.0996 15.06400073145821
1 45692U 20035AM  23016.79748699  .00005632  00000-0  39662-3 0  9992
2 45692  53.0546 169.6992 0001405  81.0473 279.0674 15.06403370145853
1 45692U 20035AM  23016.79748699  .00005632  00000-0  39662-3 0  9992
2 45692  53.0546 169.6992 0001405  81.0473 279.0674 15.06403370145459
1 45692U 20035AM  23017.46096060  .00001954  00000-0  15005-3 0  9993
2 45692  53.0536 166.7222 0001519  80.2348 279.8813 15.06389631145951
1 45692U 20035AM  23017.46096060  .00001954  00000-0  15005-3 0  9993
2 45692  53.0536 166.7222 0001519  80.2348 279.8813 15.06389631145557
1 45692U 20035AM  23017.66000006  .00003097  00000-0  22669-3 0  9994
2 45692  53.0548 165.8292 0001144  93.8313 266.2807 15.06398378145981
1 45692U 20035AM  23018.58885665  .00008580  00000-0  59409-3 0  9992
2 45692  53.0538 161.6589 0000919  94.0231 266.0863 15.06406612146122
1 45692U 20035AM  23018.65520383  .00008158  00000-0  56585-3 0  9996
2 45692  53.0544 161.3615 0001038  89.1036 271.0071 15.06406273145733
1 45692U 20035AM  23019.38501705  .00007083  00000-0  49382-3 0  9997
2 45692  53.0519 158.0848 0001465  89.3282 270.7875 15.06407569146249
1 45692U 20035AM  23019.38501705  .00007083  00000-0  49382-3 0  9997
2 45692  53.0519 158.0848 0001465  89.3282 270.7875 15.06407569145844
1 45692U 20035AM  23019.58405191  .00007397  00000-0  51468-3 0  9997
2 45692  53.0527 157.1916 0001076  74.9535 285.1573 15.06419150145875
1 45692U 20035AM  23020.51290901  .00001892  00000-0  14582-3 0  9993
2 45692  53.0532 153.0223 0001050  91.4472 268.6637 15.06403559146417
1 45692U 20035AM  23020.51290901  .00001892  00000-0  14582-3 0  9993
2 45692  53.0532 153.0223 0001050  91.4472 268.6637 15.06403559146013
1 45692U 20035AM  23021.37542221 -.00001343  00000-0 -71319-4 0  9998
2 45692  53.0544 149.1492 0001325 102.3486 257.7652 15.06394028146142
1 45692U 20035AM  23021.64080593  .00002312  00000-0  17405-3 0  9997
2 45692  53.0551 147.9610 0001324  91.4210 268.6930 15.06403265146188
1 45692U 20035AM  23022.50332413  .00002144  00000-0  16282-3 0  9999
2 45692  53.0547 144.0879 0001104  96.7089 263.4026 15.06394444146318
1 45692U 20035AM  23024.49373134  .00002698  00000-0  19993-3 0  9990
2 45692  53.0549 135.1524 0001365  99.8069 260.3074 15.06401437146612
1 45692U 20035AM  23025.48893726  .00000923  00000-0  80855-4 0  9999
2 45692  53.0550 130.6857 0001466  99.5140 260.6015 15.06396646146761
1 45692U 20035AM  23025.55528540  .00002580  00000-0  19209-3 0  9991
2 45692  53.0551 130.3870 0001480 103.5506 256.5647 15.06395508147179
1 45692U 20035AM  23026.55048008  .00001912  00000-0  14723-3 0  9992
2 45692  53.0559 125.9194 0001432 103.1855 256.9294 15.06405681147329
1 45692U 20035AM  23026.55048008  .00001912  00000-0  14723-3 0  9992
2 45692  53.0559 125.9194 0001432 103.1855 256.9294 15.06405681146924
1 45692U 20035AM  23027.54568742  .00001221  00000-0  10082-3 0  9991
2 45692  53.0558 121.4519 0001235 102.8797 257.2330 15.06398195147070
1 45692U 20035AM  23028.47454706  .00001212  00000-0  10029-3 0  9999
2 45692  53.0565 117.2824 0001110 109.7692 250.3417 15.06391907147616
1 45692U 20035AM  23028.47454706  .00001212  00000-0  10029-3 0  9999
2 45692  53.0565 117.2824 0001110 109.7692 250.3417 15.06391907147212
1 45692U 20035AM  23028.67358433  .00000162  00000-0  29774-4 0  9992
2 45692  53.0574 116.3879 0001302 111.7429 248.3698 15.06400078147641
1 45692U 20035AM  23029.66879211  .00000680  00000-0  64535-4 0  9993
2 45692  53.0569 111.9218 0001194  98.2724 261.8400 15.06394645147394
1 45692U 20035AM  23029.93418454 -.00000354  00000-0 -49023-5 0  9997
2 45692  53.0559 110.7292 0001218  74.9260 285.1864 15.06391040147833
1 45692U 20035AM  23030.26592040  .00000310  00000-0  39714-4 0  9994
2 45692  53.0573 109.2419 0001096  92.9800 267.1315 15.06389162147481
1 45692U 20035AM  23030.46495778  .00000319  00000-0  40305-4 0  9993
2 45692  53.0556 108.3465 0001075  88.9039 271.2073 15.06395374147916
1 45692U 20035AM  23030.92938160  .00000446  00000-0  48821-4 0  9993
2 45692  53.0559 106.2619 0001033  85.8824 274.2283 15.06401138147988
1 45692U 20035AM  23031.19477006  .00001187  00000-0  98548-4 0  9994
2 45692  53.0555 105.0703 0000974  90.9621 269.1479 15.06397513147622
1 45692U 20035AM  23031.59284585  .00002609  00000-0  19397-3 0  9990
2 45692  53.0550 103.2835 0001106  80.4463 279.6651 15.06402398148086
1 45692U 20035AM  23031.92457965  .00001409  00000-0  11346-3 0  9994
2 45692  53.0548 101.7930 0000975  86.3945 273.7156 15.06402723148138
