1 45693U 20035AN  22365.09649928  .00006578  00000-0  46013-3 0  9995
2 45693  53.0525 244.6949 0001538  93.3724 266.7441 15.06398721142933
1 45693U 20035AN  22365.36188293  .00007725  00000-0  53682-3 0  9993
2 45693  53.0524 243.5038 0001529  93.7569 266.3595 15.06407048143378
1 45693U 20035AN  22365.75996308  .00007725  00000-0  53674-3 0  9991
2 45693  53.0523 241.7165 0001516  93.5174 266.5989 15.06411644143437
1 45693U 20035AN  23001.35708122 -.00000066  00000-0  14433-4 0  9993
2 45693  53.0521 239.0358 0001293  93.5742 266.5395 15.06406848143523
1 45693U 20035AN  23001.35708122 -.00000066  00000-0  14433-4 0  9993
2 45693  53.0521 239.0358 0001293  93.5742 266.5395 15.06406848143129
1 45693U 20035AN  23001.75516783 -.00005400  00000-0 -34402-3 0  9992
2 45693  53.0519 237.2491 0001412  98.0318 262.0831 15.06385605143589
1 45693U 20035AN  23001.95421042 -.00002992  00000-0 -18210-3 0  9999
2 45693  53.0519 236.3556 0001406  97.8597 262.2552 15.06388400143218
1 45693U 20035AN  23002.55133473 -.00000238  00000-0  29276-5 0  9990
2 45693  53.0522 233.6754 0001419  95.7396 264.3755 15.06393861143709
1 45693U 20035AN  23002.75037692  .00001859  00000-0  14367-3 0  9990
2 45693  53.0523 232.7819 0001158 103.9252 256.1866 15.06392583143730
1 45693U 20035AN  23003.01576373  .00002026  00000-0  15489-3 0  9997
2 45693  53.0522 231.5902 0001422  96.0379 264.0772 15.06396514143377
1 45693U 20035AN  23003.54653819  .00005330  00000-0  37644-3 0  9994
2 45693  53.0523 229.2070 0001420  94.9934 265.1217 15.06400675143853
1 45693U 20035AN  23003.74558430  .00002571  00000-0  19150-3 0  9995
2 45693  53.0520 228.3136 0001491  95.9116 264.2043 15.06392558143480
1 45693U 20035AN  23004.34270383  .00004954  00000-0  35119-3 0  9990
2 45693  53.0517 225.6331 0001497  94.3889 265.7271 15.06403799143972
1 45693U 20035AN  23004.34270383  .00004954  00000-0  35119-3 0  9990
2 45693  53.0517 225.6331 0001497  94.3889 265.7271 15.06403799143578
1 45693U 20035AN  23004.87347565  .00008170  00000-0  56658-3 0  9990
2 45693  53.0514 223.2503 0001532  93.6889 266.4275 15.06410911144052
1 45693U 20035AN  23005.60329685 -.00000811  00000-0 -35538-4 0  9996
2 45693  53.0522 219.9757 0001354  88.2150 271.8994 15.06389961143762
1 45693U 20035AN  23005.73599138 -.00001087  00000-0 -54094-4 0  9996
2 45693  53.0511 219.3772 0001549  96.1987 263.9178 15.06389726144185
1 45693U 20035AN  23006.73119558  .00001427  00000-0  11468-3 0  9994
2 45693  53.0512 214.9097 0001570  90.0345 270.0823 15.06396635144332
1 45693U 20035AN  23006.73119558  .00001427  00000-0  11468-3 0  9994
2 45693  53.0512 214.9097 0001570  90.0345 270.0823 15.06396635143937
1 45693U 20035AN  23007.26197020  .00002678  00000-0  19862-3 0  9998
2 45693  53.0511 212.5272 0001541  88.2786 271.8380 15.06399900144410
1 45693U 20035AN  23007.85909038  .00004244  00000-0  30358-3 0  9997
2 45693  53.0510 209.8462 0001573  88.9046 271.2123 15.06404511144504
1 45693U 20035AN  23007.85909038  .00004244  00000-0  30358-3 0  9997
2 45693  53.0510 209.8462 0001573  88.9046 271.2123 15.06404511144100
1 45693U 20035AN  23008.58890547  .00000060  00000-0  22923-4 0  9994
2 45693  53.0511 206.5695 0001583  93.4265 266.6905 15.06398720144614
1 45693U 20035AN  23008.58890547  .00000060  00000-0  22923-4 0  9994
2 45693  53.0511 206.5695 0001583  93.4265 266.6905 15.06398720144210
1 45693U 20035AN  23008.92063906  .00001315  00000-0  10713-3 0  9990
2 45693  53.0515 205.0802 0001597  93.0215 267.0957 15.06402096144667
1 45693U 20035AN  23009.25237331  .00000802  00000-0  72745-4 0  9996
2 45693  53.0519 203.5911 0001571  92.8775 267.2394 15.06400967144713
1 45693U 20035AN  23010.51296556  .00001438  00000-0  11542-3 0  9994
2 45693  53.0504 197.9305 0001716  94.5832 265.5353 15.06398586144904
1 45693U 20035AN  23010.51296556  .00001438  00000-0  11542-3 0  9994
2 45693  53.0504 197.9305 0001716  94.5832 265.5353 15.06398586144500
1 45693U 20035AN  23010.84469901  .00001580  00000-0  12495-3 0  9992
2 45693  53.0520 196.4425 0001556  93.9351 266.1816 15.06400509144955
1 45693U 20035AN  23011.50816928  .00001519  00000-0  12089-3 0  9992
2 45693  53.0520 193.4641 0001592  94.1609 265.9562 15.06398026145058
1 45693U 20035AN  23011.77355524  .00001922  00000-0  14786-3 0  9995
2 45693  53.0522 192.2730 0001582  93.2034 266.9136 15.06400820145095
1 45693U 20035AN  23011.77355524  .00001922  00000-0  14786-3 0  9995
2 45693  53.0522 192.2730 0001582  93.2034 266.9136 15.06400820144690
1 45693U 20035AN  23012.90145014  .00001640  00000-0  12897-3 0  9990
2 45693  53.0523 187.2096 0001517  91.4016 268.7147 15.06402338145260
1 45693U 20035AN  23012.90145014  .00001640  00000-0  12897-3 0  9990
2 45693  53.0523 187.2096 0001517  91.4016 268.7147 15.06402338144865
1 45693U 20035AN  23013.43222614  .00000405  00000-0  46061-4 0  9990
2 45693  53.0519 184.8263 0001441  89.5396 270.5758 15.06398577145346
1 45693U 20035AN  23013.89665020  .00001313  00000-0  10703-3 0  9994
2 45693  53.0529 182.7415 0001431  90.8275 269.2878 15.06404442145418
1 45693U 20035AN  23014.16204177  .00000841  00000-0  75363-4 0  9996
2 45693  53.0527 181.5497 0001392  89.0609 271.0540 15.06398517145052
1 45693U 20035AN  23015.15724902 -.00000071  00000-0  14125-4 0  9994
2 45693  53.0533 177.0828 0001472  87.5526 272.5631 15.06395275145209
1 45693U 20035AN  23015.62167288  .00000933  00000-0  81545-4 0  9990
2 45693  53.0533 174.9981 0001439  90.9319 269.1835 15.06400070145675
1 45693U 20035AN  23015.75436346  .00001119  00000-0  93998-4 0  9990
2 45693  53.0529 174.4012 0001345  89.9697 270.1446 15.06404306145691
1 45693U 20035AN  23015.75436346  .00001119  00000-0  93998-4 0  9990
2 45693  53.0529 174.4012 0001345  89.9697 270.1446 15.06404306145297
1 45693U 20035AN  23016.41783767  .00001160  00000-0  96751-4 0  9992
2 45693  53.0529 171.4236 0001549  86.3479 273.7687 15.06397434145791
1 45693U 20035AN  23016.41783767  .00001160  00000-0  96751-4 0  9992
2 45693  53.0529 171.4236 0001549  86.3479 273.7687 15.06397434145397
1 45693U 20035AN  23016.81591541  .00001395  00000-0  11249-3 0  9991
2 45693  53.0530 169.6353 0001300  94.5628 265.5509 15.06400286145853
1 45693U 20035AN  23017.41304458  .00000670  00000-0  63902-4 0  9996
2 45693  53.0538 166.9560 0001273  97.1148 262.9986 15.06391767145949
1 45693U 20035AN  23017.41304458  .00000670  00000-0  63902-4 0  9996
2 45693  53.0538 166.9560 0001273  97.1148 262.9986 15.06391767145545
1 45693U 20035AN  23017.67842969  .00000477  00000-0  50936-4 0  9996
2 45693  53.0532 165.7651 0001311  94.4498 265.6640 15.06396823145981
1 45693U 20035AN  23018.40824370  .00000830  00000-0  74609-4 0  9990
2 45693  53.0522 162.4881 0001252  98.5801 261.5329 15.06398114146093
1 45693U 20035AN  23018.67362596  .00002087  00000-0  15897-3 0  9995
2 45693  53.0522 161.2988 0001118  89.1501 270.9616 15.06403482146135
1 45693U 20035AN  23018.67362596  .00002087  00000-0  15897-3 0  9995
2 45693  53.0522 161.2988 0001118  89.1501 270.9616 15.06403482145730
1 45693U 20035AN  23019.40345195  .00000536  00000-0  54888-4 0  9994
2 45693  53.0526 158.0215 0001065  90.0079 270.1032 15.06392758146247
1 45693U 20035AN  23019.40345195  .00000536  00000-0  54888-4 0  9994
2 45693  53.0526 158.0215 0001065  90.0079 270.1032 15.06392758145842
1 45693U 20035AN  23020.46499915  .00000339  00000-0  41630-4 0  9994
2 45693  53.0530 153.2544 0001017  78.6715 281.4388 15.06402039146401
1 45693U 20035AN  23020.46499915  .00000339  00000-0  41630-4 0  9994
2 45693  53.0530 153.2544 0001017  78.6715 281.4388 15.06402039146007
1 45693U 20035AN  23020.66403242  .00001627  00000-0  12803-3 0  9994
2 45693  53.0544 152.3636 0001282  91.2647 268.8488 15.06410510146039
1 45693U 20035AN  23021.06211568  .00000376  00000-0  44144-4 0  9991
2 45693  53.0531 150.5764 0000936  84.8254 275.2841 15.06402480146092
1 45693U 20035AN  23021.32750845  .00000124  00000-0  27192-4 0  9991
2 45693  53.0534 149.3873 0001386  89.7138 270.4010 15.06397123146134
1 45693U 20035AN  23022.58809886  .00001039  00000-0  88651-4 0  9993
2 45693  53.0541 143.7262 0001250  82.2776 277.8355 15.06402748146322
1 45693U 20035AN  23022.72078682  .00000937  00000-0  81776-4 0  9998
2 45693  53.0528 143.1283 0001103  81.1711 278.9403 15.06410183146348
1 45693U 20035AN  23023.58330889  .00001204  00000-0  99701-4 0  9998
2 45693  53.0534 139.2577 0001421  72.8610 287.2534 15.06393901146475
1 45693U 20035AN  23024.44581267  .00002307  00000-0  17372-3 0  9990
2 45693  53.0532 135.3851 0001352  79.6918 280.4223 15.06404881146609
1 45693U 20035AN  23025.50736766  .00001388  00000-0  11209-3 0  9995
2 45693  53.0524 130.6179 0001430  87.7104 272.4049 15.06396166146765
1 45693U 20035AN  23025.57371411  .00001662  00000-0  13047-3 0  9991
2 45693  53.0519 130.3207 0001349  78.0424 282.0716 15.06397723147179
1 45693U 20035AN  23026.56891157  .00002792  00000-0  20623-3 0  9998
2 45693  53.0528 125.8566 0001420  75.6477 284.4669 15.06409230147324
1 45693U 20035AN  23026.63525773  .00004706  00000-0  33449-3 0  9991
2 45693  53.0524 125.5574 0001360  77.6172 282.4969 15.06411618146933
1 45693U 20035AN  23026.96699386  .00001992  00000-0  15259-3 0  9992
2 45693  53.0525 124.0628 0001220  81.2625 278.8502 15.06400802146987
1 45693U 20035AN  23027.56411900  .00001432  00000-0  11504-3 0  9991
2 45693  53.0526 121.3861 0001293  92.9473 267.1664 15.06398267147473
1 45693U 20035AN  23027.56411900  .00001432  00000-0  11504-3 0  9991
2 45693  53.0526 121.3861 0001293  92.9473 267.1664 15.06398267147079
1 45693U 20035AN  23028.55932137  .00000343  00000-0  41939-4 0  9997
2 45693  53.0541 116.9189 0001524  90.6910 269.4254 15.06402449147626
1 45693U 20035AN  23028.62566717  .00001765  00000-0  13732-3 0  9990
2 45693  53.0522 116.6194 0001207  82.5360 277.5766 15.06403435147630
1 45693U 20035AN  23028.62566717  .00001765  00000-0  13732-3 0  9990
2 45693  53.0522 116.6194 0001207  82.5360 277.5766 15.06403435147236
1 45693U 20035AN  23029.22279494  .00001573  00000-0  12449-3 0  9991
2 45693  53.0519 113.9402 0001304  74.1105 286.0027 15.06394015147324
1 45693U 20035AN  23029.62087372  .00002203  00000-0  16674-3 0  9992
2 45693  53.0526 112.1524 0001177  69.3031 290.8084 15.06400132147784
1 45693U 20035AN  23030.35069101  .00001437  00000-0  11532-3 0  9990
2 45693  53.0527 108.8761 0001267  87.7670 272.3464 15.06396927147494
1 45693U 20035AN  23030.48338276  .00000890  00000-0  78657-4 0  9990
2 45693  53.0519 108.2795 0001254  86.7654 273.3478 15.06399760147914
1 45693U 20035AN  23031.54493530  .00001212  00000-0  10026-3 0  9997
2 45693  53.0531 103.5156 0001336  80.9296 279.1844 15.06398232147673
1 45693U 20035AN  23031.61128045  .00001164  00000-0  97036-4 0  9994
2 45693  53.0525 103.2158 0001205  95.1080 265.0047 15.06399363148080
