1 45696U 20035AR  22365.37294312  .00009621  00000-0  66377-3 0  9999
2 45696  53.0539 243.4373 0001428  84.9934 275.1218 15.06407622143372
1 45696U 20035AR  22365.77101781  .00011009  00000-0  75628-3 0  9992
2 45696  53.0536 241.6503 0001353  86.8008 273.3136 15.06424610143436
1 45696U 20035AR  23001.16909815 -.00003634  00000-0 -22516-3 0  9992
2 45696  53.0535 239.8633 0001268  95.3188 264.7946 15.06405388143093
1 45696U 20035AR  23001.36813869 -.00001772  00000-0 -10005-3 0  9998
2 45696  53.0536 238.9699 0001319  91.1979 268.9161 15.06404340143525
1 45696U 20035AR  23001.83257420 -.00005423  00000-0 -34559-3 0  9992
2 45696  53.0534 236.8851 0001562  91.6465 268.4703 15.06382443143598
1 45696U 20035AR  23002.03161714 -.00002490  00000-0 -14840-3 0  9997
2 45696  53.0537 235.9913 0001449  87.2290 272.8864 15.06386661143224
1 45696U 20035AR  23002.89413281  .00002966  00000-0  21801-3 0  9991
2 45696  53.0536 232.1196 0001455  87.5509 272.5647 15.06391231143751
1 45696U 20035AR  23003.02682572  .00002495  00000-0  18633-3 0  9994
2 45696  53.0538 231.5237 0001484  86.5431 273.5728 15.06394865143372
1 45696U 20035AR  23003.35855986  .00005750  00000-0  40461-3 0  9992
2 45696  53.0539 230.0347 0001476  89.2141 270.9017 15.06401175143823
1 45696U 20035AR  23004.02202468  .00008834  00000-0  61098-3 0  9993
2 45696  53.0535 227.0564 0001561  89.5436 270.5732 15.06414235143923
1 45696U 20035AR  23004.02202468  .00008834  00000-0  61098-3 0  9993
2 45696  53.0535 227.0564 0001561  89.5436 270.5732 15.06414235143529
1 45696U 20035AR  23004.88451673  .00010350  00000-0  71205-3 0  9998
2 45696  53.0534 223.1844 0001543  89.3744 270.7422 15.06434599144058
1 45696U 20035AR  23004.95086166  .00010702  00000-0  73551-3 0  9994
2 45696  53.0534 222.8866 0001549  89.3220 270.7947 15.06436790144061
1 45696U 20035AR  23005.61433887 -.00005510  00000-0 -35135-3 0  9993
2 45696  53.0530 219.9080 0001552 102.3164 257.7999 15.06394540144168
1 45696U 20035AR  23006.27781998 -.00002512  00000-0 -14992-3 0  9992
2 45696  53.0528 216.9295 0001554 104.1210 255.9952 15.06376993144266
1 45696U 20035AR  23006.27781998 -.00002512  00000-0 -14992-3 0  9992
2 45696  53.0528 216.9295 0001554 104.1210 255.9952 15.06376993143861
1 45696U 20035AR  23007.00764779  .00001174  00000-0  97759-4 0  9996
2 45696  53.0524 213.6530 0001537 106.4428 253.6730 15.06376414144374
1 45696U 20035AR  23007.93651465  .00004944  00000-0  35072-3 0  9992
2 45696  53.0527 209.4836 0001593 107.0190 253.0973 15.06385198144118
1 45696U 20035AR  23008.53363844  .00004985  00000-0  35341-3 0  9994
2 45696  53.0522 206.8031 0001568 109.5612 250.5547 15.06392218144603
1 45696U 20035AR  23008.79902616  .00005351  00000-0  37787-3 0  9992
2 45696  53.0523 205.6117 0001563 109.2638 250.8520 15.06395785144646
1 45696U 20035AR  23009.26345291  .00006089  00000-0  42731-3 0  9999
2 45696  53.0524 203.5265 0001532 110.1798 249.9355 15.06402447144719
1 45696U 20035AR  23009.26345291  .00006089  00000-0  42731-3 0  9999
2 45696  53.0524 203.5265 0001532 110.1798 249.9355 15.06402447144315
1 45696U 20035AR  23009.86057159  .00005998  00000-0  42113-3 0  9990
2 45696  53.0532 200.8462 0001505 108.8525 251.2628 15.06408793144808
1 45696U 20035AR  23010.45768768  .00005761  00000-0  40520-3 0  9990
2 45696  53.0530 198.1656 0001564 107.3239 252.7921 15.06414943144896
1 45696U 20035AR  23010.45768768  .00005761  00000-0  40520-3 0  9990
2 45696  53.0530 198.1656 0001564 107.3239 252.7921 15.06414943144492
1 45696U 20035AR  23010.78941663  .00005811  00000-0  40845-3 0  9999
2 45696  53.0533 196.6763 0001530 107.5343 252.5813 15.06419555144940
1 45696U 20035AR  23011.45286482  .00011152  00000-0  76547-3 0  9998
2 45696  53.0536 193.6977 0001489 106.1569 253.9584 15.06444906144640
1 45696U 20035AR  23011.51923040 -.00033679  00000-0 -22559-2 0  9996
2 45696  53.0535 193.3996 0003857 324.6276  35.4457 15.06341677145059
1 45696U 20035AR  23011.78462605 -.00038434  00000-0 -25808-2 0  9994
2 45696  53.0507 192.2049 0001201  83.6817 276.4309 15.06320947145093
1 45696U 20035AR  23011.78462605 -.00038434  00000-0 -25808-2 0  9994
2 45696  53.0507 192.2049 0001201  83.6817 276.4309 15.06320947144698
1 45696U 20035AR  23012.77983722  .00019506  00000-0  13249-2 0  9995
2 45696  53.0543 187.7411 0001695  94.7212 265.3970 15.06396151145242
1 45696U 20035AR  23012.77983722  .00019506  00000-0  13249-2 0  9995
2 45696  53.0543 187.7411 0001695  94.7212 265.3970 15.06396151144847
1 45696U 20035AR  23013.50964511  .00010178  00000-0  70088-3 0  9993
2 45696  53.0544 184.4647 0001687  94.3931 265.7250 15.06416352145356
1 45696U 20035AR  23013.84137459  .00009842  00000-0  67827-3 0  9996
2 45696  53.0543 182.9756 0001658  94.1886 265.9293 15.06421913145408
1 45696U 20035AR  23014.17310699  .00002173  00000-0  16465-3 0  9994
2 45696  53.0541 181.4863 0001853  89.5993 270.5209 15.06414238145055
1 45696U 20035AR  23015.16830404  .00000890  00000-0  78621-4 0  9992
2 45696  53.0539 177.0186 0001887  88.0599 272.0606 15.06409734145204
1 45696U 20035AR  23015.43369002  .00000214  00000-0  33256-4 0  9998
2 45696  53.0541 175.8274 0001930  88.4521 271.6689 15.06409066145641
1 45696U 20035AR  23015.76541973  .00000718  00000-0  67086-4 0  9990
2 45696  53.0538 174.3374 0001581  92.9229 267.1941 15.06412888145691
1 45696U 20035AR  23016.16350202  .00000835  00000-0  74953-4 0  9999
2 45696  53.0547 172.5500 0001560  90.6615 269.4553 15.06405699145352
1 45696U 20035AR  23016.56158568 -.00000791  00000-0 -34182-4 0  9997
2 45696  53.0525 170.7632 0001598  97.8004 262.3167 15.06398232145814
1 45696U 20035AR  23016.82697176 -.00000278  00000-0  23968-6 0  9990
2 45696  53.0534 169.5719 0001643  97.6726 262.4449 15.06403558145852
1 45696U 20035AR  23016.82697176 -.00000278  00000-0  23968-6 0  9990
2 45696  53.0534 169.5719 0001643  97.6726 262.4449 15.06403558145458
1 45696U 20035AR  23017.42409763  .00000559  00000-0  56431-4 0  9990
2 45696  53.0529 166.8913 0001520  99.3702 260.7459 15.06395748145942
1 45696U 20035AR  23017.42409763  .00000559  00000-0  56431-4 0  9990
2 45696  53.0529 166.8913 0001520  99.3702 260.7459 15.06395748145548
1 45696U 20035AR  23017.82217553  .00003907  00000-0  28100-3 0  9999
2 45696  53.0531 165.1048 0001332  85.0782 275.0358 15.06406672146001
1 45696U 20035AR  23017.82217553  .00003907  00000-0  28100-3 0  9999
2 45696  53.0531 165.1048 0001332  85.0782 275.0358 15.06406672145606
1 45696U 20035AR  23018.55199638  .00001680  00000-0  13169-3 0  9998
2 45696  53.0533 161.8273 0001399 102.1895 257.9251 15.06394938146119
1 45696U 20035AR  23018.55199638  .00001680  00000-0  13169-3 0  9998
2 45696  53.0533 161.8273 0001399 102.1895 257.9251 15.06394938145714
1 45696U 20035AR  23018.68468966  .00003276  00000-0  23871-3 0  9999
2 45696  53.0535 161.2335 0001272  91.5928 268.5207 15.06400846146139
1 45696U 20035AR  23019.41451855 -.00003030  00000-0 -18469-3 0  9997
2 45696  53.0512 157.9572 0001264  91.1661 268.9473 15.06379191146249
1 45696U 20035AR  23019.41451855 -.00003030  00000-0 -18469-3 0  9997
2 45696  53.0512 157.9572 0001264  91.1661 268.9473 15.06379191145844
1 45696U 20035AR  23019.74624843  .00000027  00000-0  20737-4 0  9995
2 45696  53.0532 156.4670 0001158  88.0971 272.0151 15.06391829145896
1 45696U 20035AR  23020.07798234  .00003429  00000-0  24898-3 0  9999
2 45696  53.0539 154.9776 0001353  89.2148 270.8996 15.06397771146345
1 45696U 20035AR  23020.74143991  .00011012  00000-0  75649-3 0  9994
2 45696  53.0539 151.9987 0001062  85.6367 274.4743 15.06424874146048
1 45696U 20035AR  23021.07317767  .00003558  00000-0  25754-3 0  9993
2 45696  53.0545 150.5138 0000911  94.9972 265.1121 15.06407037146099
1 45696U 20035AR  23021.33857092  .00001754  00000-0  13663-3 0  9994
2 45696  53.0550 149.3215 0001348  95.5357 264.5786 15.06398119146131
1 45696U 20035AR  23021.60395424  .00002829  00000-0  20869-3 0  9990
2 45696  53.0539 148.1302 0001214  94.2808 265.8319 15.06404857146178
1 45696U 20035AR  23022.33376952 -.00000643  00000-0 -24272-4 0  9993
2 45696  53.0541 144.8546 0001548  99.7247 260.3917 15.06398584146286
1 45696U 20035AR  23023.59434153  .00017591  00000-0  11953-2 0  9998
2 45696  53.0536 139.1954 0001644  66.9440 293.1723 15.06448709146473
1 45696U 20035AR  23024.52320566 -.00004115  00000-0 -25754-3 0  9999
2 45696  53.0540 135.0236 0001699  44.0343 316.0781 15.06398207146617
1 45696U 20035AR  23025.51842131 -.00003867  00000-0 -24096-3 0  9997
2 45696  53.0539 130.5576 0001503  75.5506 284.5649 15.06384438146765
1 45696U 20035AR  23025.58476214 -.00003144  00000-0 -19225-3 0  9995
2 45696  53.0538 130.2597 0001517  78.6270 281.4889 15.06397711147177
1 45696U 20035AR  23025.58476214 -.00003144  00000-0 -19225-3 0  9995
2 45696  53.0538 130.2597 0001517  78.6270 281.4889 15.06397711146772
1 45696U 20035AR  23026.57997343  .00011927  00000-0  81803-3 0  9993
2 45696  53.0546 125.7931 0001562  87.6379 272.4789 15.06410385147326
1 45696U 20035AR  23026.97805393  .00006398  00000-0  44793-3 0  9993
2 45696  53.0540 124.0057 0001440  84.5678 275.5476 15.06406986146984
1 45696U 20035AR  23027.57517863 -.00000534  00000-0 -16955-4 0  9990
2 45696  53.0554 121.3266 0001496  83.9133 276.2027 15.06394989147071
1 45696U 20035AR  23028.50403339  .00000804  00000-0  72840-4 0  9999
2 45696  53.0563 117.1567 0001310  71.4494 288.6637 15.06402625147616
1 45696U 20035AR  23028.63672347  .00002083  00000-0  15865-3 0  9994
2 45696  53.0543 116.5581 0001410  92.7708 267.3443 15.06407791147638
1 45696U 20035AR  23028.63672347  .00002083  00000-0  15865-3 0  9994
2 45696  53.0543 116.5581 0001410  92.7708 267.3443 15.06407791147234
1 45696U 20035AR  23029.23387123 -.00005090  00000-0 -32339-3 0  9994
2 45696  53.0558 113.8804 0001310  71.8906 288.2225 15.06364476147327
1 45696U 20035AR  23029.63195482 -.00003133  00000-0 -19165-3 0  9991
2 45696  53.0543 112.0914 0001383  83.6985 276.4162 15.06371968147785
1 45696U 20035AR  23029.63195482 -.00003133  00000-0 -19165-3 0  9991
2 45696  53.0543 112.0914 0001383  83.6985 276.4162 15.06371968147381
1 45696U 20035AR  23030.22907413  .00001213  00000-0  10033-3 0  9993
2 45696  53.0559 109.4121 0001605  76.3403 283.7765 15.06389430147472
1 45696U 20035AR  23030.56079919  .00005059  00000-0  35818-3 0  9991
2 45696  53.0554 107.9208 0001420  92.6720 267.4431 15.06407512147925
1 45696U 20035AR  23030.62714842  .00009084  00000-0  62777-3 0  9995
2 45696  53.0546 107.6218 0001363  93.1755 266.9389 15.06410079147933
1 45696U 20035AR  23030.62714842  .00009084  00000-0  62777-3 0  9995
2 45696  53.0546 107.6218 0001363  93.1755 266.9389 15.06410079147539
1 45696U 20035AR  23031.22426625  .00012559  00000-0  85983-3 0  9996
2 45696  53.0552 104.9430 0001528  78.2394 281.8766 15.06428825148026
1 45696U 20035AR  23031.88772441  .00008382  00000-0  58050-3 0  9992
2 45696  53.0548 101.9641 0001494  74.4274 285.6880 15.06428570148126
