1 45703U 20035AY  22365.33056207  .00004137  00000-0  29642-3 0  9994
2 45703  53.0533 223.6363 0001714 105.6513 254.4665 15.06405333143650
1 45703U 20035AY  22365.86135944  .00007207  00000-0  50256-3 0  9994
2 45703  53.0533 221.2531 0002648 113.3267 246.8000 15.06375750143736
1 45703U 20035AY  23001.32577691  .00001275  00000-0  10450-3 0  9993
2 45703  53.0531 219.1689 0001806 108.5235 251.5950 15.06406640143392
1 45703U 20035AY  23001.59116274  .00001094  00000-0  92334-4 0  9999
2 45703  53.0531 217.9771 0001830 109.2966 250.8221 15.06407919143849
1 45703U 20035AY  23001.85654465  .00001375  00000-0  11115-3 0  9996
2 45703  53.0532 216.7861 0001829 109.0341 251.0846 15.06413415143888
1 45703U 20035AY  23002.32096535  .00002123  00000-0  16132-3 0  9993
2 45703  53.0524 214.7011 0001811 107.6932 252.4255 15.06419081143542
1 45703U 20035AY  23002.58635454  .00000238  00000-0  34873-4 0  9998
2 45703  53.0524 213.5099 0001927 107.5937 252.5262 15.06411037143998
1 45703U 20035AY  23002.85174269 -.00000446  00000-0 -11035-4 0  9998
2 45703  53.0525 212.3185 0001900 107.5335 252.5861 15.06406184144033
1 45703U 20035AY  23002.85174269 -.00000446  00000-0 -11035-4 0  9998
2 45703  53.0525 212.3185 0001900 107.5335 252.5861 15.06406184143627
1 45703U 20035AY  23003.58155469  .00000998  00000-0  85881-4 0  9990
2 45703  53.0535 209.0413 0001842 110.7793 249.3394 15.06406826144140
1 45703U 20035AY  23003.97963082  .00000283  00000-0  37929-4 0  9998
2 45703  53.0528 207.2541 0001878 110.4682 249.6509 15.06410082143797
1 45703U 20035AY  23004.51040186  .00001528  00000-0  12146-3 0  9996
2 45703  53.0527 204.8716 0001634 109.6035 250.5131 15.06406695144287
1 45703U 20035AY  23004.84214005  .00000738  00000-0  68405-4 0  9997
2 45703  53.0529 203.3820 0001663 110.6910 249.4258 15.06401890144330
1 45703U 20035AY  23004.84214005  .00000738  00000-0  68405-4 0  9997
2 45703  53.0529 203.3820 0001663 110.6910 249.4258 15.06401890143924
1 45703U 20035AY  23005.24022653  .00001826  00000-0  14147-3 0  9990
2 45703  53.0539 201.5954 0001631 113.7539 246.3621 15.06390883143984
1 45703U 20035AY  23005.57195554 -.00000163  00000-0  79315-5 0  9991
2 45703  53.0528 200.1053 0001624 114.6534 245.4624 15.06401145144038
1 45703U 20035AY  23005.83733895 -.00000711  00000-0 -28848-4 0  9990
2 45703  53.0539 198.9146 0001460 115.5387 244.5753 15.06407444144481
1 45703U 20035AY  23006.56716094  .00000386  00000-0  44830-4 0  9998
2 45703  53.0535 195.6381 0001556 114.7143 245.4008 15.06390600144184
1 45703U 20035AY  23006.89889801  .00000081  00000-0  24310-4 0  9994
2 45703  53.0529 194.1483 0001506 114.0069 246.1078 15.06389211144641
1 45703U 20035AY  23007.23063233  .00000080  00000-0  24277-4 0  9997
2 45703  53.0530 192.6592 0001506 114.8438 245.2708 15.06391628144695
1 45703U 20035AY  23007.76140481  .00000505  00000-0  52820-4 0  9993
2 45703  53.0530 190.2764 0001479 115.4165 244.6977 15.06395745144362
1 45703U 20035AY  23007.89409879  .00000078  00000-0  24133-4 0  9997
2 45703  53.0530 189.6807 0001457 115.7060 244.4079 15.06396426144790
1 45703U 20035AY  23008.49121760  .00001346  00000-0  10923-3 0  9994
2 45703  53.0527 186.9995 0001379 120.1681 239.9445 15.06395868144881
1 45703U 20035AY  23008.75660307  .00001629  00000-0  12820-3 0  9990
2 45703  53.0527 185.8081 0001380 119.7095 240.4031 15.06398814144927
1 45703U 20035AY  23009.61910988  .00001521  00000-0  12100-3 0  9991
2 45703  53.0526 181.9363 0001345 117.8746 242.2379 15.06402214144643
1 45703U 20035AY  23009.88450009  .00000883  00000-0  78163-4 0  9995
2 45703  53.0530 180.7455 0001294 115.9976 244.1147 15.06399733145099
1 45703U 20035AY  23010.54796417  .00000671  00000-0  63944-4 0  9992
2 45703  53.0529 177.7670 0001278 116.3600 243.7520 15.06404122145193
1 45703U 20035AY  23010.74701255 -.00000146  00000-0  90964-5 0  9991
2 45703  53.0561 176.8743 0001156 116.8004 243.3103 15.06393225145226
1 45703U 20035AY  23010.74701255 -.00000146  00000-0  90964-5 0  9991
2 45703  53.0561 176.8743 0001156 116.8004 243.3103 15.06393225144810
1 45703U 20035AY  23011.14509406 -.00001167  00000-0 -59462-4 0  9992
2 45703  53.0556 175.0884 0000944 119.8914 240.2169 15.06397026145281
1 45703U 20035AY  23011.80855206  .00003900  00000-0  28057-3 0  9997
2 45703  53.0556 172.1082 0000982 112.0579 248.0515 15.06396141144976
1 45703U 20035AY  23011.87489849  .00003181  00000-0  23237-3 0  9996
2 45703  53.0540 171.8094 0001210 114.1609 245.9507 15.06399967145393
1 45703U 20035AY  23012.14029364  .00000283  00000-0  37861-4 0  9998
2 45703  53.0522 170.6160 0001130 100.3700 259.7416 15.06396360145020
1 45703U 20035AY  23012.80378355  .00002084  00000-0  15892-3 0  9998
2 45703  53.0543 167.6374 0000874  86.3841 273.7248 15.06363788145532
1 45703U 20035AY  23012.80378355  .00002084  00000-0  15892-3 0  9998
2 45703  53.0543 167.6374 0000874  86.3841 273.7248 15.06363788145127
1 45703U 20035AY  23013.13551430  .00000150  00000-0  28994-4 0  9992
2 45703  53.0571 166.1502 0002403  88.8000 271.3264 15.06387795145170
1 45703U 20035AY  23013.53358360  .00000264  00000-0  36626-4 0  9990
2 45703  53.0525 164.3621 0001434  94.7256 265.3896 15.06399873145234
1 45703U 20035AY  23013.66627560  .00000986  00000-0  85101-4 0  9998
2 45703  53.0525 163.7677 0001211  97.8145 262.2981 15.06400350145663
1 45703U 20035AY  23014.79417912  .00002610  00000-0  19408-3 0  9993
2 45703  53.0498 158.7041 0001366  89.5339 270.5806 15.06398444145427
1 45703U 20035AY  23015.59033993  .00001318  00000-0  10733-3 0  9991
2 45703  53.0531 155.1301 0001078  90.1445 269.9667 15.06401014145954
1 45703U 20035AY  23015.78937859  .00002595  00000-0  19301-3 0  9994
2 45703  53.0518 154.2365 0001092  87.7653 272.3461 15.06406142145988
1 45703U 20035AY  23016.58554640  .00001448  00000-0  11608-3 0  9994
2 45703  53.0523 150.6616 0001224  92.5789 267.5340 15.06397237146105
1 45703U 20035AY  23016.78458378  .00001607  00000-0  12676-3 0  9990
2 45703  53.0520 149.7678 0001219 103.1246 256.9879 15.06401692146133
1 45703U 20035AY  23016.78458378  .00001607  00000-0  12676-3 0  9990
2 45703  53.0520 149.7678 0001219 103.1246 256.9879 15.06401692145727
1 45703U 20035AY  23017.38171746 -.00001241  00000-0 -64446-4 0  9997
2 45703  53.0513 147.0881 0001281 111.0286 249.0840 15.06384213146223
1 45703U 20035AY  23017.38171746 -.00001241  00000-0 -64446-4 0  9997
2 45703  53.0513 147.0881 0001281 111.0286 249.0840 15.06384213145817
1 45703U 20035AY  23017.64710293  .00000563  00000-0  56727-4 0  9999
2 45703  53.0514 145.8970 0001412  99.8815 260.2333 15.06391709146260
1 45703U 20035AY  23017.64710293  .00000563  00000-0  56727-4 0  9999
2 45703  53.0514 145.8970 0001412  99.8815 260.2333 15.06391709145854
1 45703U 20035AY  23018.50960790  .00002443  00000-0  18283-3 0  9997
2 45703  53.0522 142.0250 0001145 103.9980 256.1137 15.06404585146399
1 45703U 20035AY  23018.50960790  .00002443  00000-0  18283-3 0  9997
2 45703  53.0522 142.0250 0001145 103.9980 256.1137 15.06404585145983
1 45703U 20035AY  23018.64229808  .00004628  00000-0  32930-3 0  9992
2 45703  53.0528 141.4302 0000952  94.7856 265.3242 15.06411479146412
1 45703U 20035AY  23019.43846999  .00001105  00000-0  93098-4 0  9996
2 45703  53.0535 137.8558 0000974  91.6489 268.4612 15.06392229146533
1 45703U 20035AY  23019.43846999  .00001105  00000-0  93098-4 0  9996
2 45703  53.0535 137.8558 0000974  91.6489 268.4612 15.06392229146128
1 45703U 20035AY  23020.10193360  .00001155  00000-0  96404-4 0  9998
2 45703  53.0524 134.8769 0001075  82.1078 278.0033 15.06400454146224
1 45703U 20035AY  23020.50001238  .00002608  00000-0  19386-3 0  9991
2 45703  53.0525 133.0904 0001082  81.3356 278.7755 15.06405551146697
1 45703U 20035AY  23021.36252690 -.00000520  00000-0 -16050-4 0  9995
2 45703  53.0527 129.2186 0001272  87.3649 272.7485 15.06390012146419
1 45703U 20035AY  23021.69425369  .00002376  00000-0  17834-3 0  9995
2 45703  53.0522 127.7258 0001224 107.8851 252.2271 15.06405870146467
1 45703U 20035AY  23022.09234088  .00000523  00000-0  53987-4 0  9998
2 45703  53.0529 125.9423 0001112  78.3485 281.7629 15.06395949146525
1 45703U 20035AY  23022.55676521  .00002306  00000-0  17365-3 0  9991
2 45703  53.0530 123.8575 0001242  87.3426 272.7705 15.06404418146595
1 45703U 20035AY  23023.08754745  .00001422  00000-0  11436-3 0  9996
2 45703  53.0531 121.4752 0001277  88.4406 271.6729 15.06390527146673
1 45703U 20035AY  23023.55197222  .00002186  00000-0  16559-3 0  9998
2 45703  53.0519 119.3871 0001198  94.5218 265.5907 15.06397761146743
1 45703U 20035AY  23024.48083110  .00001721  00000-0  13442-3 0  9993
2 45703  53.0532 115.2208 0001237  93.6459 266.4671 15.06395924146880
1 45703U 20035AY  23025.47604168  .00000993  00000-0  85584-4 0  9992
2 45703  53.0540 110.7526 0001228  97.3390 262.7739 15.06391570147032
1 45703U 20035AY  23025.54238676  .00001314  00000-0  10710-3 0  9993
2 45703  53.0538 110.4544 0001201  96.7404 263.3722 15.06393880147457
1 45703U 20035AY  23025.60873129  .00000567  00000-0  56922-4 0  9993
2 45703  53.0536 110.1561 0001152  97.8862 262.2258 15.06398921147460
1 45703U 20035AY  23025.94046336  .00001994  00000-0  15268-3 0  9994
2 45703  53.0534 108.6665 0001086  86.4028 273.7085 15.06399744147109
1 45703U 20035AY  23026.53758143  .00003040  00000-0  22288-3 0  9990
2 45703  53.0538 105.9873 0001181  80.2370 279.8752 15.06405246147600
1 45703U 20035AY  23027.53278879  .00001463  00000-0  11706-3 0  9994
2 45703  53.0537 101.5198 0001220  89.1591 270.9537 15.06398286147347
1 45703U 20035AY  23027.93087460 -.00000100  00000-0  12169-4 0  9995
2 45703  53.0531  99.7326 0001393  91.7178 268.3971 15.06394987147407
1 45703U 20035AY  23028.52799137 -.00000289  00000-0 -51381-6 0  9992
2 45703  53.0540  97.0507 0001296  88.1913 271.9224 15.06400875147908
1 45703U 20035AY  23028.52799137 -.00000289  00000-0 -51381-6 0  9992
2 45703  53.0540  97.0507 0001296  88.1913 271.9224 15.06400875147492
1 45703U 20035AY  23029.58953811  .00000575  00000-0  57498-4 0  9999
2 45703  53.0542  92.2847 0001358  96.8769 263.2374 15.06402339147657
1 45703U 20035AY  23029.85493289  .00000218  00000-0  33533-4 0  9995
2 45703  53.0557  91.0915 0001432  77.8483 282.2666 15.06393463148104
1 45703U 20035AY  23030.18667098 -.00000003  00000-0  18726-4 0  9994
2 45703  53.0536  89.6038 0001340  96.1040 264.0101 15.06389260147742
1 45703U 20035AY  23030.38570980  .00000342  00000-0  41830-4 0  9996
2 45703  53.0538  88.7103 0001375  97.2825 262.8321 15.06392208148183
1 45703U 20035AY  23030.85013615  .00000256  00000-0  36079-4 0  9998
2 45703  53.0537  86.6255 0001310  95.2274 264.8865 15.06396075148251
1 45703U 20035AY  23031.18187082  .00000520  00000-0  53793-4 0  9991
2 45703  53.0537  85.1363 0001291  95.2050 264.9086 15.06395696147898
1 45703U 20035AY  23031.51355930  .00007114  00000-0  49539-3 0  9995
2 45703  53.0545  83.6483 0001080  92.1547 267.9566 15.06445594147941
1 45703U 20035AY  23031.84531057  .00003972  00000-0  28525-3 0  9997
2 45703  53.0539  82.1571 0001609  79.5013 280.6157 15.06421311148401
