1 45707U 20035BC  22365.30472960  .00002535  00000-0  18897-3 0  9993
2 45707  53.0532 223.7595 0001482  74.7308 285.3845 15.06405657143653
1 45707U 20035BC  22365.30472960  .00002535  00000-0  18897-3 0  9993
2 45707  53.0532 223.7595 0001482  74.7308 285.3845 15.06405657143248
1 45707U 20035BC  22365.63647104  .00002418  00000-0  18118-3 0  9999
2 45707  53.0524 222.2724 0001489  75.1768 284.9386 15.06395981143703
1 45707U 20035BC  23001.29994579 -.00001058  00000-0 -52161-4 0  9998
2 45707  53.0522 219.2916 0001473  69.1718 290.9428 15.06389399143396
1 45707U 20035BC  23001.56533533 -.00001313  00000-0 -69246-4 0  9993
2 45707  53.0534 218.0997 0001708  75.9847 284.1332 15.06388742143844
1 45707U 20035BC  23001.89707430 -.00000487  00000-0 -13812-4 0  9997
2 45707  53.0531 216.6116 0001559  77.5924 282.5239 15.06391589143892
1 45707U 20035BC  23002.29515462 -.00000164  00000-0  78788-5 0  9999
2 45707  53.0524 214.8243 0001473  74.3404 285.7747 15.06393043143951
1 45707U 20035BC  23002.82592890  .00000485  00000-0  51475-4 0  9996
2 45707  53.0528 212.4413 0001503  76.3083 283.8074 15.06392804144033
1 45707U 20035BC  23002.82592890  .00000485  00000-0  51475-4 0  9996
2 45707  53.0528 212.4413 0001503  76.3083 283.8074 15.06392804143627
1 45707U 20035BC  23003.29035617  .00001349  00000-0  10943-3 0  9991
2 45707  53.0530 210.3566 0001504  76.1029 284.0128 15.06394904144105
1 45707U 20035BC  23003.95382218  .00002135  00000-0  16219-3 0  9992
2 45707  53.0530 207.3778 0001500  76.0301 284.0855 15.06398549143794
1 45707U 20035BC  23004.28555437  .00002296  00000-0  17299-3 0  9991
2 45707  53.0531 205.8886 0001509  75.8467 284.2690 15.06402368144253
1 45707U 20035BC  23004.81633540  .00000626  00000-0  60898-4 0  9991
2 45707  53.0534 203.5062 0001578  77.1518 282.9647 15.06396375144331
1 45707U 20035BC  23004.81633540  .00000626  00000-0  60898-4 0  9991
2 45707  53.0534 203.5062 0001578  77.1518 282.9647 15.06396375143925
1 45707U 20035BC  23005.54615018 -.00000019  00000-0  17594-4 0  9994
2 45707  53.0542 200.2293 0001529  78.5945 281.5215 15.06398185144444
1 45707U 20035BC  23005.81153554  .00000209  00000-0  32898-4 0  9990
2 45707  53.0540 199.0383 0001540  77.5599 282.5562 15.06400073144484
1 45707U 20035BC  23006.54135999 -.00000570  00000-0 -19404-4 0  9995
2 45707  53.0531 195.7620 0001472  74.6507 285.4645 15.06387794144187
1 45707U 20035BC  23006.93944441 -.00000388  00000-0 -71509-5 0  9990
2 45707  53.0531 193.9749 0001496  75.1109 285.0046 15.06385999144657
1 45707U 20035BC  23007.20483365 -.00000321  00000-0 -26559-5 0  9996
2 45707  53.0532 192.7835 0001498  75.0666 285.0489 15.06386381144691
1 45707U 20035BC  23007.80195321 -.00000023  00000-0  17383-4 0  9996
2 45707  53.0529 190.1027 0001507  76.4435 283.6722 15.06392942144371
1 45707U 20035BC  23007.86830034 -.00000028  00000-0  17049-4 0  9993
2 45707  53.0525 189.8046 0001440  73.8415 286.2732 15.06392842144793
1 45707U 20035BC  23008.53176798  .00001439  00000-0  11547-3 0  9990
2 45707  53.0533 186.8261 0001339  73.6948 286.4188 15.06392794144898
1 45707U 20035BC  23008.86349965  .00001841  00000-0  14248-3 0  9992
2 45707  53.0534 185.3368 0001370  74.3215 285.7925 15.06396958144944
1 45707U 20035BC  23008.86349965  .00001841  00000-0  14248-3 0  9992
2 45707  53.0534 185.3368 0001370  74.3215 285.7925 15.06396958144539
1 45707U 20035BC  23009.46062147  .00001469  00000-0  11750-3 0  9994
2 45707  53.0533 182.6564 0001401  74.3655 285.7488 15.06397997145033
1 45707U 20035BC  23009.72601502  .00000214  00000-0  33285-4 0  9992
2 45707  53.0532 181.4645 0001422  74.1335 285.9811 15.06393150145078
1 45707U 20035BC  23009.72601502  .00000214  00000-0  33285-4 0  9992
2 45707  53.0532 181.4645 0001422  74.1335 285.9811 15.06393150144662
1 45707U 20035BC  23010.19043921  .00000248  00000-0  35560-4 0  9995
2 45707  53.0531 179.3795 0001442  72.6367 287.4780 15.06399048145141
1 45707U 20035BC  23010.78755422  .00000633  00000-0  61378-4 0  9990
2 45707  53.0530 176.6985 0001528  75.1551 284.9607 15.06405540144828
1 45707U 20035BC  23010.85390015  .00000869  00000-0  77197-4 0  9998
2 45707  53.0530 176.4006 0001532  75.3441 284.7718 15.06407034145243
1 45707U 20035BC  23011.18563678 -.00000357  00000-0 -50714-5 0  9993
2 45707  53.0529 174.9111 0001564  75.8265 284.2897 15.06404012145296
1 45707U 20035BC  23011.71642329 -.00001087  00000-0 -54113-4 0  9990
2 45707  53.0530 172.5284 0001583  78.4572 281.6595 15.06388287144968
1 45707U 20035BC  23011.78277223 -.00000768  00000-0 -32681-4 0  9995
2 45707  53.0528 172.2307 0001576  79.6216 280.4951 15.06384901145387
1 45707U 20035BC  23012.77796704 -.00000402  00000-0 -81049-5 0  9993
2 45707  53.0534 167.7632 0001600  80.7132 279.4038 15.06399448145535
1 45707U 20035BC  23012.77796704 -.00000402  00000-0 -81049-5 0  9993
2 45707  53.0534 167.7632 0001600  80.7132 279.4038 15.06399448145120
1 45707U 20035BC  23013.83951993  .00000917  00000-0  80472-4 0  9991
2 45707  53.0528 162.9983 0001470  80.1010 280.0145 15.06394382145694
1 45707U 20035BC  23014.10491181  .00000391  00000-0  45166-4 0  9997
2 45707  53.0528 161.8064 0001463  79.7201 280.3953 15.06390359145320
1 45707U 20035BC  23014.70202436 -.00004156  00000-0 -26010-3 0  9997
2 45707  53.0522 159.1266 0001202  99.6012 260.5113 15.06423713145419
1 45707U 20035BC  23015.10011193  .00000196  00000-0  32032-4 0  9990
2 45707  53.0539 157.3388 0001214  84.4215 275.6913 15.06396277145477
1 45707U 20035BC  23015.56454361  .00000719  00000-0  67191-4 0  9993
2 45707  53.0519 155.2550 0001154  93.5553 266.5568 15.06388694145954
1 45707U 20035BC  23015.69723063  .00001489  00000-0  11882-3 0  9995
2 45707  53.0532 154.6570 0001210  85.6617 274.4510 15.06399093145972
1 45707U 20035BC  23016.16166493  .00000849  00000-0  75906-4 0  9993
2 45707  53.0527 152.5733 0001189  82.9584 277.1540 15.06393192145632
1 45707U 20035BC  23016.62609061  .00000828  00000-0  74448-4 0  9994
2 45707  53.0528 150.4880 0001175  84.2203 275.8920 15.06397082146114
1 45707U 20035BC  23017.48860947  .00000047  00000-0  22056-4 0  9992
2 45707  53.0522 146.6181 0000969  85.0395 275.0705 15.06385820145838
1 45707U 20035BC  23017.62130276  .00000223  00000-0  33859-4 0  9992
2 45707  53.0522 146.0228 0000922  80.5056 279.6037 15.06387249146260
1 45707U 20035BC  23018.61649348  .00001171  00000-0  97473-4 0  9992
2 45707  53.0527 141.5543 0001158  73.5487 286.5629 15.06404429146418
1 45707U 20035BC  23018.61649348  .00001171  00000-0  97473-4 0  9992
2 45707  53.0527 141.5543 0001158  73.5487 286.5629 15.06404429146003
1 45707U 20035BC  23018.68283269  .00002847  00000-0  20984-3 0  9998
2 45707  53.0539 141.2547 0001201  86.4582 273.6544 15.06412716146017
1 45707U 20035BC  23019.34632534  .00000342  00000-0  41856-4 0  9995
2 45707  53.0528 138.2775 0001017  89.3512 270.7594 15.06383685146525
1 45707U 20035BC  23019.34632534  .00000342  00000-0  41856-4 0  9995
2 45707  53.0528 138.2775 0001017  89.3512 270.7594 15.06383685146110
1 45707U 20035BC  23020.00979005  .00000176  00000-0  30692-4 0  9998
2 45707  53.0534 135.2984 0001073  92.9900 267.1212 15.06395973146210
1 45707U 20035BC  23020.47420616  .00001072  00000-0  90786-4 0  9994
2 45707  53.0532 133.2135 0001129  91.3539 268.7580 15.06414223146694
1 45707U 20035BC  23020.47420616  .00001072  00000-0  90786-4 0  9994
2 45707  53.0532 133.2135 0001129  91.3539 268.7580 15.06414223146289
1 45707U 20035BC  23020.60689276  .00001984  00000-0  15194-3 0  9999
2 45707  53.0529 132.6185 0001064  86.9955 273.1156 15.06422112146301
1 45707U 20035BC  23021.00497602  .00000666  00000-0  63552-4 0  9992
2 45707  53.0536 130.8321 0001058  75.9641 284.1465 15.06417245146366
1 45707U 20035BC  23021.46942169  .00000001  00000-0  18928-4 0  9995
2 45707  53.0521 128.7481 0001225  78.1261 281.9865 15.06387945146432
1 45707U 20035BC  23021.60211200  .00001905  00000-0  14678-3 0  9997
2 45707  53.0523 128.1517 0001299  73.6083 286.5049 15.06396524146451
1 45707U 20035BC  23023.06173725 -.00000210  00000-0  47606-5 0  9996
2 45707  53.0522 121.5980 0001188  46.0919 314.0168 15.06405607146676
1 45707U 20035BC  23023.65885370  .00006949  00000-0  48471-3 0  9990
2 45707  53.0518 118.9166 0001639  62.6893 297.4263 15.06417226146763
1 45707U 20035BC  23024.12329147 -.00000154  00000-0  85813-5 0  9994
2 45707  53.0528 116.8306 0001286  69.0739 291.0387 15.06395948146836
1 45707U 20035BC  23025.51657795  .00000772  00000-0  70712-4 0  9997
2 45707  53.0518 110.5772 0001496  66.8463 293.2684 15.06398449147457
1 45707U 20035BC  23025.51657795  .00000772  00000-0  70712-4 0  9997
2 45707  53.0518 110.5772 0001496  66.8463 293.2684 15.06398449147042
1 45707U 20035BC  23026.11370514  .00002308  00000-0  17380-3 0  9993
2 45707  53.0518 107.8971 0001419  71.3907 288.7236 15.06391875147139
1 45707U 20035BC  23026.44543700  .00004262  00000-0  30487-3 0  9992
2 45707  53.0517 106.4088 0001474  71.8261 288.2888 15.06398665147593
1 45707U 20035BC  23027.17525399  .00002209  00000-0  16714-3 0  9993
2 45707  53.0514 103.1329 0001630  70.2869 289.8296 15.06396658147290
1 45707U 20035BC  23027.50698805  .00001243  00000-0  10232-3 0  9999
2 45707  53.0521 101.6424 0001318  72.5126 287.6007 15.06395603147757
1 45707U 20035BC  23027.90506830  .00000502  00000-0  52620-4 0  9994
2 45707  53.0521  99.8550 0001302  80.6032 279.5104 15.06397017147810
1 45707U 20035BC  23028.10411121 -.00000164  00000-0  78609-5 0  9996
2 45707  53.0520  98.9612 0001333  84.7129 275.4012 15.06393420147439
1 45707U 20035BC  23028.56853495  .00001662  00000-0  13046-3 0  9995
2 45707  53.0521  96.8762 0001332  83.2429 276.8711 15.06402430147915
1 45707U 20035BC  23028.56853495  .00001662  00000-0  13046-3 0  9995
2 45707  53.0521  96.8762 0001332  83.2429 276.8711 15.06402430147500
1 45707U 20035BC  23028.90027299  .00002647  00000-0  19657-3 0  9996
2 45707  53.0521  95.3865 0001404 100.1447 259.9700 15.06396430147969
1 45707U 20035BC  23029.43104781  .00001963  00000-0  15067-3 0  9998
2 45707  53.0528  93.0039 0001285  92.4655 267.6481 15.06397019147635
1 45707U 20035BC  23029.89548003  .00001209  00000-0  10007-3 0  9999
2 45707  53.0521  90.9183 0001267  95.0604 265.0530 15.06389912148111
1 45707U 20035BC  23030.22721446  .00001182  00000-0  98245-4 0  9993
2 45707  53.0527  89.4291 0001286  92.9768 267.1368 15.06392859147753
1 45707U 20035BC  23030.49259987  .00000998  00000-0  85892-4 0  9996
2 45707  53.0528  88.2375 0001255  93.8847 266.2286 15.06396260148208
1 45707U 20035BC  23031.48779632  .00001494  00000-0  11917-3 0  9998
2 45707  53.0528  83.7696 0001251  91.2496 268.8637 15.06403993147942
