1 45701U 20035AW  22365.02093328  .00008835  00000-0  61114-3 0  9992
2 45701  53.0511 225.0285 0001413 101.7649 258.3498 15.06408073143208
1 45701U 20035AW  22365.35266631  .00010804  00000-0  74282-3 0  9996
2 45701  53.0510 223.5392 0001439  97.6148 262.5004 15.06415051143657
1 45701U 20035AW  22365.75074586  .00009253  00000-0  63900-3 0  9997
2 45701  53.0508 221.7514 0001470  97.4893 262.6263 15.06417118143711
1 45701U 20035AW  23001.01612933  .00005691  00000-0  40043-3 0  9993
2 45701  53.0509 220.5607 0001417  95.1498 264.9652 15.06419567143750
1 45701U 20035AW  23001.87864509  .00001471  00000-0  11761-3 0  9992
2 45701  53.0503 216.6860 0001517  98.6301 261.4860 15.06398208143888
1 45701U 20035AW  23002.01134140 -.00003502  00000-0 -21638-3 0  9993
2 45701  53.0511 216.0928 0001394  99.8669 260.2478 15.06385873143504
1 45701U 20035AW  23002.54212162 -.00002979  00000-0 -18125-3 0  9996
2 45701  53.0512 213.7099 0001433 100.3646 259.7504 15.06387866143984
1 45701U 20035AW  23002.87385986 -.00001420  00000-0 -76442-4 0  9994
2 45701  53.0517 212.2205 0001297 102.5235 257.5899 15.06392253144034
1 45701U 20035AW  23003.53733357  .00001324  00000-0  10783-3 0  9993
2 45701  53.0522 209.2420 0001409 101.6641 258.4506 15.06385873144137
1 45701U 20035AW  23003.53733357  .00001324  00000-0  10783-3 0  9993
2 45701  53.0522 209.2420 0001409 101.6641 258.4506 15.06385873143732
1 45701U 20035AW  23004.53253879  .00002607  00000-0  19386-3 0  9993
2 45701  53.0514 204.7737 0001409 103.4099 256.7047 15.06393254144285
1 45701U 20035AW  23005.26235137  .00003226  00000-0  23534-3 0  9999
2 45701  53.0504 201.4974 0001404 102.0511 258.0636 15.06402081143995
1 45701U 20035AW  23005.52773735  .00003387  00000-0  24613-3 0  9996
2 45701  53.0504 200.3059 0001407 102.0010 258.1136 15.06404711144432
1 45701U 20035AW  23005.79312245  .00003717  00000-0  26822-3 0  9991
2 45701  53.0504 199.1145 0001400 102.1626 257.9520 15.06407825144477
1 45701U 20035AW  23006.39023944  .00003652  00000-0  26385-3 0  9995
2 45701  53.0487 196.4323 0001478 108.4602 251.6548 15.06410853144165
1 45701U 20035AW  23006.58928448 -.00000025  00000-0  17209-4 0  9997
2 45701  53.0500 195.5400 0001411 101.9055 258.2092 15.06399218144599
1 45701U 20035AW  23006.58928448 -.00000025  00000-0  17209-4 0  9997
2 45701  53.0500 195.5400 0001411 101.9055 258.2092 15.06399218144195
1 45701U 20035AW  23007.58447991  .00000537  00000-0  54904-4 0  9997
2 45701  53.0499 191.0715 0001394 103.4779 256.6366 15.06405536144346
1 45701U 20035AW  23007.91621007  .00000584  00000-0  58068-4 0  9993
2 45701  53.0514 189.5826 0001326 103.0297 257.0840 15.06409352144796
1 45701U 20035AW  23008.51333807  .00000616  00000-0  60276-4 0  9998
2 45701  53.0516 186.9020 0001306 101.5875 258.5260 15.06394050144888
1 45701U 20035AW  23008.51333807  .00000616  00000-0  60276-4 0  9998
2 45701  53.0516 186.9020 0001306 101.5875 258.5260 15.06394050144484
1 45701U 20035AW  23008.77872416  .00000432  00000-0  47872-4 0  9993
2 45701  53.0515 185.7105 0001291 102.5503 257.5630 15.06395031144925
1 45701U 20035AW  23009.44218786  .00000394  00000-0  45349-4 0  9996
2 45701  53.0516 182.7319 0001252  99.1442 260.9688 15.06401723145029
1 45701U 20035AW  23009.57487987  .00000558  00000-0  56374-4 0  9993
2 45701  53.0516 182.1362 0001262  99.0868 261.0263 15.06403310145040
1 45701U 20035AW  23009.57487987  .00000558  00000-0  56374-4 0  9993
2 45701  53.0516 182.1362 0001262  99.0868 261.0263 15.06403310144645
1 45701U 20035AW  23010.17202106 -.00001403  00000-0 -75377-4 0  9995
2 45701  53.0517 179.4546 0001206  97.4755 262.6371 15.06383269145136
1 45701U 20035AW  23010.17202106 -.00001403  00000-0 -75377-4 0  9995
2 45701  53.0517 179.4546 0001206  97.4755 262.6371 15.06383269144731
1 45701U 20035AW  23010.57009224  .00001081  00000-0  91472-4 0  9999
2 45701  53.0515 177.6680 0001228 100.2959 259.8168 15.06392858144793
1 45701U 20035AW  23010.83547526  .00001886  00000-0  14545-3 0  9998
2 45701  53.0518 176.4765 0001065 107.4451 252.6655 15.06398940145232
1 45701U 20035AW  23011.16722295 -.00000005  00000-0  18598-4 0  9999
2 45701  53.0504 174.9851 0001743  89.2774 270.8415 15.06389096144882
1 45701U 20035AW  23011.56530616 -.00000537  00000-0 -17180-4 0  9994
2 45701  53.0505 173.1989 0001691  90.7993 269.3190 15.06389924145343
1 45701U 20035AW  23011.83069128  .00001087  00000-0  91857-4 0  9991
2 45701  53.0503 172.0102 0001502  88.7905 271.3256 15.06387963145388
1 45701U 20035AW  23012.69319126  .00001900  00000-0  14642-3 0  9992
2 45701  53.0513 168.1371 0001229  93.9443 266.1686 15.06403378145517
1 45701U 20035AW  23012.69319126  .00001900  00000-0  14642-3 0  9992
2 45701  53.0513 168.1371 0001229  93.9443 266.1686 15.06403378145113
1 45701U 20035AW  23013.55568935  .00003604  00000-0  26062-3 0  9994
2 45701  53.0515 164.2647 0001169  88.9794 271.1329 15.06410004145646
1 45701U 20035AW  23013.68838377  .00006472  00000-0  45294-3 0  9992
2 45701  53.0514 163.6685 0000960  95.2370 264.8729 15.06404261145662
1 45701U 20035AW  23014.41820459 -.00002017  00000-0 -11660-3 0  9999
2 45701  53.0504 160.3919 0000411   9.9103 350.1894 15.06402016145378
1 45701U 20035AW  23015.54610576 -.00001137  00000-0 -57482-4 0  9996
2 45701  53.0504 155.3288 0001136  91.0460 269.0659 15.06395017145542
1 45701U 20035AW  23015.61245029 -.00000275  00000-0  39417-6 0  9992
2 45701  53.0500 155.0300 0001143 103.8789 256.2327 15.06399701145953
1 45701U 20035AW  23015.67879507 -.00001791  00000-0 -10137-3 0  9992
2 45701  53.0499 154.7343 0001432  87.3845 272.7308 15.06404300145968
1 45701U 20035AW  23015.67879507 -.00001791  00000-0 -10137-3 0  9992
2 45701  53.0499 154.7343 0001432  87.3845 272.7308 15.06404300145564
1 45701U 20035AW  23016.20958649 -.00001196  00000-0 -61425-4 0  9993
2 45701  53.0503 152.3509 0001380  97.1759 262.9386 15.06375448145649
1 45701U 20035AW  23016.54132065 -.00000086  00000-0  13095-4 0  9992
2 45701  53.0502 150.8616 0001416 102.8344 257.2803 15.06382683146094
1 45701U 20035AW  23016.80670778  .00004901  00000-0  34773-3 0  9993
2 45701  53.0502 149.6703 0001372  96.1431 263.9714 15.06393586146134
1 45701U 20035AW  23016.80670778  .00004901  00000-0  34773-3 0  9993
2 45701  53.0502 149.6703 0001372  96.1431 263.9714 15.06393586145739
1 45701U 20035AW  23017.47018822  .00001908  00000-0  14704-3 0  9999
2 45701  53.0495 146.6919 0001173 107.4095 252.7022 15.06374133146238
1 45701U 20035AW  23017.47018822  .00001908  00000-0  14704-3 0  9999
2 45701  53.0495 146.6919 0001173 107.4095 252.7022 15.06374133145833
1 45701U 20035AW  23017.66923262  .00000721  00000-0  67325-4 0  9993
2 45701  53.0501 145.7980 0001030 108.5023 251.6078 15.06371076146264
1 45701U 20035AW  23018.59809287  .00026620  00000-0  17985-2 0  9997
2 45701  53.0503 141.6278 0000891  95.2610 264.8481 15.06415577146404
1 45701U 20035AW  23018.59809287  .00026620  00000-0  17985-2 0  9997
2 45701  53.0503 141.6278 0000891  95.2610 264.8481 15.06415577146000
1 45701U 20035AW  23019.32789973  .00024178  00000-0  16350-2 0  9999
2 45701  53.0505 138.3513 0001156  90.9454 269.1667 15.06434048146110
1 45701U 20035AW  23019.59328268  .00019813  00000-0  13442-2 0  9993
2 45701  53.0521 137.1609 0000787  67.0294 293.0778 15.06429363146558
1 45701U 20035AW  23019.59328268  .00019813  00000-0  13442-2 0  9993
2 45701  53.0521 137.1609 0000787  67.0294 293.0778 15.06429363146154
1 45701U 20035AW  23020.45578316  .00005722  00000-0  40248-3 0  9990
2 45701  53.0517 133.2907 0001199  94.0801 266.0325 15.06420235146684
1 45701U 20035AW  23020.45578316  .00005722  00000-0  40248-3 0  9990
2 45701  53.0517 133.2907 0001199  94.0801 266.0325 15.06420235146280
1 45701U 20035AW  23021.45098119  .00000511  00000-0  53210-4 0  9994
2 45701  53.0509 128.8122 0001806 120.0933 240.0236 15.06408375146432
1 45701U 20035AW  23022.57887847  .00001869  00000-0  14432-3 0  9991
2 45701  53.0511 123.7569 0000864  95.9736 264.1351 15.06404202146607
1 45701U 20035AW  23023.50774020  .00003043  00000-0  22308-3 0  9990
2 45701  53.0520 119.5875 0000987 110.0540 250.0555 15.06399737146749
1 45701U 20035AW  23024.56929134  .00005616  00000-0  39553-3 0  9993
2 45701  53.0513 114.8222 0001027  86.8188 273.2919 15.06405412146906
1 45701U 20035AW  23025.49814984 -.00005977  00000-0 -38287-3 0  9997
2 45701  53.0522 110.6520 0001243 106.9799 253.1326 15.06380904147440
1 45701U 20035AW  23025.49814984 -.00005977  00000-0 -38287-3 0  9997
2 45701  53.0522 110.6520 0001243 106.9799 253.1326 15.06380904147046
1 45701U 20035AW  23025.96257853  .00000394  00000-0  45331-4 0  9990
2 45701  53.0515 108.5669 0001188  95.9631 264.1493 15.06393833147118
1 45701U 20035AW  23026.49335400  .00023851  00000-0  16140-2 0  9991
2 45701  53.0510 106.1838 0001233  91.1516 268.9614 15.06415398147596
1 45701U 20035AW  23026.49335400  .00023851  00000-0  16140-2 0  9991
2 45701  53.0510 106.1838 0001233  91.1516 268.9614 15.06415398147192
1 45701U 20035AW  23027.48855479  .00016453  00000-0  11205-2 0  9991
2 45701  53.0513 101.7159 0001045  95.1813 264.9295 15.06411789147749
1 45701U 20035AW  23027.48855479  .00016453  00000-0  11205-2 0  9991
2 45701  53.0513 101.7159 0001045  95.1813 264.9295 15.06411789147345
1 45701U 20035AW  23028.15202572  .00019568  00000-0  13288-2 0  9999
2 45701  53.0516  98.7369 0001273 100.5794 259.5338 15.06402631147443
1 45701U 20035AW  23028.41741550  .00009654  00000-0  66621-3 0  9997
2 45701  53.0518  97.5442 0001213  85.9636 274.1491 15.06395455147885
1 45701U 20035AW  23028.41741550  .00009654  00000-0  66621-3 0  9997
2 45701  53.0518  97.5442 0001213  85.9636 274.1491 15.06395455147481
1 45701U 20035AW  23028.88184243  .00005957  00000-0  41845-3 0  9991
2 45701  53.0517  95.4580 0001139  77.7065 282.4052 15.06400637147958
1 45701U 20035AW  23029.47895854  .00007918  00000-0  54964-3 0  9999
2 45701  53.0523  92.7791 0001185  86.6763 273.4362 15.06413341147640
1 45701U 20035AW  23029.87704006  .00002199  00000-0  16647-3 0  9993
2 45701  53.0523  90.9920 0001076  81.3110 278.8000 15.06404695148103
1 45701U 20035AW  23030.20878054 -.00000828  00000-0 -36692-4 0  9999
2 45701  53.0523  89.5032 0001529  84.5776 275.5388 15.06392984147757
1 45701U 20035AW  23030.47416979 -.00000968  00000-0 -46087-4 0  9996
2 45701  53.0534  88.3129 0001599  88.8236 271.2936 15.06390569148196
1 45701U 20035AW  23030.87225005  .00001467  00000-0  11738-3 0  9995
2 45701  53.0527  86.5252 0001438  83.8993 276.2160 15.06397794148250
1 45701U 20035AW  23031.13763867  .00002292  00000-0  17276-3 0  9998
2 45701  53.0535  85.3344 0001636  81.7109 278.4065 15.06397676148295
1 45701U 20035AW  23031.86745166  .00005158  00000-0  36487-3 0  9999
2 45701  53.0529  82.0577 0001476  85.2474 274.8684 15.06406249148403
