1 45708U 20035BD  22365.01356167  .00008224  00000-0  57029-3 0  9993
2 45708  53.0527 225.0589 0001234  87.4882 272.6248 15.06403712143206
1 45708U 20035BD  22365.34529278  .00009377  00000-0  64734-3 0  9995
2 45708  53.0528 223.5698 0001209  86.4533 273.6594 15.06411357143664
1 45708U 20035BD  22365.74337107  .00006501  00000-0  45475-3 0  9994
2 45708  53.0528 221.7825 0001242  87.0369 273.0762 15.06412913143724
1 45708U 20035BD  23001.00875898  .00003045  00000-0  22320-3 0  9999
2 45708  53.0541 220.5919 0001197  81.7770 278.3355 15.06405940143353
1 45708U 20035BD  23001.60588332 -.00000794  00000-0 -34448-4 0  9994
2 45708  53.0528 217.9111 0001285  82.0319 278.0816 15.06396889143858
1 45708U 20035BD  23001.87127307 -.00000152  00000-0  86584-5 0  9990
2 45708  53.0534 216.7186 0001214  87.3110 272.8018 15.06394124143893
1 45708U 20035BD  23002.00396975 -.00001098  00000-0 -54858-4 0  9994
2 45708  53.0541 216.1232 0001313  88.1456 271.9683 15.06395138143916
1 45708U 20035BD  23002.00396975 -.00001098  00000-0 -54858-4 0  9994
2 45708  53.0541 216.1232 0001313  88.1456 271.9683 15.06395138143501
1 45708U 20035BD  23002.86647244 -.00000424  00000-0 -95687-5 0  9994
2 45708  53.0541 212.2511 0001257  84.2364 275.8768 15.06401501144049
1 45708U 20035BD  23002.86647244 -.00000424  00000-0 -95687-5 0  9994
2 45708  53.0541 212.2511 0001257  84.2364 275.8768 15.06401501143633
1 45708U 20035BD  23003.26455322  .00000945  00000-0  82344-4 0  9994
2 45708  53.0538 210.4645 0001253  84.9973 275.1158 15.06399820144105
1 45708U 20035BD  23004.25977191  .00000082  00000-0  24432-4 0  9993
2 45708  53.0540 205.9970 0001242  85.7080 274.4051 15.06385490144252
1 45708U 20035BD  23004.25977191  .00000082  00000-0  24432-4 0  9993
2 45708  53.0540 205.9970 0001242  85.7080 274.4051 15.06385490143846
1 45708U 20035BD  23005.25497176  .00000164  00000-0  29931-4 0  9994
2 45708  53.0539 201.5297 0001313  88.7956 271.3183 15.06395870144400
1 45708U 20035BD  23005.25497176  .00000164  00000-0  29931-4 0  9994
2 45708  53.0539 201.5297 0001313  88.7956 271.3183 15.06395870143993
1 45708U 20035BD  23005.78574713  .00001400  00000-0  11286-3 0  9992
2 45708  53.0538 199.1464 0001364  89.0007 271.1138 15.06394050144489
1 45708U 20035BD  23006.51555838  .00001918  00000-0  14763-3 0  9998
2 45708  53.0542 195.8700 0001403  88.2200 271.8949 15.06400383144181
1 45708U 20035BD  23006.91363497  .00002081  00000-0  15856-3 0  9996
2 45708  53.0540 194.0830 0001405  87.7947 272.3203 15.06405795144651
1 45708U 20035BD  23007.24537656  .00003668  00000-0  26506-3 0  9999
2 45708  53.0537 192.5936 0001414  88.8440 271.2711 15.06392873144707
1 45708U 20035BD  23007.24537656  .00003668  00000-0  26506-3 0  9999
2 45708  53.0537 192.5936 0001414  88.8440 271.2711 15.06392873144291
1 45708U 20035BD  23007.90884910 -.00000445  00000-0 -10958-4 0  9997
2 45708  53.0536 189.6159 0001481  85.2624 274.8534 15.06394742144809
1 45708U 20035BD  23008.50596909 -.00000396  00000-0 -76923-5 0  9992
2 45708  53.0536 186.9319 0001441 108.0575 252.0572 15.06395636144894
1 45708U 20035BD  23008.50596909 -.00000396  00000-0 -76923-5 0  9992
2 45708  53.0536 186.9319 0001441 108.0575 252.0572 15.06395636144489
1 45708U 20035BD  23008.90405127 -.00000421  00000-0 -93520-5 0  9998
2 45708  53.0533 185.1485 0001498  93.4818 266.6342 15.06395937144952
1 45708U 20035BD  23009.50116943  .00001684  00000-0  13195-3 0  9998
2 45708  53.0537 182.4673 0001343  91.8550 268.2592 15.06395937145045
1 45708U 20035BD  23009.76655546  .00001920  00000-0  14773-3 0  9999
2 45708  53.0538 181.2759 0001353  91.9583 268.1561 15.06398643144676
1 45708U 20035BD  23009.89924799  .00001803  00000-0  13989-3 0  9990
2 45708  53.0540 180.6801 0001341  91.0297 269.0845 15.06400877145107
1 45708U 20035BD  23010.56271899  .00001094  00000-0  92336-4 0  9998
2 45708  53.0536 177.7019 0001391  92.8130 267.3018 15.06397748145206
1 45708U 20035BD  23010.82810638  .00001018  00000-0  87211-4 0  9999
2 45708  53.0536 176.5104 0001444  92.7118 267.4036 15.06398056145240
1 45708U 20035BD  23010.82810638  .00001018  00000-0  87211-4 0  9999
2 45708  53.0536 176.5104 0001444  92.7118 267.4036 15.06398056144834
1 45708U 20035BD  23011.15985352 -.00001068  00000-0 -52821-4 0  9998
2 45708  53.0529 175.0211 0001460  95.4923 264.6233 15.06385659144889
1 45708U 20035BD  23011.55794262 -.00002475  00000-0 -14740-3 0  9990
2 45708  53.0524 173.2349 0001579  98.1103 262.0065 15.06381406145351
1 45708U 20035BD  23011.82332812 -.00001669  00000-0 -93199-4 0  9999
2 45708  53.0527 172.0432 0001576  97.0472 263.0697 15.06385530145396
1 45708U 20035BD  23012.68582842  .00000336  00000-0  41488-4 0  9996
2 45708  53.0526 168.1711 0001611  98.2021 261.9151 15.06397646145522
1 45708U 20035BD  23012.68582842  .00000336  00000-0  41488-4 0  9996
2 45708  53.0526 168.1711 0001611  98.2021 261.9151 15.06397646145117
1 45708U 20035BD  23013.54833261  .00004138  00000-0  29656-3 0  9992
2 45708  53.0541 164.2980 0001313  98.9187 261.1950 15.06397697145652
1 45708U 20035BD  23013.68102576  .00004393  00000-0  31364-3 0  9997
2 45708  53.0542 163.7023 0001288  99.4938 260.6196 15.06399815145678
1 45708U 20035BD  23014.41084381  .00000127  00000-0  27406-4 0  9996
2 45708  53.0543 160.4285 0000939  80.9574 279.1521 15.06407983145376
1 45708U 20035BD  23015.53874120 -.00000727  00000-0 -29924-4 0  9993
2 45708  53.0545 155.3647 0001038  92.5391 267.5717 15.06400855145548
1 45708U 20035BD  23015.60508489 -.00000152  00000-0  86773-5 0  9990
2 45708  53.0550 155.0675 0001097  95.1748 264.9366 15.06404116145963
1 45708U 20035BD  23015.80411711  .00001170  00000-0  97389-4 0  9997
2 45708  53.0545 154.1717 0001047  95.1428 264.9680 15.06410222145991
1 45708U 20035BD  23015.80411711  .00001170  00000-0  97389-4 0  9997
2 45708  53.0545 154.1717 0001047  95.1428 264.9680 15.06410222145586
1 45708U 20035BD  23016.06950906  .00000589  00000-0  58428-4 0  9994
2 45708  53.0555 152.9794 0000542  68.5140 291.5907 15.06404140145627
1 45708U 20035BD  23016.40125150 -.00000090  00000-0  12847-4 0  9990
2 45708  53.0530 151.4933 0001640  96.0302 264.0874 15.06394724145674
1 45708U 20035BD  23016.60029042 -.00000053  00000-0  15363-4 0  9990
2 45708  53.0550 150.5993 0001474  94.9577 265.1581 15.06397112146119
1 45708U 20035BD  23016.79932629  .00000715  00000-0  66868-4 0  9994
2 45708  53.0537 149.7053 0001275  89.2580 270.8555 15.06401717146145
1 45708U 20035BD  23016.79932629  .00000715  00000-0  66868-4 0  9994
2 45708  53.0537 149.7053 0001275  89.2580 270.8555 15.06401717145739
1 45708U 20035BD  23017.06472257 -.00000211  00000-0  46950-5 0  9994
2 45708  53.0555 148.5128 0001317  88.3654 271.7486 15.06392188145776
1 45708U 20035BD  23017.39646546 -.00001282  00000-0 -67244-4 0  9992
2 45708  53.0548 147.0244 0001179  91.7892 268.3232 15.06386189146236
1 45708U 20035BD  23017.39646546 -.00001282  00000-0 -67244-4 0  9992
2 45708  53.0548 147.0244 0001179  91.7892 268.3232 15.06386189145820
1 45708U 20035BD  23018.59069144  .00002388  00000-0  17907-3 0  9994
2 45708  53.0542 141.6641 0001051  75.8023 284.3082 15.06410015146416
1 45708U 20035BD  23018.59069144  .00002388  00000-0  17907-3 0  9994
2 45708  53.0542 141.6641 0001051  75.8023 284.3082 15.06410015146001
1 45708U 20035BD  23018.65703914  .00002192  00000-0  16595-3 0  9996
2 45708  53.0536 141.3652 0001115  81.5360 278.5755 15.06407179146427
1 45708U 20035BD  23019.32052025  .00001855  00000-0  14339-3 0  9990
2 45708  53.0547 138.3869 0001170  95.8512 264.2610 15.06390491146524
1 45708U 20035BD  23019.32052025  .00001855  00000-0  14339-3 0  9990
2 45708  53.0547 138.3869 0001170  95.8512 264.2610 15.06390491146119
1 45708U 20035BD  23019.58590427  .00001406  00000-0  11328-3 0  9998
2 45708  53.0560 137.1969 0001030  82.0389 278.0717 15.06399562146150
1 45708U 20035BD  23020.44840658 -.00000256  00000-0  17075-5 0  9999
2 45708  53.0546 133.3246 0001200  91.0044 269.1082 15.06413282146698
1 45708U 20035BD  23020.71378268  .00000894  00000-0  78849-4 0  9994
2 45708  53.0553 132.1306 0001180  95.6772 264.4352 15.06422133146328
1 45708U 20035BD  23021.44361962  .00000329  00000-0  40988-4 0  9994
2 45708  53.0550 128.8567 0001386 101.4594 258.6550 15.06393361146439
1 45708U 20035BD  23021.57630916  .00000454  00000-0  49398-4 0  9999
2 45708  53.0536 128.2593 0001374  89.9016 270.2131 15.06397468146451
1 45708U 20035BD  23023.23498516  .00001727  00000-0  13484-3 0  9992
2 45708  53.0535 120.8158 0001431  76.3812 283.7337 15.06392328146708
1 45708U 20035BD  23023.63306066  .00001543  00000-0  12247-3 0  9996
2 45708  53.0540 119.0276 0001456  71.3620 288.7527 15.06403121146760
1 45708U 20035BD  23024.23019418 -.00000293  00000-0 -78466-6 0  9996
2 45708  53.0533 116.3460 0001697  67.3838 292.7330 15.06394340146859
1 45708U 20035BD  23024.56192244  .00000973  00000-0  84181-4 0  9993
2 45708  53.0554 114.8577 0001571  75.4141 284.7022 15.06400269146905
1 45708U 20035BD  23025.49078505  .00001575  00000-0  12460-3 0  9998
2 45708  53.0546 110.6890 0001292  65.4810 294.6314 15.06391118147457
1 45708U 20035BD  23025.49078505  .00001575  00000-0  12460-3 0  9998
2 45708  53.0546 110.6890 0001292  65.4810 294.6314 15.06391118147042
1 45708U 20035BD  23025.95520690  .00001847  00000-0  14288-3 0  9998
2 45708  53.0547 108.6030 0001562  81.2854 278.8312 15.06398745147113
1 45708U 20035BD  23026.48597625  .00001937  00000-0  14887-3 0  9994
2 45708  53.0548 106.2209 0001184  71.3704 288.7413 15.06406036147609
1 45708U 20035BD  23027.48118378  .00000305  00000-0  39357-4 0  9997
2 45708  53.0538 101.7508 0001198 103.2143 256.8980 15.06399301147754
1 45708U 20035BD  23027.48118378  .00000305  00000-0  39357-4 0  9997
2 45708  53.0538 101.7508 0001198 103.2143 256.8980 15.06399301147349
1 45708U 20035BD  23028.54273300 -.00000143  00000-0  93290-5 0  9990
2 45708  53.0537  96.9864 0001460  66.1924 293.9218 15.06402787147501
1 45708U 20035BD  23028.87446979 -.00000564  00000-0 -18947-4 0  9993
2 45708  53.0536  95.4973 0001446  65.7968 294.3172 15.06399182147960
1 45708U 20035BD  23029.20621281  .00007080  00000-0  49435-3 0  9995
2 45708  53.0547  94.0082 0001302  91.7469 268.3669 15.06353408147608
1 45708U 20035BD  23029.40525217  .00004455  00000-0  31802-3 0  9991
2 45708  53.0549  93.1147 0001251  89.5287 270.5845 15.06372584147638
1 45708U 20035BD  23029.60428762  .00000069  00000-0  23516-4 0  9991
2 45708  53.0548  92.2210 0001203  78.6893 281.4231 15.06396637147665
1 45708U 20035BD  23029.86967769  .00000521  00000-0  53846-4 0  9996
2 45708  53.0544  91.0294 0001166  98.4149 261.6973 15.06391533148116
1 45708U 20035BD  23030.46679342 -.00002960  00000-0 -17985-3 0  9995
2 45708  53.0544  88.3488 0001286 106.9492 253.1638 15.06413453148209
1 45708U 20035BD  23030.46679342 -.00002960  00000-0 -17985-3 0  9995
2 45708  53.0544  88.3488 0001286 106.9492 253.1638 15.06413453147792
1 45708U 20035BD  23030.86487900  .00000511  00000-0  53204-4 0  9999
2 45708  53.0550  86.5626 0001198  93.4800 266.6326 15.06397584148260
1 45708U 20035BD  23031.19661383  .00001325  00000-0  10784-3 0  9994
2 45708  53.0541  85.0725 0001227  92.0834 268.0295 15.06395247147904
1 45708U 20035BD  23031.52834269  .00001582  00000-0  12508-3 0  9997
2 45708  53.0543  83.5831 0001211  91.4655 268.6472 15.06402773148361
1 45708U 20035BD  23031.52834269  .00001582  00000-0  12508-3 0  9997
2 45708  53.0543  83.5831 0001211  91.4655 268.6472 15.06402773147955
1 45708U 20035BD  23031.86008225  .00000584  00000-0  58119-4 0  9999
2 45708  53.0543  82.0940 0001262  80.6347 279.4785 15.06397253148419
