1 45704U 20035AZ  22365.09093781  .00011903  00000-0  81627-3 0  9996
2 45704  53.0525 254.7125 0001479  77.1094 283.0060 15.06415473142795
1 45704U 20035AZ  22365.42266711  .00012857  00000-0  87988-3 0  9993
2 45704  53.0523 253.2231 0001478  77.2422 282.8732 15.06424694143250
1 45704U 20035AZ  23001.08613101  .00002178  00000-0  16498-3 0  9995
2 45704  53.0531 250.2450 0001477  75.6828 284.4325 15.06413553142943
1 45704U 20035AZ  23001.41786955 -.00003171  00000-0 -19414-3 0  9997
2 45704  53.0525 248.7551 0001460  81.7793 278.3361 15.06393679143401
1 45704U 20035AZ  23001.41786955 -.00003171  00000-0 -19414-3 0  9997
2 45704  53.0525 248.7551 0001460  81.7793 278.3361 15.06393679142994
1 45704U 20035AZ  23001.94865255 -.00001690  00000-0 -94633-4 0  9997
2 45704  53.0526 246.3725 0001450  83.3397 276.7757 15.06385123143480
1 45704U 20035AZ  23001.94865255 -.00001690  00000-0 -94633-4 0  9997
2 45704  53.0526 246.3725 0001450  83.3397 276.7757 15.06385123143075
1 45704U 20035AZ  23002.94386172  .00008175  00000-0  56711-3 0  9991
2 45704  53.0525 241.9055 0001422  79.9091 280.2058 15.06396819143632
1 45704U 20035AZ  23003.07655494  .00008542  00000-0  59165-3 0  9996
2 45704  53.0524 241.3098 0001434  80.0694 280.0457 15.06399893143240
1 45704U 20035AZ  23003.34194017  .00009631  00000-0  66440-3 0  9999
2 45704  53.0525 240.1184 0001411  79.8503 280.2646 15.06407752143699
1 45704U 20035AZ  23004.07175805  .00001204  00000-0  99739-4 0  9990
2 45704  53.0524 236.8420 0001399  79.9417 280.1729 15.06396238143397
1 45704U 20035AZ  23004.53617966  .00005038  00000-0  35672-3 0  9994
2 45704  53.0521 234.7575 0001363  83.2728 276.8416 15.06412362143871
1 45704U 20035AZ  23004.53617966  .00005038  00000-0  35672-3 0  9994
2 45704  53.0521 234.7575 0001363  83.2728 276.8416 15.06412362143466
1 45704U 20035AZ  23004.93425652  .00007078  00000-0  49333-3 0  9992
2 45704  53.0519 232.9700 0001322  80.6868 279.4270 15.06418286143934
1 45704U 20035AZ  23005.59772338  .00002220  00000-0  16787-3 0  9992
2 45704  53.0516 229.9909 0001436  79.9780 280.1371 15.06409261143628
1 45704U 20035AZ  23005.73041489  .00004382  00000-0  31279-3 0  9998
2 45704  53.0516 229.3957 0001227  80.8978 279.2150 15.06414096144057
1 45704U 20035AZ  23006.32754241 -.00003924  00000-0 -24476-3 0  9995
2 45704  53.0511 226.7150 0001420  80.2938 279.8211 15.06391477144144
1 45704U 20035AZ  23006.32754241 -.00003924  00000-0 -24476-3 0  9995
2 45704  53.0511 226.7150 0001420  80.2938 279.8211 15.06391477143738
1 45704U 20035AZ  23006.99101547 -.00002047  00000-0 -11860-3 0  9991
2 45704  53.0514 223.7364 0001293  80.9834 279.1301 15.06389293144248
1 45704U 20035AZ  23007.85353075  .00000144  00000-0  28579-4 0  9992
2 45704  53.0515 219.8638 0001531  80.5368 279.5794 15.06392160144373
1 45704U 20035AZ  23007.85353075  .00000144  00000-0  28579-4 0  9992
2 45704  53.0515 219.8638 0001531  80.5368 279.5794 15.06392160143967
1 45704U 20035AZ  23008.58335813  .00001423  00000-0  11445-3 0  9997
2 45704  53.0527 216.5880 0001309  79.8423 280.2714 15.06382270144489
1 45704U 20035AZ  23008.84874728  .00001271  00000-0  10426-3 0  9998
2 45704  53.0516 215.3970 0001300  78.2875 281.8259 15.06383411144118
1 45704U 20035AZ  23008.91509260  .00001662  00000-0  13049-3 0  9990
2 45704  53.0514 215.0994 0001339  78.1579 281.9560 15.06387750144533
1 45704U 20035AZ  23008.98143972  .00001679  00000-0  13160-3 0  9993
2 45704  53.0514 214.8015 0001341  78.2033 281.9107 15.06388087144545
1 45704U 20035AZ  23009.91029586  .00003138  00000-0  22953-3 0  9993
2 45704  53.0527 210.6308 0001385  80.1452 279.9694 15.06392690144681
1 45704U 20035AZ  23010.24203136  .00003891  00000-0  27996-3 0  9994
2 45704  53.0515 209.1416 0001405  78.6162 281.4984 15.06398091144326
1 45704U 20035AZ  23010.57376387  .00003270  00000-0  23831-3 0  9994
2 45704  53.0510 207.6525 0001436  80.2401 279.8750 15.06401280144781
1 45704U 20035AZ  23010.83913937  .00007017  00000-0  48920-3 0  9990
2 45704  53.0510 206.4610 0001419  85.1335 274.9816 15.06420798144418
1 45704U 20035AZ  23010.90548435  .00008059  00000-0  55890-3 0  9996
2 45704  53.0513 206.1628 0001404  82.2542 277.8606 15.06425274144838
1 45704U 20035AZ  23011.30356288  .00005372  00000-0  37904-3 0  9995
2 45704  53.0511 204.3761 0001351  82.5155 277.5988 15.06421679144899
1 45704U 20035AZ  23011.63529588  .00001372  00000-0  11094-3 0  9994
2 45704  53.0516 202.8863 0001175  82.4267 277.6855 15.06413327144533
1 45704U 20035AZ  23011.90067947  .00001925  00000-0  14800-3 0  9992
2 45704  53.0517 201.6951 0001180  80.8922 279.2200 15.06416644144981
1 45704U 20035AZ  23012.76318979 -.00000876  00000-0 -39925-4 0  9993
2 45704  53.0515 197.8221 0001231  82.0283 278.0845 15.06403958145118
1 45704U 20035AZ  23012.76318979 -.00000876  00000-0 -39925-4 0  9993
2 45704  53.0515 197.8221 0001231  82.0283 278.0845 15.06403958144702
1 45704U 20035AZ  23013.55936061 -.00001374  00000-0 -73353-4 0  9996
2 45704  53.0521 194.2483 0001206  83.3203 276.7923 15.06393920145236
1 45704U 20035AZ  23013.75839949 -.00000634  00000-0 -23709-4 0  9993
2 45704  53.0523 193.3541 0001106  86.9998 273.1118 15.06394083144857
1 45704U 20035AZ  23013.89109452  .00001567  00000-0  12410-3 0  9997
2 45704  53.0525 192.7594 0001135  89.3267 270.7851 15.06385859145284
1 45704U 20035AZ  23014.88629937  .00000146  00000-0  28716-4 0  9991
2 45704  53.0525 188.2906 0001157  91.7086 268.4036 15.06391817145023
1 45704U 20035AZ  23015.61611688  .00001222  00000-0  10092-3 0  9990
2 45704  53.0525 185.0144 0001145  90.1982 269.9138 15.06391471145549
1 45704U 20035AZ  23015.74880561 -.00000522  00000-0 -16171-4 0  9991
2 45704  53.0526 184.4188 0001211  87.1398 272.9729 15.06403543145568
1 45704U 20035AZ  23015.74880561 -.00000522  00000-0 -16171-4 0  9991
2 45704  53.0526 184.4188 0001211  87.1398 272.9729 15.06403543145153
1 45704U 20035AZ  23016.14689259  .00001112  00000-0  93565-4 0  9993
2 45704  53.0524 182.6319 0001079  89.4100 270.7012 15.06394713145211
1 45704U 20035AZ  23016.47863148  .00000680  00000-0  64559-4 0  9990
2 45704  53.0530 181.1439 0001047  87.8567 272.2542 15.06391219145672
1 45704U 20035AZ  23016.87670706  .00001383  00000-0  11174-3 0  9995
2 45704  53.0531 179.3565 0001048  90.9398 269.1711 15.06399253145736
1 45704U 20035AZ  23017.47384066 -.00000511  00000-0 -15442-4 0  9990
2 45704  53.0529 176.6753 0001176  94.2453 265.8670 15.06391023145827
1 45704U 20035AZ  23017.47384066 -.00000511  00000-0 -15442-4 0  9990
2 45704  53.0529 176.6753 0001176  94.2453 265.8670 15.06391023145412
1 45704U 20035AZ  23017.73922393  .00000107  00000-0  26080-4 0  9999
2 45704  53.0533 175.4843 0001068 102.5959 257.5150 15.06395724145860
1 45704U 20035AZ  23018.53538501  .00001456  00000-0  11661-3 0  9998
2 45704  53.0531 171.9104 0001025  99.0552 261.0553 15.06397361145980
1 45704U 20035AZ  23018.53538501  .00001456  00000-0  11661-3 0  9998
2 45704  53.0531 171.9104 0001025  99.0552 261.0553 15.06397361145575
1 45704U 20035AZ  23018.66807528  .00001736  00000-0  13541-3 0  9990
2 45704  53.0533 171.3149 0000912  97.2793 262.8299 15.06402532146003
1 45704U 20035AZ  23019.39790182  .00000805  00000-0  72962-4 0  9997
2 45704  53.0535 168.0386 0000996  88.6469 271.4634 15.06388656146118
1 45704U 20035AZ  23019.39790182  .00000805  00000-0  72962-4 0  9997
2 45704  53.0535 168.0386 0000996  88.6469 271.4634 15.06388656145702
1 45704U 20035AZ  23020.12770988  .00000862  00000-0  76721-4 0  9992
2 45704  53.0534 164.7634 0000978  82.9937 277.1163 15.06400671145811
1 45704U 20035AZ  23020.39309775  .00000159  00000-0  29532-4 0  9990
2 45704  53.0532 163.5720 0001189  81.6784 278.4339 15.06402631146260
1 45704U 20035AZ  23021.18926291  .00000873  00000-0  77497-4 0  9992
2 45704  53.0529 159.9971 0001250  82.8577 277.2554 15.06392404145974
1 45704U 20035AZ  23022.38350466  .00001139  00000-0  95332-4 0  9994
2 45704  53.0544 154.6357 0001031  89.7327 270.3781 15.06398808146158
1 45704U 20035AZ  23022.78157790  .00000880  00000-0  77956-4 0  9997
2 45704  53.0539 152.8484 0001109  86.7975 273.3141 15.06410853146210
1 45704U 20035AZ  23023.04697746 -.00000938  00000-0 -44106-4 0  9994
2 45704  53.0541 151.6560 0001435  85.0573 275.0579 15.06398457146256
1 45704U 20035AZ  23024.37391538  .00000185  00000-0  31296-4 0  9999
2 45704  53.0517 145.7005 0001189  96.6998 263.4127 15.06399134146457
1 45704U 20035AZ  23024.63929744  .00001005  00000-0  86302-4 0  9994
2 45704  53.0539 144.5089 0001163  84.8061 275.3060 15.06405844146490
1 45704U 20035AZ  23025.50181779  .00001469  00000-0  11754-3 0  9991
2 45704  53.0536 140.6383 0001086  84.4485 275.6627 15.06391353146627
1 45704U 20035AZ  23025.56816086  .00000681  00000-0  64599-4 0  9994
2 45704  53.0533 140.3380 0001253  91.9639 268.1494 15.06398539147047
1 45704U 20035AZ  23026.03258717 -.00000277  00000-0  30840-6 0  9994
2 45704  53.0534 138.2543 0000672  83.0052 277.1014 15.06401634146701
1 45704U 20035AZ  23026.56336026  .00001181  00000-0  98153-4 0  9995
2 45704  53.0542 135.8731 0001281  67.3923 292.7202 15.06404498147198
1 45704U 20035AZ  23027.55856121  .00001535  00000-0  12188-3 0  9994
2 45704  53.0533 131.4027 0001198 106.3116 253.8005 15.06402539146937
1 45704U 20035AZ  23028.55376862 -.00000179  00000-0  68754-5 0  9990
2 45704  53.0533 126.9364 0001144  72.1295 287.9818 15.06400871147083
1 45704U 20035AZ  23028.68645958  .00000139  00000-0  28242-4 0  9991
2 45704  53.0535 126.3402 0001053  81.9699 278.1409 15.06402854147516
1 45704U 20035AZ  23028.95185645 -.00000790  00000-0 -34159-4 0  9992
2 45704  53.0531 125.1497 0001037  98.3833 261.7274 15.06393147147148
1 45704U 20035AZ  23029.68166308  .00000831  00000-0  74640-4 0  9991
2 45704  53.0537 121.8732 0001091  91.3613 268.7501 15.06401860147667
1 45704U 20035AZ  23029.68166308  .00000831  00000-0  74640-4 0  9991
2 45704  53.0537 121.8732 0001091  91.3613 268.7501 15.06401860147252
1 45704U 20035AZ  23030.41148713 -.00000160  00000-0  81498-5 0  9990
2 45704  53.0544 118.5965 0001147  96.7625 263.3495 15.06393992147366
1 45704U 20035AZ  23030.47783303  .00000008  00000-0  19441-4 0  9994
2 45704  53.0543 118.2986 0001151  96.3622 263.7498 15.06395226147788
1 45704U 20035AZ  23030.61052447  .00000239  00000-0  34921-4 0  9994
2 45704  53.0541 117.7015 0001277 105.7635 254.3495 15.06397884147809
1 45704U 20035AZ  23031.47303411  .00000410  00000-0  46422-4 0  9999
2 45704  53.0550 113.8314 0001323  95.9728 264.1412 15.06400575147937
1 45704U 20035AZ  23031.47303411  .00000410  00000-0  46422-4 0  9999
2 45704  53.0550 113.8314 0001323  95.9728 264.1412 15.06400575147522
1 45704U 20035AZ  23031.60572237 -.00001947  00000-0 -11179-3 0  9996
2 45704  53.0542 113.2353 0001167  92.8190 267.2932 15.06415231147543
1 45704U 20035AZ  23031.93746248  .00000144  00000-0  28541-4 0  9995
2 45704  53.0545 111.7459 0001228  88.3606 271.7524 15.06399007148007
1 45704U 20035AZ  23031.93746248  .00000144  00000-0  28541-4 0  9995
2 45704  53.0545 111.7459 0001228  88.3606 271.7524 15.06399007147590
