1 45711U 20035BG  22365.02829485  .00010439  00000-0  71837-3 0  9990
2 45711  53.0533 224.9897 0001395  86.3629 273.7519 15.06415925143608
1 45711U 20035BG  22365.02829485  .00010439  00000-0  71837-3 0  9990
2 45711  53.0533 224.9897 0001395  86.3629 273.7519 15.06415925143204
1 45711U 20035BG  22365.62541239  .00004969  00000-0  35213-3 0  9993
2 45711  53.0529 222.3089 0001440  86.1457 273.9697 15.06413816143691
1 45711U 20035BG  23001.02349691 -.00001299  00000-0 -68361-4 0  9999
2 45711  53.0533 220.5219 0001373  86.1891 273.9254 15.06397997143351
1 45711U 20035BG  23001.62062447 -.00006847  00000-0 -44147-3 0  9995
2 45711  53.0532 217.8418 0001472  88.4678 271.6480 15.06380070143842
1 45711U 20035BG  23001.88601622 -.00004426  00000-0 -27855-3 0  9995
2 45711  53.0530 216.6506 0001476  88.8281 271.2877 15.06381890143884
1 45711U 20035BG  23001.95236520 -.00003568  00000-0 -22082-3 0  9997
2 45711  53.0537 216.3532 0001381  86.7050 273.4097 15.06383946143492
1 45711U 20035BG  23002.61584016 -.00001493  00000-0 -81383-4 0  9992
2 45711  53.0534 213.3741 0001292  88.1224 271.9913 15.06382163143993
1 45711U 20035BG  23002.88123054 -.00000429  00000-0 -99239-5 0  9990
2 45711  53.0548 212.1832 0001282  90.6007 269.5128 15.06387465144039
1 45711U 20035BG  23003.61105536  .00003263  00000-0  23797-3 0  9998
2 45711  53.0533 208.9064 0001286  86.9805 273.1331 15.06382770143749
1 45711U 20035BG  23004.27452577  .00004044  00000-0  29026-3 0  9990
2 45711  53.0533 205.9281 0001278  87.2165 272.8970 15.06392611144247
1 45711U 20035BG  23004.80528061  .00008653  00000-0  59870-3 0  9991
2 45711  53.0531 203.5450 0000205  96.6413 263.4599 15.06421197144320
1 45711U 20035BG  23004.80528061  .00008653  00000-0  59870-3 0  9991
2 45711  53.0531 203.5450 0000205  96.6413 263.4599 15.06421197143925
1 45711U 20035BG  23005.26970927  .00005030  00000-0  35615-3 0  9991
2 45711  53.0529 201.4603 0001549  94.0517 266.0649 15.06416879143991
1 45711U 20035BG  23005.53509222  .00002454  00000-0  18352-3 0  9993
2 45711  53.0524 200.2705 0001714  92.8944 267.2241 15.06416493144433
1 45711U 20035BG  23005.80048109  .00001093  00000-0  92271-4 0  9996
2 45711  53.0537 199.0779 0001705  97.3276 262.7907 15.06411291144475
1 45711U 20035BG  23006.26490874 -.00000034  00000-0  16611-4 0  9996
2 45711  53.0532 196.9941 0001531  91.3251 268.7913 15.06405684144147
1 45711U 20035BG  23006.92838224 -.00002886  00000-0 -17493-3 0  9990
2 45711  53.0537 194.0144 0001447 104.3570 255.7579 15.06400749144647
1 45711U 20035BG  23006.92838224 -.00002886  00000-0 -17493-3 0  9990
2 45711  53.0537 194.0144 0001447 104.3570 255.7579 15.06400749144243
1 45711U 20035BG  23007.52550802 -.00000442  00000-0 -10773-4 0  9991
2 45711  53.0541 191.3340 0001304  94.3596 265.7542 15.06388277144336
1 45711U 20035BG  23007.85722663  .00002080  00000-0  15847-3 0  9997
2 45711  53.0541 189.8447 0001531 102.3387 257.7773 15.06405977144789
1 45711U 20035BG  23007.92357168  .00002284  00000-0  17212-3 0  9993
2 45711  53.0541 189.5463 0001579 101.8995 258.2171 15.06407815144393
1 45711U 20035BG  23008.52069568  .00002367  00000-0  17778-3 0  9993
2 45711  53.0539 186.8667 0001763 108.3033 251.8148 15.06398739144887
1 45711U 20035BG  23008.52069568  .00002367  00000-0  17778-3 0  9993
2 45711  53.0539 186.8667 0001763 108.3033 251.8148 15.06398739144483
1 45711U 20035BG  23008.91878126  .00001668  00000-0  13085-3 0  9994
2 45711  53.0540 185.0806 0001523 102.6729 257.4430 15.06394597144949
1 45711U 20035BG  23008.91878126  .00001668  00000-0  13085-3 0  9994
2 45711  53.0540 185.0806 0001523 102.6729 257.4430 15.06394597144545
1 45711U 20035BG  23009.25052501  .00000052  00000-0  22418-4 0  9990
2 45711  53.0545 183.5897 0001297 106.1758 253.9374 15.06386092144990
1 45711U 20035BG  23009.58225835  .00000098  00000-0  25457-4 0  9994
2 45711  53.0544 182.1004 0001306 106.7442 253.3691 15.06390086144647
1 45711U 20035BG  23009.84764401  .00000310  00000-0  39687-4 0  9997
2 45711  53.0542 180.9095 0001301 104.1085 256.0049 15.06393625145089
1 45711U 20035BG  23010.17937130 -.00002188  00000-0 -12802-3 0  9992
2 45711  53.0544 179.4199 0001251 110.6594 249.4529 15.06409255145132
1 45711U 20035BG  23010.17937130 -.00002188  00000-0 -12802-3 0  9992
2 45711  53.0544 179.4199 0001251 110.6594 249.4529 15.06409255144737
1 45711U 20035BG  23010.84283346  .00001147  00000-0  95888-4 0  9997
2 45711  53.0541 176.4415 0001277 108.7363 251.3764 15.06407046145237
1 45711U 20035BG  23011.17458518  .00000171  00000-0  30416-4 0  9991
2 45711  53.0541 174.9520 0001584  98.0381 262.0787 15.06385678144889
1 45711U 20035BG  23011.83805741 -.00000225  00000-0  38131-5 0  9992
2 45711  53.0542 171.9730 0001286 106.9742 253.1388 15.06387558145382
1 45711U 20035BG  23012.76690406  .00000392  00000-0  45198-4 0  9999
2 45711  53.0538 167.8031 0001355 106.9411 253.1727 15.06404580145523
1 45711U 20035BG  23012.76690406  .00000392  00000-0  45198-4 0  9999
2 45711  53.0538 167.8031 0001355 106.9411 253.1727 15.06404580145129
1 45711U 20035BG  23013.56308760  .00000779  00000-0  71210-4 0  9990
2 45711  53.0537 164.2299 0000972  86.5710 273.5390 15.06379587145247
1 45711U 20035BG  23013.69578298  .00000955  00000-0  83033-4 0  9991
2 45711  53.0541 163.6343 0001203  89.2639 270.8488 15.06379897145661
1 45711U 20035BG  23014.09386044  .00000788  00000-0  71811-4 0  9997
2 45711  53.0546 161.8465 0001160  87.8897 272.2224 15.06390904145322
1 45711U 20035BG  23014.55827881  .00001585  00000-0  12526-3 0  9990
2 45711  53.0551 159.7617 0001411  73.7723 286.3421 15.06405109145390
1 45711U 20035BG  23014.69096516  .00002315  00000-0  17418-3 0  9995
2 45711  53.0544 159.1664 0001168  79.2721 280.8399 15.06412062145418
1 45711U 20035BG  23015.08905460  .00002349  00000-0  17651-3 0  9992
2 45711  53.0543 157.3809 0001211  80.1415 279.9711 15.06398823145479
1 45711U 20035BG  23015.61983295  .00002503  00000-0  18686-3 0  9994
2 45711  53.0540 154.9968 0001202  91.3731 268.7395 15.06398096145959
1 45711U 20035BG  23015.68617716  .00002783  00000-0  20566-3 0  9993
2 45711  53.0543 154.6990 0001134  86.9738 273.1380 15.06400582145964
1 45711U 20035BG  23016.08426090  .00001561  00000-0  12365-3 0  9992
2 45711  53.0534 152.9121 0001121  93.1817 266.9300 15.06400379145624
1 45711U 20035BG  23016.54869172 -.00000665  00000-0 -25772-4 0  9998
2 45711  53.0540 150.8275 0001284  91.1971 268.9165 15.06400482146095
1 45711U 20035BG  23016.74772460 -.00000372  00000-0 -60805-5 0  9995
2 45711  53.0544 149.9335 0001177  91.0345 269.0779 15.06409825146127
1 45711U 20035BG  23017.07946889  .00000512  00000-0  53249-4 0  9997
2 45711  53.0562 148.4444 0001533  83.7095 276.4068 15.06393338145772
1 45711U 20035BG  23017.61024405  .00001289  00000-0  10546-3 0  9992
2 45711  53.0544 146.0629 0001538  85.6030 274.5134 15.06394337146253
1 45711U 20035BG  23018.34005874  .00001499  00000-0  11954-3 0  9999
2 45711  53.0546 142.7875 0001473  88.4035 271.7122 15.06395846145964
1 45711U 20035BG  23018.60543938  .00001716  00000-0  13401-3 0  9997
2 45711  53.0543 141.5981 0001385  69.9188 290.1950 15.06406858146007
1 45711U 20035BG  23019.33526407  .00000996  00000-0  85755-4 0  9991
2 45711  53.0530 138.3189 0001513  87.7109 272.4054 15.06394908146517
1 45711U 20035BG  23019.33526407  .00000996  00000-0  85755-4 0  9991
2 45711  53.0530 138.3189 0001513  87.7109 272.4054 15.06394908146113
1 45711U 20035BG  23020.46315311 -.00000193  00000-0  59392-5 0  9996
2 45711  53.0558 133.2556 0001186 104.1065 256.0056 15.06409993146689
1 45711U 20035BG  23020.46315311 -.00000193  00000-0  59392-5 0  9996
2 45711  53.0558 133.2556 0001186 104.1065 256.0056 15.06409993146285
1 45711U 20035BG  23021.45835983 -.00001600  00000-0 -88492-4 0  9995
2 45711  53.0585 128.7939 0001897 112.3913 247.7277 15.06408009146437
1 45711U 20035BG  23022.45356381  .00000096  00000-0  25353-4 0  9999
2 45711  53.0565 124.3225 0001300  99.7511 260.3625 15.06401982146583
1 45711U 20035BG  23022.71894302  .00001371  00000-0  11088-3 0  9994
2 45711  53.0559 123.1292 0001220  95.4162 264.6966 15.06410760146627
1 45711U 20035BG  23023.24973055  .00000169  00000-0  30242-4 0  9994
2 45711  53.0555 120.7463 0001318  90.2895 269.8245 15.06387194146700
1 45711U 20035BG  23024.24493273  .00000056  00000-0  22665-4 0  9999
2 45711  53.0540 116.2779 0001197  95.7881 264.3245 15.06396984146857
1 45711U 20035BG  23024.51031678  .00002508  00000-0  18716-3 0  9991
2 45711  53.0543 115.0873 0001124  95.1695 264.9422 15.06404486146893
1 45711U 20035BG  23025.50552466  .00001826  00000-0  14149-3 0  9992
2 45711  53.0550 110.6198 0001198 101.0625 259.0498 15.06394830147444
1 45711U 20035BG  23025.50552466  .00001826  00000-0  14149-3 0  9992
2 45711  53.0550 110.6198 0001198 101.0625 259.0498 15.06394830147040
1 45711U 20035BG  23026.50072334  .00002920  00000-0  21480-3 0  9996
2 45711  53.0536 106.1536 0001388  81.1393 278.9753 15.06407020147591
1 45711U 20035BG  23026.50072334  .00002920  00000-0  21480-3 0  9996
2 45711  53.0536 106.1536 0001388  81.1393 278.9753 15.06407020147197
1 45711U 20035BG  23027.49592887  .00000907  00000-0  79751-4 0  9993
2 45711  53.0553 101.6891 0001348 102.3189 257.7951 15.06396593147743
1 45711U 20035BG  23027.49592887  .00000907  00000-0  79751-4 0  9993
2 45711  53.0553 101.6891 0001348 102.3189 257.7951 15.06396593147349
1 45711U 20035BG  23028.49113300  .00001004  00000-0  86264-4 0  9999
2 45711  53.0550  97.2178 0001139  98.1490 261.9628 15.06398562147895
1 45711U 20035BG  23028.88921360 -.00000345  00000-0 -43041-5 0  9991
2 45711  53.0551  95.4313 0001095  92.9142 267.1973 15.06401506147955
1 45711U 20035BG  23029.22096119  .00000023  00000-0  20413-4 0  9993
2 45711  53.0552  93.9417 0001036  84.7898 275.3210 15.06382594147608
1 45711U 20035BG  23029.41999890 -.00001861  00000-0 -10608-3 0  9999
2 45711  53.0552  93.0487 0000987  82.2736 277.8365 15.06394915147635
1 45711U 20035BG  23029.88442311  .00001218  00000-0  10068-3 0  9995
2 45711  53.0550  90.9634 0001079  79.5798 280.5313 15.06393848148104
1 45711U 20035BG  23030.14980915  .00001674  00000-0  13125-3 0  9996
2 45711  53.0550  89.7719 0001078  79.2888 280.8222 15.06395727147749
1 45711U 20035BG  23030.48154104  .00003824  00000-0  27546-3 0  9997
2 45711  53.0550  88.2826 0001113  79.6582 280.4533 15.06396913148196
1 45711U 20035BG  23030.87961945  .00001518  00000-0  12077-3 0  9990
2 45711  53.0549  86.4946 0001036  93.8721 266.2387 15.06402560148256
1 45711U 20035BG  23031.47674460  .00001657  00000-0  13014-3 0  9996
2 45711  53.0555  83.8142 0001209  80.0267 280.0858 15.06398708147947
1 45711U 20035BG  23031.87482322  .00001390  00000-0  11221-3 0  9996
2 45711  53.0553  82.0280 0001230  77.4268 282.6859 15.06402214148403
