1 45712U 20035BH  22365.02461357  .00002884  00000-0  21243-3 0  9992
2 45712  53.0529 225.0001 0001382  82.3875 277.7270 15.06401822143618
1 45712U 20035BH  22365.02461357  .00002884  00000-0  21243-3 0  9992
2 45712  53.0529 225.0001 0001382  82.3875 277.7270 15.06401822143203
1 45712U 20035BH  23001.01981768  .00003733  00000-0  26935-3 0  9999
2 45712  53.0522 220.5324 0001368  80.1484 279.9659 15.06405371143769
1 45712U 20035BH  23001.01981768  .00003733  00000-0  26935-3 0  9999
2 45712  53.0522 220.5324 0001368  80.1484 279.9659 15.06405371143354
1 45712U 20035BH  23001.88233136 -.00000990  00000-0 -47608-4 0  9998
2 45712  53.0518 216.6599 0001390  82.0568 278.0579 15.06394359143891
1 45712U 20035BH  23002.01502362 -.00000935  00000-0 -43875-4 0  9995
2 45712  53.0522 216.0640 0001418  81.5741 278.5408 15.06397017143503
1 45712U 20035BH  23002.61214499  .00000820  00000-0  73942-4 0  9991
2 45712  53.0532 213.3832 0001455  83.4851 276.6304 15.06397440144001
1 45712U 20035BH  23002.87752995  .00001187  00000-0  98559-4 0  9995
2 45712  53.0533 212.1923 0001467  85.9551 274.1606 15.06399931144046
1 45712U 20035BH  23003.60735718  .00000139  00000-0  28242-4 0  9999
2 45712  53.0541 208.9161 0001490  85.4126 274.7034 15.06387233143740
1 45712U 20035BH  23004.53621319  .00000625  00000-0  60869-4 0  9994
2 45712  53.0532 204.7457 0001337  85.9619 274.1523 15.06393436144294
1 45712U 20035BH  23004.80159880  .00000847  00000-0  75778-4 0  9994
2 45712  53.0533 203.5545 0001335  85.8648 274.2493 15.06396674144338
1 45712U 20035BH  23004.80159880  .00000847  00000-0  75778-4 0  9994
2 45712  53.0533 203.5545 0001335  85.8648 274.2493 15.06396674143922
1 45712U 20035BH  23005.53141553  .00003236  00000-0  23604-3 0  9998
2 45712  53.0526 200.2785 0001351  83.0817 277.0325 15.06396063144445
1 45712U 20035BH  23005.79680324  .00004643  00000-0  33038-3 0  9995
2 45712  53.0524 199.0871 0001313  83.9894 276.1245 15.06397429144488
1 45712U 20035BH  23006.26122657  .00004271  00000-0  30537-3 0  9996
2 45712  53.0523 197.0021 0001354  82.8393 277.2750 15.06406044144149
1 45712U 20035BH  23006.65931180  .00000528  00000-0  54331-4 0  9998
2 45712  53.0516 195.2148 0001321  83.3848 276.7291 15.06395769144208
1 45712U 20035BH  23006.92469902  .00000756  00000-0  69666-4 0  9996
2 45712  53.0517 194.0234 0001311  83.2369 276.8769 15.06397193144651
1 45712U 20035BH  23007.91990084  .00001370  00000-0  11086-3 0  9991
2 45712  53.0519 189.5557 0001459  84.0015 276.1140 15.06401737144803
1 45712U 20035BH  23007.91990084  .00001370  00000-0  11086-3 0  9991
2 45712  53.0519 189.5557 0001459  84.0015 276.1140 15.06401737144397
1 45712U 20035BH  23008.51702068  .00003365  00000-0  24468-3 0  9995
2 45712  53.0519 186.8747 0001432  84.1916 275.9236 15.06403052144890
1 45712U 20035BH  23008.91509796  .00004194  00000-0  30017-3 0  9990
2 45712  53.0520 185.0875 0001477  83.1733 276.9424 15.06410081144957
1 45712U 20035BH  23009.44586794  .00003370  00000-0  24497-3 0  9992
2 45712  53.0521 182.7046 0001479  83.6498 276.4659 15.06412433145035
1 45712U 20035BH  23009.44586794  .00003370  00000-0  24497-3 0  9992
2 45712  53.0521 182.7046 0001479  83.6498 276.4659 15.06412433144629
1 45712U 20035BH  23009.84395274 -.00000558  00000-0 -18535-4 0  9991
2 45712  53.0523 180.9179 0001524  84.6788 275.4375 15.06400635145099
1 45712U 20035BH  23010.17568590  .00000852  00000-0  76054-4 0  9997
2 45712  53.0526 179.4287 0001530  84.4640 275.6523 15.06403940144736
1 45712U 20035BH  23010.50741452  .00002180  00000-0  16518-3 0  9998
2 45712  53.0528 177.9392 0001504  85.0718 275.0442 15.06411643145196
1 45712U 20035BH  23010.50741452  .00002180  00000-0  16518-3 0  9998
2 45712  53.0528 177.9392 0001504  85.0718 275.0442 15.06411643144780
1 45712U 20035BH  23010.83914452  .00002892  00000-0  21286-3 0  9994
2 45712  53.0524 176.4497 0001482  84.0811 276.0346 15.06415766145240
1 45712U 20035BH  23011.17088390 -.00000622  00000-0 -22833-4 0  9996
2 45712  53.0530 174.9608 0001309  87.5054 272.6085 15.06401403144883
1 45712U 20035BH  23011.23723198 -.00001041  00000-0 -50998-4 0  9994
2 45712  53.0524 174.6627 0001459  88.1701 271.9455 15.06399469145305
1 45712U 20035BH  23011.70166613 -.00001006  00000-0 -48653-4 0  9995
2 45712  53.0527 172.5776 0001291  90.9725 269.1412 15.06390036144965
1 45712U 20035BH  23011.83435850 -.00000357  00000-0 -50963-5 0  9997
2 45712  53.0525 171.9817 0001334  90.5826 269.5316 15.06393761145391
1 45712U 20035BH  23012.69687361 -.00000456  00000-0 -11743-4 0  9990
2 45712  53.0524 168.1097 0001373  90.6579 269.4567 15.06391885145524
1 45712U 20035BH  23013.55938888  .00003661  00000-0  26459-3 0  9997
2 45712  53.0524 164.2369 0001296  99.7436 260.3699 15.06391977145246
1 45712U 20035BH  23013.69208362  .00003473  00000-0  25201-3 0  9994
2 45712  53.0528 163.6426 0001223  95.2678 264.8451 15.06392228145678
1 45712U 20035BH  23014.75362930  .00004890  00000-0  34687-3 0  9996
2 45712  53.0525 158.8772 0001161  88.8335 271.2787 15.06407132145422
1 45712U 20035BH  23015.08536530  .00002204  00000-0  16679-3 0  9990
2 45712  53.0522 157.3850 0000955  77.3835 282.7261 15.06400099145472
1 45712U 20035BH  23015.54979923  .00000519  00000-0  53769-4 0  9997
2 45712  53.0526 155.3031 0001277  81.8862 278.2272 15.06394370145547
1 45712U 20035BH  23015.61614447  .00001442  00000-0  11567-3 0  9997
2 45712  53.0521 155.0044 0001273  90.3863 269.7272 15.06397732145961
1 45712U 20035BH  23015.68248886  .00003740  00000-0  26978-3 0  9999
2 45712  53.0526 154.7078 0001240  90.5685 269.5446 15.06404602145974
1 45712U 20035BH  23015.68248886  .00003740  00000-0  26978-3 0  9999
2 45712  53.0526 154.7078 0001240  90.5685 269.5446 15.06404602145569
1 45712U 20035BH  23016.41230745  .00010032  00000-0  69135-3 0  9990
2 45712  53.0521 151.4312 0001251  87.7455 272.3677 15.06402521145672
1 45712U 20035BH  23016.54500066  .00008811  00000-0  60962-3 0  9991
2 45712  53.0520 150.8355 0001277  96.3027 263.8107 15.06402669146105
1 45712U 20035BH  23016.74403944  .00012759  00000-0  87362-3 0  9999
2 45712  53.0520 149.9419 0001242  81.7030 278.4099 15.06411904146136
1 45712U 20035BH  23017.07577643  .00008391  00000-0  58149-3 0  9992
2 45712  53.0529 148.4530 0001202  90.5099 269.6027 15.06401900145779
1 45712U 20035BH  23017.60655346  .00004959  00000-0  35158-3 0  9999
2 45712  53.0525 146.0695 0001213 103.5633 256.5491 15.06399110146266
1 45712U 20035BH  23017.60655346  .00004959  00000-0  35158-3 0  9999
2 45712  53.0525 146.0695 0001213 103.5633 256.5491 15.06399110145850
1 45712U 20035BH  23018.33635988  .00020901  00000-0  14167-2 0  9991
2 45712  53.0522 142.7937 0001210  88.5219 271.5909 15.06430737145962
1 45712U 20035BH  23018.60173896  .00025665  00000-0  17333-2 0  9996
2 45712  53.0524 141.6022 0001212  86.8225 273.2903 15.06449689146417
1 45712U 20035BH  23018.60173896  .00025665  00000-0  17333-2 0  9996
2 45712  53.0524 141.6022 0001212  86.8225 273.2903 15.06449689146002
1 45712U 20035BH  23019.33156268  .00020981  00000-0  14233-2 0  9993
2 45712  53.0529 138.3261 0001534  84.0973 276.0191 15.06397755146525
1 45712U 20035BH  23019.33156268  .00020981  00000-0  14233-2 0  9993
2 45712  53.0529 138.3261 0001534  84.0973 276.0191 15.06397755146110
1 45712U 20035BH  23019.59695562  .00028253  00000-0  19092-2 0  9994
2 45712  53.0532 137.1353 0001324  58.8383 301.2736 15.06376676146153
1 45712U 20035BH  23020.45946963  .00022423  00000-0  15191-2 0  9994
2 45712  53.0542 133.2642 0001474  64.5241 295.5901 15.06407896146692
1 45712U 20035BH  23020.45946963  .00022423  00000-0  15191-2 0  9994
2 45712  53.0542 133.2642 0001474  64.5241 295.5901 15.06407896146287
1 45712U 20035BH  23020.99024258  .00017825  00000-0  12121-2 0  9997
2 45712  53.0541 130.8771 0001667  48.4461 311.6671 15.06412603146366
1 45712U 20035BH  23021.45467406  .00016465  00000-0  11217-2 0  9999
2 45712  53.0538 128.7961 0001668  50.7127 309.4010 15.06399502146437
1 45712U 20035BH  23021.65371175  .00031885  00000-0  21489-2 0  9993
2 45712  53.0538 127.9025 0001478  64.3922 295.7220 15.06415810146466
1 45712U 20035BH  23022.58256989  .00026829  00000-0  18124-2 0  9995
2 45712  53.0540 123.7328 0001311  71.4071 288.7060 15.06415505146600
1 45712U 20035BH  23023.24604047  .00016498  00000-0  11238-2 0  9991
2 45712  53.0532 120.7542 0001854  80.3312 279.7886 15.06402593146705
1 45712U 20035BH  23024.24124605  .00016148  00000-0  11003-2 0  9991
2 45712  53.0525 116.2867 0002240 101.6643 258.4597 15.06404648146853
1 45712U 20035BH  23024.50663362  .00004811  00000-0  34163-3 0  9995
2 45712  53.0531 115.0963 0001592  85.1524 274.9646 15.06400324146896
1 45712U 20035BH  23025.50183917  .00001587  00000-0  12542-3 0  9993
2 45712  53.0525 110.6274 0001620  87.8815 272.2359 15.06397537147455
1 45712U 20035BH  23025.50183917  .00001587  00000-0  12542-3 0  9993
2 45712  53.0525 110.6274 0001620  87.8815 272.2359 15.06397537147040
1 45712U 20035BH  23026.49704255 -.00000036  00000-0  16449-4 0  9996
2 45712  53.0533 106.1615 0001445  72.1783 287.9364 15.06398354147603
1 45712U 20035BH  23027.42592811 -.00001628  00000-0 -90480-4 0  9999
2 45712  53.0546 101.9906 0001249  90.1446 269.9686 15.06373958147746
1 45712U 20035BH  23027.42592811 -.00001628  00000-0 -90480-4 0  9999
2 45712  53.0546 101.9906 0001249  90.1446 269.9686 15.06373958147331
1 45712U 20035BH  23028.55381208  .00010645  00000-0  73220-3 0  9999
2 45712  53.0535  96.9265 0001194  92.6912 267.4214 15.06413162147505
1 45712U 20035BH  23028.88554521  .00010729  00000-0  73769-3 0  9996
2 45712  53.0534  95.4363 0001255 100.1530 259.9600 15.06418974147967
1 45712U 20035BH  23029.41630039  .00024823  00000-0  16769-2 0  9991
2 45712  53.0531  93.0543 0000956 101.4578 258.6519 15.06456834147637
1 45712U 20035BH  23029.88072756  .00000143  00000-0  28519-4 0  9995
2 45712  53.0533  90.9689 0002128  81.9538 278.1692 15.06420822148118
1 45712U 20035BH  23030.21245868 -.00009148  00000-0 -59594-3 0  9992
2 45712  53.0539  89.4799 0001492  97.6567 262.4591 15.06405831147754
1 45712U 20035BH  23030.47784891 -.00006878  00000-0 -44327-3 0  9999
2 45712  53.0533  88.2884 0001309  87.7606 272.3533 15.06399315148207
1 45712U 20035BH  23030.87593209 -.00001621  00000-0 -89946-4 0  9992
2 45712  53.0534  86.5013 0001348  86.2684 273.8459 15.06396379148262
1 45712U 20035BH  23031.47305698  .00008364  00000-0  57974-3 0  9996
2 45712  53.0538  83.8213 0001445  83.7438 276.3716 15.06401190147941
1 45712U 20035BH  23031.87113808  .00007300  00000-0  50844-3 0  9998
2 45712  53.0537  82.0345 0001488  82.0086 278.1072 15.06403524148416
