1 45721U 20036A   22365.12699458  .00000188  00000-0  82667-4 0  9992
2 45721  98.5371 300.7570 0001580 202.8111 157.3008 14.34142966133792
1 45721U 20036A   22365.47583499  .00000183  00000-0  81052-4 0  9999
2 45721  98.5371 301.1015 0001600 200.9497 159.1618 14.34143064133843
1 45721U 20036A   22365.89444356  .00000189  00000-0  83016-4 0  9991
2 45721  98.5371 301.5149 0001619 199.3107 160.8022 14.34143330133905
1 45721U 20036A   23001.10374771  .00000197  00000-0  86051-4 0  9997
2 45721  98.5371 301.7216 0001612 198.7814 161.3317 14.34143515133934
1 45721U 20036A   23001.45258797  .00000193  00000-0  84420-4 0  9998
2 45721  98.5371 302.0660 0001635 197.4533 162.6592 14.34143626133987
1 45721U 20036A   23001.80142836  .00000194  00000-0  85085-4 0  9992
2 45721  98.5371 302.4101 0001656 196.1809 163.9331 14.34143831134036
1 45721U 20036A   23002.15026851  .00000203  00000-0  88142-4 0  9997
2 45721  98.5371 302.7547 0001659 195.2478 164.8671 14.34144117134088
1 45721U 20036A   23002.56887650  .00000206  00000-0  89324-4 0  9990
2 45721  98.5371 303.1681 0001686 192.9986 167.1156 14.34144338134146
1 45721U 20036A   23002.77818061  .00000207  00000-0  89449-4 0  9992
2 45721  98.5372 303.3749 0001698 192.3924 167.7225 14.34144468134173
1 45721U 20036A   23002.98748458  .00000207  00000-0  89693-4 0  9998
2 45721  98.5372 303.5815 0001698 191.8480 168.2667 14.34144585134200
1 45721U 20036A   23003.19678861  .00000210  00000-0  90469-4 0  9999
2 45721  98.5372 303.7882 0001713 191.1038 169.0116 14.34144728134236
1 45721U 20036A   23003.47586055  .00000212  00000-0  91291-4 0  9999
2 45721  98.5373 304.0640 0001716 189.9082 170.2066 14.34144870134270
1 45721U 20036A   23003.82470064  .00000215  00000-0  92336-4 0  9994
2 45721  98.5373 304.4085 0001741 188.3019 171.8141 14.34145079134327
1 45721U 20036A   23004.10377256  .00000215  00000-0  92471-4 0  9995
2 45721  98.5373 304.6841 0001753 187.4693 172.6468 14.34145228134361
1 45721U 20036A   23004.59214840  .00000214  00000-0  92235-4 0  9994
2 45721  98.5374 305.1664 0001773 185.4280 174.6876 14.34145437134438
1 45721U 20036A   23004.59214840  .00000214  00000-0  92235-4 0  9994
2 45721  98.5374 305.1664 0001773 185.4280 174.6876 14.34145437134438
1 45721U 20036A   23004.80145254  .00000213  00000-0  91683-4 0  9995
2 45721  98.5373 305.3731 0001777 184.5465 175.5705 14.34145540134462
1 45721U 20036A   23005.08052442  .00000217  00000-0  93191-4 0  9992
2 45721  98.5373 305.6487 0001800 183.9087 176.2093 14.34145746134504
1 45721U 20036A   23005.35959610  .00000216  00000-0  92762-4 0  9997
2 45721  98.5374 305.9242 0001818 182.6741 177.4434 14.34145881134545
1 45721U 20036A   23006.12704353  .00000217  00000-0  93195-4 0  9997
2 45721  98.5373 306.6821 0001862 179.9774 180.1412 14.34146295134658
1 45721U 20036A   23006.54565108  .00000217  00000-0  93258-4 0  9996
2 45721  98.5373 307.0956 0001884 178.5550 181.5636 14.34146495134715
1 45721U 20036A   23006.82472289  .00000217  00000-0  92984-4 0  9999
2 45721  98.5374 307.3711 0001890 177.7182 182.4013 14.34146639134750
1 45721U 20036A   23007.10379452  .00000219  00000-0  93732-4 0  9993
2 45721  98.5374 307.6467 0001901 177.0801 183.0400 14.34146824134792
1 45721U 20036A   23007.10379452  .00000219  00000-0  93732-4 0  9993
2 45721  98.5374 307.6467 0001901 177.0801 183.0400 14.34146824134792
1 45721U 20036A   23007.52240184  .00000217  00000-0  92988-4 0  9998
2 45721  98.5374 308.0602 0001913 175.5270 184.5922 14.34146994134854
1 45721U 20036A   23007.73170575  .00000216  00000-0  92761-4 0  9995
2 45721  98.5374 308.2669 0001925 174.7114 185.4094 14.34147107134880
1 45721U 20036A   23008.15031297  .00000220  00000-0  94195-4 0  9997
2 45721  98.5375 308.6802 0001957 173.7784 186.3433 14.34147400134941
1 45721U 20036A   23008.49915220  .00000220  00000-0  94158-4 0  9990
2 45721  98.5376 309.0248 0001956 172.4981 187.6223 14.34147550134997
1 45721U 20036A   23008.49915220  .00000220  00000-0  94158-4 0  9990
2 45721  98.5376 309.0248 0001956 172.4981 187.6223 14.34147550134997
1 45721U 20036A   23008.84799168  .00000223  00000-0  95281-4 0  9991
2 45721  98.5376 309.3692 0001986 171.4799 188.6427 14.34147805135049
1 45721U 20036A   23008.84799168  .00000223  00000-0  95281-4 0  9991
2 45721  98.5376 309.3692 0001986 171.4799 188.6427 14.34147805135049
1 45721U 20036A   23009.26659870  .00000223  00000-0  95165-4 0  9994
2 45721  98.5376 309.7826 0002002 170.2499 189.8731 14.34148051135108
1 45721U 20036A   23009.47590215  .00000222  00000-0  94965-4 0  9990
2 45721  98.5377 309.9894 0002002 169.6565 190.4656 14.34148135135132
1 45721U 20036A   23009.82474149  .00000232  00000-0  98421-4 0  9998
2 45721  98.5377 310.3338 0002099 169.2227 190.9026 14.34148451135180
1 45721U 20036A   23009.96427673  .00000232  00000-0  98332-4 0  9994
2 45721  98.5378 310.4716 0002101 168.8507 191.2726 14.34148528135201
1 45721U 20036A   23010.10381238  .00000232  00000-0  98481-4 0  9993
2 45721  98.5377 310.6093 0002122 168.8085 191.3153 14.34148623135227
1 45721U 20036A   23010.45265140  .00000239  00000-0  10093-3 0  9993
2 45721  98.5379 310.9540 0002128 167.4406 192.6833 14.34148869135273
1 45721U 20036A   23010.80149052  .00000235  00000-0  99417-4 0  9999
2 45721  98.5379 311.2984 0002177 166.6021 193.5226 14.34149017135325
1 45721U 20036A   23010.80149052  .00000235  00000-0  99417-4 0  9999
2 45721  98.5379 311.2984 0002177 166.6021 193.5226 14.34149017135325
1 45721U 20036A   23011.08056166  .00000235  00000-0  99693-4 0  9999
2 45721  98.5379 311.5740 0002178 165.7778 194.3471 14.34149195135360
1 45721U 20036A   23011.49916829  .00000235  00000-0  99698-4 0  9990
2 45721  98.5381 311.9875 0002199 164.3982 195.7260 14.34149396135422
1 45721U 20036A   23011.49916829  .00000235  00000-0  99698-4 0  9990
2 45721  98.5381 311.9875 0002199 164.3982 195.7260 14.34149396135422
1 45721U 20036A   23011.77823961  .00000238  00000-0  10050-3 0  9992
2 45721  98.5382 312.2631 0002225 163.4697 196.6568 14.34149603135466
1 45721U 20036A   23011.77823961  .00000238  00000-0  10050-3 0  9992
2 45721  98.5382 312.2631 0002225 163.4697 196.6568 14.34149603135466
1 45721U 20036A   23012.12707837  .00000238  00000-0  10074-3 0  9991
2 45721  98.5382 312.6075 0002239 162.5563 197.5704 14.34149818135515
1 45721U 20036A   23012.68522038  .00000248  00000-0  10411-3 0  9996
2 45721  98.5384 313.1587 0002258 160.9455 199.1817 14.34150213135596
1 45721U 20036A   23012.68522038  .00000248  00000-0  10411-3 0  9996
2 45721  98.5384 313.1587 0002258 160.9455 199.1817 14.34150213135596
1 45721U 20036A   23012.96429133  .00000250  00000-0  10501-3 0  9992
2 45721  98.5383 313.4343 0002266 160.2109 199.9171 14.34150421135633
1 45721U 20036A   23013.10382668  .00000254  00000-0  10630-3 0  9997
2 45721  98.5384 313.5722 0002289 159.8867 200.2414 14.34150545135651
1 45721U 20036A   23013.45266523  .00000261  00000-0  10880-3 0  9991
2 45721  98.5385 313.9168 0002311 158.4100 201.7189 14.34150831135700
1 45721U 20036A   23013.80150368  .00000264  00000-0  10983-3 0  9996
2 45721  98.5385 314.2613 0002331 157.7177 202.4115 14.34151087135753
1 45721U 20036A   23013.80150368  .00000264  00000-0  10983-3 0  9996
2 45721  98.5385 314.2613 0002331 157.7177 202.4115 14.34151087135753
1 45721U 20036A   23014.28987727  .00000270  00000-0  11211-3 0  9998
2 45721  98.5386 314.7436 0002354 156.4986 203.6310 14.34151492135829
1 45721U 20036A   23014.98755388  .00000283  00000-0  11658-3 0  9990
2 45721  98.5388 315.4327 0002386 154.4184 205.7130 14.34152090135920
1 45721U 20036A   23015.12708898  .00000285  00000-0  11747-3 0  9992
2 45721  98.5387 315.5704 0002409 154.0495 206.0815 14.34152216135942
1 45721U 20036A   23015.33639186  .00000287  00000-0  11827-3 0  9999
2 45721  98.5388 315.7772 0002414 153.4153 206.7161 14.34152390135977
1 45721U 20036A   23015.61546233  .00000295  00000-0  12098-3 0  9990
2 45721  98.5389 316.0528 0002428 152.7443 207.3874 14.34152644136016
1 45721U 20036A   23015.82476514  .00000300  00000-0  12292-3 0  9990
2 45721  98.5389 316.2594 0002433 152.5028 207.6298 14.34152871136042
1 45721U 20036A   23015.89453252  .00000302  00000-0  12361-3 0  9990
2 45721  98.5389 316.3283 0002431 152.3108 207.8210 14.34152946136053
1 45721U 20036A   23016.31313800  .00000311  00000-0  12680-3 0  9996
2 45721  98.5389 316.7417 0002457 151.0951 209.0378 14.34153365136118
1 45721U 20036A   23016.52244064  .00000320  00000-0  12996-3 0  9994
2 45721  98.5390 316.9485 0002452 150.3941 209.7386 14.34153590136142
1 45721U 20036A   23016.80151066  .00000330  00000-0  13351-3 0  9991
2 45721  98.5389 317.2240 0002481 149.9752 210.1581 14.34153939136183
1 45721U 20036A   23016.80151066  .00000330  00000-0  13351-3 0  9991
2 45721  98.5389 317.2240 0002481 149.9752 210.1581 14.34153939136183
1 45721U 20036A   23017.28988302  .00000348  00000-0  13989-3 0  9991
2 45721  98.5390 317.7066 0002538 149.0550 211.0794 14.34154565136256
1 45721U 20036A   23017.49918545  .00000357  00000-0  14325-3 0  9991
2 45721  98.5391 317.9133 0002532 148.2711 211.8631 14.34154817136289
1 45721U 20036A   23017.77825505  .00000375  00000-0  14965-3 0  9995
2 45721  98.5392 318.1890 0002557 147.8466 212.2880 14.34155276136328
1 45721U 20036A   23017.77825505  .00000375  00000-0  14965-3 0  9995
2 45721  98.5392 318.1890 0002557 147.8466 212.2880 14.34155276136328
1 45721U 20036A   23018.33639472  .00000389  00000-0  15453-3 0  9992
2 45721  98.5392 318.7402 0002579 146.3019 213.8336 14.34155912136404
1 45721U 20036A   23018.33639472  .00000389  00000-0  15453-3 0  9992
2 45721  98.5392 318.7402 0002579 146.3019 213.8336 14.34155912136404
1 45721U 20036A   23018.89453414  .00000406  00000-0  16055-3 0  9992
2 45721  98.5392 319.2914 0002604 144.7665 215.3698 14.34156581136485
1 45721U 20036A   23018.89453414  .00000406  00000-0  16055-3 0  9992
2 45721  98.5392 319.2914 0002604 144.7665 215.3698 14.34156581136485
1 45721U 20036A   23019.10383635  .00000418  00000-0  16482-3 0  9991
2 45721  98.5392 319.4983 0002624 145.0653 215.0726 14.34156929136515
1 45721U 20036A   23019.38290561  .00000425  00000-0  16728-3 0  9997
2 45721  98.5393 319.7740 0002635 143.9222 216.2147 14.34157267136551
1 45721U 20036A   23019.52244032  .00000432  00000-0  16978-3 0  9990
2 45721  98.5393 319.9118 0002637 143.3682 216.7683 14.34157455136579
1 45721U 20036A   23019.80150989  .00000438  00000-0  17186-3 0  9996
2 45721  98.5392 320.1874 0002641 142.6614 217.4762 14.34157792136618
1 45721U 20036A   23020.08057920  .00000446  00000-0  17478-3 0  9992
2 45721  98.5392 320.4630 0002647 142.0360 218.1021 14.34158171136651
1 45721U 20036A   23020.42941573  .00000449  00000-0  17596-3 0  9990
2 45721  98.5393 320.8076 0002664 140.8870 219.2504 14.34158540136705
1 45721U 20036A   23020.42941573  .00000449  00000-0  17596-3 0  9990
2 45721  98.5393 320.8076 0002664 140.8870 219.2504 14.34158540136705
1 45721U 20036A   23020.91778709  .00000458  00000-0  17928-3 0  9992
2 45721  98.5394 321.2900 0002676 139.4168 220.7222 14.34159127136777
1 45721U 20036A   23021.33639081  .00000461  00000-0  18015-3 0  9990
2 45721  98.5395 321.7036 0002698 138.2671 221.8723 14.34159579136839
1 45721U 20036A   23021.54569262  .00000457  00000-0  17873-3 0  9992
2 45721  98.5395 321.9103 0002704 137.8075 222.3306 14.34159701136860
1 45721U 20036A   23021.96429646  .00000460  00000-0  17985-3 0  9997
2 45721  98.5395 322.3237 0002722 136.7446 223.3957 14.34160177136922
1 45721U 20036A   23022.10383091  .00000467  00000-0  18234-3 0  9992
2 45721  98.5394 322.4616 0002828 137.8518 222.2899 14.34160390136944
1 45721U 20036A   23022.59220135  .00000462  00000-0  18073-3 0  9990
2 45721  98.5394 322.9441 0002856 136.6115 223.5282 14.34160787137015
1 45721U 20036A   23022.80150330  .00000464  00000-0  18136-3 0  9995
2 45721  98.5394 323.1508 0002863 136.2612 223.8806 14.34161032137040
1 45721U 20036A   23023.08057206  .00000464  00000-0  18135-3 0  9993
2 45721  98.5395 323.4266 0002860 135.5155 224.6265 14.34161335137084
1 45721U 20036A   23023.49917514  .00000460  00000-0  17979-3 0  9996
2 45721  98.5396 323.8401 0002877 134.4603 225.6806 14.34161672137147
1 45721U 20036A   23023.84801119  .00000457  00000-0  17895-3 0  9991
2 45721  98.5396 324.1846 0002900 133.7911 226.3514 14.34162022137194
1 45721U 20036A   23024.05731271  .00000456  00000-0  17827-3 0  9990
2 45721  98.5396 324.3913 0002911 133.2427 226.8999 14.34162209137223
1 45721U 20036A   23024.47591570  .00000449  00000-0  17591-3 0  9992
2 45721  98.5396 324.8048 0002920 132.1464 227.9961 14.34162534137284
1 45721U 20036A   23024.82475166  .00000445  00000-0  17437-3 0  9998
2 45721  98.5397 325.1493 0002934 131.1618 228.9821 14.34162827137335
1 45721U 20036A   23025.24335443  .00000441  00000-0  17298-3 0  9999
2 45721  98.5397 325.5629 0002967 130.2176 229.9269 14.34163196137398
1 45721U 20036A   23025.52242287  .00000435  00000-0  17106-3 0  9994
2 45721  98.5398 325.8386 0002991 129.5904 230.5533 14.34163367137436
1 45721U 20036A   23025.80149151  .00000439  00000-0  17252-3 0  9997
2 45721  98.5399 326.1143 0002986 129.2657 230.8807 14.34163717137478
1 45721U 20036A   23025.94102540  .00000438  00000-0  17192-3 0  9995
2 45721  98.5399 326.2521 0002987 128.8251 231.3201 14.34163839137496
1 45721U 20036A   23026.42939494  .00000433  00000-0  17010-3 0  9999
2 45721  98.5400 326.7347 0003019 127.8161 232.3296 14.34164250137567
1 45721U 20036A   23026.70846321  .00000428  00000-0  16828-3 0  9996
2 45721  98.5401 327.0104 0003021 127.1643 232.9810 14.34164437137604
1 45721U 20036A   23026.91776452  .00000426  00000-0  16777-3 0  9997
2 45721  98.5401 327.2172 0003020 126.5606 233.5858 14.34164629137637
1 45721U 20036A   23027.12706562  .00000424  00000-0  16703-3 0  9993
2 45721  98.5401 327.4240 0003036 126.1633 233.9832 14.34164802137660
1 45721U 20036A   23027.40613377  .00000419  00000-0  16523-3 0  9999
2 45721  98.5402 327.6996 0003035 125.4842 234.6621 14.34164998137709
1 45721U 20036A   23027.82473612  .00000414  00000-0  16353-3 0  9997
2 45721  98.5402 328.1131 0003046 124.4176 235.7299 14.34165321137767
1 45721U 20036A   23027.82473612  .00000414  00000-0  16353-3 0  9997
2 45721  98.5402 328.1131 0003046 124.4176 235.7299 14.34165321137767
1 45721U 20036A   23028.17357115  .00000412  00000-0  16288-3 0  9990
2 45721  98.5403 328.4578 0003067 123.6515 236.4965 14.34165625137818
1 45721U 20036A   23028.45263907  .00000408  00000-0  16110-3 0  9995
2 45721  98.5404 328.7336 0003066 122.8514 237.2955 14.34165789137856
1 45721U 20036A   23028.80147420  .00000403  00000-0  15954-3 0  9995
2 45721  98.5403 329.0781 0003079 122.1448 238.0032 14.34166050137909
1 45721U 20036A   23029.28984303  .00000396  00000-0  15713-3 0  9991
2 45721  98.5403 329.5604 0003098 121.1852 238.9637 14.34166428137973
1 45721U 20036A   23029.77821203  .00000383  00000-0  15253-3 0  9999
2 45721  98.5404 330.0429 0003094 120.0005 240.1490 14.34166682138043
1 45721U 20036A   23029.77821203  .00000383  00000-0  15253-3 0  9999
2 45721  98.5404 330.0429 0003094 120.0005 240.1490 14.34166682138043
1 45721U 20036A   23030.19681369  .00000376  00000-0  14968-3 0  9998
2 45721  98.5404 330.4564 0003124 119.0633 241.0865 14.34166954138101
1 45721U 20036A   23030.54564831  .00000368  00000-0  14709-3 0  9995
2 45721  98.5405 330.8011 0003140 118.2608 241.8879 14.34167118138155
1 45721U 20036A   23030.75494937  .00000363  00000-0  14531-3 0  9995
2 45721  98.5405 331.0078 0003153 117.9326 242.2176 14.34167238138189
1 45721U 20036A   23031.03401706  .00000360  00000-0  14403-3 0  9994
2 45721  98.5406 331.2835 0003163 117.2470 242.9035 14.34167424138220
1 45721U 20036A   23031.59215211  .00000342  00000-0  13788-3 0  9994
2 45721  98.5405 331.8349 0003229 117.3485 242.8002 14.34167625138300
1 45721U 20036A   23031.59215211  .00000342  00000-0  13788-3 0  9994
2 45721  98.5405 331.8349 0003229 117.3485 242.8002 14.34167625138300
1 45721U 20036A   23031.80145332  .00000340  00000-0  13694-3 0  9998
2 45721  98.5405 332.0417 0003233 116.9021 243.2495 14.34167765138334
