1 45727U 20037E   22365.28528212  .00001760  00000-0  17597-3 0  9991
2 45727  97.7396 177.3842 0013633 100.4551 259.8246 14.92657678136182
1 45727U 20037E   22365.75453360  .00001791  00000-0  17896-3 0  9990
2 45727  97.7402 177.8450 0013566  99.4780 260.8012 14.92659673136254
1 45727U 20037E   23001.22378448  .00002116  00000-0  21044-3 0  9995
2 45727  97.7402 178.3064 0013566  97.9196 262.3599 14.92662820136328
1 45727U 20037E   23001.42489127  .00002354  00000-0  23349-3 0  9998
2 45727  97.7405 178.5054 0013731  96.7527 263.5309 14.92665294136354
1 45727U 20037E   23001.49192600  .00002304  00000-0  22860-3 0  9994
2 45727  97.7408 178.5713 0013735  96.5884 263.6895 14.92665406136364
1 45727U 20037E   23002.22931814  .00002739  00000-0  27074-3 0  9998
2 45727  97.7423 179.2968 0013747  95.4977 264.7875 14.92670600136479
1 45727U 20037E   23002.22931814  .00002739  00000-0  27074-3 0  9998
2 45727  97.7423 179.2968 0013747  95.4977 264.7875 14.92670600136479
1 45727U 20037E   23002.76560059  .00002687  00000-0  26570-3 0  9998
2 45727  97.7419 179.8244 0013801  93.5432 266.7354 14.92673227136554
1 45727U 20037E   23003.43595343  .00002483  00000-0  24594-3 0  9995
2 45727  97.7420 180.4837 0013814  91.3204 268.9513 14.92675614136653
1 45727U 20037E   23003.43595343  .00002483  00000-0  24594-3 0  9995
2 45727  97.7420 180.4837 0013814  91.3204 268.9513 14.92675614136653
1 45727U 20037E   23004.44148185  .00002381  00000-0  23599-3 0  9996
2 45727  97.7417 181.4731 0013774  88.7587 271.5255 14.92680599136800
1 45727U 20037E   23004.44148185  .00002381  00000-0  23599-3 0  9996
2 45727  97.7417 181.4731 0013774  88.7587 271.5255 14.92680599136800
1 45727U 20037E   23004.91072536  .00002609  00000-0  25807-3 0  9991
2 45727  97.7414 181.9346 0013773  87.0103 273.2705 14.92684186136871
1 45727U 20037E   23005.24589922  .00003023  00000-0  29807-3 0  9995
2 45727  97.7414 182.2642 0013773  85.8970 274.3903 14.92688099136927
1 45727U 20037E   23005.44700169  .00002999  00000-0  29571-3 0  9994
2 45727  97.7414 182.4620 0013773  85.2290 275.0504 14.92689304136952
1 45727U 20037E   23005.91624357  .00003103  00000-0  30575-3 0  9994
2 45727  97.7408 182.9242 0013742  84.8181 275.4638 14.92692470137029
1 45727U 20037E   23006.51955313  .00003080  00000-0  30356-3 0  9991
2 45727  97.7404 183.5174 0013745  82.5494 277.7284 14.92695929137115
1 45727U 20037E   23007.05582716  .00003106  00000-0  30600-3 0  9995
2 45727  97.7427 184.0470 0013744  80.1049 280.1706 14.92699237137195
1 45727U 20037E   23007.05582716  .00003106  00000-0  30600-3 0  9995
2 45727  97.7427 184.0470 0013744  80.1049 280.1706 14.92699237137195
1 45727U 20037E   23007.45803211  .00003276  00000-0  32239-3 0  9993
2 45727  97.7418 184.4426 0013771  78.2484 282.0349 14.92703080137254
1 45727U 20037E   23008.19540351  .00002866  00000-0  28276-3 0  9998
2 45727  97.7418 185.1677 0013771  75.7988 284.4603 14.92705222137362
1 45727U 20037E   23008.19540351  .00002866  00000-0  28276-3 0  9998
2 45727  97.7418 185.1677 0013771  75.7988 284.4603 14.92705222137362
1 45727U 20037E   23009.93828158  .00002113  00000-0  20989-3 0  9993
2 45727  97.7418 186.8817 0013771  70.0087 290.2329 14.92710250137620
1 45727U 20037E   23010.20642140  .00002238  00000-0  22197-3 0  9991
2 45727  97.7418 187.1454 0013771  69.1179 291.1521 14.92711914137668
1 45727U 20037E   23010.47455547  .00001817  00000-0  18125-3 0  9991
2 45727  97.7420 187.4127 0013616  67.9595 292.3083 14.92711523137704
1 45727U 20037E   23010.54158879  .00001782  00000-0  17787-3 0  9991
2 45727  97.7418 187.4787 0013603  68.1329 292.1324 14.92711549137712
1 45727U 20037E   23011.41302507  .00002247  00000-0  22282-3 0  9990
2 45727  97.7426 188.3373 0013724  65.6964 294.5789 14.92717422137844
1 45727U 20037E   23011.41302507  .00002247  00000-0  22282-3 0  9990
2 45727  97.7426 188.3373 0013724  65.6964 294.5789 14.92717422137844
1 45727U 20037E   23011.74818944  .00002539  00000-0  25100-3 0  9999
2 45727  97.7423 188.6652 0013659  65.4718 294.7933 14.92720010137891
1 45727U 20037E   23012.75368487  .00002826  00000-0  27879-3 0  9997
2 45727  97.7422 189.6537 0013606  62.9350 297.3293 14.92726929138040
1 45727U 20037E   23012.75368487  .00002826  00000-0  27879-3 0  9997
2 45727  97.7422 189.6537 0013606  62.9350 297.3293 14.92726929138040
1 45727U 20037E   23013.49104327  .00003684  00000-0  36162-3 0  9998
2 45727  97.7422 190.3789 0013606  60.4847 299.7724 14.92734503138156
1 45727U 20037E   23013.89323824  .00003728  00000-0  36581-3 0  9991
2 45727  97.7422 190.7745 0013606  59.1480 301.1084 14.92737726138214
1 45727U 20037E   23014.02730286  .00003467  00000-0  34067-3 0  9998
2 45727  97.7422 190.9064 0013606  58.7025 301.5474 14.92737420138230
1 45727U 20037E   23015.36794571  .00003957  00000-0  38782-3 0  9995
2 45727  97.7440 192.2259 0013602  55.5784 304.6780 14.92749994138439
1 45727U 20037E   23015.36794571  .00003957  00000-0  38782-3 0  9995
2 45727  97.7440 192.2259 0013602  55.5784 304.6780 14.92749994138439
1 45727U 20037E   23015.90419849  .00004162  00000-0  40762-3 0  9997
2 45727  97.7445 192.7536 0013604  53.6765 306.5759 14.92755509138512
1 45727U 20037E   23016.44044986  .00004364  00000-0  42704-3 0  9995
2 45727  97.7439 193.2808 0013642  51.7257 308.5237 14.92761169138590
1 45727U 20037E   23016.44044986  .00004364  00000-0  42704-3 0  9995
2 45727  97.7439 193.2808 0013642  51.7257 308.5237 14.92761169138590
1 45727U 20037E   23016.90966765  .00004714  00000-0  46077-3 0  9990
2 45727  97.7436 193.7428 0013612  50.5867 309.6661 14.92767318138664
1 45727U 20037E   23017.44591356  .00005256  00000-0  51294-3 0  9999
2 45727  97.7436 194.2703 0013612  48.8038 311.4439 14.92775041138741
1 45727U 20037E   23017.44591356  .00005256  00000-0  51294-3 0  9999
2 45727  97.7436 194.2703 0013612  48.8038 311.4439 14.92775041138741
1 45727U 20037E   23017.91512615  .00005340  00000-0  52100-3 0  9993
2 45727  97.7436 194.7319 0013611  47.2436 312.9936 14.92780387138818
1 45727U 20037E   23018.45136800  .00005359  00000-0  52274-3 0  9993
2 45727  97.7433 195.2601 0013454  46.3141 313.9201 14.92786360138894
1 45727U 20037E   23018.45136891  .00005324  00000-0  51945-3 0  9999
2 45727  97.7436 195.2599 0013443  46.3803 313.8578 14.92786141138899
1 45727U 20037E   23018.45136891  .00005324  00000-0  51945-3 0  9999
2 45727  97.7436 195.2599 0013443  46.3803 313.8578 14.92786141138899
1 45727U 20037E   23019.45681802  .00005035  00000-0  49145-3 0  9995
2 45727  97.7433 196.2492 0013454  42.9703 317.2512 14.92795524139041
1 45727U 20037E   23019.45681802  .00005035  00000-0  49145-3 0  9995
2 45727  97.7433 196.2492 0013454  42.9703 317.2512 14.92795524139041
1 45727U 20037E   23020.46226370  .00004267  00000-0  41731-3 0  9992
2 45727  97.7433 197.2394 0013349  40.0474 320.1645 14.92801621139192
1 45727U 20037E   23020.46226370  .00004267  00000-0  41731-3 0  9992
2 45727  97.7433 197.2394 0013349  40.0474 320.1645 14.92801621139192
1 45727U 20037E   23021.46770969  .00003444  00000-0  33781-3 0  9993
2 45727  97.7439 198.2315 0013523  35.2919 324.9202 14.92805319139342
1 45727U 20037E   23022.74126422  .00003372  00000-0  33082-3 0  9998
2 45727  97.7433 199.4841 0013638  30.3350 329.8691 14.92813911139539
1 45727U 20037E   23023.74669455  .00003782  00000-0  37024-3 0  9992
2 45727  97.7426 200.4734 0013513  27.3175 332.8795 14.92822947139682
1 45727U 20037E   23025.02023052  .00003907  00000-0  38228-3 0  9998
2 45727  97.7421 201.7261 0013517  23.0391 337.1391 14.92833404139874
1 45727U 20037E   23025.48942712  .00003856  00000-0  37734-3 0  9995
2 45727  97.7417 202.1877 0013418  21.7465 338.4325 14.92837008139947
1 45727U 20037E   23026.02564953  .00003669  00000-0  35926-3 0  9996
2 45727  97.7424 202.7153 0013434  19.6955 340.4723 14.92840005140023
1 45727U 20037E   23026.29376149  .00003665  00000-0  35886-3 0  9994
2 45727  97.7424 202.9793 0013163  19.9370 340.2377 14.92842088140068
1 45727U 20037E   23027.43322841  .00003520  00000-0  34482-3 0  9992
2 45727  97.7429 204.1010 0012834  16.7273 343.4372 14.92849942140235
1 45727U 20037E   23027.43322841  .00003520  00000-0  34482-3 0  9992
2 45727  97.7429 204.1010 0012834  16.7273 343.4372 14.92849942140235
1 45727U 20037E   23028.43863579  .00003543  00000-0  34698-3 0  9995
2 45727  97.7435 205.0909 0012808  13.8227 346.3325 14.92857224140385
1 45727U 20037E   23028.43863579  .00003543  00000-0  34698-3 0  9995
2 45727  97.7435 205.0909 0012808  13.8227 346.3325 14.92857224140385
1 45727U 20037E   23028.70674388  .00003548  00000-0  34746-3 0  9992
2 45727  97.7433 205.3547 0012795  12.9180 347.2383 14.92859219140422
1 45727U 20037E   23029.44403851  .00003552  00000-0  34784-3 0  9996
2 45727  97.7427 206.0800 0012746  10.9053 349.2457 14.92864612140537
1 45727U 20037E   23029.91322432  .00003567  00000-0  34924-3 0  9995
2 45727  97.7424 206.5415 0012723   9.2114 350.9337 14.92868017140602
1 45727U 20037E   23030.44943641  .00003394  00000-0  33251-3 0  9996
2 45727  97.7424 207.0690 0012712   7.2230 352.9148 14.92870800140681
1 45727U 20037E   23030.44943641  .00003394  00000-0  33251-3 0  9996
2 45727  97.7424 207.0690 0012712   7.2230 352.9148 14.92870800140681
1 45727U 20037E   23030.91862102  .00003209  00000-0  31466-3 0  9991
2 45727  97.7424 207.5306 0012712   5.6625 354.4697 14.92873028140759
1 45727U 20037E   23031.45483305  .00002624  00000-0  25836-3 0  9999
2 45727  97.7428 208.0592 0012759   4.5375 355.5905 14.92873497140830
1 45727U 20037E   23031.45483305  .00002624  00000-0  25836-3 0  9999
2 45727  97.7428 208.0592 0012759   4.5375 355.5905 14.92873497140830
1 45727U 20037E   23031.92401749  .00002596  00000-0  25565-3 0  9990
2 45727  97.7426 208.5222 0012802   1.7856 358.3440 14.92875937140909
