1 45726U 20037D   22365.52800364  .00002508  00000-0  24317-3 0  9997
2 45726  97.7475 179.4750 0015273  83.8094 276.4925 14.93501047136298
1 45726U 20037D   22365.72899709  .00002496  00000-0  24200-3 0  9997
2 45726  97.7475 179.6730 0015273  83.1410 277.1544 14.93502008136320
1 45726U 20037D   23001.26498311  .00002516  00000-0  24388-3 0  9998
2 45726  97.7464 180.2000 0015081  80.6908 279.6041 14.93504427136402
1 45726U 20037D   23001.73396866  .00002558  00000-0  24788-3 0  9992
2 45726  97.7453 180.6635 0015080  79.2362 281.0563 14.93507019136478
1 45726U 20037D   23001.73396866  .00002558  00000-0  24788-3 0  9992
2 45726  97.7453 180.6635 0015080  79.2362 281.0563 14.93507019136478
1 45726U 20037D   23002.20295366  .00002680  00000-0  25944-3 0  9999
2 45726  97.7448 181.1257 0015056  77.8607 282.4304 14.93509780136540
1 45726U 20037D   23002.47094513  .00002479  00000-0  24034-3 0  9994
2 45726  97.7444 181.3902 0015115  77.3682 282.9213 14.93510245136585
1 45726U 20037D   23002.87293183  .00002499  00000-0  24224-3 0  9995
2 45726  97.7446 181.7864 0015125  76.1357 284.1549 14.93512387136647
1 45726U 20037D   23003.40891275  .00001889  00000-0  18445-3 0  9991
2 45726  97.7441 182.3139 0015099  74.6982 285.5770 14.93511814136725
1 45726U 20037D   23004.21288830  .00001643  00000-0  16108-3 0  9990
2 45726  97.7443 183.1064 0015123  72.1294 288.1572 14.93513437136845
1 45726U 20037D   23004.41388119  .00001662  00000-0  16288-3 0  9993
2 45726  97.7443 183.3044 0015113  71.4599 288.8267 14.93514240136878
1 45726U 20037D   23004.74886928  .00001473  00000-0  14503-3 0  9998
2 45726  97.7435 183.6344 0015102  70.5080 289.7782 14.93514718136926
1 45726U 20037D   23005.28484936  .00001748  00000-0  17110-3 0  9993
2 45726  97.7435 184.1629 0015172  69.0269 291.2628 14.93517844137007
1 45726U 20037D   23005.28484936  .00001748  00000-0  17110-3 0  9993
2 45726  97.7435 184.1629 0015172  69.0269 291.2628 14.93517844137007
1 45726U 20037D   23005.35184575  .00001744  00000-0  17070-3 0  9998
2 45726  97.7440 184.2289 0015165  68.8410 291.4429 14.93518060137016
1 45726U 20037D   23006.35680577  .00002249  00000-0  21852-3 0  9996
2 45726  97.7438 185.2198 0015179  65.7483 294.5452 14.93524606137163
1 45726U 20037D   23006.35680577  .00002249  00000-0  21852-3 0  9996
2 45726  97.7438 185.2198 0015179  65.7483 294.5452 14.93524606137163
1 45726U 20037D   23007.49575026  .00002919  00000-0  28190-3 0  9990
2 45726  97.7444 186.3417 0015046  62.8136 297.4676 14.93533552137331
1 45726U 20037D   23007.49575026  .00002919  00000-0  28190-3 0  9990
2 45726  97.7444 186.3417 0015046  62.8136 297.4676 14.93533552137331
1 45726U 20037D   23008.43370134  .00002879  00000-0  27806-3 0  9996
2 45726  97.7446 187.2660 0014980  60.3544 299.9150 14.93538842137471
1 45726U 20037D   23008.76868379  .00002841  00000-0  27446-3 0  9994
2 45726  97.7442 187.5957 0014969  59.2801 300.9870 14.93540476137523
1 45726U 20037D   23008.76868379  .00002841  00000-0  27446-3 0  9994
2 45726  97.7442 187.5957 0014969  59.2801 300.9870 14.93540476137523
1 45726U 20037D   23009.37164969  .00003116  00000-0  30044-3 0  9990
2 45726  97.7442 188.1896 0014969  57.2741 302.9886 14.93545395137617
1 45726U 20037D   23009.77362700  .00002865  00000-0  27671-3 0  9999
2 45726  97.7442 188.5856 0014969  55.9366 304.3225 14.93546666137676
1 45726U 20037D   23009.77362701  .00002865  00000-0  27671-3 0  9990
2 45726  97.7442 188.5856 0014969  55.9366 304.3225 14.93546666137676
1 45726U 20037D   23010.44358747  .00003162  00000-0  30473-3 0  9996
2 45726  97.7462 189.2473 0015063  54.7805 305.4875 14.93552327137777
1 45726U 20037D   23011.04654841  .00003232  00000-0  31135-3 0  9991
2 45726  97.7468 189.8419 0015078  52.6944 307.5651 14.93556456137868
1 45726U 20037D   23011.38152642  .00003424  00000-0  32951-3 0  9990
2 45726  97.7469 190.1720 0015053  52.1219 308.1387 14.93559521137917
1 45726U 20037D   23011.71650325  .00003390  00000-0  32622-3 0  9995
2 45726  97.7469 190.5020 0015072  50.9561 309.2998 14.93561795137962
1 45726U 20037D   23012.05148010  .00003479  00000-0  33464-3 0  9999
2 45726  97.7469 190.8321 0015072  49.8415 310.4106 14.93564254138019
1 45726U 20037D   23012.92241558  .00003820  00000-0  36679-3 0  9997
2 45726  97.7471 191.6903 0015115  47.6585 312.5923 14.93572653138145
1 45726U 20037D   23013.05640520  .00003790  00000-0  36402-3 0  9994
2 45726  97.7471 191.8224 0015115  47.2126 313.0319 14.93573229138167
1 45726U 20037D   23013.45837501  .00003900  00000-0  37438-3 0  9998
2 45726  97.7471 192.2185 0015114  45.8749 314.3751 14.93577114138220
1 45726U 20037D   23013.92733678  .00003801  00000-0  36500-3 0  9999
2 45726  97.7476 192.6811 0015120  44.3526 315.8896 14.93580296138297
1 45726U 20037D   23014.06132601  .00003735  00000-0  35870-3 0  9999
2 45726  97.7476 192.8132 0015113  43.9085 316.3316 14.93580944138318
1 45726U 20037D   23015.46820609  .00003736  00000-0  35872-3 0  9999
2 45726  97.7474 194.2001 0015006  39.3698 320.8626 14.93592159138525
1 45726U 20037D   23015.46820609  .00003736  00000-0  35872-3 0  9999
2 45726  97.7474 194.2001 0015006  39.3698 320.8626 14.93592159138525
1 45726U 20037D   23015.93716354  .00003512  00000-0  33751-3 0  9998
2 45726  97.7474 194.6629 0014833  37.9377 322.2822 14.93594089138595
1 45726U 20037D   23016.40612202  .00003748  00000-0  35981-3 0  9996
2 45726  97.7467 195.1249 0014850  36.3330 323.8963 14.93598826138666
1 45726U 20037D   23016.74108843  .00003926  00000-0  37663-3 0  9991
2 45726  97.7462 195.4550 0014799  35.0170 325.2036 14.93602413138710
1 45726U 20037D   23016.74108843  .00003926  00000-0  37663-3 0  9991
2 45726  97.7462 195.4550 0014799  35.0170 325.2036 14.93602413138710
1 45726U 20037D   23017.27703658  .00004121  00000-0  39495-3 0  9998
2 45726  97.7455 195.9826 0014857  32.3636 327.8548 14.93607635138790
1 45726U 20037D   23017.74598755  .00004261  00000-0  40814-3 0  9992
2 45726  97.7456 196.4453 0014776  30.7523 329.4549 14.93612245138860
1 45726U 20037D   23017.74598755  .00004261  00000-0  40814-3 0  9992
2 45726  97.7456 196.4453 0014776  30.7523 329.4549 14.93612245138860
1 45726U 20037D   23018.41591804  .00004276  00000-0  40957-3 0  9999
2 45726  97.7454 197.1055 0014732  28.4713 331.7322 14.93618092138963
1 45726U 20037D   23018.95185995  .00004148  00000-0  39743-3 0  9997
2 45726  97.7447 197.6339 0014705  26.6748 333.5192 14.93621934139047
1 45726U 20037D   23018.95185995  .00004148  00000-0  39743-3 0  9997
2 45726  97.7447 197.6339 0014705  26.6748 333.5192 14.93621934139047
1 45726U 20037D   23019.48780104  .00004165  00000-0  39901-3 0  9994
2 45726  97.7436 198.1630 0014511  25.4048 334.7903 14.93626858139122
1 45726U 20037D   23020.49268524  .00004222  00000-0  40424-3 0  9990
2 45726  97.7439 199.1532 0014504  22.4294 337.7587 14.93635838139274
1 45726U 20037D   23020.49268524  .00004222  00000-0  40424-3 0  9990
2 45726  97.7439 199.1532 0014504  22.4294 337.7587 14.93635838139274
1 45726U 20037D   23021.89951330  .00004166  00000-0  39888-3 0  9998
2 45726  97.7443 200.5395 0014436  18.1416 342.0289 14.93647180139489
1 45726U 20037D   23023.23933908  .00004497  00000-0  42999-3 0  9993
2 45726  97.7455 201.8615 0014220  14.3062 345.8596 14.93660342139686
1 45726U 20037D   23024.44517086  .00004599  00000-0  43955-3 0  9998
2 45726  97.7466 203.0502 0014222  10.3313 349.8201 14.93671913139867
1 45726U 20037D   23025.45002435  .00004652  00000-0  44434-3 0  9990
2 45726  97.7473 204.0414 0014270   7.1259 353.0166 14.93681517140011
1 45726U 20037D   23025.45002435  .00004652  00000-0  44434-3 0  9990
2 45726  97.7473 204.0414 0014270   7.1259 353.0166 14.93681517140011
1 45726U 20037D   23025.91895427  .00004542  00000-0  43398-3 0  9998
2 45726  97.7476 204.5035 0014351   5.3605 354.7756 14.93685258140089
1 45726U 20037D   23026.45487207  .00004588  00000-0  43827-3 0  9998
2 45726  97.7473 205.0318 0014316   3.7098 356.4225 14.93690462140167
1 45726U 20037D   23026.72283031  .00004583  00000-0  43772-3 0  9991
2 45726  97.7474 205.2959 0014317   2.8204 357.3092 14.93692909140206
1 45726U 20037D   23027.45971485  .00004388  00000-0  41927-3 0  9992
2 45726  97.7479 206.0231 0014366   0.3027 359.8195 14.93698351140313
1 45726U 20037D   23027.66068260  .00004351  00000-0  41579-3 0  9996
2 45726  97.7481 206.2214 0014383 359.5849   0.5343 14.93699892140348
1 45726U 20037D   23028.19659855  .00003863  00000-0  36979-3 0  9996
2 45726  97.7483 206.7499 0014531 357.9084   2.2006 14.93701335140428
1 45726U 20037D   23028.46455626  .00003838  00000-0  36739-3 0  9992
2 45726  97.7481 207.0141 0014507 357.0328   3.0803 14.93703272140469
1 45726U 20037D   23028.93347948  .00003756  00000-0  35963-3 0  9998
2 45726  97.7483 207.4767 0014596 355.2434   4.8632 14.93706335140535
1 45726U 20037D   23029.20143630  .00003462  00000-0  33193-3 0  9998
2 45726  97.7483 207.7410 0014573 354.5781   5.5215 14.93706431140571
1 45726U 20037D   23029.73734860  .00003288  00000-0  31556-3 0  9994
2 45726  97.7483 208.2696 0014398 352.6581   7.4407 14.93709022140657
1 45726U 20037D   23030.20627054  .00002979  00000-0  28643-3 0  9993
2 45726  97.7479 208.7318 0014196 351.4587   8.6294 14.93710074140721
1 45726U 20037D   23030.47422756  .00002910  00000-0  27989-3 0  9991
2 45726  97.7479 208.9961 0014137 350.5708   9.5243 14.93711223140762
1 45726U 20037D   23030.74218267  .00002748  00000-0  26461-3 0  9994
2 45726  97.7482 209.2607 0014091 349.2995  10.7890 14.93711681140804
1 45726U 20037D   23031.21110573  .00002409  00000-0  23265-3 0  9991
2 45726  97.7478 209.7232 0014121 347.6429  12.4390 14.93711905140876
1 45726U 20037D   23031.47906147  .00002368  00000-0  22876-3 0  9990
2 45726  97.7478 209.9874 0014064 346.6683  13.4163 14.93712928140917
1 45726U 20037D   23031.94798205  .00002258  00000-0  21836-3 0  9999
2 45726  97.7477 210.4496 0014235 344.8045  15.2713 14.93714389140986
