1 45738U 20038J   22365.46322489  .00003035  00000-0  22242-3 0  9992
2 45738  53.0549  63.0467 0002437  32.1655 327.9483 15.06423987141837
1 45738U 20038J   22365.52957049  .00003892  00000-0  27984-3 0  9994
2 45738  53.0549  62.7488 0002426  32.6078 327.5060 15.06425481140723
1 45738U 20038J   22365.66226355  .00003130  00000-0  22880-3 0  9993
2 45738  53.0549  62.1536 0002488  35.8903 324.2253 15.06422762140740
1 45738U 20038J   23001.19303994  .00000785  00000-0  71586-4 0  9995
2 45738  53.0548  59.7704 0002131  33.9746 326.1379 15.06402241141940
1 45738U 20038J   23001.45843724 -.00007722  00000-0 -50042-3 0  9997
2 45738  53.0552  58.5803 0002683   4.1809 355.9202 15.06371449140864
1 45738U 20038J   23001.45843724 -.00007722  00000-0 -50042-3 0  9997
2 45738  53.0552  58.5803 0002683   4.1809 355.9202 15.06371449141988
1 45738U 20038J   23001.85652153 -.00000377  00000-0 -63708-5 0  9999
2 45738  53.0554  56.7934 0002309  30.7681 329.3443 15.06382849140924
1 45738U 20038J   23001.85652153 -.00000377  00000-0 -63708-5 0  9999
2 45738  53.0554  56.7934 0002309  30.7681 329.3443 15.06382849142049
1 45738U 20038J   23002.18825627  .00003341  00000-0  24313-3 0  9993
2 45738  53.0545  55.3030 0002389  27.2633 332.8481 15.06393639142092
1 45738U 20038J   23002.51999264  .00011327  00000-0  77807-3 0  9998
2 45738  53.0543  53.8140 0002354  30.9765 329.1362 15.06399612141020
1 45738U 20038J   23002.85172570  .00011919  00000-0  81749-3 0  9995
2 45738  53.0543  52.3248 0002487  29.5626 330.5503 15.06408898141075
1 45738U 20038J   23003.38249990  .00006565  00000-0  45914-3 0  9990
2 45738  53.0553  49.9427 0002605  33.6632 326.4522 15.06407533142275
1 45738U 20038J   23003.51519431  .00002388  00000-0  17920-3 0  9990
2 45738  53.0558  49.3474 0002293  30.4382 329.6739 15.06400493141177
1 45738U 20038J   23003.64789101  .00001512  00000-0  12040-3 0  9993
2 45738  53.0544  48.7510 0002406  34.4070 325.7075 15.06395708142319
1 45738U 20038J   23004.37770701  .00003434  00000-0  24930-3 0  9996
2 45738  53.0553  45.4748 0002669  33.5923 326.5234 15.06401728141308
1 45738U 20038J   23005.10751604  .00011464  00000-0  78686-3 0  9998
2 45738  53.0553  42.1984 0002672  34.6557 325.4606 15.06419285142537
1 45738U 20038J   23005.50559139  .00007137  00000-0  49725-3 0  9995
2 45738  53.0555  40.4115 0002646  33.7738 326.3419 15.06421552141472
1 45738U 20038J   23005.50559139  .00007137  00000-0  49725-3 0  9995
2 45738  53.0555  40.4115 0002646  33.7738 326.3419 15.06421552142596
1 45738U 20038J   23006.50077627  .00001850  00000-0  14305-3 0  9995
2 45738  53.0549  35.9437 0002610   6.1962 353.9059 15.06418460141622
1 45738U 20038J   23006.50077627  .00001850  00000-0  14305-3 0  9995
2 45738  53.0549  35.9437 0002610   6.1962 353.9059 15.06418460142746
1 45738U 20038J   23007.09790860 -.00004889  00000-0 -30950-3 0  9992
2 45738  53.0548  33.2626 0002726  23.2209 336.8902 15.06396718141712
1 45738U 20038J   23007.09790860 -.00004889  00000-0 -30950-3 0  9992
2 45738  53.0548  33.2626 0002726  23.2209 336.8902 15.06396718142836
1 45738U 20038J   23007.76138530 -.00004046  00000-0 -25288-3 0  9999
2 45738  53.0570  30.2858 0002793  29.6058 330.5089 15.06388825141815
1 45738U 20038J   23008.15946904 -.00000938  00000-0 -44052-4 0  9992
2 45738  53.0553  28.4982 0002769  28.1496 331.9642 15.06387696141877
1 45738U 20038J   23008.15946904 -.00000938  00000-0 -44052-4 0  9992
2 45738  53.0553  28.4982 0002769  28.1496 331.9642 15.06387696142991
1 45738U 20038J   23008.75658849  .00005222  00000-0  36925-3 0  9994
2 45738  53.0550  25.8172 0002866  30.3376 329.7778 15.06399604141963
1 45738U 20038J   23008.75658849  .00005222  00000-0  36925-3 0  9994
2 45738  53.0550  25.8172 0002866  30.3376 329.7778 15.06399604143088
1 45738U 20038J   23009.08832682  .00003358  00000-0  24430-3 0  9996
2 45738  53.0542  24.3261 0002837  31.9295 328.1865 15.06393957143138
1 45738U 20038J   23009.42006345  .00002562  00000-0  19091-3 0  9996
2 45738  53.0548  22.8384 0002864  32.4110 327.7055 15.06393045142060
1 45738U 20038J   23010.28257385  .00002229  00000-0  16850-3 0  9994
2 45738  53.0585  18.9689 0002174  57.3230 302.8077 15.06397814143313
1 45738U 20038J   23010.41526472  .00001344  00000-0  10910-3 0  9993
2 45738  53.0555  18.3720 0002564  24.6440 335.4671 15.06400636142210
1 45738U 20038J   23010.74700033  .00000646  00000-0  62316-4 0  9998
2 45738  53.0544  16.8833 0002798  30.3674 329.7477 15.06400529142264
1 45738U 20038J   23011.14508264  .00001300  00000-0  10618-3 0  9990
2 45738  53.0549  15.0953 0002717  31.0224 329.0925 15.06399341143444
1 45738U 20038J   23011.27777585  .00002178  00000-0  16510-3 0  9999
2 45738  53.0555  14.4989 0002616  30.2313 329.8826 15.06399668142349
1 45738U 20038J   23012.67106114 -.00006904  00000-0 -44522-3 0  9995
2 45738  53.0550   8.2445 0002662  35.1358 324.9806 15.06382535143672
1 45738U 20038J   23012.93645570 -.00005469  00000-0 -34870-3 0  9998
2 45738  53.0549   7.0532 0002954  42.3150 317.8067 15.06378550142590
1 45738U 20038J   23013.40088837 -.00004287  00000-0 -26922-3 0  9994
2 45738  53.0566   4.9696 0002321  40.7249 319.3913 15.06376353142669
1 45738U 20038J   23013.93166846  .00005108  00000-0  36165-3 0  9990
2 45738  53.0559   2.5862 0002407  39.7243 320.3922 15.06389615142743
1 45738U 20038J   23014.13071262  .00025104  00000-0  16980-2 0  9990
2 45738  53.0556   1.6929 0002309  44.1354 315.9819 15.06404145143896
1 45738U 20038J   23014.32974982  .00034792  00000-0  23415-2 0  9996
2 45738  53.0548   0.7999 0002280  44.5569 315.5603 15.06425035143926
1 45738U 20038J   23014.66148604  .00016592  00000-0  11299-2 0  9992
2 45738  53.0543 359.3105 0002108  50.6443 309.4733 15.06408864143973
1 45738U 20038J   23014.99322431  .00023399  00000-0  15843-2 0  9992
2 45738  53.0549 357.8214 0002407  59.3567 300.7659 15.06405713144026
1 45738U 20038J   23015.32495710  .00033986  00000-0  22887-2 0  9990
2 45738  53.0546 356.3316 0002243  57.2767 302.8438 15.06413137142954
1 45738U 20038J   23015.65668859  .00019043  00000-0  12935-2 0  9993
2 45738  53.0542 354.8426 0001648  55.4715 304.6430 15.06410987143005
1 45738U 20038J   23015.65668859  .00019043  00000-0  12935-2 0  9993
2 45738  53.0542 354.8426 0001648  55.4715 304.6430 15.06410987144129
1 45738U 20038J   23016.32015180  .00029984  00000-0  20214-2 0  9995
2 45738  53.0508 351.8624 0001911  67.7251 292.3941 15.06433936143108
1 45738U 20038J   23016.65188829  .00007725  00000-0  53686-3 0  9991
2 45738  53.0528 350.3748 0001567  71.3192 288.7967 15.06405243143155
1 45738U 20038J   23016.65188829  .00007725  00000-0  53686-3 0  9991
2 45738  53.0528 350.3748 0001567  71.3192 288.7967 15.06405243144279
1 45738U 20038J   23017.18267623  .00021031  00000-0  14274-2 0  9995
2 45738  53.0515 347.9911 0001733  85.9935 274.1251 15.06377649144352
1 45738U 20038J   23017.31537178  .00023569  00000-0  15968-2 0  9994
2 45738  53.0514 347.3950 0001978  86.4843 273.6372 15.06378360143250
1 45738U 20038J   23017.64710885  .00023488  00000-0  15908-2 0  9992
2 45738  53.0506 345.9055 0001939  89.2502 270.8709 15.06392060143303
1 45738U 20038J   23018.31057372  .00030384  00000-0  20485-2 0  9991
2 45738  53.0522 342.9263 0002051  94.1103 266.0120 15.06425636143408
1 45738U 20038J   23018.31057372  .00030384  00000-0  20485-2 0  9991
2 45738  53.0522 342.9263 0002051  94.1103 266.0120 15.06425636144522
1 45738U 20038J   23019.17307292  .00028457  00000-0  19197-2 0  9991
2 45738  53.0522 339.0541 0001622  86.4934 273.6240 15.06436713144656
1 45738U 20038J   23019.57116180  .00005970  00000-0  41949-3 0  9995
2 45738  53.0524 337.2660 0003492  95.4777 264.6610 15.06387774143597
1 45738U 20038J   23019.57116180  .00005970  00000-0  41949-3 0  9995
2 45738  53.0524 337.2660 0003492  95.4777 264.6610 15.06387774144712
1 45738U 20038J   23020.16828519  .00010845  00000-0  74583-3 0  9995
2 45738  53.0521 334.5846 0003379  97.6617 262.4756 15.06400729143684
1 45738U 20038J   23020.56636990  .00008379  00000-0  58087-3 0  9999
2 45738  53.0518 332.7985 0002597 104.0196 256.1082 15.06389336144863
1 45738U 20038J   23022.09234164  .00008880  00000-0  61403-3 0  9999
2 45738  53.0536 325.9490 0002113 117.1931 242.9273 15.06413836145098
1 45738U 20038J   23022.55677449 -.00003582  00000-0 -22170-3 0  9991
2 45738  53.0544 323.8649 0002651  96.1470 263.9821 15.06391119145160
1 45738U 20038J   23024.08275778  .00010062  00000-0  69336-3 0  9994
2 45738  53.0527 317.0126 0001770 110.5046 249.6133 15.06403517145395
1 45738U 20038J   23025.14430347  .00011256  00000-0  77306-3 0  9999
2 45738  53.0526 312.2484 0001480 103.4482 256.6672 15.06414621145553
1 45738U 20038J   23025.47603872  .00005818  00000-0  40906-3 0  9993
2 45738  53.0527 310.7582 0001506  76.6533 283.4624 15.06407172144482
1 45738U 20038J   23025.47603872  .00005818  00000-0  40906-3 0  9993
2 45738  53.0527 310.7582 0001506  76.6533 283.4624 15.06407172145607
1 45738U 20038J   23026.07316123  .00000753  00000-0  69466-4 0  9996
2 45738  53.0518 308.0807 0001491 104.3174 255.7981 15.06399829144572
1 45738U 20038J   23026.07316123  .00000753  00000-0  69466-4 0  9996
2 45738  53.0518 308.0807 0001491 104.3174 255.7981 15.06399829145696
1 45738U 20038J   23027.53278701  .00001685  00000-0  13200-3 0  9996
2 45738  53.0503 301.5255 0001490 104.5221 255.5933 15.06403872144798
1 45738U 20038J   23027.53278701  .00001685  00000-0  13200-3 0  9996
2 45738  53.0503 301.5255 0001490 104.5221 255.5933 15.06403872145913
1 45738U 20038J   23027.86452831 -.00001013  00000-0 -49138-4 0  9997
2 45738  53.0508 300.0373 0001214  91.4967 268.6161 15.06390548144842
1 45738U 20038J   23028.12991445  .00000870  00000-0  77299-4 0  9993
2 45738  53.0508 298.8451 0001282  94.3584 265.7551 15.06398699146001
1 45738U 20038J   23028.19626047  .00001025  00000-0  87705-4 0  9999
2 45738  53.0510 298.5470 0001276  91.8207 268.2928 15.06399892144896
1 45738U 20038J   23028.85973341 -.00001103  00000-0 -55196-4 0  9992
2 45738  53.0504 295.5683 0001304  96.5199 263.5938 15.06393212144996
1 45738U 20038J   23029.72224224  .00002810  00000-0  20750-3 0  9999
2 45738  53.0507 291.6951 0001223  96.1596 263.9533 15.06396058146247
1 45738U 20038J   23029.85493274  .00002907  00000-0  21399-3 0  9993
2 45738  53.0513 291.0988 0001247 100.6919 259.4211 15.06398431145142
1 45738U 20038J   23030.12031789  .00003197  00000-0  23338-3 0  9991
2 45738  53.0508 289.9081 0001269  93.6989 266.4145 15.06405866146302
1 45738U 20038J   23030.51840111  .00000915  00000-0  80308-4 0  9997
2 45738  53.0506 288.1219 0001250  94.7000 265.4132 15.06399606145241
1 45738U 20038J   23030.71744431 -.00000069  00000-0  14282-4 0  9996
2 45738  53.0511 287.2270 0001203  98.4422 261.6704 15.06399287146396
1 45738U 20038J   23030.91648123  .00000353  00000-0  42588-4 0  9994
2 45738  53.0514 286.3338 0001183  98.1695 261.9428 15.06402681145309
1 45738U 20038J   23031.11551882  .00000617  00000-0  60271-4 0  9994
2 45738  53.0512 285.4401 0001193  98.1529 261.9595 15.06405156145333
1 45738U 20038J   23031.11551882  .00000617  00000-0  60271-4 0  9994
2 45738  53.0512 285.4401 0001193  98.1529 261.9595 15.06405156146457
1 45738U 20038J   23031.84534071  .00000218  00000-0  33545-4 0  9996
2 45738  53.0510 282.1637 0001194 100.9526 259.1597 15.06395268145441
1 45738U 20038J   23031.97803086  .00000807  00000-0  73087-4 0  9994
2 45738  53.0512 281.5686 0001148  98.5048 261.6072 15.06399836145463
1 45738U 20038J   23031.97803086  .00000807  00000-0  73087-4 0  9994
2 45738  53.0512 281.5686 0001148  98.5048 261.6072 15.06399836146587
