1 45733U 20038D   23001.14821376  .00025656  00000-0  15185-2 0  9999
2 45733  53.0536  57.4626 0000260  48.1430 311.9583 15.11290108141963
1 45733U 20038D   23001.41273946  .00025718  00000-0  15215-2 0  9996
2 45733  53.0538  56.2665 0000329  42.7906 317.3110 15.11304725140897
1 45733U 20038D   23001.87565448  .00024388  00000-0  14431-2 0  9998
2 45733  53.0540  54.1723 0000369  42.2707 317.8312 15.11327387140966
1 45733U 20038D   23002.40469063  .00027895  00000-0  16459-2 0  9992
2 45733  53.0543  51.7794 0000482  41.4487 318.6540 15.11358088141046
1 45733U 20038D   23002.40469063  .00027895  00000-0  16459-2 0  9992
2 45733  53.0543  51.7794 0000482  41.4487 318.6540 15.11358088142159
1 45733U 20038D   23003.39660995  .00024851  00000-0  14670-2 0  9990
2 45733  53.0549  47.2931 0000679  36.1876 323.9161 15.11403423141194
1 45733U 20038D   23003.39660995  .00024851  00000-0  14670-2 0  9990
2 45733  53.0549  47.2931 0000679  36.1876 323.9161 15.11403423142308
1 45733U 20038D   23004.38849839  .00028188  00000-0  16586-2 0  9991
2 45733  53.0547  42.8055 0000746  34.8884 325.2156 15.11453192141343
1 45733U 20038D   23004.78524261  .00031277  00000-0  18363-2 0  9992
2 45733  53.0547  41.0102 0000747  35.7273 324.3768 15.11480659141404
1 45733U 20038D   23004.78524261  .00031277  00000-0  18363-2 0  9992
2 45733  53.0547  41.0102 0000747  35.7273 324.3768 15.11480659142517
1 45733U 20038D   23005.38034740  .00021382  00000-0  12615-2 0  9997
2 45733  53.0547  38.3175 0000798  35.3374 324.7670 15.11509697141496
1 45733U 20038D   23005.77707696  .00022869  00000-0  13469-2 0  9996
2 45733  53.0545  36.5221 0000794  36.4806 323.6239 15.11532623141555
1 45733U 20038D   23005.77707696  .00022869  00000-0  13469-2 0  9996
2 45733  53.0545  36.5221 0000794  36.4806 323.6239 15.11532623142668
1 45733U 20038D   23006.50439873  .00023281  00000-0  13692-2 0  9994
2 45733  53.0542  33.2311 0000848  38.1883 321.9169 15.11573982141668
1 45733U 20038D   23006.50439873  .00023281  00000-0  13692-2 0  9994
2 45733  53.0542  33.2311 0000848  38.1883 321.9169 15.11573982142771
1 45733U 20038D   23007.09946671  .00023490  00000-0  13801-2 0  9992
2 45733  53.0541  30.5378 0000853  41.5558 318.5498 15.11605780141752
1 45733U 20038D   23007.76063931  .00025920  00000-0  15191-2 0  9999
2 45733  53.0539  27.5456 0000935  44.3600 315.7466 15.11640900141850
1 45733U 20038D   23007.76063931  .00025920  00000-0  15191-2 0  9999
2 45733  53.0539  27.5456 0000935  44.3600 315.7466 15.11640900142963
1 45733U 20038D   23008.15733579  .00026496  00000-0  15515-2 0  9994
2 45733  53.0536  25.7501 0000954  46.6695 313.4376 15.11661220141918
1 45733U 20038D   23008.75237044  .00025707  00000-0  15047-2 0  9990
2 45733  53.0536  23.0567 0001031  47.6621 312.4458 15.11691413142006
1 45733U 20038D   23009.08293961  .00028280  00000-0  16521-2 0  9994
2 45733  53.0535  21.5603 0001059  50.4330 309.6755 15.11711644143163
1 45733U 20038D   23009.28127913  .00026667  00000-0  15588-2 0  9998
2 45733  53.0535  20.6627 0001089  49.5784 310.5302 15.11720976142081
1 45733U 20038D   23010.20684477  .00028173  00000-0  16431-2 0  9997
2 45733  53.0537  16.4730 0001171  52.7340 307.3758 15.11773634143334
1 45733U 20038D   23010.40517618  .00029065  00000-0  16938-2 0  9994
2 45733  53.0536  15.5751 0001251  53.6442 306.4665 15.11785300142258
1 45733U 20038D   23011.26459148  .00033851  00000-0  19654-2 0  9998
2 45733  53.0540  11.6844 0001323  56.8288 303.2830 15.11843879142385
1 45733U 20038D   23011.26459148  .00033851  00000-0  19654-2 0  9998
2 45733  53.0540  11.6844 0001323  56.8288 303.2830 15.11843879143498
1 45733U 20038D   23011.72733894  .00035650  00000-0  20664-2 0  9994
2 45733  53.0542   9.5894 0001358  56.9846 303.1275 15.11879191142453
1 45733U 20038D   23012.25618055  .00037463  00000-0  21677-2 0  9993
2 45733  53.0544   7.1948 0001401  57.7188 302.3939 15.11918985142538
1 45733U 20038D   23012.25618055  .00037463  00000-0  21677-2 0  9993
2 45733  53.0544   7.1948 0001401  57.7188 302.3939 15.11918985143641
1 45733U 20038D   23013.31381990  .00039874  00000-0  22999-2 0  9992
2 45733  53.0551   2.4064 0001506  61.4171 298.6972 15.12003831142690
1 45733U 20038D   23013.31381990  .00039874  00000-0  22999-2 0  9992
2 45733  53.0551   2.4064 0001506  61.4171 298.6972 15.12003831143804
1 45733U 20038D   23014.30529936  .00051410  00000-0  29478-2 0  9995
2 45733  53.0552 357.9166 0001525  66.0110 294.1041 15.12098717143952
1 45733U 20038D   23014.63577923  .00044184  00000-0  25366-2 0  9992
2 45733  53.0553 356.4201 0001529  68.0347 292.0807 15.12124656144001
1 45733U 20038D   23015.29671793  .00053334  00000-0  30486-2 0  9991
2 45733  53.0554 353.4267 0001535  72.8063 287.3096 15.12193600142994
1 45733U 20038D   23015.29671793  .00053334  00000-0  30486-2 0  9991
2 45733  53.0554 353.4267 0001535  72.8063 287.3096 15.12193600144109
1 45733U 20038D   23015.62717545  .00050398  00000-0  28802-2 0  9990
2 45733  53.0553 351.9298 0001526  74.6760 285.4400 15.12226963143048
1 45733U 20038D   23016.22197704  .00061203  00000-0  34812-2 0  9991
2 45733  53.0548 349.2353 0001550  80.2061 279.9106 15.12305538143135
1 45733U 20038D   23016.22197704  .00061203  00000-0  34812-2 0  9991
2 45733  53.0548 349.2353 0001550  80.2061 279.9106 15.12305538144248
1 45733U 20038D   23016.61849673  .00051510  00000-0  29334-2 0  9996
2 45733  53.0544 347.4394 0001590  81.6127 278.5044 15.12343894143197
1 45733U 20038D   23016.61849673  .00051510  00000-0  29334-2 0  9996
2 45733  53.0544 347.4394 0001590  81.6127 278.5044 15.12343894144301
1 45733U 20038D   23017.60975260  .00047194  00000-0  26838-2 0  9997
2 45733  53.0541 342.9481 0001655  86.9033 273.2148 15.12435298143341
1 45733U 20038D   23017.60975260  .00047194  00000-0  26838-2 0  9997
2 45733  53.0541 342.9481 0001655  86.9033 273.2148 15.12435298144454
1 45733U 20038D   23018.60094829  .00057828  00000-0  32708-2 0  9999
2 45733  53.0540 338.4565 0001707  93.4171 266.7016 15.12534227143496
1 45733U 20038D   23019.12955791  .00053629  00000-0  30316-2 0  9999
2 45733  53.0544 336.0599 0001722  95.3967 264.7222 15.12589717144685
1 45733U 20038D   23019.26170735  .00047072  00000-0  26648-2 0  9999
2 45733  53.0541 335.4607 0001735  95.5514 264.5675 15.12598790143599
1 45733U 20038D   23019.26170735  .00047072  00000-0  26648-2 0  9999
2 45733  53.0541 335.4607 0001735  95.5514 264.5675 15.12598790144703
1 45733U 20038D   23020.12064934  .00053095  00000-0  29933-2 0  9991
2 45733  53.0544 331.5669 0001757  99.5515 260.5676 15.12691820144839
1 45733U 20038D   23020.25278931  .00049067  00000-0  27679-2 0  9998
2 45733  53.0545 330.9672 0001785 102.4699 257.6493 15.12706523143745
1 45733U 20038D   23021.57412559  .00064302  00000-0  35997-2 0  9991
2 45733  53.0544 324.9789 0001839 101.6818 258.4381 15.12852700145050
1 45733U 20038D   23022.10262373  .00058558  00000-0  32769-2 0  9998
2 45733  53.0555 322.5819 0001899 106.6381 253.4820 15.12911329145131
1 45733U 20038D   23023.09350481  .00050600  00000-0  28291-2 0  9990
2 45733  53.0555 318.0890 0001886 109.0008 251.1189 15.13011139145289
1 45733U 20038D   23025.00902172  .00044083  00000-0  24563-2 0  9999
2 45733  53.0551 309.4002 0001911 116.6816 243.4372 15.13197246144465
1 45733U 20038D   23025.00902172  .00044083  00000-0  24563-2 0  9999
2 45733  53.0551 309.4002 0001911 116.6816 243.4372 15.13197246145578
1 45733U 20038D   23025.80158531  .00040771  00000-0  22699-2 0  9997
2 45733  53.0550 305.8041 0001902 120.4390 239.6790 15.13262989144588
1 45733U 20038D   23026.06576553  .00043375  00000-0  24114-2 0  9991
2 45733  53.0550 304.6053 0001903 120.6148 239.5032 15.13286267144620
1 45733U 20038D   23026.06576553  .00043375  00000-0  24114-2 0  9991
2 45733  53.0550 304.6053 0001903 120.6148 239.5032 15.13286267145733
1 45733U 20038D   23027.05641039  .00038040  00000-0  21141-2 0  9993
2 45733  53.0541 300.1106 0001898 124.6081 235.5090 15.13359130144779
1 45733U 20038D   23027.05641039  .00038040  00000-0  21141-2 0  9993
2 45733  53.0541 300.1106 0001898 124.6081 235.5090 15.13359130145882
1 45733U 20038D   23027.84889218  .00031879  00000-0  17733-2 0  9998
2 45733  53.0537 296.5144 0001906 128.5645 231.5518 15.13411926144899
1 45733U 20038D   23028.11304727  .00032262  00000-0  17935-2 0  9997
2 45733  53.0533 295.3157 0001960 130.2002 229.9162 15.13427797144937
1 45733U 20038D   23028.11304727  .00032262  00000-0  17935-2 0  9997
2 45733  53.0533 295.3157 0001960 130.2002 229.9162 15.13427797146041
1 45733U 20038D   23028.90549555  .00025518  00000-0  14217-2 0  9990
2 45733  53.0529 291.7192 0002061 135.6421 224.4737 15.13470262145055
1 45733U 20038D   23029.10360431  .00026378  00000-0  14684-2 0  9990
2 45733  53.0528 290.8201 0002031 135.1261 224.9895 15.13481602146195
1 45733U 20038D   23029.89602662  .00021524  00000-0  12009-2 0  9998
2 45733  53.0527 287.2236 0001968 135.0404 225.0748 15.13517110145202
1 45733U 20038D   23030.02809519  .00022243  00000-0  12401-2 0  9990
2 45733  53.0527 286.6243 0001959 134.1779 225.9375 15.13523731145221
1 45733U 20038D   23030.02809519  .00022243  00000-0  12401-2 0  9990
2 45733  53.0527 286.6243 0001959 134.1779 225.9375 15.13523731146334
1 45733U 20038D   23030.95256184  .00019712  00000-0  11001-2 0  9998
2 45733  53.0527 282.4279 0001886 134.1577 225.9570 15.13560980145368
1 45733U 20038D   23030.95256184  .00019712  00000-0  11001-2 0  9998
2 45733  53.0527 282.4279 0001886 134.1577 225.9570 15.13560980146471
1 45733U 20038D   23031.94303454  .00023336  00000-0  12970-2 0  9994
2 45733  53.0528 277.9315 0001854 135.9940 224.1199 15.13607183145519
1 45733U 20038D   23032.07509506  .00024272  00000-0  13479-2 0  9990
2 45733  53.0528 277.3319 0001865 135.9503 224.1638 15.13614725145534
1 45733U 20038D   23032.07509506  .00024272  00000-0  13479-2 0  9990
2 45733  53.0528 277.3319 0001865 135.9503 224.1638 15.13614725146647
1 45733U 20038D   23033.46170101  .00025266  00000-0  13997-2 0  9998
2 45733  53.0524 271.0370 0001891 138.1590 221.9546 15.13679004145745
1 45733U 20038D   23033.92389053  .00018285  00000-0  10181-2 0  9992
2 45733  53.0524 268.9390 0001827 137.7498 222.3635 15.13694228146923
1 45733U 20038D   23034.05594259  .00023464  00000-0  13005-2 0  9996
2 45733  53.0529 268.3393 0001701 142.9761 217.1349 15.13703645145834
1 45733U 20038D   23034.65017652  .00019018  00000-0  10572-2 0  9995
2 45733  53.0524 265.6412 0001868 139.1849 220.9284 15.13725002145921
1 45733U 20038D   23035.83861335  .00019121  00000-0  10614-2 0  9993
2 45733  53.0530 260.2447 0001713 142.3869 217.7243 15.13773270147217
1 45733U 20038D   23035.90463652  .00018055  00000-0  10033-2 0  9991
2 45733  53.0532 259.9447 0001706 142.7429 217.3681 15.13774675146112
1 45733U 20038D   23036.89497339  .00015932  00000-0  88671-3 0  9994
2 45733  53.0530 255.4477 0001616 145.9469 214.1627 15.13807589146265
1 45733U 20038D   23036.89497339  .00015932  00000-0  88671-3 0  9994
2 45733  53.0530 255.4477 0001616 145.9469 214.1627 15.13807589147378
1 45733U 20038D   23037.88528785  .00018801  00000-0  10419-2 0  9996
2 45733  53.0528 250.9503 0001520 149.2829 210.8252 15.13844977146419
1 45733U 20038D   23038.80955772  .00020853  00000-0  11522-2 0  9995
2 45733  53.0525 246.7527 0001384 151.9442 208.1625 15.13884464147661
1 45733U 20038D   23038.87557637  .00019935  00000-0  11023-2 0  9995
2 45733  53.0526 246.4525 0001356 151.3909 208.7158 15.13885658146569
1 45733U 20038D   23039.86583872  .00020645  00000-0  11396-2 0  9998
2 45733  53.0521 241.9556 0001271 154.8002 205.3053 15.13925367146712
1 45733U 20038D   23039.86583872  .00020645  00000-0  11396-2 0  9998
2 45733  53.0521 241.9556 0001271 154.8002 205.3053 15.13925367147825
1 45733U 20038D   23040.26193530  .00020812  00000-0  11481-2 0  9993
2 45733  53.0515 240.1564 0001407 159.5286 200.5763 15.13943306146776
1 45733U 20038D   23040.85607416  .00020936  00000-0  11541-2 0  9995
2 45733  53.0517 237.4578 0001307 160.0343 200.0700 15.13965685146862
1 45733U 20038D   23041.25216082  .00024510  00000-0  13469-2 0  9998
2 45733  53.0516 235.6585 0001363 163.2969 196.8068 15.13984699148036
1 45733U 20038D   23041.71425694  .00021289  00000-0  11720-2 0  9998
2 45733  53.0516 233.5596 0001320 164.3489 195.7544 15.14001473146998
1 45733U 20038D   23042.24235906  .00023747  00000-0  13041-2 0  9991
2 45733  53.0515 231.1612 0001245 167.4944 192.6080 15.14026539147077
1 45733U 20038D   23042.77045363  .00020926  00000-0  11509-2 0  9998
2 45733  53.0515 228.7624 0001158 167.0908 193.0115 15.14046765147157
1 45733U 20038D   23042.77045363  .00020926  00000-0  11509-2 0  9998
2 45733  53.0515 228.7624 0001158 167.0908 193.0115 15.14046765148260
1 45733U 20038D   23043.49656819  .00022009  00000-0  12082-2 0  9993
2 45733  53.0518 225.4634 0001081 164.5179 195.5846 15.14083658147264
1 45733U 20038D   23043.76060558  .00024927  00000-0  13651-2 0  9996
2 45733  53.0517 224.2643 0000993 164.1940 195.9083 15.14098296148412
1 45733U 20038D   23044.48669575  .00025319  00000-0  13847-2 0  9993
2 45733  53.0531 220.9659 0000869 162.9736 197.1286 15.14137385147410
1 45733U 20038D   23045.47678587  .00029860  00000-0  16263-2 0  9996
2 45733  53.0530 216.4677 0000659 162.0647 198.0369 15.14198357147562
1 45733U 20038D   23045.47678587  .00029860  00000-0  16263-2 0  9996
2 45733  53.0530 216.4677 0000659 162.0647 198.0369 15.14198357148675
1 45733U 20038D   23046.46683495  .00032736  00000-0  17774-2 0  9994
2 45733  53.0525 211.9681 0000597 160.7520 199.3495 15.14263769147718
1 45733U 20038D   23046.73083919  .00042414  00000-0  22931-2 0  9994
2 45733  53.0525 210.7688 0000494 160.7152 199.3859 15.14291778147758
1 45733U 20038D   23046.73083919  .00042414  00000-0  22931-2 0  9994
2 45733  53.0525 210.7688 0000494 160.7152 199.3859 15.14291778148861
1 45733U 20038D   23047.78681631  .00042701  00000-0  23024-2 0  9998
2 45733  53.0522 205.9694 0000304 173.1142 186.9854 15.14384592149021
1 45733U 20038D   23047.85281267  .00042583  00000-0  22957-2 0  9999
2 45733  53.0525 205.6696 0000311 172.7259 187.3738 15.14390874147928
1 45733U 20038D   23048.44676924  .00032473  00000-0  17548-2 0  9990
2 45733  53.0527 202.9699 0000232 189.4202 170.6786 15.14435311148013
1 45733U 20038D   23048.44676924  .00032473  00000-0  17548-2 0  9990
2 45733  53.0527 202.9699 0000232 189.4202 170.6786 15.14435311149126
1 45733U 20038D   23049.43666143  .00025836  00000-0  13983-2 0  9996
2 45733  53.0510 198.4707 0000306 121.6879 238.4143 15.14498100148165
1 45733U 20038D   23049.76661633  .00031208  00000-0  16832-2 0  9997
2 45733  53.0528 196.9704 0000078 246.6592 113.4392 15.14523235149325
1 45733U 20038D   23050.55848970  .00028766  00000-0  15512-2 0  9996
2 45733  53.0541 193.3713 0000125 273.6429  86.4549 15.14571658148338
1 45733U 20038D   23050.82244180  .00030319  00000-0  16329-2 0  9993
2 45733  53.0539 192.1712 0000140 296.7540  63.3438 15.14589001149487
1 45733U 20038D   23051.54829299  .00031741  00000-0  17060-2 0  9996
2 45733  53.0540 188.8711 0000215 319.6713  40.4264 15.14639368148484
1 45733U 20038D   23052.07617037  .00033721  00000-0  18090-2 0  9994
2 45733  53.0541 186.4713 0000291 332.6406  27.4572 15.14676544149675
1 45733U 20038D   23052.53805062  .00040256  00000-0  21520-2 0  9995
2 45733  53.0541 184.3710 0000353 336.1503  23.9473 15.14717183148636
1 45733U 20038D   23052.67001431  .00041031  00000-0  21922-2 0  9996
2 45733  53.0540 183.7710 0000380 338.8434  21.2543 15.14728346148654
1 45733U 20038D   23052.67001431  .00041031  00000-0  21922-2 0  9996
2 45733  53.0540 183.7710 0000380 338.8434  21.2543 15.14728346149767
1 45733U 20038D   23053.52775251  .00035365  00000-0  18894-2 0  9996
2 45733  53.0537 179.8705 0000519 345.5861  14.5116 15.14799480148785
1 45733U 20038D   23054.05557226  .00039912  00000-0  21262-2 0  9990
2 45733  53.0536 177.4703 0000631 350.9981   9.1000 15.14844883149976
1 45733U 20038D   23054.51740130  .00044290  00000-0  23534-2 0  9998
2 45733  53.0532 175.3696 0000716 353.6431   6.4552 15.14887269148936
1 45733U 20038D   23054.64935024  .00044411  00000-0  23590-2 0  9997
2 45733  53.0533 174.7697 0000757 354.6827   5.4158 15.14898790148950
1 45733U 20038D   23055.04519092  .00043329  00000-0  23000-2 0  9998
2 45733  53.0532 172.9693 0000842 357.9323   2.1666 15.14933257150125
1 45733U 20038D   23055.50699155  .00038383  00000-0  20384-2 0  9994
2 45733  53.0527 170.8684 0000942 356.4254   3.6732 15.14973604149087
1 45733U 20038D   23055.70490292  .00037028  00000-0  19665-2 0  9992
2 45733  53.0523 169.9678 0000979 357.5029   2.5959 15.14989493149113
1 45733U 20038D   23056.29862433  .00037231  00000-0  19744-2 0  9991
2 45733  53.0522 167.2667 0001110 359.7413   0.3579 15.15038580150311
1 45733U 20038D   23056.49652741  .00038317  00000-0  20303-2 0  9991
2 45733  53.0522 166.3665 0001174   0.7180 359.3814 15.15054538149232
1 45733U 20038D   23056.56249467  .00038974  00000-0  20643-2 0  9992
2 45733  53.0521 166.0663 0001194   1.3048 358.7948 15.15060108149240
1 45733U 20038D   23057.42004311  .00052140  00000-0  27443-2 0  9991
2 45733  53.0519 162.1644 0001386   3.7421 356.3582 15.15148542150482
1 45733U 20038D   23057.48600648  .00052135  00000-0  27436-2 0  9998
2 45733  53.0519 161.8642 0001405   3.7497 356.3506 15.15154509149384
1 45733U 20038D   23057.68389449  .00052319  00000-0  27516-2 0  9996
2 45733  53.0520 160.9639 0001467   3.8881 356.2123 15.15174650149415
1 45733U 20038D   23058.27754161  .00065429  00000-0  34237-2 0  9993
2 45733  53.0523 158.2620 0001563   7.3460 352.7556 15.15247642149500
1 45733U 20038D   23058.54137667  .00179484  00000-0  92001-2 0  9999
2 45733  53.0525 157.0613 0001720   8.6918 351.4104 15.15310136149546
1 45733U 20038D   23058.54137667  .00179484  00000-0  92001-2 0  9999
2 45733  53.0525 157.0613 0001720   8.6918 351.4104 15.15310136150650
1 45733U 20038D   23059.00306109  .00074892  00000-0  38978-2 0  9990
2 45733  53.0528 154.9602 0001790  10.3696 349.7334 15.15370665150723
1 45733U 20038D   23059.53067568  .00052932  00000-0  27623-2 0  9997
2 45733  53.0533 152.5578 0001810  10.3640 349.7390 15.15443586149696
1 45733U 20038D   23059.66257651  .00051841  00000-0  27051-2 0  9998
2 45733  53.0535 151.9576 0001860  10.7034 349.3998 15.15456611149711
1 45733U 20038D   23059.66257651  .00051841  00000-0  27051-2 0  9998
2 45733  53.0535 151.9576 0001860  10.7034 349.3998 15.15456611150825
1 45733U 20038D   23060.71773649  .00044787  00000-0  23343-2 0  9997
2 45733  53.0543 147.1541 0002132  14.5212 345.5842 15.15564568149876
1 45733U 20038D   23060.71773649  .00044787  00000-0  23343-2 0  9997
2 45733  53.0543 147.1541 0002132  14.5212 345.5842 15.15564568150980
1 45733U 20038D   23061.70688367  .00048810  00000-0  25343-2 0  9992
2 45733  53.0546 142.6499 0002358  15.6323 344.4742 15.15659738150026
1 45733U 20038D   23062.23440169  .00061769  00000-0  31913-2 0  9995
2 45733  53.0549 140.2467 0002405  18.0625 342.0453 15.15724556151219
1 45733U 20038D   23062.43221540  .00062864  00000-0  32449-2 0  9999
2 45733  53.0551 139.3462 0002506  18.7394 341.3691 15.15748226150134
1 45733U 20038D   23062.89376729  .00060513  00000-0  31200-2 0  9992
2 45733  53.0551 137.2450 0002679  19.3711 340.7383 15.15806402150209
1 45733U 20038D   23063.42123196  .00066870  00000-0  34361-2 0  9993
2 45733  53.0551 134.8423 0002700  20.2170 339.8930 15.15877218151398
1 45733U 20038D   23063.88274475  .00056931  00000-0  29274-2 0  9994
2 45733  53.0547 132.7402 0002774  22.0501 338.0611 15.15930228150359
1 45733U 20038D   23063.88274475  .00056931  00000-0  29274-2 0  9994
2 45733  53.0547 132.7402 0002774  22.0501 338.0611 15.15930228151462
1 45733U 20038D   23064.34424101  .00061241  00000-0  31408-2 0  9991
2 45733  53.0544 130.6377 0002772  23.0438 337.0679 15.15987635150427
1 45733U 20038D   23064.87164389  .00063554  00000-0  32516-2 0  9998
2 45733  53.0542 128.2351 0002868  24.4490 335.6639 15.16054137150501
1 45733U 20038D   23065.13533658  .00065044  00000-0  33236-2 0  9993
2 45733  53.0543 127.0334 0002932  25.0133 335.1002 15.16087674151651
1 45733U 20038D   23065.86045697  .00069813  00000-0  35528-2 0  9998
2 45733  53.0541 123.7294 0002903  27.8723 332.2426 15.16196467150658
1 45733U 20038D   23065.86045697  .00069813  00000-0  35528-2 0  9998
2 45733  53.0541 123.7294 0002903  27.8723 332.2426 15.16196467151761
1 45733U 20038D   23066.38779012  .00062774  00000-0  31938-2 0  9991
2 45733  53.0541 121.3260 0003012  32.8947 327.2234 15.16256482151848
1 45733U 20038D   23066.84918875  .00052308  00000-0  26641-2 0  9991
2 45733  53.0533 119.2229 0003174  32.4627 327.6561 15.16304849150803
1 45733U 20038D   23067.37648064  .00048560  00000-0  24715-2 0  9995
2 45733  53.0532 116.8189 0003050  32.7540 327.3642 15.16363802151992
1 45733U 20038D   23067.83784679  .00082909  00000-0  41822-2 0  9992
2 45733  53.0527 114.7151 0003289  36.1751 323.9465 15.16417262150958
1 45733U 20038D   23067.83784679  .00082909  00000-0  41822-2 0  9992
2 45733  53.0527 114.7151 0003289  36.1751 323.9465 15.16417262152062
1 45733U 20038D   23068.49690924  .00072227  00000-0  36422-2 0  9996
2 45733  53.0518 111.7093 0003267  37.8872 322.2351 15.16500140152167
1 45733U 20038D   23068.82642793  .00062247  00000-0  31421-2 0  9999
2 45733  53.0515 110.2070 0003350  38.7934 321.3299 15.16537105151100
1 45733U 20038D   23068.82642793  .00062247  00000-0  31421-2 0  9999
2 45733  53.0515 110.2070 0003350  38.7934 321.3299 15.16537105152213
1 45733U 20038D   23069.81493480  .00047850  00000-0  24165-2 0  9996
2 45733  53.0517 105.6984 0003499  42.8464 317.2802 15.16642690151258
1 45733U 20038D   23069.81493480  .00047850  00000-0  24165-2 0  9996
2 45733  53.0517 105.6984 0003499  42.8464 317.2802 15.16642690152361
1 45733U 20038D   23070.40800631  .00046213  00000-0  23307-2 0  9992
2 45733  53.0519 102.9927 0003547  45.1278 315.0003 15.16705580151347
1 45733U 20038D   23071.06695005  .00042243  00000-0  21296-2 0  9996
2 45733  53.0519  99.9876 0003698  46.6147 313.5154 15.16761541151443
1 45733U 20038D   23071.06695005  .00042243  00000-0  21296-2 0  9996
2 45733  53.0519  99.9876 0003698  46.6147 313.5154 15.16761541152556
1 45733U 20038D   23071.39641204  .00047119  00000-0  23698-2 0  9999
2 45733  53.0523  98.4842 0003709  48.1285 312.0025 15.16794222151496
1 45733U 20038D   23072.05531721  .00042043  00000-0  21143-2 0  9999
2 45733  53.0526  95.4783 0003782  50.3049 309.8278 15.16849750151596
1 45733U 20038D   23073.04363286  .00036606  00000-0  18404-2 0  9992
2 45733  53.0530  90.9688 0003913  52.9223 307.2128 15.16923074152851
1 45733U 20038D   23073.43894556  .00039570  00000-0  19856-2 0  9999
2 45733  53.0529  89.1649 0003963  54.1724 305.9637 15.16954136151808
1 45733U 20038D   23073.76836630  .00043528  00000-0  21796-2 0  9998
2 45733  53.0531  87.6619 0004016  54.9619 305.1751 15.16983708151853
1 45733U 20038D   23074.03189774  .00044795  00000-0  22406-2 0  9995
2 45733  53.0530  86.4589 0004025  56.5202 303.6176 15.17008703153008
1 45733U 20038D   23074.29542526  .00045373  00000-0  22676-2 0  9993
2 45733  53.0533  85.2563 0004055  57.0844 303.0540 15.17032417151939
1 45733U 20038D   23075.21773651  .00047329  00000-0  23580-2 0  9999
2 45733  53.0540  81.0472 0004149  59.6391 300.5012 15.17121485153188
1 45733U 20038D   23075.28361369  .00047781  00000-0  23798-2 0  9998
2 45733  53.0538  80.7462 0004101  60.1905 299.9496 15.17127803152081
1 45733U 20038D   23075.74474981  .00036680  00000-0  18317-2 0  9991
2 45733  53.0541  78.6414 0004142  61.8122 298.3290 15.17158500152153
1 45733U 20038D   23075.74474981  .00036680  00000-0  18317-2 0  9991
2 45733  53.0541  78.6414 0004142  61.8122 298.3290 15.17158500153266
1 45733U 20038D   23076.27174961  .00032267  00000-0  16125-2 0  9997
2 45733  53.0541  76.2358 0004160  63.0696 297.0723 15.17194616152238
1 45733U 20038D   23077.45745323  .00034921  00000-0  17390-2 0  9998
2 45733  53.0545  70.8231 0004215  66.5154 293.6282 15.17279401152418
1 45733U 20038D   23077.45745323  .00034921  00000-0  17390-2 0  9998
2 45733  53.0545  70.8231 0004215  66.5154 293.6282 15.17279401153521
1 45733U 20038D   23078.37962061  .00034183  00000-0  16995-2 0  9990
2 45733  53.0550  66.6132 0004230  69.5153 290.6295 15.17346265152555
1 45733U 20038D   23079.17001432  .00038005  00000-0  18833-2 0  9995
2 45733  53.0554  63.0043 0004219  72.3805 287.7650 15.17411674153789
1 45733U 20038D   23079.43347181  .00037025  00000-0  18343-2 0  9995
2 45733  53.0556  61.8014 0004235  73.4435 286.7024 15.17432151152713
1 45733U 20038D   23080.22381920  .00044293  00000-0  21845-2 0  9999
2 45733  53.0561  58.1922 0004205  76.5399 283.6064 15.17505966153947
1 45733U 20038D   23080.42140047  .00040774  00000-0  20123-2 0  9992
2 45733  53.0562  57.2900 0004197  77.2670 282.8793 15.17521202152865
1 45733U 20038D   23081.27755764  .00046760  00000-0  22981-2 0  9999
2 45733  53.0567  53.3799 0004151  80.9950 279.1514 15.17603713152997
1 45733U 20038D   23081.27755764  .00046760  00000-0  22981-2 0  9999
2 45733  53.0567  53.3799 0004151  80.9950 279.1514 15.17603713154102
1 45733U 20038D   23082.19951958  .00044566  00000-0  21860-2 0  9991
2 45733  53.0570  49.1692 0004073  85.4229 274.7230 15.17694139153133
1 45733U 20038D   23083.18726841  .00219836  00000-0  10414-1 0  9998
2 45733  53.0574  44.6581 0004085  92.9849 267.1613 15.17868639154396
1 45733U 20038D   23083.25311339  .00238612  00000-0  11265-1 0  9996
2 45733  53.0574  44.3571 0004084  93.4684 266.6777 15.17892765153294
1 45733U 20038D   23083.25311339  .00238612  00000-0  11265-1 0  9996
2 45733  53.0574  44.3571 0004084  93.4684 266.6777 15.17892765154408
1 45733U 20038D   23084.17490287  .00059624  00000-0  28887-2 0  9991
2 45733  53.0573  40.1456 0004056  98.4156 261.7298 15.17990544154544
1 45733U 20038D   23084.30658174  .00059190  00000-0  28666-2 0  9990
2 45733  53.0573  39.5438 0004071  99.3406 260.8049 15.18007124153458
1 45733U 20038D   23085.29412947  .00055408  00000-0  26771-2 0  9998
2 45733  53.0568  35.0301 0003972 103.1432 257.0006 15.18120728153608
1 45733U 20038D   23085.29412947  .00055408  00000-0  26771-2 0  9998
2 45733  53.0568  35.0301 0003972 103.1432 257.0006 15.18120728154711
1 45733U 20038D   23086.28160699  .00052391  00000-0  25255-2 0  9996
2 45733  53.0563  30.5163 0003943 107.5764 252.5661 15.18226806153750
1 45733U 20038D   23087.20318576  .00056562  00000-0  27153-2 0  9991
2 45733  53.0558  26.3029 0003928 113.1173 247.0235 15.18335337155004
1 45733U 20038D   23087.26901032  .00056111  00000-0  26933-2 0  9997
2 45733  53.0557  26.0017 0003933 113.6100 246.5307 15.18343846153903
1 45733U 20038D   23088.19051315  .00066646  00000-0  31799-2 0  9990
2 45733  53.0552  21.7876 0003914 118.2028 241.9362 15.18469947154049
1 45733U 20038D   23088.19051315  .00066646  00000-0  31799-2 0  9990
2 45733  53.0552  21.7876 0003914 118.2028 241.9362 15.18469947155152
1 45733U 20038D   23089.11193786  .00072102  00000-0  34235-2 0  9994
2 45733  53.0546  17.5733 0003911 123.5175 236.6193 15.18600737154188
1 45733U 20038D   23089.11193786  .00072102  00000-0  34235-2 0  9994
2 45733  53.0546  17.5733 0003911 123.5175 236.6193 15.18600737155291
1 45733U 20038D   23090.16489428  .00080570  00000-0  38016-2 0  9991
2 45733  53.0543  12.7559 0003861 127.3426 232.7921 15.18762446155456
1 45733U 20038D   23091.15194318  .00070592  00000-0  33242-2 0  9991
2 45733  53.0542   8.2393 0003809 130.8767 229.2557 15.18898228155601
1 45733U 20038D   23091.74413383  .00060528  00000-0  28510-2 0  9992
2 45733  53.0542   5.5297 0003734 132.2723 227.8588 15.18963693154582
1 45733U 20038D   23091.74413383  .00060528  00000-0  28510-2 0  9992
2 45733  53.0542   5.5297 0003734 132.2723 227.8588 15.18963693155695
1 45733U 20038D   23092.13891039  .00068796  00000-0  32294-2 0  9993
2 45733  53.0543   3.7223 0003766 134.6011 225.5291 15.19020402154649
1 45733U 20038D   23092.13891039  .00068796  00000-0  32294-2 0  9993
2 45733  53.0543   3.7223 0003766 134.6011 225.5291 15.19020402155752
1 45733U 20038D   23092.92842408  .00050681  00000-0  23822-2 0  9997
2 45733  53.0543   0.1092 0003604 135.1097 225.0190 15.19118607154766
1 45733U 20038D   23093.12579453  .00065850  00000-0  30818-2 0  9994
2 45733  53.0542 359.2052 0003654 136.9902 223.1379 15.19146318154799
1 45733U 20038D   23093.12579453  .00065850  00000-0  30818-2 0  9994
2 45733  53.0542 359.2052 0003654 136.9902 223.1379 15.19146318155903
1 45733U 20038D   23094.11259964  .00059670  00000-0  27866-2 0  9998
2 45733  53.0543 354.6871 0003606 141.6065 218.5186 15.19266985154942
1 45733U 20038D   23094.11259964  .00059670  00000-0  27866-2 0  9998
2 45733  53.0543 354.6871 0003606 141.6065 218.5186 15.19266985156056
1 45733U 20038D   23094.90198699  .00050674  00000-0  23655-2 0  9999
2 45733  53.0541 351.0723 0003498 144.5620 215.5607 15.19357603155062
1 45733U 20038D   23094.96776719  .00052157  00000-0  24333-2 0  9992
2 45733  53.0541 350.7709 0003503 145.0166 215.1059 15.19364449155074
1 45733U 20038D   23094.96776719  .00052157  00000-0  24333-2 0  9992
2 45733  53.0541 350.7709 0003503 145.0166 215.1059 15.19364449156187
1 45733U 20038D   23095.88865507  .00053816  00000-0  25019-2 0  9993
2 45733  53.0539 346.5525 0003395 149.2470 210.8725 15.19471572155217
1 45733U 20038D   23096.08598500  .00028131  00000-0  13202-2 0  9995
2 45733  53.0542 345.6492 0003025 150.7809 209.3355 15.19454849155240
1 45733U 20038D   23096.08598500  .00028131  00000-0  13202-2 0  9995
2 45733  53.0542 345.6492 0003025 150.7809 209.3355 15.19454849156353
1 45733U 20038D   23096.94107839  .00013649  00000-0  64938-3 0  9992
2 45733  53.0540 341.7316 0003385 149.1833 210.9361 15.19462735155370
1 45733U 20038D   23096.94107839  .00013649  00000-0  64938-3 0  9992
2 45733  53.0540 341.7316 0003385 149.1833 210.9361 15.19462735156483
1 45733U 20038D   23098.05926613  .00003676  00000-0  18603-3 0  9992
2 45733  53.0545 336.6105 0003219 151.2859 208.8313 15.19468344155546
1 45733U 20038D   23098.05926613  .00003676  00000-0  18603-3 0  9992
2 45733  53.0545 336.6105 0003219 151.2859 208.8313 15.19468344156659
1 45733U 20038D   23099.04589549  .00011227  00000-0  53656-3 0  9993
2 45733  53.0542 332.0903 0003259 151.8050 208.3122 15.19490361155695
1 45733U 20038D   23099.04589549  .00011227  00000-0  53656-3 0  9993
2 45733  53.0542 332.0903 0003259 151.8050 208.3122 15.19490361156809
1 45733U 20038D   23099.90094121  .00017581  00000-0  82979-3 0  9994
2 45733  53.0559 328.1741 0003569 157.0289 203.0866 15.19542413156936
1 45733U 20038D   23100.03248046  .00026206  00000-0  12271-2 0  9999
2 45733  53.0544 327.5702 0003315 153.7861 206.3302 15.19570005155846
1 45733U 20038D   23100.03248046  .00026206  00000-0  12271-2 0  9999
2 45733  53.0544 327.5702 0003315 153.7861 206.3302 15.19570005156959
1 45733U 20038D   23100.88747075  .00037767  00000-0  17545-2 0  9991
2 45733  53.0538 323.6539 0002627 161.3278 198.7814 15.19661977155971
1 45733U 20038D   23101.01900348  .00047844  00000-0  22141-2 0  9996
2 45733  53.0544 323.0501 0002858 160.7392 199.3711 15.19684992155994
1 45733U 20038D   23101.01900348  .00047844  00000-0  22141-2 0  9996
2 45733  53.0544 323.0501 0002858 160.7392 199.3711 15.19684992157109
1 45733U 20038D   23101.87394418  .00041012  00000-0  18979-2 0  9990
2 45733  53.0549 319.1325 0002735 163.6320 196.4764 15.19756033156124
1 45733U 20038D   23102.00547003  .00041759  00000-0  19314-2 0  9998
2 45733  53.0549 318.5298 0002706 163.9858 196.1223 15.19767527156142
1 45733U 20038D   23102.99188312  .00053912  00000-0  24782-2 0  9999
2 45733  53.0565 314.0079 0002828 161.3280 198.7819 15.19862113156296
1 45733U 20038D   23103.71518864  .00070810  00000-0  32304-2 0  9994
2 45733  53.0557 310.6938 0002483 175.1186 184.9834 15.19994554157513
1 45733U 20038D   23103.84669480  .00047437  00000-0  21761-2 0  9993
2 45733  53.0557 310.0912 0002411 175.0551 185.0468 15.19992074157537
1 45733U 20038D   23103.97820048  .00049016  00000-0  22468-2 0  9996
2 45733  53.0556 309.4884 0002416 174.2922 185.8101 15.20003396156447
1 45733U 20038D   23104.83297558  .00022835  00000-0  10574-2 0  9991
2 45733  53.0560 305.5702 0002318 175.0486 185.0532 15.20034799157681
1 45733U 20038D   23105.55623689  .00015475  00000-0  72178-3 0  9990
2 45733  53.0558 302.2546 0002225 178.7560 181.3441 15.20049082156686
1 45733U 20038D   23105.55623689  .00015475  00000-0  72178-3 0  9990
2 45733  53.0558 302.2546 0002225 178.7560 181.3441 15.20049082157799
1 45733U 20038D   23105.81923813  .00015857  00000-0  73901-3 0  9990
2 45733  53.0562 301.0481 0002305 179.3719 180.7280 15.20057313156723
1 45733U 20038D   23106.54248608  .00014100  00000-0  65859-3 0  9996
2 45733  53.0564 297.7324 0002287 180.7622 179.3369 15.20075515156838
1 45733U 20038D   23106.80548242  .00014516  00000-0  67738-3 0  9991
2 45733  53.0565 296.5267 0002259 181.7450 178.3537 15.20083985156871
1 45733U 20038D   23106.80548242  .00014516  00000-0  67738-3 0  9991
2 45733  53.0565 296.5267 0002259 181.7450 178.3537 15.20083985157984
1 45733U 20038D   23106.93698034  .00014310  00000-0  66791-3 0  9990
2 45733  53.0565 295.9238 0002249 182.1851 177.9134 15.20087475156899
1 45733U 20038D   23107.85745550  .00014449  00000-0  67373-3 0  9998
2 45733  53.0566 291.7033 0002183 186.0900 174.0069 15.20114383157033
1 45733U 20038D   23107.85745550  .00014449  00000-0  67373-3 0  9998
2 45733  53.0566 291.7033 0002183 186.0900 174.0069 15.20114383158146
1 45733U 20038D   23108.77791521  .00013801  00000-0  64376-3 0  9990
2 45733  53.0568 287.4828 0002119 190.0103 170.0850 15.20139613157170
1 45733U 20038D   23109.50112275  .00013071  00000-0  61019-3 0  9995
2 45733  53.0570 284.1666 0002050 193.8698 166.2241 15.20158799157280
1 45733U 20038D   23109.76410412  .00013964  00000-0  65063-3 0  9991
2 45733  53.0569 282.9608 0002046 195.6527 164.4405 15.20168210157322
1 45733U 20038D   23110.48729684  .00012509  00000-0  58417-3 0  9995
2 45733  53.0573 279.6447 0002003 198.9935 161.0986 15.20188665157438
1 45733U 20038D   23110.75027326  .00013256  00000-0  61792-3 0  9999
2 45733  53.0575 278.4388 0002000 200.2587 159.8329 15.20197617158588
1 45733U 20038D   23111.73642434  .00012487  00000-0  58254-3 0  9995
2 45733  53.0577 273.9164 0001939 206.4038 153.6858 15.20224642157623
1 45733U 20038D   23112.78829579  .00014642  00000-0  67962-3 0  9999
2 45733  53.0577 269.0924 0001870 211.8505 148.2377 15.20261323157786
1 45733U 20038D   23112.78829579  .00014642  00000-0  67962-3 0  9999
2 45733  53.0577 269.0924 0001870 211.8505 148.2377 15.20261323158899
1 45733U 20038D   23113.44570389  .00014677  00000-0  68081-3 0  9996
2 45733  53.0578 266.0778 0001852 215.6308 144.4564 15.20282436157889
1 45733U 20038D   23114.10309974  .00021888  00000-0  10061-2 0  9996
2 45733  53.0582 263.0633 0001808 219.7385 140.3478 15.20315519159095
1 45733U 20038D   23114.43178870  .00052047  00000-0  23586-2 0  9998
2 45733  53.0581 261.5561 0001811 220.7642 139.3218 15.20370138158030
1 45733U 20038D   23115.08916404  .00017581  00000-0  81027-3 0  9992
2 45733  53.0579 258.5416 0001818 224.9980 135.0868 15.20366119159242
1 45733U 20038D   23115.41784725  .00014287  00000-0  66136-3 0  9992
2 45733  53.0582 257.0344 0001848 225.5686 134.5158 15.20374338158183
1 45733U 20038D   23116.07520978  .00010958  00000-0  51075-3 0  9990
2 45733  53.0575 254.0196 0001881 230.4845 129.5984 15.20385352159399
1 45733U 20038D   23116.46962419  .00010666  00000-0  49744-3 0  9999
2 45733  53.0576 252.2102 0001830 232.3077 127.7753 15.20394254158348
1 45733U 20038D   23116.66683013  .00011467  00000-0  53354-3 0  9993
2 45733  53.0574 251.3059 0001861 232.6123 127.4703 15.20399929158375
1 45733U 20038D   23117.52138212  .00013773  00000-0  63719-3 0  9993
2 45733  53.0571 247.3867 0001879 237.9749 122.1063 15.20424916158506
1 45733U 20038D   23117.52138212  .00013773  00000-0  63719-3 0  9993
2 45733  53.0571 247.3867 0001879 237.9749 122.1063 15.20424916159619
1 45733U 20038D   23118.50738466  .00013854  00000-0  64029-3 0  9994
2 45733  53.0567 242.8635 0001833 244.2527 115.8279 15.20455318158653
1 45733U 20038D   23118.63885004  .00014343  00000-0  66224-3 0  9992
2 45733  53.0569 242.2603 0001850 245.2026 114.8776 15.20459972159784
1 45733U 20038D   23119.55910047  .00013358  00000-0  61743-3 0  9996
2 45733  53.0568 238.0390 0001849 248.1374 111.9424 15.20484942158811
1 45733U 20038D   23119.69056331  .00013929  00000-0  64305-3 0  9999
2 45733  53.0568 237.4359 0001862 249.2370 110.8426 15.20489547159943
1 45733U 20038D   23120.54506663  .00011060  00000-0  51351-3 0  9994
2 45733  53.0567 233.5160 0001886 252.9044 107.1745 15.20508577158963
1 45733U 20038D   23121.53101925  .00009480  00000-0  44212-3 0  9997
2 45733  53.0564 228.9924 0001909 257.1938 102.8844 15.20527961159119
1 45733U 20038D   23121.53101925  .00009480  00000-0  44212-3 0  9997
2 45733  53.0564 228.9924 0001909 257.1938 102.8844 15.20527961160223
1 45733U 20038D   23121.66247857  .00009997  00000-0  46534-3 0  9998
2 45733  53.0564 228.3892 0001916 257.7812 102.2969 15.20531239159139
1 45733U 20038D   23122.58268908  .00009438  00000-0  43997-3 0  9990
2 45733  53.0563 224.1681 0001960 263.4632  96.6140 15.20547644160384
1 45733U 20038D   23123.50288977  .00007710  00000-0  36205-3 0  9996
2 45733  53.0561 219.9466 0001984 268.5592  91.5175 15.20561535159411
1 45733U 20038D   23123.70007459  .00007496  00000-0  35235-3 0  9995
2 45733  53.0560 219.0420 0001981 269.5055  90.5713 15.20564474159448
1 45733U 20038D   23123.70007459  .00007496  00000-0  35235-3 0  9995
2 45733  53.0560 219.0420 0001981 269.5055  90.5713 15.20564474160552
1 45733U 20038D   23124.55453649  .00007844  00000-0  36789-3 0  9997
2 45733  53.0558 215.1220 0001995 272.9536  87.1231 15.20579240159575
1 45733U 20038D   23124.62026400  .00007885  00000-0  36971-3 0  9994
2 45733  53.0557 214.8205 0001993 273.3609  86.7158 15.20580402159583
1 45733U 20038D   23125.21180944  .00008269  00000-0  38687-3 0  9997
2 45733  53.0556 212.1058 0002016 276.4155  83.6611 15.20590950160789
1 45733U 20038D   23125.54043948  .00016078  00000-0  73712-3 0  9990
2 45733  53.0549 210.5988 0001992 278.3770  81.6999 15.20612559160834
1 45733U 20038D   23125.60616511  .00017690  00000-0  80931-3 0  9991
2 45733  53.0548 210.2971 0001964 278.6275  81.4497 15.20617265159731
1 45733U 20038D   23125.93478787  .00026698  00000-0  12114-2 0  9993
2 45733  53.0552 208.7894 0001921 281.0290  79.0489 15.20647940160896
1 45733U 20038D   23126.52629211  .00048815  00000-0  21916-2 0  9994
2 45733  53.0541 206.0755 0001967 285.1357  74.9421 15.20719577159872
1 45733U 20038D   23126.92061506  .00050031  00000-0  22427-2 0  9996
2 45733  53.0542 204.2655 0001956 289.9808  70.0976 15.20761812161046
1 45733U 20038D   23127.51209216  .00023546  00000-0  10666-2 0  9997
2 45733  53.0538 201.5503 0002054 293.4623  66.6156 15.20775068161137
1 45733U 20038D   23127.90640909  .00023395  00000-0  10597-2 0  9993
2 45733  53.0530 199.7413 0002147 292.9298  67.1470 15.20780811160082
1 45733U 20038D   23127.90640909  .00023395  00000-0  10597-2 0  9993
2 45733  53.0530 199.7413 0002147 292.9298  67.1470 15.20780811161195
1 45733U 20038D   23128.43216285  .00030321  00000-0  13676-2 0  9996
2 45733  53.0535 197.3286 0002398 286.1437  73.9294 15.20785515161274
1 45733U 20038D   23128.49788410  .00004854  00000-0  23207-3 0  9990
2 45733  53.0528 197.0258 0002171 295.7156  64.3615 15.20768477160172
1 45733U 20038D   23129.48367562  .00004441  00000-0  21355-3 0  9995
2 45733  53.0518 192.5012 0002220 298.9141  61.1631 15.20773855160329
1 45733U 20038D   23130.46945765  .00006203  00000-0  29229-3 0  9998
2 45733  53.0512 187.9772 0002278 304.6769  55.4011 15.20787618160474
1 45733U 20038D   23130.86376629  .00008052  00000-0  37487-3 0  9998
2 45733  53.0511 186.1675 0002277 306.2928  53.7857 15.20798155160534
1 45733U 20038D   23130.92948427  .00008794  00000-0  40797-3 0  9997
2 45733  53.0509 185.8658 0002286 306.7167  53.3618 15.20800472161659
1 45733U 20038D   23131.45522724  .00007826  00000-0  36464-3 0  9995
2 45733  53.0508 183.4530 0002300 308.5626  51.5163 15.20807431160621
1 45733U 20038D   23131.84953253  .00007725  00000-0  36006-3 0  9993
2 45733  53.0507 181.6432 0002324 310.6988  49.3805 15.20813800160683
1 45733U 20038D   23132.37527008  .00008395  00000-0  38988-3 0  9992
2 45733  53.0506 179.2300 0002343 312.6985  47.3812 15.20823333160766
1 45733U 20038D   23132.37527008  .00008395  00000-0  38988-3 0  9992
2 45733  53.0506 179.2300 0002343 312.6985  47.3812 15.20823333161879
1 45733U 20038D   23133.36102109  .00007404  00000-0  34550-3 0  9994
2 45733  53.0505 174.7054 0002383 317.2186  42.8624 15.20836852160917
1 45733U 20038D   23133.82103501  .00006777  00000-0  31746-3 0  9998
2 45733  53.0501 172.5941 0002431 319.2386  40.8427 15.20842963160988
1 45733U 20038D   23133.82103501  .00006777  00000-0  31746-3 0  9998
2 45733  53.0501 172.5941 0002431 319.2386  40.8427 15.20842963162092
1 45733U 20038D   23134.41247860  .00006894  00000-0  32259-3 0  9991
2 45733  53.0500 169.8798 0002456 321.7772  38.3049 15.20851782161072
1 45733U 20038D   23135.52964140  .00005581  00000-0  26389-3 0  9990
2 45733  53.0495 164.7505 0002518 326.8927  33.1910 15.20864953161245
1 45733U 20038D   23135.52964140  .00005581  00000-0  26389-3 0  9990
2 45733  53.0495 164.7505 0002518 326.8927  33.1910 15.20864953162358
1 45733U 20038D   23135.79250187  .00005367  00000-0  25430-3 0  9996
2 45733  53.0493 163.5437 0002554 328.2879  31.7962 15.20867935161284
1 45733U 20038D   23136.38393565  .00005649  00000-0  26685-3 0  9996
2 45733  53.0494 160.8282 0002597 330.6962  29.3887 15.20875590161375
1 45733U 20038D   23136.77822381  .00004714  00000-0  22510-3 0  9997
2 45733  53.0491 159.0180 0002634 332.6245  27.4611 15.20878550162540
1 45733U 20038D   23137.43536756  .00004746  00000-0  22646-3 0  9994
2 45733  53.0485 156.0007 0002693 334.1665  25.9195 15.20885810161531
1 45733U 20038D   23137.96108061  .00004784  00000-0  22811-3 0  9992
2 45733  53.0482 153.5872 0002735 336.1808  23.9060 15.20891543162729
1 45733U 20038D   23138.35536432  .00004490  00000-0  21498-3 0  9997
2 45733  53.0480 151.7769 0002771 337.9891  22.0985 15.20895150161670
1 45733U 20038D   23138.74964710  .00004338  00000-0  20817-3 0  9999
2 45733  53.0479 149.9665 0002797 339.6183  20.4701 15.20898735161730
1 45733U 20038D   23139.40678265  .00004616  00000-0  22055-3 0  9995
2 45733  53.0475 146.9500 0002892 342.4940  17.5955 15.20905948162947
1 45733U 20038D   23139.73534914  .00005087  00000-0  24152-3 0  9996
2 45733  53.0474 145.4416 0002925 343.9084  16.1818 15.20910237161880
1 45733U 20038D   23140.72104149  .00008630  00000-0  39917-3 0  9992
2 45733  53.0475 140.9156 0002995 347.8311  12.2611 15.20929774162037
1 45733U 20038D   23140.72104149  .00008630  00000-0  39917-3 0  9992
2 45733  53.0475 140.9156 0002995 347.8311  12.2611 15.20929774163140
1 45733U 20038D   23141.31245129  .00008948  00000-0  41319-3 0  9993
2 45733  53.0474 138.2001 0003060 350.4143   9.6793 15.20939913162129
1 45733U 20038D   23141.70672252  .00008098  00000-0  37531-3 0  9994
2 45733  53.0478 136.3900 0003111 352.5165   7.5783 15.20945809162187
1 45733U 20038D   23141.96956869  .00008351  00000-0  38651-3 0  9997
2 45733  53.0478 135.1830 0003125 353.5311   6.5644 15.20951162163337
1 45733U 20038D   23142.36383612  .00009932  00000-0  45668-3 0  9994
2 45733  53.0476 133.3728 0003165 354.4975   5.5985 15.20960784162281
1 45733U 20038D   23142.69239162  .00008600  00000-0  39743-3 0  9998
2 45733  53.0478 131.8645 0003223 355.7805   4.3162 15.20964243162339
1 45733U 20038D   23143.28378794  .00008738  00000-0  40344-3 0  9990
2 45733  53.0478 129.1489 0003269 357.8622   2.2359 15.20974414162421
1 45733U 20038D   23143.28378794  .00008738  00000-0  40344-3 0  9990
2 45733  53.0478 129.1489 0003269 357.8622   2.2359 15.20974414163534
1 45733U 20038D   23144.33515040  .00008204  00000-0  37953-3 0  9994
2 45733  53.0479 124.3212 0003369   1.4475 358.6529 15.20990660162587
1 45733U 20038D   23144.33515040  .00008204  00000-0  37953-3 0  9994
2 45733  53.0479 124.3212 0003369   1.4475 358.6529 15.20990660163690
1 45733U 20038D   23146.17500913  .00006957  00000-0  32386-3 0  9999
2 45733  53.0478 115.8730 0003564   7.8923 352.2128 15.21016109163978
1 45733U 20038D   23146.89780170  .00006791  00000-0  31639-3 0  9999
2 45733  53.0479 112.5536 0003622  10.2663 349.8405 15.21026665162978
1 45733U 20038D   23147.29205047  .00006228  00000-0  29138-3 0  9995
2 45733  53.0479 110.7431 0003719  11.4072 348.7007 15.21031187164148
1 45733U 20038D   23147.62058998  .00006336  00000-0  29610-3 0  9998
2 45733  53.0480 109.2345 0003771  12.2535 347.8551 15.21035901163082
1 45733U 20038D   23148.14625148  .00006439  00000-0  30061-3 0  9999
2 45733  53.0481 106.8205 0003839  13.7863 346.3236 15.21042887163160
1 45733U 20038D   23148.86903086  .00008038  00000-0  37145-3 0  9995
2 45733  53.0482 103.5011 0003905  16.1344 343.9774 15.21056219164384
1 45733U 20038D   23149.13185870  .00007994  00000-0  36945-3 0  9996
2 45733  53.0482 102.2939 0003930  16.8057 343.3068 15.21059353163319
1 45733U 20038D   23149.85463101  .00007468  00000-0  34603-3 0  9996
2 45733  53.0484  98.9742 0003986  19.0881 341.0263 15.21069947163429
1 45733U 20038D   23150.11745604  .00007543  00000-0  34933-3 0  9998
2 45733  53.0485  97.7673 0004026  19.7426 340.3724 15.21073992163461
1 45733U 20038D   23150.11745604  .00007543  00000-0  34933-3 0  9998
2 45733  53.0485  97.7673 0004026  19.7426 340.3724 15.21073992164574
1 45733U 20038D   23151.10304322  .00007641  00000-0  35348-3 0  9996
2 45733  53.0485  93.2405 0004152  22.1884 337.9290 15.21089583163611
1 45733U 20038D   23151.82580000  .00008222  00000-0  37910-3 0  9997
2 45733  53.0489  89.9206 0004197  24.4597 335.6597 15.21102849163729
1 45733U 20038D   23152.08861921  .00008170  00000-0  37672-3 0  9997
2 45733  53.0493  88.7137 0004217  25.6746 334.4458 15.21107217164870
1 45733U 20038D   23152.22002840  .00008897  00000-0  40889-3 0  9990
2 45733  53.0493  88.1100 0004220  26.3070 333.8139 15.21110757163787
1 45733U 20038D   23153.20559080  .00008407  00000-0  38698-3 0  9994
2 45733  53.0500  83.5837 0004325  29.0615 331.0620 15.21128596163935
1 45733U 20038D   23153.20559080  .00008407  00000-0  38698-3 0  9994
2 45733  53.0500  83.5837 0004325  29.0615 331.0620 15.21128596165049
1 45733U 20038D   23155.04527761  .00008444  00000-0  38825-3 0  9992
2 45733  53.0510  75.1356 0004554  33.6907 326.4378 15.21160827165324
1 45733U 20038D   23155.57089573  .00008061  00000-0  37124-3 0  9990
2 45733  53.0513  72.7217 0004609  35.0263 325.1035 15.21168883164299
1 45733U 20038D   23155.83370349  .00008206  00000-0  37760-3 0  9990
2 45733  53.0515  71.5145 0004613  35.9902 324.1403 15.21173665164339
1 45733U 20038D   23156.16221225  .00008326  00000-0  38286-3 0  9992
2 45733  53.0517  70.0058 0004664  36.8151 323.3164 15.21179255165494
1 45733U 20038D   23156.49071966  .00008346  00000-0  38365-3 0  9993
2 45733  53.0518  68.4970 0004686  37.7142 322.4181 15.21185086164434
1 45733U 20038D   23156.81922579  .00008620  00000-0  39571-3 0  9999
2 45733  53.0520  66.9882 0004707  38.7261 321.4071 15.21191409164487
1 45733U 20038D   23157.14773054  .00008807  00000-0  40387-3 0  9992
2 45733  53.0521  65.4795 0004747  39.4833 320.6507 15.21197591164531
1 45733U 20038D   23157.73903577  .00008632  00000-0  39601-3 0  9995
2 45733  53.0523  62.7638 0004810  40.6582 319.4772 15.21208532165736
1 45733U 20038D   23157.87043620  .00009041  00000-0  41405-3 0  9994
2 45733  53.0524  62.1602 0004817  41.0044 319.1313 15.21211684164646
1 45733U 20038D   23158.52743605  .00008754  00000-0  40122-3 0  9992
2 45733  53.0525  59.1425 0004872  42.5257 317.6115 15.21223212164743
1 45733U 20038D   23158.79023438  .00008869  00000-0  40627-3 0  9993
2 45733  53.0527  57.9353 0004888  43.2915 316.8464 15.21228429164784
1 45733U 20038D   23158.98733275  .00008995  00000-0  41175-3 0  9990
2 45733  53.0528  57.0300 0004906  43.6850 316.4533 15.21231938164817
1 45733U 20038D   23158.98733275  .00008995  00000-0  41175-3 0  9990
2 45733  53.0528  57.0300 0004906  43.6850 316.4533 15.21231938165920
1 45733U 20038D   23160.10421404  .00009246  00000-0  42259-3 0  9999
2 45733  53.0532  51.8996 0005004  46.4565 313.6845 15.21252871166095
1 45733U 20038D   23160.43270562  .00008615  00000-0  39469-3 0  9990
2 45733  53.0534  50.3909 0005034  47.3252 312.8167 15.21258200165034
1 45733U 20038D   23160.82689391  .00008549  00000-0  39173-3 0  9995
2 45733  53.0536  48.5802 0005058  48.0521 312.0904 15.21265335165094
1 45733U 20038D   23161.41817274  .00008800  00000-0  40266-3 0  9999
2 45733  53.0541  45.8639 0005100  49.5753 310.5687 15.21276567166292
1 45733U 20038D   23161.54956777  .00008426  00000-0  38613-3 0  9992
2 45733  53.0542  45.2603 0005108  50.0390 310.1054 15.21278035165206
1 45733U 20038D   23161.94375100  .00008577  00000-0  39271-3 0  9999
2 45733  53.0546  43.4495 0005128  51.0278 309.1174 15.21285118165264
1 45733U 20038D   23162.40362882  .00009234  00000-0  42154-3 0  9999
2 45733  53.0550  41.3373 0005162  51.8642 308.2818 15.21294653165339
1 45733U 20038D   23162.92920096  .00008949  00000-0  40888-3 0  9997
2 45733  53.0553  38.9230 0005194  53.0767 307.0704 15.21303186165415
1 45733U 20038D   23162.92920096  .00008949  00000-0  40888-3 0  9997
2 45733  53.0553  38.9230 0005194  53.0767 307.0704 15.21303186166528
1 45733U 20038D   23163.91463926  .00008959  00000-0  40913-3 0  9991
2 45733  53.0559  34.3966 0005267  55.3535 304.7956 15.21321182165561
1 45733U 20038D   23164.76867671  .00008241  00000-0  37737-3 0  9994
2 45733  53.0565  30.4732 0005317  57.7354 302.4157 15.21335437166801
1 45733U 20038D   23164.90006619  .00008651  00000-0  39536-3 0  9991
2 45733  53.0565  29.8698 0005321  57.9774 302.1738 15.21338449165714
1 45733U 20038D   23165.03145573  .00008634  00000-0  39458-3 0  9993
2 45733  53.0565  29.2666 0005337  58.1873 301.9642 15.21340713165733
1 45733U 20038D   23165.88548237  .00007984  00000-0  36585-3 0  9995
2 45733  53.0569  25.3434 0005366  60.4294 299.7235 15.21354496165861
1 45733U 20038D   23166.01687063  .00007645  00000-0  35093-3 0  9999
2 45733  53.0569  24.7401 0005379  60.5857 299.5675 15.21356010165880
1 45733U 20038D   23166.01687063  .00007645  00000-0  35093-3 0  9999
2 45733  53.0569  24.7401 0005379  60.5857 299.5675 15.21356010166993
1 45733U 20038D   23166.60811414  .00008132  00000-0  37221-3 0  9990
2 45733  53.0571  22.0242 0005392  61.8372 298.3168 15.21366928165971
1 45733U 20038D   23167.00227418  .00009023  00000-0  41130-3 0  9994
2 45733  53.0571  20.2138 0005395  62.1352 298.0189 15.21374974166038
1 45733U 20038D   23167.59351000  .00010332  00000-0  46857-3 0  9999
2 45733  53.0572  17.4979 0005405  63.0156 297.1391 15.21388632167238
1 45733U 20038D   23167.72489509  .00009813  00000-0  44576-3 0  9998
2 45733  53.0574  16.8943 0005415  63.3683 296.7867 15.21390484166143
1 45733U 20038D   23167.98766435  .00010116  00000-0  45900-3 0  9992
2 45733  53.0575  15.6872 0005436  63.9484 296.2071 15.21396603166185
1 45733U 20038D   23168.97304125  .00008876  00000-0  40433-3 0  9992
2 45733  53.0578  11.1602 0005474  66.0868 294.0701 15.21415632166339
1 45733U 20038D   23168.97304125  .00008876  00000-0  40433-3 0  9992
2 45733  53.0578  11.1602 0005474  66.0868 294.0701 15.21415632167442
1 45733U 20038D   23169.82702509  .00008181  00000-0  37369-3 0  9998
2 45733  53.0584   7.2367 0005483  69.1441 291.0141 15.21430327166468
1 45733U 20038D   23170.81238003  .00008970  00000-0  40807-3 0  9999
2 45733  53.0590   2.7098 0005529  71.3466 288.8129 15.21449735166619
1 45733U 20038D   23170.94375995  .00008774  00000-0  39946-3 0  9999
2 45733  53.0591   2.1063 0005536  71.5472 288.6125 15.21451769167742
1 45733U 20038D   23171.53496609  .00008810  00000-0  40088-3 0  9991
2 45733  53.0591 359.3905 0005524  72.7776 287.3824 15.21463294166726
1 45733U 20038D   23171.73203362  .00009305  00000-0  42254-3 0  9992
2 45733  53.0593 358.4851 0005534  73.2163 286.9440 15.21467925166752
1 45733U 20038D   23172.52029908  .00009352  00000-0  42439-3 0  9999
2 45733  53.0596 354.8638 0005535  74.8259 285.3348 15.21483850167983
1 45733U 20038D   23172.78305231  .00009706  00000-0  43981-3 0  9999
2 45733  53.0597 353.6563 0005531  75.6433 284.5176 15.21489546166917
1 45733U 20038D   23173.76836895  .00010614  00000-0  47924-3 0  9994
2 45733  53.0602 349.1296 0005519  77.8076 282.3538 15.21510912168170
1 45733U 20038D   23175.73895883  .00011539  00000-0  51900-3 0  9991
2 45733  53.0612 340.0762 0005491  81.8684 278.2935 15.21556526168477
1 45733U 20038D   23176.85560037  .00010697  00000-0  48188-3 0  9993
2 45733  53.0617 334.9462 0005479  84.3777 275.7844 15.21581448168649
1 45733U 20038D   23178.43200495  .00008977  00000-0  40642-3 0  9993
2 45733  53.0619 327.7028 0005437  87.7302 272.4316 15.21613265168881
1 45733U 20038D   23179.67996975  .00008142  00000-0  36979-3 0  9997
2 45733  53.0623 321.9681 0005349  90.4096 269.7513 15.21635262169071
1 45733U 20038D   23182.37287942  .00010775  00000-0  48372-3 0  9990
2 45733  53.0631 309.5930 0005193  96.0084 264.1503 15.21693420169488
1 45733U 20038D   23183.48942210  .00007812  00000-0  35460-3 0  9991
2 45733  53.0630 304.4615 0005026  98.5579 261.5986 15.21712191169654
1 45733U 20038D   23184.60595306  .00007203  00000-0  32799-3 0  9992
2 45733  53.0637 299.3317 0005029 101.4603 258.6958 15.21727718169823
1 45733U 20038D   23185.72247184  .00007247  00000-0  32972-3 0  9995
2 45733  53.0639 294.2011 0004951 103.9405 256.2141 15.21744530169997
1 45733U 20038D   23187.36439005  .00007058  00000-0  32129-3 0  9996
2 45733  53.0641 286.6560 0004862 108.1015 252.0511 15.21767723170243
1 45733U 20038D   23188.41520439  .00007395  00000-0  33579-3 0  9999
2 45733  53.0637 281.8264 0004757 110.6859 249.4647 15.21783265170400
1 45733U 20038D   23189.72870463  .00007882  00000-0  35672-3 0  9996
2 45733  53.0634 275.7896 0004659 113.8920 246.2564 15.21805529170608
1 45733U 20038D   23191.50190442  .00006162  00000-0  28188-3 0  9991
2 45733  53.0640 267.6394 0004510 118.4139 241.7312 15.21828242170874
1 45733U 20038D   23192.68402256  .00006573  00000-0  29957-3 0  9991
2 45733  53.0641 262.2056 0004401 121.1166 239.0262 15.21844722171057
1 45733U 20038D   23193.60343059  .00016762  00000-0  73984-3 0  9999
2 45733  53.0641 257.9791 0004425 124.1556 235.9860 15.21881999171197
1 45733U 20038D   23194.58848088  .00013391  00000-0  59354-3 0  9999
2 45733  53.0643 253.4528 0004297 127.2120 232.9268 15.21919972171345
1 45733U 20038D   23195.83619188  .00008170  00000-0  36772-3 0  9993
2 45733  53.0643 247.7175 0004231 130.7027 229.4337 15.21943453171532
1 45733U 20038D   23197.14955502  .00007200  00000-0  32564-3 0  9990
2 45733  53.0638 241.6794 0004082 134.0713 226.0619 15.21963354171739
1 45733U 20038D   23198.39723549  .00007827  00000-0  35251-3 0  9993
2 45733  53.0635 235.9441 0003923 137.5907 222.5393 15.21981904171929
1 45733U 20038D   23199.57923399  .00007713  00000-0  34741-3 0  9996
2 45733  53.0634 230.5101 0003821 140.9969 219.1303 15.21999900172104
1 45733U 20038D   23202.07451814  .00007584  00000-0  34148-3 0  9991
2 45733  53.0636 219.0382 0003705 149.5601 210.5611 15.22036632172481
1 45733U 20038D   23205.48901809  .00007502  00000-0  33743-3 0  9993
2 45733  53.0640 203.3395 0003482 161.2281 198.8844 15.22090012171895
1 45733U 20038D   23206.47394629  .00007858  00000-0  35258-3 0  9996
2 45733  53.0642 198.8111 0003424 165.0890 195.0207 15.22106935172047
1 45733U 20038D   23207.45886369  .00009769  00000-0  43448-3 0  9995
2 45733  53.0637 194.2826 0003380 168.3134 191.7941 15.22126530172199
1 45733U 20038D   23207.45886369  .00009769  00000-0  43448-3 0  9995
2 45733  53.0637 194.2826 0003380 168.3134 191.7941 15.22126530173303
1 45733U 20038D   23208.31244826  .00009580  00000-0  42618-3 0  9996
2 45733  53.0637 190.3576 0003395 171.2955 188.8100 15.22142790172323
1 45733U 20038D   23208.64074763  .00008826  00000-0  39374-3 0  9990
2 45733  53.0636 188.8480 0003380 172.5191 187.5856 15.22148221172372
1 45733U 20038D   23208.64074763  .00008826  00000-0  39374-3 0  9990
2 45733  53.0636 188.8480 0003380 172.5191 187.5856 15.22148221173485
1 45733U 20038D   23209.42866071  .00007587  00000-0  34038-3 0  9993
2 45733  53.0634 185.2249 0003366 175.3209 184.7819 15.22161336172492
1 45733U 20038D   23210.08524991  .00007355  00000-0  33032-3 0  9995
2 45733  53.0633 182.2055 0003381 177.8741 182.2269 15.22171994173706
1 45733U 20038D   23211.20143971  .00008611  00000-0  38401-3 0  9996
2 45733  53.0634 177.0725 0003331 181.8131 178.2853 15.22193484173876
1 45733U 20038D   23213.10549237  .00009951  00000-0  44097-3 0  9998
2 45733  53.0641 168.3172 0003419 187.6269 172.4675 15.22231828174162
1 45733U 20038D   23214.22163967  .00009162  00000-0  40691-3 0  9994
2 45733  53.0641 163.1834 0003324 192.3925 167.6990 15.22252131174332
1 45733U 20038D   23216.12561672  .00010401  00000-0  45942-3 0  9992
2 45733  53.0644 154.4271 0003352 199.0823 161.0048 15.22293068174623
1 45733U 20038D   23218.09519748  .00011548  00000-0  50779-3 0  9994
2 45733  53.0639 145.3690 0003345 206.0935 153.9893 15.22335356174924
1 45733U 20038D   23219.27692000  .00007937  00000-0  35342-3 0  9994
2 45733  53.0634 139.9322 0003293 211.6218 148.4581 15.22354349175105
1 45733U 20038D   23220.78687497  .00009321  00000-0  41215-3 0  9991
2 45733  53.0630 132.9865 0003380 216.7777 143.2987 15.22383557175330
1 45733U 20038D   23222.09985641  .00008640  00000-0  38285-3 0  9995
2 45733  53.0632 126.9467 0003414 221.6607 138.4129 15.22406980175530
1 45733U 20038D   23223.41281900  .00007449  00000-0  33187-3 0  9991
2 45733  53.0634 120.9069 0003417 227.0178 133.0532 15.22427868175739
1 45733U 20038D   23224.66011560  .00008348  00000-0  36994-3 0  9990
2 45733  53.0635 115.1695 0003485 231.1036 128.9650 15.22450579175925
1 45733U 20038D   23225.97304203  .00007181  00000-0  32008-3 0  9990
2 45733  53.0636 109.1294 0003510 236.3651 123.7010 15.22469518176122
1 45733U 20038D   23227.67981988  .00007540  00000-0  33509-3 0  9996
2 45733  53.0632 101.2771 0003538 243.0218 117.0417 15.22496743176380
1 45733U 20038D   23228.99270457  .00008701  00000-0  38417-3 0  9997
2 45733  53.0627  95.2361 0003623 248.2290 111.8320 15.22519717176587
1 45733U 20038D   23230.04299755  .00008958  00000-0  39485-3 0  9998
2 45733  53.0621  90.4033 0003663 251.5931 108.4667 15.22538936176745
1 45733U 20038D   23231.61841261  .00008134  00000-0  35962-3 0  9999
2 45733  53.0614  83.1540 0003678 256.3853 103.6734 15.22566409176985
1 45733U 20038D   23232.73431432  .00008152  00000-0  36017-3 0  9990
2 45733  53.0617  78.0189 0003773 260.5856  99.4714 15.22585790177150
1 45733U 20038D   23233.85020190  .00008699  00000-0  38314-3 0  9997
2 45733  53.0625  72.8838 0003839 264.6069  95.4489 15.22606009177327
1 45733U 20038D   23234.90043632  .00008114  00000-0  35816-3 0  9996
2 45733  53.0626  68.0507 0003902 268.9981  91.0568 15.22623207177485
1 45733U 20038D   23236.54140288  .00008195  00000-0  36128-3 0  9999
2 45733  53.0631  60.4977 0004005 273.5869  86.4670 15.22651224177730
1 45733U 20038D   23236.86959253  .00008952  00000-0  39324-3 0  9996
2 45733  53.0632  58.9874 0004023 275.0412  85.0125 15.22657926176677
1 45733U 20038D   23237.46033139  .00008090  00000-0  35667-3 0  9998
2 45733  53.0631  56.2690 0004067 277.4083  82.6451 15.22666476176766
1 45733U 20038D   23237.78851711  .00008953  00000-0  39310-3 0  9994
2 45733  53.0630  54.7595 0004099 278.9714  81.0818 15.22674025177922
1 45733U 20038D   23238.51052250  .00008638  00000-0  37964-3 0  9990
2 45733  53.0626  51.4369 0004142 280.5883  79.4647 15.22686207176920
1 45733U 20038D   23238.77306810  .00008975  00000-0  39381-3 0  9991
2 45733  53.0627  50.2287 0004164 281.2219  78.8309 15.22691384176966
1 45733U 20038D   23239.42942871  .00009549  00000-0  41790-3 0  9992
2 45733  53.0629  47.2080 0004198 283.4230  76.6299 15.22704644177069
1 45733U 20038D   23239.42942871  .00009549  00000-0  41790-3 0  9992
2 45733  53.0629  47.2080 0004198 283.4230  76.6299 15.22704644178172
1 45733U 20038D   23239.69197169  .00009224  00000-0  40415-3 0  9996
2 45733  53.0628  45.9994 0004223 283.9928  76.0599 15.22708645177102
1 45733U 20038D   23240.74213473  .00008803  00000-0  38615-3 0  9992
2 45733  53.0628  41.1659 0004332 288.2834  71.7690 15.22727486178371
1 45733U 20038D   23240.87340389  .00009421  00000-0  41220-3 0  9996
2 45733  53.0625  40.5617 0004356 288.8529  71.1995 15.22731189177284
1 45733U 20038D   23241.72665035  .00008677  00000-0  38061-3 0  9990
2 45733  53.0624  36.6339 0004457 292.3080  67.7443 15.22745525177417
1 45733U 20038D   23241.92355184  .00009040  00000-0  39589-3 0  9994
2 45733  53.0624  35.7275 0004483 293.1023  66.9500 15.22750043178553
1 45733U 20038D   23242.71115294  .00011133  00000-0  48388-3 0  9991
2 45733  53.0625  32.1023 0004546 295.7929  64.2598 15.22768908177566
1 45733U 20038D   23243.10495011  .00010668  00000-0  46416-3 0  9995
2 45733  53.0626  30.2895 0004589 297.3344  62.7184 15.22776847178734
1 45733U 20038D   23243.43311244  .00009944  00000-0  43358-3 0  9993
2 45733  53.0631  28.7793 0004749 297.7814  62.2701 15.22782536177677
1 45733U 20038D   23244.41759306  .00009085  00000-0  39720-3 0  9991
2 45733  53.0634  24.2478 0004692 301.1985  58.8551 15.22801416177827
1 45733U 20038D   23244.41759306  .00009085  00000-0  39720-3 0  9991
2 45733  53.0634  24.2478 0004692 301.1985  58.8551 15.22801416178930
1 45733U 20038D   23244.81138151  .00009776  00000-0  42619-3 0  9992
2 45733  53.0629  22.4349 0004674 302.6956  57.3589 15.22809878177883
1 45733U 20038D   23245.53332221  .00009040  00000-0  39505-3 0  9990
2 45733  53.0634  19.1118 0004741 304.6357  55.4192 15.22822689177994
1 45733U 20038D   23245.66458314  .00009857  00000-0  42939-3 0  9997
2 45733  53.0636  18.5076 0004752 305.1904  54.8647 15.22826769178013
1 45733U 20038D   23245.66458314  .00009857  00000-0  42939-3 0  9997
2 45733  53.0636  18.5076 0004752 305.1904  54.8647 15.22826769179126
1 45733U 20038D   23246.38651440  .00011880  00000-0  51417-3 0  9992
2 45733  53.0636  15.1846 0004837 307.6293  52.4264 15.22845288178121
1 45733U 20038D   23247.04280885  .00009671  00000-0  42118-3 0  9990
2 45733  53.0637  12.1635 0004901 309.5950  50.4613 15.22857446179337
1 45733U 20038D   23247.43658305  .00008128  00000-0  35624-3 0  9999
2 45733  53.0634  10.3506 0004966 310.8552  49.2014 15.22863689178285
1 45733U 20038D   23248.35538305  .00007730  00000-0  33933-3 0  9997
2 45733  53.0635   6.1209 0005044 313.5348  46.5229 15.22878996178421
1 45733U 20038D   23248.35538305  .00007730  00000-0  33933-3 0  9997
2 45733  53.0635   6.1209 0005044 313.5348  46.5229 15.22878996179534
1 45733U 20038D   23249.33980083  .00009109  00000-0  39708-3 0  9998
2 45733  53.0634   1.5888 0005082 316.4568  43.6026 15.22898113178572
1 45733U 20038D   23250.32420708  .00010127  00000-0  43954-3 0  9992
2 45733  53.0635 357.0569 0005179 319.5567  40.5044 15.22917529178724
1 45733U 20038D   23250.32420708  .00010127  00000-0  43954-3 0  9992
2 45733  53.0635 357.0569 0005179 319.5567  40.5044 15.22917529179837
1 45733U 20038D   23251.43985281  .00009768  00000-0  42423-3 0  9996
2 45733  53.0643 351.9208 0005182 323.0349  37.0290 15.22938046180003
1 45733U 20038D   23251.57110473  .00009014  00000-0  39258-3 0  9990
2 45733  53.0640 351.3167 0005367 323.6452  36.4179 15.22938939178911
1 45733U 20038D   23252.55548014  .00012303  00000-0  53004-3 0  9995
2 45733  53.0640 346.7843 0005446 326.7079  33.3574 15.22966439179065
1 45733U 20038D   23252.68672899  .00012571  00000-0  54121-3 0  9996
2 45733  53.0639 346.1799 0005470 327.0911  32.9744 15.22970145180192
1 45733U 20038D   23253.53984165  .00010733  00000-0  46400-3 0  9992
2 45733  53.0641 342.2521 0005535 329.9898  30.0780 15.22986893179219
1 45733U 20038D   23253.93358290  .00010354  00000-0  44804-3 0  9995
2 45733  53.0642 340.4391 0005574 331.3662  28.7028 15.22994077180386
1 45733U 20038D   23254.52419075  .00010582  00000-0  45744-3 0  9997
2 45733  53.0641 337.7200 0005617 333.0214  27.0490 15.23006526179368
1 45733U 20038D   23254.91791582  .00019575  00000-0  83239-3 0  9998
2 45733  53.0642 335.9071 0005666 333.3052  26.7652 15.23040233180532
1 45733U 20038D   23255.44286493  .00030187  00000-0  12720-2 0  9995
2 45733  53.0642 333.4899 0005726 336.1430  23.9300 15.23098837180612
1 45733U 20038D   23255.50848327  .00028804  00000-0  12142-2 0  9993
2 45733  53.0642 333.1878 0005759 336.8420  23.2317 15.23109427179514
1 45733U 20038D   23256.49273569  .00014780  00000-0  63019-3 0  9990
2 45733  53.0643 328.6549 0005803 339.3300  20.7461 15.23155146179661
1 45733U 20038D   23256.49273569  .00014780  00000-0  63019-3 0  9990
2 45733  53.0643 328.6549 0005803 339.3300  20.7461 15.23155146180775
1 45733U 20038D   23257.41135880  .00011789  00000-0  50535-3 0  9991
2 45733  53.0642 324.4240 0005910 342.3805  17.6985 15.23176887179802
1 45733U 20038D   23257.41135880  .00011789  00000-0  50535-3 0  9991
2 45733  53.0642 324.4240 0005910 342.3805  17.6985 15.23176887180916
1 45733U 20038D   23258.46119919  .00009155  00000-0  39550-3 0  9990
2 45733  53.0641 319.5885 0005932 345.2743  14.8079 15.23196435179969
1 45733U 20038D   23258.46119919  .00009155  00000-0  39550-3 0  9990
2 45733  53.0641 319.5885 0005932 345.2743  14.8079 15.23196435181074
1 45733U 20038D   23259.57663890  .00008873  00000-0  38351-3 0  9999
2 45733  53.0642 314.4511 0005974 348.8133  11.2730 15.23218035180135
1 45733U 20038D   23259.57663890  .00008873  00000-0  38351-3 0  9999
2 45733  53.0642 314.4511 0005974 348.8133  11.2730 15.23218035181248
1 45733U 20038D   23260.42961148  .00012328  00000-0  52679-3 0  9991
2 45733  53.0643 310.5222 0006055 351.4266   8.6626 15.23239761180267
1 45733U 20038D   23260.42961148  .00012328  00000-0  52679-3 0  9991
2 45733  53.0643 310.5222 0006055 351.4266   8.6626 15.23239761181370
1 45733U 20038D   23261.41379798  .00010715  00000-0  45957-3 0  9994
2 45733  53.0645 305.9890 0006160 354.4024   5.6903 15.23257651180410
1 45733U 20038D   23261.41379798  .00010715  00000-0  45957-3 0  9994
2 45733  53.0645 305.9890 0006160 354.4024   5.6903 15.23257651181523
1 45733U 20038D   23262.39796526  .00014989  00000-0  63629-3 0  9997
2 45733  53.0647 301.4557 0006232 357.2571   2.8390 15.23291446181679
1 45733U 20038D   23263.31650197  .00014467  00000-0  61411-3 0  9991
2 45733  53.0649 297.2242 0006318 359.9042   0.1953 15.23322239180705
1 45733U 20038D   23264.10380829  .00010758  00000-0  46027-3 0  9996
2 45733  53.0651 293.5969 0006335   2.3209 357.7816 15.23338280181934
1 45733U 20038D   23264.36624160  .00011050  00000-0  47226-3 0  9991
2 45733  53.0652 292.3881 0006357   2.9774 357.1260 15.23344706180860
1 45733U 20038D   23265.35035839  .00010581  00000-0  45255-3 0  9998
2 45733  53.0655 287.8547 0006500   5.7754 354.3316 15.23365885181010
1 45733U 20038D   23265.35035839  .00010581  00000-0  45255-3 0  9998
2 45733  53.0655 287.8547 0006500   5.7754 354.3316 15.23365885182123
1 45733U 20038D   23266.46567200  .00012226  00000-0  52016-3 0  9994
2 45733  53.0656 282.7165 0006590   9.0843 351.0271 15.23394663182297
1 45733U 20038D   23267.44975471  .00012189  00000-0  51823-3 0  9999
2 45733  53.0656 278.1827 0006714  11.8568 348.2585 15.23420185181333
1 45733U 20038D   23268.04019599  .00013070  00000-0  55435-3 0  9999
2 45733  53.0656 275.4623 0006778  13.6616 346.4563 15.23437084182536
1 45733U 20038D   23268.30261106  .00020816  00000-0  87321-3 0  9996
2 45733  53.0657 274.2536 0006856  14.3086 345.8103 15.23455078181460
1 45733U 20038D   23268.30261106  .00020816  00000-0  87321-3 0  9996
2 45733  53.0657 274.2536 0006856  14.3086 345.8103 15.23455078182573
1 45733U 20038D   23268.95864390  .00016921  00000-0  71246-3 0  9992
2 45733  53.0657 271.2310 0006905  16.3441 343.7776 15.23471783182677
1 45733U 20038D   23269.22105411  .00015049  00000-0  63518-3 0  9998
2 45733  53.0657 270.0219 0006926  17.1479 342.9751 15.23478991181609
1 45733U 20038D   23270.00827455  .00017351  00000-0  72931-3 0  9992
2 45733  53.0657 266.3943 0006970  19.8067 340.3199 15.23509843182837
1 45733U 20038D   23270.40187990  .00015535  00000-0  65441-3 0  9999
2 45733  53.0658 264.5803 0006989  20.9496 339.1785 15.23521096181786
1 45733U 20038D   23271.12348200  .00013684  00000-0  57786-3 0  9998
2 45733  53.0661 261.2549 0007139  22.7955 337.3358 15.23541635183003
1 45733U 20038D   23271.38588034  .00012754  00000-0  53952-3 0  9995
2 45733  53.0662 260.0456 0007146  23.6235 336.5088 15.23548066181933
1 45733U 20038D   23272.36986257  .00013022  00000-0  55006-3 0  9994
2 45733  53.0667 255.5110 0007170  26.7431 333.3934 15.23576020182086
1 45733U 20038D   23272.36986257  .00013022  00000-0  55006-3 0  9994
2 45733  53.0667 255.5110 0007170  26.7431 333.3934 15.23576020183199
1 45733U 20038D   23273.22263082  .00015019  00000-0  63157-3 0  9998
2 45733  53.0674 251.5812 0007265  29.3021 330.8382 15.23605162182212
1 45733U 20038D   23273.35382472  .00014724  00000-0  61939-3 0  9995
2 45733  53.0675 250.9766 0007277  29.6564 330.4844 15.23609027183340
1 45733U 20038D   23274.33776452  .00019082  00000-0  79718-3 0  9995
2 45733  53.0682 246.4422 0007326  32.9052 327.2400 15.23648437182384
1 45733U 20038D   23274.33776452  .00019082  00000-0  79718-3 0  9995
2 45733  53.0682 246.4422 0007326  32.9052 327.2400 15.23648437183497
1 45733U 20038D   23275.19049345  .00017935  00000-0  74955-3 0  9997
2 45733  53.0687 242.5124 0007387  35.5580 324.5907 15.23678697182515
1 45733U 20038D   23276.17438950  .00017267  00000-0  72146-3 0  9998
2 45733  53.0692 237.9779 0007453  38.5219 321.6308 15.23714081183771
1 45733U 20038D   23277.28944339  .00018782  00000-0  78237-3 0  9994
2 45733  53.0697 232.8385 0007509  41.8587 318.2983 15.23756880182830
1 45733U 20038D   23277.28944339  .00018782  00000-0  78237-3 0  9994
2 45733  53.0697 232.8385 0007509  41.8587 318.2983 15.23756880183943
1 45733U 20038D   23278.14210960  .00019320  00000-0  80349-3 0  9992
2 45733  53.0702 228.9083 0007563  44.3343 315.8258 15.23791370182961
1 45733U 20038D   23279.12592890  .00020885  00000-0  86612-3 0  9993
2 45733  53.0705 224.3733 0007634  47.5270 312.6371 15.23835981184228
1 45733U 20038D   23279.58503552  .00020668  00000-0  85681-3 0  9994
2 45733  53.0707 222.2570 0007656  48.8759 311.2897 15.23855075183184
1 45733U 20038D   23280.24089286  .00019166  00000-0  79511-3 0  9998
2 45733  53.0708 219.2339 0007717  50.7489 309.4191 15.23879939184399
1 45733U 20038D   23280.56881716  .00019611  00000-0  81286-3 0  9998
2 45733  53.0710 217.7222 0007743  51.7195 308.4498 15.23893443183338
1 45733U 20038D   23281.55257309  .00020627  00000-0  85311-3 0  9995
2 45733  53.0715 213.1872 0007823  54.4677 305.7048 15.23934284183484
1 45733U 20038D   23281.55257309  .00020627  00000-0  85311-3 0  9995
2 45733  53.0715 213.1872 0007823  54.4677 305.7048 15.23934284184597
1 45733U 20038D   23281.81490353  .00020382  00000-0  84289-3 0  9993
2 45733  53.0716 211.9778 0007846  55.2717 304.9017 15.23945062183523
1 45733U 20038D   23282.53630231  .00019512  00000-0  80689-3 0  9997
2 45733  53.0719 208.6519 0007878  57.1836 302.9919 15.23974182183636
1 45733U 20038D   23283.06094660  .00020818  00000-0  85922-3 0  9992
2 45733  53.0723 206.2330 0007903  58.5914 301.5854 15.23998286184823
1 45733U 20038D   23283.52000411  .00020997  00000-0  86594-3 0  9998
2 45733  53.0726 204.1168 0007935  59.7622 300.4160 15.24018119183787
1 45733U 20038D   23284.17579034  .00019118  00000-0  78927-3 0  9996
2 45733  53.0730 201.0931 0007945  61.5274 298.6523 15.24044142184991
1 45733U 20038D   23284.50367926  .00019336  00000-0  79778-3 0  9995
2 45733  53.0732 199.5813 0007948  62.3694 297.8109 15.24057480183934
1 45733U 20038D   23285.15944916  .00018654  00000-0  76963-3 0  9992
2 45733  53.0735 196.5580 0008043  63.8537 296.3287 15.24082837184031
1 45733U 20038D   23285.94635889  .00018590  00000-0  76636-3 0  9991
2 45733  53.0737 192.9296 0008076  65.7526 294.4314 15.24112487184150
1 45733U 20038D   23286.01193403  .00018543  00000-0  76441-3 0  9993
2 45733  53.0739 192.6271 0008076  66.0247 294.1595 15.24114770185275
1 45733U 20038D   23286.47095660  .00020042  00000-0  82446-3 0  9998
2 45733  53.0743 190.5101 0008095  67.4910 292.6943 15.24133751184237
1 45733U 20038D   23286.92997366  .00021268  00000-0  87336-3 0  9996
2 45733  53.0742 188.3935 0008106  68.5858 291.6003 15.24153465184300
1 45733U 20038D   23287.12668968  .00031127  00000-0  12692-2 0  9999
2 45733  53.0751 187.4834 0008219  71.0194 289.1693 15.24178596185440
1 45733U 20038D   23287.45454564  .00041511  00000-0  16837-2 0  9993
2 45733  53.0749 185.9716 0008266  73.1910 286.9993 15.24216803184384
1 45733U 20038D   23287.45454564  .00041511  00000-0  16837-2 0  9993
2 45733  53.0749 185.9716 0008266  73.1910 286.9993 15.24216803185497
1 45733U 20038D   23287.91353815  .00022021  00000-0  90158-3 0  9995
2 45733  53.0751 183.8578 0008202  71.1702 289.0184 15.24233055184459
1 45733U 20038D   23288.11024824  .00027491  00000-0  11209-2 0  9998
2 45733  53.0747 182.9498 0008243  72.9673 287.2227 15.24244080185590
1 45733U 20038D   23288.43809592  .00017236  00000-0  70881-3 0  9994
2 45733  53.0745 181.4381 0008204  72.8202 287.3692 15.24247538184538
1 45733U 20038D   23288.43809592  .00017236  00000-0  70881-3 0  9994
2 45733  53.0745 181.4381 0008204  72.8202 287.3692 15.24247538185641
1 45733U 20038D   23288.89707916  .00024191  00000-0  98774-3 0  9990
2 45733  53.0746 179.3201 0008234  75.3023 284.8886 15.24267672184604
1 45733U 20038D   23289.42162771  .00016509  00000-0  67897-3 0  9990
2 45733  53.0745 176.9025 0008199  74.6046 285.5857 15.24276358184682
1 45733U 20038D   23289.68390011  .00014153  00000-0  58415-3 0  9997
2 45733  53.0744 175.6925 0008237  75.4536 284.7375 15.24281733185839
1 45733U 20038D   23289.81503557  .00014108  00000-0  58226-3 0  9993
2 45733  53.0744 175.0878 0008236  75.6676 284.5235 15.24285742184742
1 45733U 20038D   23290.40514174  .00013274  00000-0  54847-3 0  9995
2 45733  53.0744 172.3658 0008255  77.2036 282.9883 15.24301177184839
1 45733U 20038D   23291.06080831  .00014183  00000-0  58466-3 0  9997
2 45733  53.0742 169.3414 0008277  78.8671 281.3256 15.24319943184937
1 45733U 20038D   23291.38863855  .00012241  00000-0  50655-3 0  9992
2 45733  53.0742 167.8294 0008218  79.6278 280.5645 15.24326356186091
1 45733U 20038D   23291.91316392  .00013391  00000-0  55246-3 0  9998
2 45733  53.0742 165.4084 0008398  82.3335 277.8615 15.24342204185068
1 45733U 20038D   23292.24098086  .00064794  00000-0  25958-2 0  9991
2 45733  53.0736 163.8973 0009087  80.9240 279.2785 15.24422078185113
1 45733U 20038D   23292.24098086  .00064794  00000-0  25958-2 0  9991
2 45733  53.0736 163.8973 0009087  80.9240 279.2785 15.24422078186226
1 45733U 20038D   23292.63436526  .00058385  00000-0  23415-2 0  9994
2 45733  53.0698 162.0823 0008442  82.9644 277.2312 15.24439896186288
1 45733U 20038D   23292.89663482  .00015486  00000-0  63602-3 0  9993
2 45733  53.0706 160.8721 0008439  83.7840 276.4118 15.24371280185213
1 45733U 20038D   23293.02776131  .00019634  00000-0  80205-3 0  9992
2 45733  53.0753 160.2691 0008404  82.6812 277.5140 15.24379788185234
1 45733U 20038D   23293.02776131  .00019634  00000-0  80205-3 0  9992
2 45733  53.0753 160.2691 0008404  82.6812 277.5140 15.24379788186347
1 45733U 20038D   23293.74895783  .00013229  00000-0  54510-3 0  9990
2 45733  53.0740 156.9419 0008372  84.7877 275.4076 15.24395895186455
1 45733U 20038D   23293.88008345  .00013414  00000-0  55245-3 0  9997
2 45733  53.0740 156.3370 0008369  85.1156 275.0797 15.24399771185368
1 45733U 20038D   23294.33902089  .00014547  00000-0  59764-3 0  9994
2 45733  53.0742 154.2196 0008377  86.5702 273.6253 15.24413397185434
1 45733U 20038D   23294.79795426  .00011462  00000-0  47384-3 0  9997
2 45733  53.0742 152.1025 0008369  87.5330 272.6625 15.24423300186619
1 45733U 20038D   23294.92907707  .00012555  00000-0  51757-3 0  9992
2 45733  53.0742 151.4977 0008453  87.7819 272.4146 15.24429190185523
1 45733U 20038D   23295.32244450  .00010065  00000-0  41766-3 0  9999
2 45733  53.0746 149.6827 0008479  88.8993 271.2976 15.24437599185589
1 45733U 20038D   23295.84692986  .00011864  00000-0  48950-3 0  9997
2 45733  53.0740 147.2634 0008448  89.9541 270.2424 15.24454123186771
1 45733U 20038D   23295.91249075  .00012117  00000-0  49963-3 0  9999
2 45733  53.0747 146.9622 0008518  89.4675 270.7298 15.24456038185671
1 45733U 20038D   23296.89589074  .00009185  00000-0  38201-3 0  9997
2 45733  53.0740 142.4244 0008444  92.3398 267.8566 15.24472723185829
1 45733U 20038D   23297.15812892  .00008981  00000-0  37378-3 0  9991
2 45733  53.0737 141.2144 0008448  93.0162 267.1802 15.24477325186978
1 45733U 20038D   23297.55148511  .00007688  00000-0  32194-3 0  9999
2 45733  53.0735 139.3996 0008453  93.9841 266.2123 15.24482121185928
1 45733U 20038D   23298.53486746  .00007364  00000-0  30883-3 0  9997
2 45733  53.0729 134.8623 0008441  96.4189 263.7770 15.24498245186079
1 45733U 20038D   23298.53486746  .00007364  00000-0  30883-3 0  9997
2 45733  53.0729 134.8623 0008441  96.4189 263.7770 15.24498245187182
1 45733U 20038D   23299.58379587  .00009517  00000-0  39473-3 0  9993
2 45733  53.0722 130.0222 0008445  99.1024 261.0929 15.24520235186237
1 45733U 20038D   23299.78046853  .00009502  00000-0  39412-3 0  9999
2 45733  53.0721 129.1148 0008439  99.5227 260.6724 15.24523606187373
1 45733U 20038D   23299.91158265  .00010751  00000-0  44396-3 0  9990
2 45733  53.0720 128.5098 0008438  99.8238 260.3713 15.24528729186288
1 45733U 20038D   23300.23936782  .00012930  00000-0  53088-3 0  9995
2 45733  53.0717 126.9972 0008436 100.6172 259.5776 15.24538255186333
1 45733U 20038D   23300.89493218  .00011983  00000-0  49282-3 0  9997
2 45733  53.0713 123.9721 0008419 102.2181 257.9759 15.24554303186433
1 45733U 20038D   23300.89493218  .00011983  00000-0  49282-3 0  9997
2 45733  53.0713 123.9721 0008419 102.2181 257.9759 15.24554303187546
1 45733U 20038D   23301.87826525  .00013976  00000-0  57188-3 0  9995
2 45733  53.0708 119.4342 0008391 104.5646 255.6282 15.24581543186584
1 45733U 20038D   23302.20603892  .00015055  00000-0  61472-3 0  9994
2 45733  53.0707 117.9216 0008409 105.1918 255.0010 15.24591892187745
1 45733U 20038D   23302.86157991  .00014486  00000-0  59171-3 0  9990
2 45733  53.0708 114.8946 0008393 107.1093 253.0824 15.24610272186733
1 45733U 20038D   23303.84487602  .00013935  00000-0  56932-3 0  9994
2 45733  53.0705 110.3572 0008343 109.3312 250.8588 15.24638339187994
1 45733U 20038D   23304.50039034  .00020853  00000-0  84349-3 0  9990
2 45733  53.0701 107.3335 0008229 111.5777 248.6098 15.24673552188095
1 45733U 20038D   23304.56594120  .00020896  00000-0  84512-3 0  9997
2 45733  53.0702 107.0311 0008222 111.8005 248.3867 15.24676499186998
1 45733U 20038D   23304.89369432  .00017968  00000-0  72866-3 0  9994
2 45733  53.0703 105.5183 0008226 112.7235 247.4632 15.24686943187040
1 45733U 20038D   23305.61474421  .00014830  00000-0  60371-3 0  9993
2 45733  53.0699 102.1898 0008169 114.3401 245.8450 15.24706953187155
1 45733U 20038D   23305.81139217  .00015863  00000-0  64460-3 0  9996
2 45733  53.0699 101.2821 0008159 114.8965 245.2881 15.24714017188298
1 45733U 20038D   23305.87694132  .00015940  00000-0  64758-3 0  9990
2 45733  53.0699 100.9797 0008161 115.1299 245.0546 15.24716227187192
1 45733U 20038D   23306.59797742  .00014314  00000-0  58272-3 0  9999
2 45733  53.0696  97.6517 0008132 117.0271 243.1557 15.24735784187303
1 45733U 20038D   23306.66352554  .00014495  00000-0  58985-3 0  9996
2 45733  53.0697  97.3492 0008127 117.2026 242.9800 15.24738066187312
1 45733U 20038D   23307.12236041  .00014587  00000-0  59326-3 0  9992
2 45733  53.0695  95.2314 0008078 118.4958 241.6853 15.24752075188492
1 45733U 20038D   23307.58119126  .00015343  00000-0  62297-3 0  9998
2 45733  53.0691  93.1136 0008057 119.8283 240.3516 15.24766833187454
1 45733U 20038D   23307.90892497  .00014439  00000-0  58697-3 0  9997
2 45733  53.0690  91.6008 0008054 120.9146 239.2644 15.24775821187504
1 45733U 20038D   23308.43329441  .00014798  00000-0  60095-3 0  9993
2 45733  53.0688  89.1802 0008020 122.2893 237.8882 15.24791983188698
1 45733U 20038D   23308.56438588  .00015019  00000-0  60960-3 0  9998
2 45733  53.0688  88.5750 0008008 122.6439 237.5331 15.24796293187604
1 45733U 20038D   23308.62993138  .00015384  00000-0  62403-3 0  9991
2 45733  53.0688  88.2725 0008003 122.8286 237.3483 15.24798815187619
1 45733U 20038D   23309.61310109  .00018715  00000-0  75495-3 0  9998
2 45733  53.0683  83.7335 0007925 125.4663 234.7075 15.24838503187764
1 45733U 20038D   23309.67864463  .00019014  00000-0  76670-3 0  9990
2 45733  53.0683  83.4309 0007920 125.7261 234.4474 15.24841664187777
1 45733U 20038D   23309.67864463  .00019014  00000-0  76670-3 0  9990
2 45733  53.0683  83.4309 0007920 125.7261 234.4474 15.24841664188880
1 45733U 20038D   23310.07190125  .00032464  00000-0  12957-2 0  9994
2 45733  53.0681  81.6151 0007883 126.7767 233.3955 15.24877555188940
1 45733U 20038D   23310.59623479  .00027575  00000-0  11025-2 0  9996
2 45733  53.0675  79.1941 0007704 127.7764 232.3932 15.24903930187919
1 45733U 20038D   23310.66177551  .00027586  00000-0  11028-2 0  9994
2 45733  53.0675  78.8915 0007664 127.8009 232.3684 15.24908233187920
1 45733U 20038D   23311.05501938  .00021020  00000-0  84395-3 0  9993
2 45733  53.0675  77.0754 0007608 129.0267 231.1409 15.24921748189098
1 45733U 20038D   23311.57933769  .00017224  00000-0  69397-3 0  9997
2 45733  53.0673  74.6547 0007606 130.5210 229.6451 15.24940448188065
1 45733U 20038D   23312.49687919  .00017111  00000-0  68891-3 0  9995
2 45733  53.0681  70.4172 0007421 132.8780 227.2841 15.24971236189319
1 45733U 20038D   23312.56241627  .00019590  00000-0  78634-3 0  9994
2 45733  53.0682  70.1146 0007519 134.2093 225.9523 15.24976617188217
1 45733U 20038D   23312.62795516  .00016656  00000-0  67085-3 0  9990
2 45733  53.0677  69.8121 0007516 133.9531 226.2087 15.24977738188224
1 45733U 20038D   23313.61101296  .00015188  00000-0  61252-3 0  9995
2 45733  53.0682  65.2726 0007413 136.7329 223.4252 15.25007537188374
1 45733U 20038D   23313.61101296  .00015188  00000-0  61252-3 0  9995
2 45733  53.0682  65.2726 0007413 136.7329 223.4252 15.25007537189487
1 45733U 20038D   23314.59405073  .00015084  00000-0  60785-3 0  9998
2 45733  53.0680  60.7326 0007371 140.0086 220.1455 15.25038426188526
1 45733U 20038D   23314.98726133  .00012824  00000-0  51886-3 0  9995
2 45733  53.0685  58.9170 0007359 141.1476 219.0052 15.25046763189690
1 45733U 20038D   23315.57707133  .00013403  00000-0  54134-3 0  9993
2 45733  53.0687  56.1928 0007263 142.6841 217.4662 15.25064207188678
1 45733U 20038D   23316.49454264  .00012028  00000-0  48696-3 0  9997
2 45733  53.0691  51.9556 0007165 145.2438 214.9029 15.25086078189923
1 45733U 20038D   23316.56007562  .00014026  00000-0  56542-3 0  9999
2 45733  53.0691  51.6528 0007147 145.4429 214.7034 15.25090091188823
1 45733U 20038D   23317.47753158  .00014400  00000-0  57967-3 0  9997
2 45733  53.0696  47.4164 0007142 148.2191 211.9239 15.25114282188969
1 45733U 20038D   23318.52598496  .00020639  00000-0  82184-3 0  9996
2 45733  53.0700  42.5739 0007161 149.8580 210.2831 15.25213940189129
1 45733U 20038D   23318.52598496  .00020639  00000-0  82184-3 0  9996
2 45733  53.0700  42.5739 0007161 149.8580 210.2831 15.25213940190233
1 45733U 20038D   23319.44336010  .00013369  00000-0  53717-3 0  9992
2 45733  53.0701  38.3353 0006870 153.6448 206.4900 15.25244397189266
1 45733U 20038D   23319.44336010  .00013369  00000-0  53717-3 0  9992
2 45733  53.0701  38.3353 0006870 153.6448 206.4900 15.25244397190370
1 45733U 20038D   23320.36072450  .00010897  00000-0  44024-3 0  9994
2 45733  53.0701  34.0972 0006783 156.1845 203.9467 15.25262997189400
1 45733U 20038D   23320.36072450  .00010897  00000-0  44024-3 0  9994
2 45733  53.0701  34.0972 0006783 156.1845 203.9467 15.25262997190514
1 45733U 20038D   23321.47465178  .00008961  00000-0  36428-3 0  9998
2 45733  53.0711  28.9511 0006962 159.6771 200.4505 15.25282743189571
1 45733U 20038D   23321.47465178  .00008961  00000-0  36428-3 0  9998
2 45733  53.0711  28.9511 0006962 159.6771 200.4505 15.25282743190685
1 45733U 20038D   23322.58856516  .00008370  00000-0  34099-3 0  9997
2 45733  53.0713  23.8037 0006770 162.7166 197.4063 15.25302057189744
1 45733U 20038D   23322.58856516  .00008370  00000-0  34099-3 0  9997
2 45733  53.0713  23.8037 0006770 162.7166 197.4063 15.25302057190858
1 45733U 20038D   23323.57141918  .00008548  00000-0  34780-3 0  9994
2 45733  53.0716  19.2628 0006482 164.8243 195.2950 15.25318600189899
1 45733U 20038D   23324.42321629  .00008660  00000-0  35202-3 0  9993
2 45733  53.0719  15.3273 0006387 167.2235 192.8925 15.25333911191134
1 45733U 20038D   23324.55426123  .00009252  00000-0  37509-3 0  9992
2 45733  53.0721  14.7220 0006363 167.4813 192.6343 15.25337253190044
1 45733U 20038D   23325.53708937  .00012077  00000-0  48495-3 0  9992
2 45733  53.0727  10.1811 0006245 169.9905 190.1218 15.25362140190197
1 45733U 20038D   23325.60261077  .00011915  00000-0  47862-3 0  9996
2 45733  53.0725   9.8782 0006224 170.3532 189.7586 15.25363326190207
1 45733U 20038D   23325.60261077  .00011915  00000-0  47862-3 0  9996
2 45733  53.0725   9.8782 0006224 170.3532 189.7586 15.25363326191310
1 45733U 20038D   23326.38886012  .00015590  00000-0  62135-3 0  9997
2 45733  53.0729   6.2456 0006113 172.3713 187.7379 15.25388247190320
1 45733U 20038D   23327.10957672  .00016326  00000-0  64952-3 0  9996
2 45733  53.0731   2.9155 0006031 174.0176 186.0894 15.25412595191546
1 45733U 20038D   23327.37165166  .00017127  00000-0  68045-3 0  9991
2 45733  53.0732   1.7050 0005971 174.7669 185.3392 15.25423849190474
1 45733U 20038D   23328.35442230  .00014226  00000-0  56721-3 0  9995
2 45733  53.0740 357.1650 0005907 176.7153 183.3884 15.25453064191732
1 45733U 20038D   23328.48545709  .00014496  00000-0  57763-3 0  9990
2 45733  53.0740 356.5597 0005832 177.1704 182.9328 15.25457289190649
1 45733U 20038D   23329.33717321  .00016868  00000-0  66914-3 0  9999
2 45733  53.0739 352.6236 0005670 179.5613 180.5390 15.25486671190773
1 45733U 20038D   23329.92681108  .00027588  00000-0  10832-2 0  9995
2 45733  53.0738 349.8985 0005580 181.2564 178.8420 15.25521902191970
1 45733U 20038D   23330.31989865  .00018112  00000-0  71654-3 0  9994
2 45733  53.0739 348.0821 0005530 182.0977 177.9998 15.25526875190921
1 45733U 20038D   23330.31989865  .00018112  00000-0  71654-3 0  9994
2 45733  53.0739 348.0821 0005530 182.0977 177.9998 15.25526875192035
1 45733U 20038D   23331.43362387  .00012868  00000-0  51273-3 0  9999
2 45733  53.0739 342.9341 0005475 184.9217 175.1727 15.25564427191091
1 45733U 20038D   23331.43362387  .00012868  00000-0  51273-3 0  9999
2 45733  53.0739 342.9341 0005475 184.9217 175.1727 15.25564427192205
1 45733U 20038D   23332.28527790  .00015832  00000-0  62694-3 0  9997
2 45733  53.0738 338.9976 0005286 187.4184 172.6737 15.25596357191225
1 45733U 20038D   23332.28527790  .00015832  00000-0  62694-3 0  9997
2 45733  53.0738 338.9976 0005286 187.4184 172.6737 15.25596357192338
1 45733U 20038D   23333.26793531  .00016094  00000-0  63644-3 0  9991
2 45733  53.0739 334.4556 0005061 190.4249 169.6644 15.25630917191378
1 45733U 20038D   23333.92302733  .00018435  00000-0  72626-3 0  9995
2 45733  53.0739 331.4276 0004986 192.1897 167.8980 15.25657115192583
1 45733U 20038D   23335.16767608  .00016141  00000-0  63699-3 0  9991
2 45733  53.0738 325.6749 0004754 195.8509 164.2340 15.25697555192779
1 45733U 20038D   23335.29868999  .00016822  00000-0  66317-3 0  9996
2 45733  53.0739 325.0697 0004705 196.3638 163.7209 15.25702304191687
1 45733U 20038D   23336.28127532  .00034962  00000-0  13581-2 0  9996
2 45733  53.0735 320.5349 0004559 199.2226 160.8600 15.25764317191831
1 45733U 20038D   23336.28127532  .00034962  00000-0  13581-2 0  9996
2 45733  53.0735 320.5349 0004559 199.2226 160.8600 15.25764317192944
1 45733U 20038D   23337.13282872  .00011343  00000-0  45085-3 0  9993
2 45733  53.0729 316.5974 0004480 201.5599 158.5210 15.25775578193076
1 45733U 20038D   23337.32933847  .00013804  00000-0  54548-3 0  9997
2 45733  53.0732 315.6822 0004425 202.3391 157.7415 15.25782165191997
1 45733U 20038D   23338.31188010  .00011047  00000-0  43908-3 0  9996
2 45733  53.0726 311.1388 0004477 204.9492 155.1290 15.25804438192144
1 45733U 20038D   23338.31188010  .00011047  00000-0  43908-3 0  9996
2 45733  53.0726 311.1388 0004477 204.9492 155.1290 15.25804438193257
1 45733U 20038D   23339.29440811  .00010772  00000-0  42822-3 0  9992
2 45733  53.0719 306.5965 0004380 207.6568 152.4198 15.25826441192293
1 45733U 20038D   23340.14592569 -.00036922  00000-0 -14207-2 0  9998
2 45733  53.0721 302.6552 0003071 226.1439 133.9305 15.25769864193531
1 45733U 20038D   23340.34242183  .00009304  00000-0  37149-3 0  9997
2 45733  53.0717 301.7516 0004327 209.7310 150.3442 15.25848610192458
1 45733U 20038D   23340.34242183  .00009304  00000-0  37149-3 0  9997
2 45733  53.0717 301.7516 0004327 209.7310 150.3442 15.25848610193561
1 45733U 20038D   23340.86642422  .00008071  00000-0  32398-3 0  9995
2 45733  53.0711 299.3288 0004442 214.6665 145.4043 15.25857015192536
1 45733U 20038D   23341.25942310  .00007604  00000-0  30598-3 0  9999
2 45733  53.0703 297.5122 0004270 213.4524 146.6204 15.25864512192592
1 45733U 20038D   23342.11091556  .00006805  00000-0  27513-3 0  9997
2 45733  53.0695 293.5745 0004307 216.3053 143.7653 15.25877749193839
1 45733U 20038D   23342.30741358  .00007430  00000-0  29914-3 0  9992
2 45733  53.0695 292.6659 0004293 217.9132 142.1564 15.25878825192752
1 45733U 20038D   23343.28989418  .00006524  00000-0  26418-3 0  9990
2 45733  53.0691 288.1229 0004236 220.2610 139.8074 15.25894380192906
1 45733U 20038D   23343.28989418  .00006524  00000-0  26418-3 0  9990
2 45733  53.0691 288.1229 0004236 220.2610 139.8074 15.25894380194010
1 45733U 20038D   23343.81388002  .00006810  00000-0  27511-3 0  9994
2 45733  53.0684 285.6996 0004245 223.2630 136.8034 15.25902773192983
1 45733U 20038D   23344.20686767  .00006651  00000-0  26896-3 0  9995
2 45733  53.0685 283.8825 0004267 223.8670 136.1989 15.25908205193045
1 45733U 20038D   23345.12383414  .00006900  00000-0  27843-3 0  9990
2 45733  53.0686 279.6423 0004196 226.2873 133.7778 15.25921552193180
1 45733U 20038D   23345.12383414  .00006900  00000-0  27843-3 0  9990
2 45733  53.0686 279.6423 0004196 226.2873 133.7778 15.25921552194293
1 45733U 20038D   23346.04079297  .00006662  00000-0  26919-3 0  9991
2 45733  53.0687 275.4017 0004196 228.7551 131.3086 15.25933739193326
1 45733U 20038D   23347.02324019  .00008587  00000-0  34289-3 0  9992
2 45733  53.0685 270.8586 0004203 232.4402 127.6214 15.25950262193477
1 45733U 20038D   23347.02324019  .00008587  00000-0  34289-3 0  9992
2 45733  53.0685 270.8586 0004203 232.4402 127.6214 15.25950262194580
1 45733U 20038D   23347.94018106  .00007941  00000-0  31798-3 0  9995
2 45733  53.0684 266.6170 0004297 233.6950 126.3651 15.25963888193617
1 45733U 20038D   23348.07117181  .00008952  00000-0  35669-3 0  9997
2 45733  53.0683 266.0122 0004214 235.8393 124.2206 15.25968083193638
1 45733U 20038D   23348.07117181  .00008952  00000-0  35669-3 0  9997
2 45733  53.0683 266.0122 0004214 235.8393 124.2206 15.25968083194741
1 45733U 20038D   23348.92260548  .00008102  00000-0  32396-3 0  9998
2 45733  53.0680 262.0746 0004284 238.1305 121.9276 15.25983316193760
1 45733U 20038D   23349.05359395  .00009292  00000-0  36948-3 0  9990
2 45733  53.0680 261.4685 0004241 238.7169 121.3414 15.25988286193783
1 45733U 20038D   23349.90501472  .00009458  00000-0  37562-3 0  9996
2 45733  53.0684 257.5340 0004317 238.9860 121.0714 15.26007861193912
1 45733U 20038D   23350.03600147  .00009541  00000-0  37876-3 0  9992
2 45733  53.0682 256.9280 0004284 240.1717 119.8855 15.26011705193930
1 45733U 20038D   23350.03600147  .00009541  00000-0  37876-3 0  9992
2 45733  53.0682 256.9280 0004284 240.1717 119.8855 15.26011705195044
1 45733U 20038D   23350.88740986  .00009784  00000-0  38783-3 0  9998
2 45733  53.0680 252.9884 0004259 244.0203 116.0356 15.26030831194060
1 45733U 20038D   23350.95290233  .00010013  00000-0  39657-3 0  9999
2 45733  53.0679 252.6841 0004212 245.3864 114.6695 15.26032663194070
1 45733U 20038D   23351.93528116  .00015225  00000-0  59516-3 0  9998
2 45733  53.0678 248.1403 0004182 249.2731 110.7819 15.26062859194227
1 45733U 20038D   23352.00077252  .00015489  00000-0  60520-3 0  9996
2 45733  53.0679 247.8376 0004166 250.4124 109.6424 15.26064941194239
1 45733U 20038D   23352.00077252  .00015489  00000-0  60520-3 0  9996
2 45733  53.0679 247.8376 0004166 250.4124 109.6424 15.26064941195342
1 45733U 20038D   23352.91764138  .00013694  00000-0  53632-3 0  9994
2 45733  53.0684 243.5962 0004078 255.3683 104.6863 15.26090560194378
1 45733U 20038D   23352.98313117  .00014109  00000-0  55209-3 0  9992
2 45733  53.0684 243.2932 0004084 255.0059 105.0486 15.26093069194387
1 45733U 20038D   23353.83449243  .00013246  00000-0  51878-3 0  9996
2 45733  53.0689 239.3547 0004040 258.9134 101.1410 15.26118664195629
1 45733U 20038D   23353.96547002  .00012642  00000-0  49573-3 0  9990
2 45733  53.0690 238.7492 0004033 260.2603  99.7939 15.26121756194535
1 45733U 20038D   23354.88230104  .00015163  00000-0  59119-3 0  9992
2 45733  53.0698 234.5049 0004062 262.1916  97.8620 15.26153062194671
1 45733U 20038D   23354.94778814  .00015806  00000-0  61560-3 0  9991
2 45733  53.0696 234.2007 0004043 262.8847  97.1691 15.26156012194689
1 45733U 20038D   23354.94778814  .00015806  00000-0  61560-3 0  9991
2 45733  53.0696 234.2007 0004043 262.8847  97.1691 15.26156012195792
1 45733U 20038D   23355.93008715  .00014251  00000-0  55595-3 0  9991
2 45733  53.0700 229.6583 0004025 268.1173  91.9364 15.26185927194836
1 45733U 20038D   23356.84688055  .00015468  00000-0  60165-3 0  9993
2 45733  53.0703 225.4155 0004058 270.4298  89.6234 15.26216339194975
1 45733U 20038D   23356.84688055  .00015468  00000-0  60165-3 0  9993
2 45733  53.0703 225.4155 0004058 270.4298  89.6234 15.26216339196089
1 45733U 20038D   23357.89462699  .00015740  00000-0  61138-3 0  9997
2 45733  53.0705 220.5658 0004256 293.3935  66.6615 15.26249187195137
1 45733U 20038D   23358.02559212  .00016310  00000-0  63292-3 0  9998
2 45733  53.0700 219.9661 0004080 282.8111  77.2431 15.26253992195157
1 45733U 20038D   23358.02559212  .00016310  00000-0  63292-3 0  9998
2 45733  53.0700 219.9661 0004080 282.8111  77.2431 15.26253992196260
1 45733U 20038D   23358.87686460  .00014822  00000-0  57609-3 0  9998
2 45733  53.0705 216.0274 0003909 277.1742  82.8811 15.26277770195284
1 45733U 20038D   23359.59716243  .00014046  00000-0  54632-3 0  9992
2 45733  53.0706 212.6946 0003897 283.4596  76.5967 15.26298569195399
1 45733U 20038D   23359.79360492  .00014005  00000-0  54466-3 0  9995
2 45733  53.0706 211.7859 0003904 283.3276  76.7287 15.26304873196535
1 45733U 20038D   23359.85908576  .00013802  00000-0  53694-3 0  9999
2 45733  53.0706 211.4829 0003907 283.8566  76.1997 15.26306523195433
1 45733U 20038D   23360.57937026  .00013051  00000-0  50821-3 0  9997
2 45733  53.0703 208.1501 0003919 286.7815  73.2753 15.26325234195542
1 45733U 20038D   23360.84128944  .00013102  00000-0  51002-3 0  9997
2 45733  53.0704 206.9386 0003936 289.6080  70.4493 15.26332925195584
1 45733U 20038D   23360.84128944  .00013102  00000-0  51002-3 0  9997
2 45733  53.0704 206.9386 0003936 289.6080  70.4493 15.26332925196697
1 45733U 20038D   23361.82347712  .00012138  00000-0  47321-3 0  9999
2 45733  53.0702 202.3939 0003967 295.3689  64.6898 15.26356886195732
1 45733U 20038D   23361.95443429  .00011179  00000-0  43687-3 0  9990
2 45733  53.0702 201.7879 0003977 296.0737  63.9851 15.26359081195754
1 45733U 20038D   23361.95443429  .00011179  00000-0  43687-3 0  9990
2 45733  53.0702 201.7879 0003977 296.0737  63.9851 15.26359081196867
1 45733U 20038D   23362.87112738  .00009931  00000-0  38939-3 0  9995
2 45733  53.0702 197.5459 0004001 299.7691  60.2908 15.26378908195895
1 45733U 20038D   23363.52590179  .00010032  00000-0  39305-3 0  9999
2 45733  53.0704 194.5154 0004077 305.1970  54.8646 15.26392799195994
1 45733U 20038D   23363.78780887  .00010694  00000-0  41798-3 0  9997
2 45733  53.0702 193.3039 0004098 305.9581  54.1037 15.26400121197145
1 45733U 20038D   23363.85328570  .00010696  00000-0  41804-3 0  9992
2 45733  53.0703 193.0009 0004126 307.1550  52.9071 15.26401729196049
1 45733U 20038D   23364.50804849  .00011500  00000-0  44820-3 0  9999
2 45733  53.0702 189.9711 0004147 309.2895  50.7735 15.26418941196148
1 45733U 20038D   23364.83542738  .00011166  00000-0  43549-3 0  9996
2 45733  53.0702 188.4558 0004160 309.8278  50.2353 15.26426469196197
1 45733U 20038D   23364.83542738  .00011166  00000-0  43549-3 0  9996
2 45733  53.0702 188.4558 0004160 309.8278  50.2353 15.26426469197301
