1 45734U 20038E   22365.54015436  .00023655  00000-0  14381-2 0  9992
2 45734  53.0550  60.9997 0000424 103.8850 256.2188 15.10361974140754
1 45734U 20038E   23001.20187159  .00024228  00000-0  14710-2 0  9998
2 45734  53.0544  58.0101 0000432  98.6580 261.4459 15.10396382141966
1 45734U 20038E   23001.46655472  .00022991  00000-0  13966-2 0  9991
2 45734  53.0546  56.8149 0000437  90.4187 269.6854 15.10407454140897
1 45734U 20038E   23001.86357542  .00022112  00000-0  13434-2 0  9997
2 45734  53.0546  55.0212 0000449  86.0959 274.0083 15.10425444140950
1 45734U 20038E   23002.39292822  .00026119  00000-0  15815-2 0  9991
2 45734  53.0549  52.6304 0000527  78.1484 281.9566 15.10454081142145
1 45734U 20038E   23002.52526531  .00020381  00000-0  12389-2 0  9991
2 45734  53.0551  52.0330 0000519  73.0359 287.0689 15.10455673141057
1 45734U 20038E   23002.85610543  .00019549  00000-0  11887-2 0  9990
2 45734  53.0552  50.5381 0000531  73.1525 286.9524 15.10470110141102
1 45734U 20038E   23003.12077578  .00019585  00000-0  11905-2 0  9997
2 45734  53.0552  49.3425 0000564  73.3098 286.7955 15.10480895142254
1 45734U 20038E   23003.38544376  .00023538  00000-0  14259-2 0  9998
2 45734  53.0552  48.1471 0000613  68.9182 291.1874 15.10494781141181
1 45734U 20038E   23004.51025895  .00027967  00000-0  16873-2 0  9998
2 45734  53.0550  43.0654 0000724  54.8753 305.2305 15.10550265141352
1 45734U 20038E   23004.51025895  .00027967  00000-0  16873-2 0  9998
2 45734  53.0550  43.0654 0000724  54.8753 305.2305 15.10550265142465
1 45734U 20038E   23005.37037878  .00021211  00000-0  12835-2 0  9997
2 45734  53.0552  39.1794 0000791  50.4901 309.6160 15.10596555141489
1 45734U 20038E   23006.36279128  .00026438  00000-0  15917-2 0  9993
2 45734  53.0558  34.6956 0000886  56.4912 303.6163 15.10655738141631
1 45734U 20038E   23006.36279128  .00026438  00000-0  15917-2 0  9993
2 45734  53.0558  34.6956 0000886  56.4912 303.6163 15.10655738142744
1 45734U 20038E   23007.09053787  .00022851  00000-0  13774-2 0  9999
2 45734  53.0552  31.4062 0000877  59.1596 300.9481 15.10692624141746
1 45734U 20038E   23007.75211032  .00025287  00000-0  15204-2 0  9997
2 45734  53.0553  28.4167 0000912  61.3618 298.7465 15.10727294141848
1 45734U 20038E   23007.75211032  .00025287  00000-0  15204-2 0  9997
2 45734  53.0553  28.4167 0000912  61.3618 298.7465 15.10727294142951
1 45734U 20038E   23008.34751337  .00022956  00000-0  13813-2 0  9994
2 45734  53.0551  25.7259 0000965  62.7691 297.3398 15.10754658141936
1 45734U 20038E   23008.74444216  .00023789  00000-0  14298-2 0  9996
2 45734  53.0551  23.9316 0000974  64.5567 295.5524 15.10775561141995
1 45734U 20038E   23009.07521207  .00025747  00000-0  15448-2 0  9993
2 45734  53.0550  22.4363 0000989  66.4167 293.6927 15.10793985142046
1 45734U 20038E   23009.07521207  .00025747  00000-0  15448-2 0  9993
2 45734  53.0550  22.4363 0000989  66.4167 293.6927 15.10793985143159
1 45734U 20038E   23010.19980196  .00025494  00000-0  15275-2 0  9991
2 45734  53.0552  17.3536 0001069  69.3913 290.7192 15.10850729143328
1 45734U 20038E   23010.39825433  .00026815  00000-0  16049-2 0  9993
2 45734  53.0547  16.4564 0001104  67.7009 292.4099 15.10862646142247
1 45734U 20038E   23010.72900480  .00025575  00000-0  15310-2 0  9998
2 45734  53.0549  14.9608 0001144  68.5417 291.5696 15.10880999142296
1 45734U 20038E   23010.99360219  .00032590  00000-0  19431-2 0  9990
2 45734  53.0549  13.7647 0001165  70.1424 289.9693 15.10901676143448
1 45734U 20038E   23011.25819663  .00031850  00000-0  18988-2 0  9996
2 45734  53.0551  12.5690 0001226  68.3381 291.7741 15.10916811142378
1 45734U 20038E   23011.72122851  .00033927  00000-0  20190-2 0  9999
2 45734  53.0554  10.4757 0001276  69.4544 290.6584 15.10950571142442
1 45734U 20038E   23012.71340765  .00033005  00000-0  19612-2 0  9999
2 45734  53.0556   5.9898 0001360  70.9090 289.2048 15.11018227142595
1 45734U 20038E   23012.71340765  .00033005  00000-0  19612-2 0  9999
2 45734  53.0556   5.9898 0001360  70.9090 289.2048 15.11018227143709
1 45734U 20038E   23013.37483353  .00037711  00000-0  22337-2 0  9999
2 45734  53.0558   2.9994 0001422  71.2893 288.8252 15.11070120142698
1 45734U 20038E   23013.37483353  .00037711  00000-0  22337-2 0  9999
2 45734  53.0558   2.9994 0001422  71.2893 288.8252 15.11070120143802
1 45734U 20038E   23014.36692687  .00048380  00000-0  28493-2 0  9994
2 45734  53.0562 358.5136 0001498  74.8389 285.2768 15.11161110143956
1 45734U 20038E   23015.29282782  .00050517  00000-0  29665-2 0  9995
2 45734  53.0564 354.3266 0001539  80.0005 280.1160 15.11246346142983
1 45734U 20038E   23015.62349284  .00047609  00000-0  27954-2 0  9990
2 45734  53.0563 352.8311 0001532  81.9659 278.1506 15.11278067143037
1 45734U 20038E   23015.62349284  .00047609  00000-0  27954-2 0  9990
2 45734  53.0563 352.8311 0001532  81.9659 278.1506 15.11278067144140
1 45734U 20038E   23016.08641029  .00056779  00000-0  33210-2 0  9993
2 45734  53.0565 350.7373 0001552  85.7128 274.4041 15.11335160143108
1 45734U 20038E   23016.08641029  .00056779  00000-0  33210-2 0  9993
2 45734  53.0565 350.7373 0001552  85.7128 274.4041 15.11335160144211
1 45734U 20038E   23016.81382029  .00047382  00000-0  27723-2 0  9998
2 45734  53.0559 347.4467 0001596  89.1874 270.9300 15.11407935143213
1 45734U 20038E   23016.81382029  .00047382  00000-0  27723-2 0  9998
2 45734  53.0559 347.4467 0001596  89.1874 270.9300 15.11407935144326
1 45734U 20038E   23017.60732291  .00043290  00000-0  25310-2 0  9990
2 45734  53.0559 343.8566 0001613  93.2706 266.8469 15.11475952143330
1 45734U 20038E   23018.13630547  .00039419  00000-0  23049-2 0  9995
2 45734  53.0556 341.4630 0001636  96.2918 263.8260 15.11516651144526
1 45734U 20038E   23018.33466910  .00053185  00000-0  30954-2 0  9997
2 45734  53.0555 340.5654 0001638  97.1122 263.0056 15.11545158143449
1 45734U 20038E   23018.33466910  .00053185  00000-0  30954-2 0  9997
2 45734  53.0555 340.5654 0001638  97.1122 263.0056 15.11545158144552
1 45734U 20038E   23019.26033142  .00044745  00000-0  26037-2 0  9996
2 45734  53.0550 336.3763 0001653 101.2683 258.8495 15.11632049143584
1 45734U 20038E   23019.26033142  .00044745  00000-0  26037-2 0  9996
2 45734  53.0550 336.3763 0001653 101.2683 258.8495 15.11632049144697
1 45734U 20038E   23020.25205226  .00050206  00000-0  29090-2 0  9992
2 45734  53.0567 331.8879 0001930  93.7863 266.3349 15.11733148143734
1 45734U 20038E   23020.25205226  .00050206  00000-0  29090-2 0  9992
2 45734  53.0567 331.8879 0001930  93.7863 266.3349 15.11733148144847
1 45734U 20038E   23020.58259091  .00050404  00000-0  29123-2 0  9994
2 45734  53.0561 330.3920 0000743 144.4714 215.6327 15.11832253144897
1 45734U 20038E   23021.11146093  .00031615  00000-0  18367-2 0  9992
2 45734  53.0564 327.9954 0002212 104.4077 255.7160 15.11854109144973
1 45734U 20038E   23021.24367693  .00017910  00000-0  10502-2 0  9992
2 45734  53.0561 327.3988 0001804 102.8001 257.3192 15.11845041144996
1 45734U 20038E   23022.10307290  .00012348  00000-0  72963-3 0  9995
2 45734  53.0561 323.5084 0001803 102.9618 257.1575 15.11860610145123
1 45734U 20038E   23023.22688318  .00010086  00000-0  59897-3 0  9990
2 45734  53.0564 318.4208 0001806 104.1578 255.9614 15.11881251145291
1 45734U 20038E   23025.14393506  .00008641  00000-0  51524-3 0  9998
2 45734  53.0564 309.7421 0001801 104.8288 255.2903 15.11915285145582
1 45734U 20038E   23025.21003959  .00007638  00000-0  45750-3 0  9995
2 45734  53.0564 309.4429 0001800 104.9837 255.1354 15.11914898144483
1 45734U 20038E   23025.80497855  .00006906  00000-0  41521-3 0  9991
2 45734  53.0562 306.7493 0001788 106.6211 253.4977 15.11923143144577
1 45734U 20038E   23026.13549847  .00007271  00000-0  43617-3 0  9991
2 45734  53.0560 305.2529 0001783 107.0406 253.0781 15.11928717144622
1 45734U 20038E   23027.12705348  .00005804  00000-0  35160-3 0  9995
2 45734  53.0555 300.7636 0001757 108.5923 251.5259 15.11939684144770
1 45734U 20038E   23027.12705348  .00005804  00000-0  35160-3 0  9995
2 45734  53.0555 300.7636 0001757 108.5923 251.5259 15.11939684145883
1 45734U 20038E   23028.11860109  .00005289  00000-0  32184-3 0  9992
2 45734  53.0550 296.2740 0001728 110.2409 249.8768 15.11950410144929
1 45734U 20038E   23028.91183508  .00004196  00000-0  25887-3 0  9999
2 45734  53.0546 292.6825 0001725 110.3628 249.7549 15.11956328145043
1 45734U 20038E   23029.11014282  .00004515  00000-0  27724-3 0  9991
2 45734  53.0546 291.7847 0001740 110.2474 249.8705 15.11958959146185
1 45734U 20038E   23029.70506542  .00004196  00000-0  25881-3 0  9998
2 45734  53.0547 289.0903 0001773 109.9770 250.1412 15.11963497145169
1 45734U 20038E   23030.49829161  .00004181  00000-0  25791-3 0  9995
2 45734  53.0542 285.4992 0001743 109.6877 250.4302 15.11970671145280
1 45734U 20038E   23030.49829161  .00004181  00000-0  25791-3 0  9995
2 45734  53.0542 285.4992 0001743 109.6877 250.4302 15.11970671146393
1 45734U 20038E   23030.89490314  .00004476  00000-0  27484-3 0  9991
2 45734  53.0545 283.7035 0001756 109.6718 250.4463 15.11975147145348
1 45734U 20038E   23031.55592018  .00005030  00000-0  30666-3 0  9992
2 45734  53.0544 280.7104 0001754 109.8574 250.2606 15.11982718145441
1 45734U 20038E   23031.75422485  .00004866  00000-0  29724-3 0  9993
2 45734  53.0544 279.8124 0001798 110.4346 249.6839 15.11984171146586
1 45734U 20038E   23031.95252884  .00005179  00000-0  31522-3 0  9996
2 45734  53.0543 278.9143 0001798 111.0175 249.1009 15.11986974145501
