1 45730U 20038A   22365.57753510  .00000206  00000-0  32778-4 0  9992
2 45730  53.0559  62.5197 0002499  28.6845 331.4281 15.06366296140747
1 45730U 20038A   22365.57753510  .00000206  00000-0  32778-4 0  9992
2 45730  53.0559  62.5197 0002499  28.6845 331.4281 15.06366296141850
1 45730U 20038A   23001.17464399  .00001083  00000-0  91634-4 0  9990
2 45730  53.0544  59.8370 0002415  35.4469 324.6680 15.06394565141949
1 45730U 20038A   23001.57272443  .00001041  00000-0  88809-4 0  9995
2 45730  53.0544  58.0506 0002469  33.9748 326.1399 15.06397431140895
1 45730U 20038A   23001.83811105  .00000545  00000-0  55539-4 0  9990
2 45730  53.0544  56.8592 0002501  32.2844 327.8297 15.06399975140937
1 45730U 20038A   23002.16984104  .00002783  00000-0  20570-3 0  9999
2 45730  53.0543  55.3698 0002558  37.8980 322.2188 15.06401314142099
1 45730U 20038A   23002.56792111  .00004412  00000-0  31491-3 0  9993
2 45730  53.0553  53.5843 0002707  33.7755 326.3406 15.06399721141043
1 45730U 20038A   23003.16504667  .00001314  00000-0  10710-3 0  9996
2 45730  53.0544  50.9021 0002758  27.0969 333.0163 15.06398135142247
1 45730U 20038A   23003.56312787  .00001001  00000-0  86130-4 0  9993
2 45730  53.0547  49.1149 0002753  31.0933 329.0218 15.06398859141194
1 45730U 20038A   23004.42562904 -.00000026  00000-0  17189-4 0  9992
2 45730  53.0556  45.2436 0003139  36.3175 323.8026 15.06410620141320
1 45730U 20038A   23004.42562904 -.00000026  00000-0  17189-4 0  9992
2 45730  53.0556  45.2436 0003139  36.3175 323.8026 15.06410620142433
1 45730U 20038A   23004.82369885  .00003192  00000-0  23300-3 0  9996
2 45730  53.0546  43.4554 0002894  36.2112 323.9073 15.06414424141382
1 45730U 20038A   23004.82369885  .00003192  00000-0  23300-3 0  9996
2 45730  53.0546  43.4554 0002894  36.2112 323.9073 15.06414424142495
1 45730U 20038A   23005.48716049  .00004623  00000-0  32888-3 0  9998
2 45730  53.0539  40.4785 0003134  27.7111 332.4045 15.06422041141488
1 45730U 20038A   23005.81889609  .00002266  00000-0  17093-3 0  9990
2 45730  53.0528  38.9888 0002816  28.1447 331.9694 15.06412496141538
1 45730U 20038A   23006.21698622 -.00004819  00000-0 -30484-3 0  9995
2 45730  53.0551  37.2014 0002746  23.8808 336.2308 15.06391810142708
1 45730U 20038A   23006.48237664 -.00005266  00000-0 -33496-3 0  9992
2 45730  53.0530  36.0080 0002622  26.0630 334.0491 15.06386793141630
1 45730U 20038A   23007.07949937 -.00002286  00000-0 -13458-3 0  9996
2 45730  53.0531  33.3281 0002762  25.3792 334.7332 15.06391131141723
1 45730U 20038A   23007.47757862  .00003302  00000-0  24048-3 0  9999
2 45730  53.0535  31.5426 0002813  29.3932 330.7215 15.06400169141789
1 45730U 20038A   23007.47757862  .00003302  00000-0  24048-3 0  9999
2 45730  53.0535  31.5426 0002813  29.3932 330.7215 15.06400169142892
1 45730U 20038A   23008.07470878  .00004312  00000-0  30827-3 0  9999
2 45730  53.0555  28.8608 0002638  18.9060 341.2027 15.06390232142983
1 45730U 20038A   23008.40644647  .00001827  00000-0  14161-3 0  9994
2 45730  53.0532  27.3718 0002922  30.8415 329.2745 15.06386482141925
1 45730U 20038A   23008.73817781  .00004692  00000-0  33375-3 0  9992
2 45730  53.0538  25.8819 0002784  28.7338 331.3804 15.06396156141976
1 45730U 20038A   23009.40164288  .00002961  00000-0  21760-3 0  9996
2 45730  53.0542  22.9032 0002810  29.5993 330.5155 15.06404062142070
1 45730U 20038A   23009.40164288  .00002961  00000-0  21760-3 0  9996
2 45730  53.0542  22.9032 0002810  29.5993 330.5155 15.06404062143183
1 45730U 20038A   23009.73337995  .00000899  00000-0  79312-4 0  9994
2 45730  53.0545  21.4142 0002809  29.2261 330.8885 15.06397255142126
1 45730U 20038A   23009.73337995  .00000899  00000-0  79312-4 0  9994
2 45730  53.0545  21.4142 0002809  29.2261 330.8885 15.06397255143239
1 45730U 20038A   23010.52953812  .00001713  00000-0  13389-3 0  9992
2 45730  53.0539  17.8399 0002790  29.6195 330.4951 15.06402661142242
1 45730U 20038A   23010.72858156 -.00002247  00000-0 -13203-3 0  9999
2 45730  53.0533  16.9464 0002352  18.6045 341.5030 15.06391553142276
1 45730U 20038A   23011.25935823  .00002258  00000-0  17047-3 0  9995
2 45730  53.0536  14.5638 0002604  28.8880 331.2252 15.06400119143469
1 45730U 20038A   23011.39205046  .00006301  00000-0  44144-3 0  9998
2 45730  53.0538  13.9682 0002687  31.6768 328.4382 15.06407683142375
1 45730U 20038A   23011.72378836  .00004027  00000-0  28914-3 0  9993
2 45730  53.0535  12.4777 0002350  31.7546 328.3584 15.06396478142421
1 45730U 20038A   23012.12187443  .00003357  00000-0  24423-3 0  9996
2 45730  53.0540  10.6921 0002491  36.0829 324.0327 15.06391600143595
1 45730U 20038A   23012.38725936  .00007078  00000-0  49355-3 0  9994
2 45730  53.0537   9.5007 0002530  37.4924 322.6241 15.06404376142524
1 45730U 20038A   23012.38725936  .00007078  00000-0  49355-3 0  9994
2 45730  53.0537   9.5007 0002530  37.4924 322.6241 15.06404376143637
1 45730U 20038A   23013.11708219  .00001810  00000-0  14040-3 0  9992
2 45730  53.0548   6.2261 0002575  47.8113 312.3095 15.06392105143740
1 45730U 20038A   23013.24977314  .00005534  00000-0  39011-3 0  9992
2 45730  53.0542   5.6281 0002431  43.4523 316.6657 15.06402086142657
1 45730U 20038A   23013.24977314  .00005534  00000-0  39011-3 0  9992
2 45730  53.0542   5.6281 0002431  43.4523 316.6657 15.06402086143760
1 45730U 20038A   23014.24497514  .00006970  00000-0  48624-3 0  9997
2 45730  53.0537   1.1611 0002316  49.6711 310.4480 15.06410574143915
1 45730U 20038A   23014.97479284  .00002116  00000-0  16092-3 0  9993
2 45730  53.0540 357.8847 0002217  60.9114 299.2096 15.06398764144020
1 45730U 20038A   23015.37287141  .00015898  00000-0  10833-2 0  9994
2 45730  53.0536 356.0981 0002460  66.4946 293.6301 15.06415483142976
1 45730U 20038A   23015.37287141  .00015898  00000-0  10833-2 0  9994
2 45730  53.0536 356.0981 0002460  66.4946 293.6301 15.06415483144080
1 45730U 20038A   23015.63825906  .00002585  00000-0  19241-3 0  9992
2 45730  53.0537 354.9049 0002766  65.8924 294.2354 15.06401226143018
1 45730U 20038A   23015.63825906  .00002585  00000-0  19241-3 0  9992
2 45730  53.0537 354.9049 0002766  65.8924 294.2354 15.06401226144121
1 45730U 20038A   23016.23537203  .00013566  00000-0  92718-3 0  9990
2 45730  53.0542 352.2275 0001785  73.7887 286.3298 15.06428043144210
1 45730U 20038A   23016.30171668  .00021237  00000-0  14388-2 0  9997
2 45730  53.0541 351.9288 0001854  77.1658 282.9538 15.06438813143113
1 45730U 20038A   23016.89885240  .00012658  00000-0  86738-3 0  9995
2 45730  53.0534 349.2480 0002154  83.2982 276.8252 15.06389451143209
1 45730U 20038A   23016.89885240  .00012658  00000-0  86738-3 0  9995
2 45730  53.0534 349.2480 0002154  83.2982 276.8252 15.06389451144312
1 45730U 20038A   23017.36328769  .00002577  00000-0  19196-3 0  9999
2 45730  53.0543 347.1617 0002131  85.3031 274.8201 15.06380172143271
1 45730U 20038A   23017.36328769  .00002577  00000-0  19196-3 0  9999
2 45730  53.0543 347.1617 0002131  85.3031 274.8201 15.06380172144384
1 45730U 20038A   23017.89407719  .00003515  00000-0  25502-3 0  9991
2 45730  53.0545 344.7766 0001052 132.2342 227.8736 15.06355726143356
1 45730U 20038A   23017.89407719  .00003515  00000-0  25502-3 0  9991
2 45730  53.0545 344.7766 0001052 132.2342 227.8736 15.06355726144469
1 45730U 20038A   23018.29215844  .00058850  00000-0  39342-2 0  9990
2 45730  53.0537 342.9925 0001715 104.5219 255.5960 15.06425152143410
1 45730U 20038A   23018.29215844  .00058850  00000-0  39342-2 0  9990
2 45730  53.0537 342.9925 0001715 104.5219 255.5960 15.06425152144523
1 45730U 20038A   23018.62388992  .00034428  00000-0  23171-2 0  9990
2 45730  53.0535 341.5029 0001859 101.7786 258.3411 15.06428689143460
1 45730U 20038A   23018.62388992  .00034428  00000-0  23171-2 0  9990
2 45730  53.0535 341.5029 0001859 101.7786 258.3411 15.06428689144573
1 45730U 20038A   23019.28733411  .00030717  00000-0  20681-2 0  9993
2 45730  53.0533 338.5237 0001866 104.3261 255.7936 15.06470612143567
1 45730U 20038A   23020.14985854  .00029682  00000-0  20028-2 0  9994
2 45730  53.0535 334.6516 0003396  93.5439 266.5938 15.06405011144803
1 45730U 20038A   23020.28255375  .00025083  00000-0  16971-2 0  9990
2 45730  53.0558 334.0587 0001529  81.5814 278.5348 15.06394045143711
1 45730U 20038A   23020.28255375  .00025083  00000-0  16971-2 0  9990
2 45730  53.0558 334.0587 0001529  81.5814 278.5348 15.06394045144824
1 45730U 20038A   23021.21141820  .00038017  00000-0  25561-2 0  9999
2 45730  53.0551 329.8872 0001752  90.1864 269.9326 15.06418355144961
1 45730U 20038A   23021.54315232  .00024191  00000-0  16368-2 0  9998
2 45730  53.0550 328.3962 0002294  87.6264 272.4987 15.06411925145016
1 45730U 20038A   23022.53834197  .00001732  00000-0  13516-3 0  9993
2 45730  53.0540 323.9317 0002834  79.7849 280.3460 15.06411336145167
1 45730U 20038A   23023.20181611  .00004260  00000-0  30474-3 0  9995
2 45730  53.0541 320.9515 0002052  79.9251 280.1969 15.06394909145265
1 45730U 20038A   23024.19701803  .00017200  00000-0  11701-2 0  9994
2 45730  53.0547 316.4837 0001806  90.8771 269.2424 15.06420712145416
1 45730U 20038A   23025.05952698  .00009534  00000-0  65785-3 0  9993
2 45730  53.0548 312.6111 0001535  95.2086 264.9078 15.06411042145544
1 45730U 20038A   23025.52395825  .00002574  00000-0  19168-3 0  9999
2 45730  53.0544 310.5275 0001784  83.9132 276.2060 15.06393475145614
1 45730U 20038A   23026.05473335  .00014305  00000-0  97725-3 0  9991
2 45730  53.0542 308.1441 0001590  89.7053 270.4119 15.06401495144589
1 45730U 20038A   23026.05473335  .00014305  00000-0  97725-3 0  9991
2 45730  53.0542 308.1441 0001590  89.7053 270.4119 15.06401495145692
1 45730U 20038A   23026.98358686  .00005635  00000-0  39686-3 0  9992
2 45730  53.0544 303.9727 0001569  92.1097 268.0072 15.06405651145831
1 45730U 20038A   23027.11627825  .00005789  00000-0  40709-3 0  9990
2 45730  53.0549 303.3771 0001530  91.2445 268.8719 15.06410257144747
1 45730U 20038A   23028.17782237  .00000452  00000-0  49257-4 0  9996
2 45730  53.0544 298.6130 0001349  89.8154 270.2990 15.06404851146018
1 45730U 20038A   23028.90764448 -.00002937  00000-0 -17838-3 0  9992
2 45730  53.0537 295.3356 0001331  87.2395 272.8747 15.06390878145014
1 45730U 20038A   23029.10668422 -.00001417  00000-0 -76230-4 0  9994
2 45730  53.0540 294.4429 0001431  93.4095 266.7057 15.06394431146157
1 45730U 20038A   23029.77015698  .00001467  00000-0  11735-3 0  9999
2 45730  53.0538 291.4650 0001402  94.3161 265.7988 15.06392425145140
1 45730U 20038A   23030.10189067  .00002734  00000-0  20236-3 0  9994
2 45730  53.0537 289.9754 0001415  93.7060 266.4091 15.06396579145193
1 45730U 20038A   23030.89805522  .00003863  00000-0  27814-3 0  9994
2 45730  53.0529 286.4009 0001479 109.3686 250.7462 15.06395807145312
1 45730U 20038A   23031.09709228  .00001955  00000-0  15012-3 0  9990
2 45730  53.0530 285.5073 0001356 100.9441 259.1701 15.06403345146457
1 45730U 20038A   23031.49517481  .00001743  00000-0  13590-3 0  9996
2 45730  53.0529 283.7205 0001305  94.0884 266.0254 15.06401649145409
1 45730U 20038A   23031.76056314  .00001300  00000-0  10615-3 0  9993
2 45730  53.0529 282.5290 0001276  93.4803 266.6332 15.06399932146552
1 45730U 20038A   23031.95960249  .00001647  00000-0  12941-3 0  9993
2 45730  53.0528 281.6354 0001261  93.1297 266.9837 15.06401931145476
