1 45732U 20038C   22365.44847561  .00002665  00000-0  19772-3 0  9999
2 45732  53.0570  63.1142 0002191  34.2472 325.8658 15.06401184140715
1 45732U 20038C   22365.44847561  .00002665  00000-0  19772-3 0  9999
2 45732  53.0570  63.1142 0002191  34.2472 325.8658 15.06401184141839
1 45732U 20038C   22365.58116986  .00003475  00000-0  25203-3 0  9990
2 45732  53.0563  62.5184 0002241  35.5739 324.5399 15.06405806140737
1 45732U 20038C   23001.37733952 -.00002102  00000-0 -12223-3 0  9999
2 45732  53.0560  58.9446 0002409  20.4478 339.6608 15.06389229140856
1 45732U 20038C   23001.37733952 -.00002102  00000-0 -12223-3 0  9999
2 45732  53.0560  58.9446 0002409  20.4478 339.6608 15.06389229141970
1 45732U 20038C   23001.84177678 -.00005476  00000-0 -34920-3 0  9993
2 45732  53.0576  56.8597 0002193  35.6452 324.4683 15.06377584140921
1 45732U 20038C   23001.84177678 -.00005476  00000-0 -34920-3 0  9993
2 45732  53.0576  56.8597 0002193  35.6452 324.4683 15.06377584142046
1 45732U 20038C   23002.43890024  .00000188  00000-0  31577-4 0  9995
2 45732  53.0541  54.1791 0002417  31.0932 329.0200 15.06384907142130
1 45732U 20038C   23002.57159464  .00001878  00000-0  14500-3 0  9999
2 45732  53.0542  53.5830 0002368  33.7621 326.3518 15.06387454141037
1 45732U 20038C   23002.83698766  .00012921  00000-0  88487-3 0  9997
2 45732  53.0542  52.3919 0002383  34.4712 325.6432 15.06393625141076
1 45732U 20038C   23003.10237385  .00014282  00000-0  97557-3 0  9994
2 45732  53.0541  51.2005 0002405  35.3826 324.7322 15.06405881142235
1 45732U 20038C   23003.30141622  .00009628  00000-0  66433-3 0  9991
2 45732  53.0540  50.3069 0002162  31.1158 328.9958 15.06400445142261
1 45732U 20038C   23003.50045883  .00003989  00000-0  28662-3 0  9991
2 45732  53.0537  49.4135 0002382  34.9715 325.1430 15.06394643141179
1 45732U 20038C   23003.50045883  .00003989  00000-0  28662-3 0  9991
2 45732  53.0537  49.4135 0002382  34.9715 325.1430 15.06394643142293
1 45732U 20038C   23004.42931441  .00005379  00000-0  37971-3 0  9995
2 45732  53.0539  45.2436 0002429  35.6604 324.4547 15.06402576141318
1 45732U 20038C   23004.82738545  .00017699  00000-0  12030-2 0  9995
2 45732  53.0539  43.4566 0002492  34.8318 325.2834 15.06433299141375
1 45732U 20038C   23004.82738545  .00017699  00000-0  12030-2 0  9995
2 45732  53.0539  43.4566 0002492  34.8318 325.2834 15.06433299142499
1 45732U 20038C   23005.09276880  .00014028  00000-0  95795-3 0  9997
2 45732  53.0538  42.2650 0002330  36.0449 324.0697 15.06430871142531
1 45732U 20038C   23005.49085251 -.00004141  00000-0 -25918-3 0  9998
2 45732  53.0539  40.4782 0002414  25.8792 334.2317 15.06403641141477
1 45732U 20038C   23005.49085251 -.00004141  00000-0 -25918-3 0  9998
2 45732  53.0539  40.4782 0002414  25.8792 334.2317 15.06403641142591
1 45732U 20038C   23005.82259081 -.00002683  00000-0 -16126-3 0  9999
2 45732  53.0543  38.9895 0002617  32.2841 327.8308 15.06395898141529
1 45732U 20038C   23006.35337130 -.00000156  00000-0  84326-5 0  9991
2 45732  53.0537  36.6078 0002818  34.9439 325.1735 15.06390125141607
1 45732U 20038C   23006.35337130 -.00000156  00000-0  84326-5 0  9991
2 45732  53.0537  36.6078 0002818  34.9439 325.1735 15.06390125142721
1 45732U 20038C   23007.08318549  .00007117  00000-0  49612-3 0  9995
2 45732  53.0535  33.3311 0002780  35.5553 324.5621 15.06405777141710
1 45732U 20038C   23007.08318549  .00007117  00000-0  49612-3 0  9995
2 45732  53.0535  33.3311 0002780  35.5553 324.5621 15.06405777142834
1 45732U 20038C   23007.74665564  .00002908  00000-0  21407-3 0  9995
2 45732  53.0522  30.3483 0002601  17.9596 342.1484 15.06397498141810
1 45732U 20038C   23007.74665564  .00002908  00000-0  21407-3 0  9995
2 45732  53.0522  30.3483 0002601  17.9596 342.1484 15.06397498142934
1 45732U 20038C   23008.07840232  .00000999  00000-0  86012-4 0  9991
2 45732  53.0529  28.8616 0002718  32.5547 327.5609 15.06379232142986
1 45732U 20038C   23008.41013460  .00000497  00000-0  52294-4 0  9992
2 45732  53.0534  27.3725 0002808  36.1829 323.9349 15.06388265141919
1 45732U 20038C   23008.41013460  .00000497  00000-0  52294-4 0  9992
2 45732  53.0534  27.3725 0002808  36.1829 323.9349 15.06388265143034
1 45732U 20038C   23008.74186354  .00001927  00000-0  14825-3 0  9997
2 45732  53.0543  25.8838 0002732  38.3360 321.7823 15.06399871141960
1 45732U 20038C   23008.74186354  .00001927  00000-0  14825-3 0  9997
2 45732  53.0543  25.8838 0002732  38.3360 321.7823 15.06399871143085
1 45732U 20038C   23009.40532993  .00004581  00000-0  32622-3 0  9999
2 45732  53.0548  22.9054 0002652  38.7268 321.3911 15.06406437142068
1 45732U 20038C   23009.73706732  .00002004  00000-0  15340-3 0  9995
2 45732  53.0548  21.4162 0002596  36.7440 323.3727 15.06398076142111
1 45732U 20038C   23010.20149077  .00003829  00000-0  27577-3 0  9993
2 45732  53.0549  19.3309 0002576  32.7015 327.4133 15.06406454143301
1 45732U 20038C   23010.40053202  .00001015  00000-0  87071-4 0  9990
2 45732  53.0552  18.4370 0002610  31.9021 328.2125 15.06401481142214
1 45732U 20038C   23010.73226238  .00001925  00000-0  14807-3 0  9993
2 45732  53.0550  16.9483 0002542  33.5465 326.5685 15.06408716142269
1 45732U 20038C   23011.26303592  .00002287  00000-0  17239-3 0  9995
2 45732  53.0544  14.5642 0002472  35.5587 324.5566 15.06408787142345
1 45732U 20038C   23011.26303592  .00002287  00000-0  17239-3 0  9995
2 45732  53.0544  14.5642 0002472  35.5587 324.5566 15.06408787143469
1 45732U 20038C   23011.72746284  .00002930  00000-0  21546-3 0  9996
2 45732  53.0536  12.4788 0002604  38.4534 321.6640 15.06407784142410
1 45732U 20038C   23012.25822383  .00007672  00000-0  53295-3 0  9994
2 45732  53.0550  10.0971 0002439  35.0183 325.0966 15.06428437142498
1 45732U 20038C   23012.25822383  .00007672  00000-0  53295-3 0  9994
2 45732  53.0550  10.0971 0002439  35.0183 325.0966 15.06428437143613
1 45732U 20038C   23012.98805768 -.00009930  00000-0 -64905-3 0  9993
2 45732  53.0537   6.8201 0003096  28.0770 332.0385 15.06373242143729
1 45732U 20038C   23013.25344546 -.00007246  00000-0 -46830-3 0  9991
2 45732  53.0538   5.6290 0002273  43.3840 316.7327 15.06376682142645
1 45732U 20038C   23013.25344546 -.00007246  00000-0 -46830-3 0  9991
2 45732  53.0538   5.6290 0002273  43.3840 316.7327 15.06376682143769
1 45732U 20038C   23014.11596881  .00013939  00000-0  95310-3 0  9999
2 45732  53.0541   1.7576 0002174  48.8189 311.2987 15.06387661143898
1 45732U 20038C   23014.38135476  .00032235  00000-0  21720-2 0  9990
2 45732  53.0539   0.5670 0002201  50.8310 309.2874 15.06418019143936
1 45732U 20038C   23014.64674496  .00013280  00000-0  90869-3 0  9999
2 45732  53.0547 359.3725 0002429  48.4596 311.6601 15.06401759143974
1 45732U 20038C   23015.37655745  .00032792  00000-0  22086-2 0  9990
2 45732  53.0535 356.0996 0002089  67.2730 292.8480 15.06425678142965
1 45732U 20038C   23016.10637309  .00017428  00000-0  11855-2 0  9999
2 45732  53.0525 352.8219 0002544  66.2956 293.8299 15.06414901144194
1 45732U 20038C   23016.30540821  .00022074  00000-0  14948-2 0  9992
2 45732  53.0536 351.9269 0002409  65.3832 294.7407 15.06433524143107
1 45732U 20038C   23016.30540821  .00022074  00000-0  14948-2 0  9992
2 45732  53.0536 351.9269 0002409  65.3832 294.7407 15.06433524144221
1 45732U 20038C   23016.90253889  .00009772  00000-0  67443-3 0  9992
2 45732  53.0515 349.2478 0001498  94.2173 265.8987 15.06377587143199
1 45732U 20038C   23017.16792986  .00010827  00000-0  74493-3 0  9993
2 45732  53.0515 348.0565 0001180  71.2509 288.8608 15.06385089144359
1 45732U 20038C   23017.30062654  .00010273  00000-0  70800-3 0  9994
2 45732  53.0516 347.4608 0001889  91.4704 268.6501 15.06377440143256
1 45732U 20038C   23017.63236504  .00006181  00000-0  43371-3 0  9993
2 45732  53.0514 345.9701 0001864  96.8434 263.2767 15.06379521143306
1 45732U 20038C   23017.63236504  .00006181  00000-0  43371-3 0  9993
2 45732  53.0514 345.9701 0001864  96.8434 263.2767 15.06379521144420
1 45732U 20038C   23018.29583411  .00019664  00000-0  13350-2 0  9991
2 45732  53.0516 342.9900 0001954  99.1764 260.9446 15.06408042143408
1 45732U 20038C   23018.29583411  .00019664  00000-0  13350-2 0  9991
2 45732  53.0516 342.9900 0001954  99.1764 260.9446 15.06408042144522
1 45732U 20038C   23018.62756747  .00013305  00000-0  91020-3 0  9999
2 45732  53.0508 341.5015 0001924  97.6204 262.5004 15.06409802143458
1 45732U 20038C   23018.62756747  .00013305  00000-0  91020-3 0  9999
2 45732  53.0508 341.5015 0001924  97.6204 262.5004 15.06409802144572
1 45732U 20038C   23019.29102333  .00016183  00000-0  11018-2 0  9994
2 45732  53.0516 338.5224 0001859 100.6418 259.4781 15.06434422143558
1 45732U 20038C   23019.29102333  .00016183  00000-0  11018-2 0  9994
2 45732  53.0516 338.5224 0001859 100.6418 259.4781 15.06434422144672
1 45732U 20038C   23020.15354141  .00005810  00000-0  40860-3 0  9990
2 45732  53.0505 334.6508 0003034  91.5187 268.6150 15.06403663144800
1 45732U 20038C   23021.14874888  .00014000  00000-0  95670-3 0  9995
2 45732  53.0520 330.1834 0001695  80.5375 279.5805 15.06408287144959
1 45732U 20038C   23021.28144179  .00020977  00000-0  14223-2 0  9997
2 45732  53.0520 329.5881 0001735  82.1744 277.9442 15.06418028144971
1 45732U 20038C   23022.14393803  .00011508  00000-0  78964-3 0  9996
2 45732  53.0523 325.7160 0001857  91.0698 269.0504 15.06427172145101
1 45732U 20038C   23022.54201649  .00001393  00000-0  11236-3 0  9996
2 45732  53.0528 323.9312 0001820 108.7152 251.4035 15.06405194145166
1 45732U 20038C   23022.94010607 -.00011003  00000-0 -72130-3 0  9993
2 45732  53.0520 322.1420 0001739 110.8681 249.2494 15.06379156145228
1 45732U 20038C   23023.13914693 -.00001180  00000-0 -60312-4 0  9998
2 45732  53.0518 321.2487 0001685 111.5035 248.6134 15.06391891145256
1 45732U 20038C   23023.80262834  .00001425  00000-0  11460-3 0  9994
2 45732  53.0516 318.2712 0001654 110.2590 249.8577 15.06380180145353
1 45732U 20038C   23025.06321153  .00019092  00000-0  12961-2 0  9999
2 45732  53.0508 312.6119 0001572 117.1694 242.9455 15.06429137144425
1 45732U 20038C   23025.06321153  .00019092  00000-0  12961-2 0  9999
2 45732  53.0508 312.6119 0001572 117.1694 242.9455 15.06429137145549
1 45732U 20038C   23026.05841603  .00007524  00000-0  52334-3 0  9992
2 45732  53.0509 308.1439 0001434 101.2180 258.8970 15.06407096144576
1 45732U 20038C   23026.05841603  .00007524  00000-0  52334-3 0  9992
2 45732  53.0509 308.1439 0001434 101.2180 258.8970 15.06407096145690
1 45732U 20038C   23026.65554079  .00007272  00000-0  50662-3 0  9998
2 45732  53.0508 305.4625 0001457 100.7116 259.4037 15.06396600145783
1 45732U 20038C   23027.05361819  .00001565  00000-0  12392-3 0  9998
2 45732  53.0506 303.6766 0001388 101.7770 258.3374 15.06404708144721
1 45732U 20038C   23027.84978695  .00000402  00000-0  45910-4 0  9993
2 45732  53.0507 300.1016 0001297  92.8450 267.2688 15.06392839144847
1 45732U 20038C   23027.98248034  .00000767  00000-0  70377-4 0  9994
2 45732  53.0505 299.5065 0001279  95.9240 264.1895 15.06393936145982
1 45732U 20038C   23028.51325410  .00001621  00000-0  12771-3 0  9991
2 45732  53.0509 297.1229 0001216  93.1384 266.9744 15.06397353144947
1 45732U 20038C   23028.91133546  .00001368  00000-0  11074-3 0  9995
2 45732  53.0509 295.3358 0001200  90.9504 269.1622 15.06398316145000
1 45732U 20038C   23029.04402813  .00001830  00000-0  14172-3 0  9992
2 45732  53.0508 294.7401 0001219  91.8217 268.2912 15.06400420146140
1 45732U 20038C   23029.84018966  .00000822  00000-0  74090-4 0  9998
2 45732  53.0507 291.1633 0001298 113.6497 246.4629 15.06398690145144
1 45732U 20038C   23030.57000761  .00001403  00000-0  11310-3 0  9995
2 45732  53.0514 287.8886 0001195  99.7662 260.3462 15.06396480145255
1 45732U 20038C   23030.70270190  .00001277  00000-0  10461-3 0  9990
2 45732  53.0513 287.2927 0001202 100.5384 259.5740 15.06396045146397
1 45732U 20038C   23030.90173986  .00001649  00000-0  12955-3 0  9990
2 45732  53.0513 286.3990 0001189 100.7646 259.3476 15.06399393145307
1 45732U 20038C   23031.03443148  .00002082  00000-0  15858-3 0  9992
2 45732  53.0512 285.8036 0001196  94.4468 265.6657 15.06402642145325
1 45732U 20038C   23031.03443148  .00002082  00000-0  15858-3 0  9992
2 45732  53.0512 285.8036 0001196  94.4468 265.6657 15.06402642146449
1 45732U 20038C   23031.69790341  .00000898  00000-0  79142-4 0  9994
2 45732  53.0510 282.8243 0001250 103.0240 257.0889 15.06396457146549
1 45732U 20038C   23031.96328803  .00001130  00000-0  94746-4 0  9991
2 45732  53.0510 281.6330 0001219  99.4693 260.6434 15.06399968145464
