1 45731U 20038B   22365.52587832 -.00000148  00000-0  89730-5 0  9997
2 45731  53.0553  62.7632 0002535  35.0037 325.1118 15.06409679140724
1 45731U 20038B   22365.65858032  .00000653  00000-0  62780-4 0  9999
2 45731  53.0550  62.1674 0002320  36.7174 323.3973 15.06403192140748
1 45731U 20038B   23001.12301264 -.00002482  00000-0 -14780-3 0  9999
2 45731  53.0548  60.0839 0002356  34.8274 325.2869 15.06393628141786
1 45731U 20038B   23001.38841703 -.00002915  00000-0 -17689-3 0  9996
2 45731  53.0560  58.8919 0002390  34.1817 325.9325 15.06383045141829
1 45731U 20038B   23001.52110914 -.00002547  00000-0 -15215-3 0  9999
2 45731  53.0563  58.2962 0002399  34.8611 325.2535 15.06385836140872
1 45731U 20038B   23001.85283985 -.00001346  00000-0 -71473-4 0  9999
2 45731  53.0563  56.8068 0002348  35.9502 324.1644 15.06390607140925
1 45731U 20038B   23001.85283985 -.00001346  00000-0 -71473-4 0  9999
2 45731  53.0563  56.8068 0002348  35.9502 324.1644 15.06390607141892
1 45731U 20038B   23002.44995009 -.00000533  00000-0 -16872-4 0  9991
2 45731  53.0563  54.1262 0002317  34.9710 325.1431 15.06407322141983
1 45731U 20038B   23002.51629940 -.00000883  00000-0 -40329-4 0  9999
2 45731  53.0564  53.8288 0002319  34.4371 325.6768 15.06404302141026
1 45731U 20038B   23002.84804177 -.00000642  00000-0 -24160-4 0  9990
2 45731  53.0565  52.3398 0002342  36.8050 323.3099 15.06392305141075
1 45731U 20038B   23003.11342919  .00001175  00000-0  97829-4 0  9994
2 45731  53.0561  51.1474 0002635  38.9338 321.1840 15.06391752142087
1 45731U 20038B   23003.51151929  .00002142  00000-0  16275-3 0  9997
2 45731  53.0562  49.3602 0002360  35.3641 324.7504 15.06381561141175
1 45731U 20038B   23003.64421198  .00002124  00000-0  16155-3 0  9996
2 45731  53.0562  48.7645 0002329  36.4463 323.6684 15.06384979142167
1 45731U 20038B   23004.50671300  .00000993  00000-0  85538-4 0  9998
2 45731  53.0565  44.8930 0002328  39.2486 320.8671 15.06402439141323
1 45731U 20038B   23004.50671300  .00000993  00000-0  85538-4 0  9998
2 45731  53.0565  44.8930 0002328  39.2486 320.8671 15.06402439142290
1 45731U 20038B   23004.83843693  .00001692  00000-0  13243-3 0  9990
2 45731  53.0568  43.4049 0002445  32.8054 327.3087 15.06413898141371
1 45731U 20038B   23005.10382437  .00002752  00000-0  20354-3 0  9994
2 45731  53.0567  42.2133 0002297  29.4546 330.6572 15.06409600142388
1 45731U 20038B   23005.50190520  .00003085  00000-0  22590-3 0  9992
2 45731  53.0574  40.4261 0002415  34.9010 325.2137 15.06406827141471
1 45731U 20038B   23006.36442495 -.00004221  00000-0 -26471-3 0  9995
2 45731  53.0565  36.5551 0002361  28.5140 331.5978 15.06385986141602
1 45731U 20038B   23006.36442495 -.00004221  00000-0 -26471-3 0  9995
2 45731  53.0565  36.5551 0002361  28.5140 331.5978 15.06385986142579
1 45731U 20038B   23007.09423625 -.00001351  00000-0 -71776-4 0  9990
2 45731  53.0553  33.2779 0002490  37.0859 323.0302 15.06396388141717
1 45731U 20038B   23007.09423625 -.00001351  00000-0 -71776-4 0  9990
2 45731  53.0553  33.2779 0002490  37.0859 323.0302 15.06396388142684
1 45731U 20038B   23007.75770911  .00000596  00000-0  58950-4 0  9993
2 45731  53.0553  30.2993 0002433  28.9344 331.1779 15.06392082141813
1 45731U 20038B   23008.08944982  .00001543  00000-0  12256-3 0  9992
2 45731  53.0554  28.8102 0002454  30.3269 329.7861 15.06384309142836
1 45731U 20038B   23008.42118387  .00003201  00000-0  23378-3 0  9992
2 45731  53.0558  27.3209 0002414  31.6587 328.4547 15.06390439141911
1 45731U 20038B   23008.75291370  .00003916  00000-0  28166-3 0  9995
2 45731  53.0571  25.8328 0002511  34.2348 325.8802 15.06401133141967
1 45731U 20038B   23008.75291370  .00003916  00000-0  28166-3 0  9995
2 45731  53.0571  25.8328 0002511  34.2348 325.8802 15.06401133142935
1 45731U 20038B   23009.41638357  .00002370  00000-0  17799-3 0  9992
2 45731  53.0552  22.8525 0002761  36.8964 323.2214 15.06400566142061
1 45731U 20038B   23009.41638357  .00002370  00000-0  17799-3 0  9992
2 45731  53.0552  22.8525 0002761  36.8964 323.2214 15.06400566143039
1 45731U 20038B   23010.41159137 -.00000635  00000-0 -23707-4 0  9999
2 45731  53.0565  18.3861 0002576  33.3834 326.7317 15.06392355142215
1 45731U 20038B   23010.41159137 -.00000635  00000-0 -23707-4 0  9999
2 45731  53.0565  18.3861 0002576  33.3834 326.7317 15.06392355143182
1 45731U 20038B   23010.74332449 -.00000062  00000-0  14754-4 0  9999
2 45731  53.0564  16.8963 0002654  38.2232 321.8944 15.06396419142265
1 45731U 20038B   23011.27409152  .00003584  00000-0  25931-3 0  9993
2 45731  53.0554  14.5131 0002494  31.9739 328.1401 15.06408819142345
1 45731U 20038B   23011.27409152  .00003584  00000-0  25931-3 0  9993
2 45731  53.0554  14.5131 0002494  31.9739 328.1401 15.06408819143313
1 45731U 20038B   23012.00391985 -.00003154  00000-0 -19299-3 0  9994
2 45731  53.0549  11.2378 0002418  39.4577 320.6588 15.06380650143420
1 45731U 20038B   23012.40199928 -.00000670  00000-0 -26085-4 0  9993
2 45731  53.0540   9.4465 0002140  51.5275 308.5906 15.06391023142513
1 45731U 20038B   23012.40199928 -.00000670  00000-0 -26085-4 0  9993
2 45731  53.0540   9.4465 0002140  51.5275 308.5906 15.06391023143480
1 45731U 20038B   23012.99911433  .00001229  00000-0  10142-3 0  9995
2 45731  53.0553   6.7674 0002218  52.9042 307.2149 15.06405065143576
1 45731U 20038B   23013.26449808  .00007266  00000-0  50597-3 0  9993
2 45731  53.0534   5.5780 0002335  47.4651 312.6535 15.06417390142645
1 45731U 20038B   23013.26449808  .00007266  00000-0  50597-3 0  9993
2 45731  53.0534   5.5780 0002335  47.4651 312.6535 15.06417390143613
1 45731U 20038B   23014.12702387 -.00002080  00000-0 -12078-3 0  9996
2 45731  53.0533   1.7063 0002274  52.1455 307.9740 15.06384349143747
1 45731U 20038B   23015.32127028  .00015808  00000-0  10775-2 0  9993
2 45731  53.0522 356.3447 0002126  72.9390 287.1832 15.06409114142955
1 45731U 20038B   23015.32127028  .00015808  00000-0  10775-2 0  9993
2 45731  53.0522 356.3447 0002126  72.9390 287.1832 15.06409114143923
1 45731U 20038B   23015.65300397  .00007863  00000-0  54610-3 0  9990
2 45731  53.0522 354.8560 0001818  80.1424 279.9770 15.06403778143007
1 45731U 20038B   23015.65300397  .00007863  00000-0  54610-3 0  9990
2 45731  53.0522 354.8560 0001818  80.1424 279.9770 15.06403778143973
1 45731U 20038B   23016.31646227  .00026277  00000-0  17743-2 0  9994
2 45731  53.0519 351.8778 0001911  84.1332 275.9875 15.06442960143106
1 45731U 20038B   23016.31646227  .00026277  00000-0  17743-2 0  9994
2 45731  53.0519 351.8778 0001911  84.1332 275.9875 15.06442960144073
1 45731U 20038B   23016.64820883  .00009204  00000-0  63603-3 0  9990
2 45731  53.0522 350.3881 0002948  75.0038 285.1277 15.06396643144120
1 45731U 20038B   23016.91360199  .00025281  00000-0  17098-2 0  9998
2 45731  53.0521 349.1969 0003999  76.7102 283.4333 15.06400953143199
1 45731U 20038B   23017.17899047  .00025667  00000-0  17366-2 0  9992
2 45731  53.0521 348.0049 0001983  74.8732 285.2476 15.06381241143236
1 45731U 20038B   23017.17899047  .00025667  00000-0  17366-2 0  9992
2 45731  53.0521 348.0049 0001983  74.8732 285.2476 15.06381241144204
1 45731U 20038B   23017.64342449  .00028634  00000-0  19336-2 0  9999
2 45731  53.0521 345.9196 0001997  76.0087 284.1124 15.06395374143305
1 45731U 20038B   23017.64342449  .00028634  00000-0  19336-2 0  9999
2 45731  53.0521 345.9196 0001997  76.0087 284.1124 15.06395374144272
1 45731U 20038B   23018.30688851  .00028870  00000-0  19477-2 0  9991
2 45731  53.0524 342.9398 0002101  81.1431 278.9796 15.06426135143404
1 45731U 20038B   23018.30688851  .00028870  00000-0  19477-2 0  9991
2 45731  53.0524 342.9398 0002101  81.1431 278.9796 15.06426135144371
1 45731U 20038B   23019.16939001  .00029248  00000-0  19726-2 0  9999
2 45731  53.0527 339.0683 0001775  84.4370 275.6821 15.06432133144505
1 45731U 20038B   23019.30208015  .00025559  00000-0  17268-2 0  9999
2 45731  53.0529 338.4728 0001809  84.3121 275.8074 15.06436867143555
1 45731U 20038B   23020.16459847  .00022982  00000-0  15565-2 0  9991
2 45731  53.0523 334.5979 0002268  92.1770 267.9479 15.06404545144652
1 45731U 20038B   23020.29729163  .00021770  00000-0  14756-2 0  9991
2 45731  53.0533 334.0058 0001864 101.8296 258.2902 15.06407197143703
1 45731U 20038B   23021.15980614  .00030044  00000-0  20273-2 0  9992
2 45731  53.0528 330.1332 0001780  98.3740 261.7450 15.06399334144802
1 45731U 20038B   23022.08865788  .00016553  00000-0  11270-2 0  9995
2 45731  53.0527 325.9654 0001785 103.2934 256.8254 15.06417129144941
1 45731U 20038B   23022.81847596  .00001257  00000-0  10327-3 0  9991
2 45731  53.0519 322.6902 0002216  84.1668 275.9574 15.06401600145050
1 45731U 20038B   23023.54829225  .00006058  00000-0  42526-3 0  9991
2 45731  53.0527 319.4095 0001622  98.8428 261.2744 15.06396017145166
1 45731U 20038B   23025.07426929  .00003943  00000-0  28342-3 0  9995
2 45731  53.0522 312.5591 0001681  83.9721 276.1459 15.06404647145394
1 45731U 20038B   23025.20696108  .00005795  00000-0  40749-3 0  9990
2 45731  53.0521 311.9638 0001677  80.9841 279.1338 15.06409811144445
1 45731U 20038B   23026.06947118  .00003695  00000-0  26680-3 0  9990
2 45731  53.0514 308.0932 0001499  96.3322 263.7838 15.06403893144570
1 45731U 20038B   23026.06947118  .00003695  00000-0  26680-3 0  9990
2 45731  53.0514 308.0932 0001499  96.3322 263.7838 15.06403893145548
1 45731U 20038B   23026.66659492  .00002396  00000-0  17968-3 0  9997
2 45731  53.0511 305.4128 0001468 100.2724 259.8430 15.06399658145637
1 45731U 20038B   23027.52910348  .00000903  00000-0  79544-4 0  9994
2 45731  53.0513 301.5414 0001404  87.1313 272.9837 15.06397981144791
1 45731U 20038B   23027.86084441 -.00002502  00000-0 -14920-3 0  9992
2 45731  53.0510 300.0512 0001321  97.7961 262.3177 15.06387293144846
1 45731U 20038B   23028.05988416 -.00000224  00000-0  38753-5 0  9999
2 45731  53.0510 299.1578 0001286 100.6822 259.4312 15.06394936145847
1 45731U 20038B   23028.52431119  .00001247  00000-0  10257-3 0  9996
2 45731  53.0515 297.0723 0001246  96.6454 263.4676 15.06397157144948
1 45731U 20038B   23028.85604473  .00002400  00000-0  17995-3 0  9995
2 45731  53.0515 295.5825 0001249  97.8590 262.2540 15.06399836144999
1 45731U 20038B   23029.12143040  .00007343  00000-0  51117-3 0  9999
2 45731  53.0509 294.3919 0001220  85.0202 275.0926 15.06409635146004
1 45731U 20038B   23029.71855595  .00001997  00000-0  15293-3 0  9993
2 45731  53.0508 291.7097 0001289 105.7431 254.3700 15.06396348146095
1 45731U 20038B   23029.85125058  .00002000  00000-0  15312-3 0  9990
2 45731  53.0509 291.1149 0001237  84.7938 275.3192 15.06397508145141
1 45731U 20038B   23030.58106231 -.00001530  00000-0 -83867-4 0  9994
2 45731  53.0509 287.8383 0001243  64.6967 295.4151 15.06394306145252
1 45731U 20038B   23030.91279415  .00001892  00000-0  14590-3 0  9991
2 45731  53.0509 286.3488 0001396  94.3248 265.7901 15.06401007145309
1 45731U 20038B   23031.11183386  .00004228  00000-0  30251-3 0  9993
2 45731  53.0510 285.4546 0001459  95.0210 265.0945 15.06405444145336
1 45731U 20038B   23031.11183386  .00004228  00000-0  30251-3 0  9993
2 45731  53.0510 285.4546 0001459  95.0210 265.0945 15.06405444146304
1 45731U 20038B   23031.70895861  .00008424  00000-0  58370-3 0  9990
2 45731  53.0508 282.7743 0001466  97.0476 263.0680 15.06403284145420
1 45731U 20038B   23031.70895861  .00008424  00000-0  58370-3 0  9990
2 45731  53.0508 282.7743 0001466  97.0476 263.0680 15.06403284146397
