1 45745U 20038R   22365.21259334  .00003649  00000-0  26374-3 0  9992
2 45745  53.0544  64.1693 0002085  35.9909 324.1220 15.06400143141607
1 45745U 20038R   22365.54432254  .00004437  00000-0  31656-3 0  9997
2 45745  53.0564  62.6830 0002382  34.3812 325.7331 15.06406950140725
1 45745U 20038R   23001.14145332  .00002434  00000-0  18224-3 0  9990
2 45745  53.0575  60.0030 0002395  46.9953 313.1236 15.06400133141745
1 45745U 20038R   23001.34050858 -.00000106  00000-0  11775-4 0  9990
2 45745  53.0574  59.1075 0001645  40.1019 320.0091 15.06382039141771
1 45745U 20038R   23001.47319793 -.00000056  00000-0  15184-4 0  9992
2 45745  53.0576  58.5086 0001897  51.3091 308.8067 15.06391165140867
1 45745U 20038R   23001.87128065 -.00001144  00000-0 -57892-4 0  9998
2 45745  53.0572  56.7223 0002037  41.1259 318.9884 15.06393464140926
1 45745U 20038R   23001.87128065 -.00001144  00000-0 -57892-4 0  9998
2 45745  53.0572  56.7223 0002037  41.1259 318.9884 15.06393464141859
1 45745U 20038R   23002.40204350 -.00000655  00000-0 -25065-4 0  9993
2 45745  53.0574  54.3423 0002171  44.5119 315.6044 15.06409971141008
1 45745U 20038R   23002.40204350 -.00000655  00000-0 -25065-4 0  9993
2 45745  53.0574  54.3423 0002171  44.5119 315.6044 15.06409971141930
1 45745U 20038R   23002.86646749  .00000217  00000-0  33478-4 0  9994
2 45745  53.0568  52.2568 0002228  43.3219 316.7945 15.06408503141078
1 45745U 20038R   23003.39723489 -.00000252  00000-0  20300-5 0  9991
2 45745  53.0569  49.8735 0002215  43.2846 316.8317 15.06415938141151
1 45745U 20038R   23003.39723489 -.00000252  00000-0  20300-5 0  9991
2 45745  53.0569  49.8735 0002215  43.2846 316.8317 15.06415938142084
1 45745U 20038R   23004.39244378  .00001357  00000-0  10999-3 0  9994
2 45745  53.0572  45.4070 0002210  43.7911 316.3253 15.06405425142236
1 45745U 20038R   23004.79052137  .00000335  00000-0  41383-4 0  9995
2 45745  53.0568  43.6195 0002222  42.0684 318.0475 15.06408521141369
1 45745U 20038R   23005.45398325  .00001392  00000-0  11233-3 0  9995
2 45745  53.0556  40.6419 0002174  38.4605 321.6539 15.06408848142397
1 45745U 20038R   23005.52032945  .00000791  00000-0  72014-4 0  9993
2 45745  53.0560  40.3448 0002249  40.2306 319.8849 15.06410620141475
1 45745U 20038R   23005.78571961 -.00000831  00000-0 -36861-4 0  9994
2 45745  53.0543  39.1532 0002193  36.7703 323.3437 15.06401863141512
1 45745U 20038R   23005.78571961 -.00000831  00000-0 -36861-4 0  9994
2 45745  53.0543  39.1532 0002193  36.7703 323.3437 15.06401863142445
1 45745U 20038R   23006.38285365 -.00007837  00000-0 -50762-3 0  9999
2 45745  53.0554  36.4722 0002186  33.9232 326.1896 15.06411859141609
1 45745U 20038R   23006.38285365 -.00007837  00000-0 -50762-3 0  9999
2 45745  53.0554  36.4722 0002186  33.9232 326.1896 15.06411859142532
1 45745U 20038R   23007.11266756 -.00000600  00000-0 -21343-4 0  9999
2 45745  53.0548  33.1948 0002199  41.8861 318.2296 15.06395168141718
1 45745U 20038R   23007.77614147 -.00000556  00000-0 -18435-4 0  9990
2 45745  53.0550  30.2165 0002270  34.8902 325.2235 15.06391457141817
1 45745U 20038R   23007.77614147 -.00000556  00000-0 -18435-4 0  9990
2 45745  53.0550  30.2165 0002270  34.8902 325.2235 15.06391457142740
1 45745U 20038R   23008.30692068  .00001135  00000-0  95160-4 0  9990
2 45745  53.0541  27.8333 0002241  38.4245 321.6903 15.06385781141897
1 45745U 20038R   23008.77134510  .00002900  00000-0  21358-3 0  9992
2 45745  53.0559  25.7498 0002451  44.1170 316.0014 15.06392715141963
1 45745U 20038R   23009.03673024  .00001574  00000-0  12458-3 0  9997
2 45745  53.0557  24.5585 0002498  45.2101 314.9091 15.06400882142937
1 45745U 20038R   23009.43480965  .00000784  00000-0  71541-4 0  9992
2 45745  53.0550  22.7707 0002233  44.2305 315.8862 15.06403580142066
1 45745U 20038R   23010.29732314  .00001463  00000-0  11711-3 0  9993
2 45745  53.0543  18.8978 0002353  45.9330 314.1853 15.06396965143121
1 45745U 20038R   23010.43001894  .00000533  00000-0  54719-4 0  9994
2 45745  53.0569  18.3031 0002236  44.1491 315.9676 15.06396058142217
1 45745U 20038R   23011.29252170  .00000225  00000-0  34028-4 0  9993
2 45745  53.0565  14.4322 0002278  40.1823 319.9334 15.06404660142342
1 45745U 20038R   23011.69060222 -.00002663  00000-0 -15986-3 0  9993
2 45745  53.0562  12.6452 0002237  41.1875 318.9283 15.06410181142400
1 45745U 20038R   23011.69060222 -.00002663  00000-0 -15986-3 0  9993
2 45745  53.0562  12.6452 0002237  41.1875 318.9283 15.06410181143333
1 45745U 20038R   23012.42040435  .00002874  00000-0  21166-3 0  9998
2 45745  53.0551   9.3683 0002312  41.5799 318.5365 15.06414699143440
1 45745U 20038R   23012.95121121 -.00001430  00000-0 -77124-4 0  9993
2 45745  53.0549   6.9857 0002292  44.5962 315.5211 15.06383674142595
1 45745U 20038R   23012.95121121 -.00001430  00000-0 -77124-4 0  9993
2 45745  53.0549   6.9857 0002292  44.5962 315.5211 15.06383674143529
1 45745U 20038R   23013.41564608 -.00001811  00000-0 -10274-3 0  9991
2 45745  53.0543   4.8988 0002048  45.7234 314.3923 15.06380370142660
1 45745U 20038R   23013.94641568 -.00000781  00000-0 -33529-4 0  9994
2 45745  53.0547   2.5165 0001998  50.9345 309.1821 15.06386403142741
1 45745U 20038R   23014.01276175  .00000958  00000-0  83251-4 0  9992
2 45745  53.0529   2.2195 0001768  48.3002 311.8138 15.06388396143685
1 45745U 20038R   23014.27814188  .00002383  00000-0  17883-3 0  9993
2 45745  53.0536   1.0279 0001966  56.5054 303.6123 15.06407382143726
1 45745U 20038R   23014.67623365  .00005749  00000-0  40463-3 0  9991
2 45745  53.0536 359.2407 0002036  61.4138 298.7055 15.06393962143786
1 45745U 20038R   23015.33970098  .00006450  00000-0  45146-3 0  9996
2 45745  53.0521 356.2607 0001730  68.9629 291.1545 15.06403450142959
1 45745U 20038R   23015.67143321  .00005817  00000-0  40900-3 0  9993
2 45745  53.0534 354.7742 0001756  66.5005 293.6168 15.06407084143008
1 45745U 20038R   23016.13585492  .00009273  00000-0  64024-3 0  9997
2 45745  53.0532 352.6862 0001723  86.9763 273.1424 15.06421186144005
1 45745U 20038R   23016.20220187  .00014368  00000-0  98081-3 0  9993
2 45745  53.0525 352.3904 0001694  83.8726 276.2455 15.06426419143082
1 45745U 20038R   23016.93202494  .00006927  00000-0  48349-3 0  9998
2 45745  53.0516 349.1123 0001417 100.6425 259.4723 15.06399762143199
1 45745U 20038R   23016.93202494  .00006927  00000-0  48349-3 0  9998
2 45745  53.0516 349.1123 0001417 100.6425 259.4723 15.06399762144123
1 45745U 20038R   23017.33011528  .00010537  00000-0  72576-3 0  9990
2 45745  53.0526 347.3268 0001750 101.3349 258.7836 15.06370821143252
1 45745U 20038R   23017.33011528  .00010537  00000-0  72576-3 0  9990
2 45745  53.0526 347.3268 0001750 101.3349 258.7836 15.06370821144185
1 45745U 20038R   23018.12628143  .00020828  00000-0  14128-2 0  9997
2 45745  53.0527 343.7519 0001736 105.6081 254.5100 15.06405611144307
1 45745U 20038R   23018.59070438  .00014755  00000-0  10070-2 0  9990
2 45745  53.0532 341.6657 0001693  96.8250 263.2931 15.06412544143440
1 45745U 20038R   23018.59070438  .00014755  00000-0  10070-2 0  9990
2 45745  53.0532 341.6657 0001693  96.8250 263.2931 15.06412544144373
1 45745U 20038R   23019.32050696  .00012282  00000-0  84134-3 0  9992
2 45745  53.0529 338.3900 0001623 104.2227 255.8942 15.06429302143552
1 45745U 20038R   23019.32050696  .00012282  00000-0  84134-3 0  9992
2 45745  53.0529 338.3900 0001623 104.2227 255.8942 15.06429302144485
1 45745U 20038R   23020.58111205  .00002021  00000-0  15454-3 0  9995
2 45745  53.0531 332.7301 0001290  86.1785 273.9351 15.06389887144677
1 45745U 20038R   23021.24458286  .00013906  00000-0  95047-3 0  9992
2 45745  53.0531 329.7530 0001860  84.3642 275.7559 15.06404721144778
1 45745U 20038R   23021.57631521  .00016578  00000-0  11295-2 0  9993
2 45745  53.0523 328.2630 0001552  91.4273 268.6893 15.06390515144824
1 45745U 20038R   23022.23977486  .00010732  00000-0  73778-3 0  9991
2 45745  53.0548 325.2807 0001495  98.9178 261.1980 15.06424520144926
1 45745U 20038R   23022.57151834 -.00001756  00000-0 -99020-4 0  9996
2 45745  53.0539 323.7929 0002461  84.5315 275.5955 15.06397942144975
1 45745U 20038R   23023.10229526 -.00002893  00000-0 -17545-3 0  9994
2 45745  53.0530 321.4133 0001361  74.8545 285.2594 15.06388481145058
1 45745U 20038R   23023.83210435  .00025279  00000-0  17086-2 0  9993
2 45745  53.0535 318.1338 0001121 110.4958 249.6151 15.06427314145166
1 45745U 20038R   23024.09748125  .00046595  00000-0  31205-2 0  9997
2 45745  53.0523 316.9459 0001489  73.5909 286.5244 15.06469834145206
1 45745U 20038R   23025.15904032  .00019423  00000-0  13199-2 0  9998
2 45745  53.0518 312.1812 0001074 102.4043 257.7066 15.06381658145368
1 45745U 20038R   23025.49077914  .00009874  00000-0  68115-3 0  9993
2 45745  53.0516 310.6915 0001065  93.3775 266.7336 15.06380977144488
1 45745U 20038R   23025.49077914  .00009874  00000-0  68115-3 0  9993
2 45745  53.0516 310.6915 0001065  93.3775 266.7336 15.06380977145412
1 45745U 20038R   23026.08790521  .00014663  00000-0  10013-2 0  9990
2 45745  53.0512 308.0111 0001120  96.7903 263.3214 15.06396872144574
1 45745U 20038R   23027.14945169  .00007750  00000-0  53852-3 0  9996
2 45745  53.0512 303.2425 0001156 112.4079 247.7032 15.06407706144739
1 45745U 20038R   23027.14945169  .00007750  00000-0  53852-3 0  9996
2 45745  53.0512 303.2425 0001156 112.4079 247.7032 15.06407706145662
1 45745U 20038R   23028.14464691  .00007761  00000-0  53906-3 0  9995
2 45745  53.0516 298.7726 0001441 104.0671 256.0478 15.06419893144880
1 45745U 20038R   23028.74177401 -.00002780  00000-0 -16781-3 0  9999
2 45745  53.0520 296.0939 0001107  99.8924 260.2190 15.06395122145903
1 45745U 20038R   23028.87446785 -.00001712  00000-0 -96068-4 0  9998
2 45745  53.0518 295.4986 0001272 105.0953 255.0177 15.06397162144991
1 45745U 20038R   23029.86967586 -.00002083  00000-0 -12102-3 0  9993
2 45745  53.0513 291.0319 0001484  98.8117 261.3040 15.06394450145148
1 45745U 20038R   23030.00236920 -.00001518  00000-0 -83066-4 0  9992
2 45745  53.0512 290.4366 0001451  96.4400 263.6754 15.06395690146094
1 45745U 20038R   23030.53314738  .00001966  00000-0  15088-3 0  9997
2 45745  53.0512 288.0537 0001467 100.6182 259.4972 15.06392163145242
1 45745U 20038R   23030.93122757  .00002071  00000-0  15794-3 0  9991
2 45745  53.0519 286.2664 0001446 101.6209 258.4942 15.06394263145304
1 45745U 20038R   23031.52835044  .00002563  00000-0  19090-3 0  9996
2 45745  53.0518 283.5857 0001418  99.8791 260.2358 15.06394770145394
1 45745U 20038R   23031.79373777  .00001882  00000-0  14522-3 0  9993
2 45745  53.0510 282.3939 0001435  98.7463 261.3689 15.06396425145430
1 45745U 20038R   23031.79373777  .00001882  00000-0  14522-3 0  9993
2 45745  53.0510 282.3939 0001435  98.7463 261.3689 15.06396425146363
