1 45740U 20038L   22365.20521036  .00003782  00000-0  27266-3 0  9996
2 45740  53.0535  64.1961 0002030  48.5243 311.5920 15.06399740141798
1 45740U 20038L   22365.53694518  .00003264  00000-0  23791-3 0  9992
2 45740  53.0533  62.7071 0001975  47.8051 312.3106 15.06399425140725
1 45740U 20038L   22365.60329270  .00002452  00000-0  18343-3 0  9995
2 45740  53.0541  62.4101 0001862  43.6079 316.5057 15.06400740140739
1 45740U 20038L   22365.86868563  .00002091  00000-0  15924-3 0  9997
2 45740  53.0530  61.2180 0001944  47.2111 312.9041 15.06393057141892
1 45740U 20038L   23001.46581930 -.00002605  00000-0 -15610-3 0  9996
2 45740  53.0542  58.5376 0001854  44.3506 315.7631 15.06389048140864
1 45740U 20038L   23001.46581930 -.00002605  00000-0 -15610-3 0  9996
2 45740  53.0542  58.5376 0001854  44.3506 315.7631 15.06389048141988
1 45740U 20038L   23001.86390938 -.00004388  00000-0 -27599-3 0  9995
2 45740  53.0540  56.7506 0001618  49.2919 310.8210 15.06383496140924
1 45740U 20038L   23001.86390938 -.00004388  00000-0 -27599-3 0  9995
2 45740  53.0540  56.7506 0001618  49.2919 310.8210 15.06383496142049
1 45740U 20038L   23002.52737154 -.00002378  00000-0 -14083-3 0  9995
2 45740  53.0546  53.7719 0001935  50.6664 309.4496 15.06394511141020
1 45740U 20038L   23002.85910153 -.00000371  00000-0 -59900-5 0  9993
2 45740  53.0542  52.2831 0001893  40.8973 319.2157 15.06395872141071
1 45740U 20038L   23002.85910153 -.00000371  00000-0 -59900-5 0  9993
2 45740  53.0542  52.2831 0001893  40.8973 319.2157 15.06395872142195
1 45740U 20038L   23003.52256722  .00002270  00000-0  17129-3 0  9996
2 45740  53.0544  49.3044 0001842  41.9314 318.1816 15.06394816141179
1 45740U 20038L   23004.05334552  .00004856  00000-0  34482-3 0  9996
2 45740  53.0552  46.9228 0002007  40.8707 319.2432 15.06383888142379
1 45740U 20038L   23004.38508065  .00004774  00000-0  33928-3 0  9997
2 45740  53.0550  45.4332 0001961  40.7371 319.3765 15.06386899141308
1 45740U 20038L   23005.11488538  .00000651  00000-0  62612-4 0  9994
2 45740  53.0550  42.1563 0002040  41.4567 318.6576 15.06408816142534
1 45740U 20038L   23005.51295641  .00000982  00000-0  84777-4 0  9992
2 45740  53.0549  40.3699 0002112  42.1073 318.0078 15.06417403142591
1 45740U 20038L   23005.77834773  .00000396  00000-0  45519-4 0  9995
2 45740  53.0547  39.1782 0002157  41.1188 318.9963 15.06409619141516
1 45740U 20038L   23005.77834773  .00000396  00000-0  45519-4 0  9995
2 45740  53.0547  39.1782 0002157  41.1188 318.9963 15.06409619142630
1 45740U 20038L   23006.37547951 -.00000894  00000-0 -41111-4 0  9990
2 45740  53.0549  36.4972 0002827  64.6715 295.4567 15.06399234142723
1 45740U 20038L   23006.50818507 -.00002660  00000-0 -15978-3 0  9997
2 45740  53.0547  35.9020 0001927  39.3315 320.7813 15.06384661141626
1 45740U 20038L   23006.50818507 -.00002660  00000-0 -15978-3 0  9997
2 45740  53.0547  35.9020 0001927  39.3315 320.7813 15.06384661142740
1 45740U 20038L   23007.10530471 -.00002867  00000-0 -17367-3 0  9998
2 45740  53.0551  33.2225 0001929  38.9771 321.1356 15.06394485141714
1 45740U 20038L   23007.10530471 -.00002867  00000-0 -17367-3 0  9998
2 45740  53.0551  33.2225 0001929  38.9771 321.1356 15.06394485142838
1 45740U 20038L   23007.43703050 -.00001192  00000-0 -61109-4 0  9993
2 45740  53.0549  31.7318 0002042  40.7988 319.3153 15.06403474142887
1 45740U 20038L   23007.56973150 -.00002258  00000-0 -13277-3 0  9993
2 45740  53.0543  31.1361 0001903  41.3872 318.7261 15.06394562141785
1 45740U 20038L   23007.56973150 -.00002258  00000-0 -13277-3 0  9993
2 45740  53.0543  31.1361 0001903  41.3872 318.7261 15.06394562142900
1 45740U 20038L   23008.16685206  .00001838  00000-0  14230-3 0  9993
2 45740  53.0542  28.4561 0001914  40.5606 319.5525 15.06387634141877
1 45740U 20038L   23008.76397482  .00003016  00000-0  22139-3 0  9992
2 45740  53.0543  25.7749 0002118  39.7895 320.3249 15.06389293141969
1 45740U 20038L   23008.76397482  .00003016  00000-0  22139-3 0  9992
2 45740  53.0543  25.7749 0002118  39.7895 320.3249 15.06389293143084
1 45740U 20038L   23009.42744492  .00000644  00000-0  62178-4 0  9995
2 45740  53.0542  22.7963 0002193  42.2345 317.8813 15.06397409142063
1 45740U 20038L   23010.28994423  .00000482  00000-0  51246-4 0  9996
2 45740  53.0555  18.9244 0002233  40.9204 319.1952 15.06408762143313
1 45740U 20038L   23010.48898906 -.00001361  00000-0 -72463-4 0  9990
2 45740  53.0557  18.0293 0002055  43.9879 316.1273 15.06404472143343
1 45740U 20038L   23011.28514518  .00000967  00000-0  83799-4 0  9996
2 45740  53.0551  14.4563 0002357  46.7914 313.3272 15.06407765142348
1 45740U 20038L   23011.28514518  .00000967  00000-0  83799-4 0  9996
2 45740  53.0551  14.4563 0002357  46.7914 313.3272 15.06407765143462
1 45740U 20038L   23012.01496464 -.00000461  00000-0 -12041-4 0  9990
2 45740  53.0547  11.1809 0002258  39.6102 320.5052 15.06402112143573
1 45740U 20038L   23012.47938967 -.00000500  00000-0 -14626-4 0  9994
2 45740  53.0549   9.0959 0002111  38.5630 321.5509 15.06403880142524
1 45740U 20038L   23013.14286122 -.00000160  00000-0  81965-5 0  9990
2 45740  53.0555   6.1168 0002151  41.8852 318.2301 15.06399511143741
1 45740U 20038L   23013.27555352 -.00000210  00000-0  47951-5 0  9991
2 45740  53.0556   5.5212 0002159  42.3807 317.7349 15.06399133142643
1 45740U 20038L   23013.67363731 -.00001208  00000-0 -62170-4 0  9991
2 45740  53.0554   3.7342 0002145  42.1514 317.9640 15.06399256142702
1 45740U 20038L   23014.20440623  .00000614  00000-0  60102-4 0  9998
2 45740  53.0556   1.3514 0001949  44.2774 315.8371 15.06404954143904
1 45740U 20038L   23014.66883698  .00001046  00000-0  89095-4 0  9993
2 45740  53.0550 359.2664 0002038  43.3861 316.7289 15.06398686143975
1 45740U 20038L   23015.19959018  .00003910  00000-0  28107-3 0  9990
2 45740  53.0546 356.8827 0001917  39.6297 320.4832 15.06420649142936
1 45740U 20038L   23015.19959018  .00003910  00000-0  28107-3 0  9990
2 45740  53.0546 356.8827 0001917  39.6297 320.4832 15.06420649144051
1 45740U 20038L   23015.66402170  .00002875  00000-0  21176-3 0  9992
2 45740  53.0556 354.7976 0001647  47.0367 313.0760 15.06412008143007
1 45740U 20038L   23015.66402170  .00002875  00000-0  21176-3 0  9992
2 45740  53.0556 354.7976 0001647  47.0367 313.0760 15.06412008144121
1 45740U 20038L   23016.19484107 -.00004230  00000-0 -26550-3 0  9991
2 45740  53.0556 352.4163 0001262  71.6512 288.4614 15.06365758143088
1 45740U 20038L   23016.19484107 -.00004230  00000-0 -26550-3 0  9991
2 45740  53.0556 352.4163 0001262  71.6512 288.4614 15.06365758144203
1 45740U 20038L   23016.92464854 -.00003000  00000-0 -18267-3 0  9999
2 45740  53.0541 349.1396 0001476  63.3498 296.7642 15.06379723143193
1 45740U 20038L   23016.92464854 -.00003000  00000-0 -18267-3 0  9999
2 45740  53.0541 349.1396 0001476  63.3498 296.7642 15.06379723144318
1 45740U 20038L   23017.19003278  .00000882  00000-0  78082-4 0  9993
2 45740  53.0539 347.9477 0001467  71.4650 288.6499 15.06392389144358
1 45740U 20038L   23017.32273018  .00004697  00000-0  33406-3 0  9997
2 45740  53.0534 347.3516 0001411  77.6257 282.4890 15.06391081143254
1 45740U 20038L   23017.91986732  .00004675  00000-0  33273-3 0  9994
2 45740  53.0535 344.6702 0001435  87.3905 272.7248 15.06381204143341
1 45740U 20038L   23017.91986732  .00004675  00000-0  33273-3 0  9994
2 45740  53.0535 344.6702 0001435  87.3905 272.7248 15.06381204144465
1 45740U 20038L   23018.58333420  .00008716  00000-0  60326-3 0  9997
2 45740  53.0544 341.6934 0001441  77.4616 282.6534 15.06402162143447
1 45740U 20038L   23018.58333420  .00008716  00000-0  60326-3 0  9997
2 45740  53.0544 341.6934 0001441  77.4616 282.6534 15.06402162144561
1 45740U 20038L   23018.71602749  .00008787  00000-0  60799-3 0  9997
2 45740  53.0539 341.0980 0001477  80.3964 279.7191 15.06404870143460
1 45740U 20038L   23019.24679200  .00016165  00000-0  11007-2 0  9998
2 45740  53.0544 338.7162 0001566  82.9736 277.1431 15.06432057143541
1 45740U 20038L   23019.24679200  .00016165  00000-0  11007-2 0  9998
2 45740  53.0544 338.7162 0001566  82.9736 277.1431 15.06432057144665
1 45740U 20038L   23019.64487491 -.00002964  00000-0 -18020-3 0  9998
2 45740  53.0542 336.9262 0001011 114.7517 245.3577 15.06400003144721
1 45740U 20038L   23020.30834711  .00001862  00000-0  14389-3 0  9992
2 45740  53.0539 333.9500 0001152 109.4575 250.6539 15.06394417143705
1 45740U 20038L   23021.17085905  .00010947  00000-0  75250-3 0  9999
2 45740  53.0546 330.0796 0001480 118.4055 241.7083 15.06407988144956
1 45740U 20038L   23021.56894740  .00002098  00000-0  15971-3 0  9999
2 45740  53.0543 328.2891 0002322 100.9195 259.2055 15.06398994145012
1 45740U 20038L   23022.09971112  .00012456  00000-0  85312-3 0  9992
2 45740  53.0542 325.9057 0001395 108.6095 251.5046 15.06420964145098
1 45740U 20038L   23022.56414571  .00001167  00000-0  97280-4 0  9990
2 45740  53.0564 323.8238 0002811  79.2432 280.8874 15.06397920145169
1 45740U 20038L   23023.22762435 -.00000975  00000-0 -46612-4 0  9990
2 45740  53.0556 320.8440 0001605  86.5801 273.5371 15.06373840145260
1 45740U 20038L   23024.22281931  .00039730  00000-0  26674-2 0  9991
2 45740  53.0544 316.3773 0001533  83.8159 276.3005 15.06451788145412
1 45740U 20038L   23025.08532748  .00028398  00000-0  19168-2 0  9999
2 45740  53.0542 312.5055 0001098 100.8535 259.2578 15.06417936145541
1 45740U 20038L   23025.48340921  .00030397  00000-0  20517-2 0  9995
2 45740  53.0542 310.7182 0001309  80.6365 279.4772 15.06383754144485
1 45740U 20038L   23025.48340921  .00030397  00000-0  20517-2 0  9995
2 45740  53.0542 310.7182 0001309  80.6365 279.4772 15.06383754145600
1 45740U 20038L   23026.14688110  .00021237  00000-0  14402-2 0  9993
2 45740  53.0533 307.7405 0001266  94.3408 265.7726 15.06403595144585
1 45740U 20038L   23026.14688110  .00021237  00000-0  14402-2 0  9993
2 45740  53.0533 307.7405 0001266  94.3408 265.7726 15.06403595145700
1 45740U 20038L   23026.94304073  .00008477  00000-0  58718-3 0  9994
2 45740  53.0521 304.1676 0001118 102.9815 257.1299 15.06408926145828
1 45740U 20038L   23027.20842355  .00014841  00000-0  10125-2 0  9995
2 45740  53.0523 302.9756 0001104 100.2631 259.8483 15.06423528144746
1 45740U 20038L   23027.20842355  .00014841  00000-0  10125-2 0  9995
2 45740  53.0523 302.9756 0001104 100.2631 259.8483 15.06423528145860
1 45740U 20038L   23028.13728724  .00013872  00000-0  94822-3 0  9991
2 45740  53.0530 298.8035 0001314  85.3042 274.8097 15.06405138144889
1 45740U 20038L   23028.13728724  .00013872  00000-0  94822-3 0  9991
2 45740  53.0530 298.8035 0001314  85.3042 274.8097 15.06405138146005
1 45740U 20038L   23029.72960103  .00000698  00000-0  65762-4 0  9990
2 45740  53.0534 291.6544 0001229  91.4183 268.6946 15.06402432146248
1 45740U 20038L   23029.86229599 -.00001965  00000-0 -11307-3 0  9997
2 45740  53.0536 291.0579 0001281  97.4436 262.6698 15.06396522145145
1 45740U 20038L   23030.12768638 -.00000256  00000-0  17143-5 0  9997
2 45740  53.0541 289.8673 0001232  91.5937 268.5193 15.06390893145182
1 45740U 20038L   23030.12768638 -.00000256  00000-0  17143-5 0  9997
2 45740  53.0541 289.8673 0001232  91.5937 268.5193 15.06390893146307
1 45740U 20038L   23030.92385681  .00004906  00000-0  34814-3 0  9995
2 45740  53.0544 286.2928 0001296  88.8862 271.2275 15.06386744145301
1 45740U 20038L   23031.05655369 -.00001654  00000-0 -92273-4 0  9996
2 45740  53.0539 285.6973 0001393  97.6626 262.4521 15.06371155145320
1 45740U 20038L   23031.05655369 -.00001654  00000-0 -92273-4 0  9996
2 45740  53.0539 285.6973 0001393  97.6626 262.4521 15.06371155146444
