1 45742U 20038N   22365.43374198 -.00000588  00000-0 -20578-4 0  9991
2 45742  53.0543  63.1657 0001740  59.0384 301.0775 15.06397188141820
1 45742U 20038N   22365.56643681  .00000270  00000-0  37042-4 0  9991
2 45742  53.0544  62.5702 0001726  58.9929 301.1230 15.06394922140720
1 45742U 20038N   22365.76548000 -.00000831  00000-0 -36926-4 0  9997
2 45742  53.0547  61.6764 0001725  58.2700 301.8457 15.06391667140754
1 45742U 20038N   23001.16356542 -.00000470  00000-0 -12643-4 0  9996
2 45742  53.0554  59.8900 0001430  61.7184 298.3949 15.06388737141932
1 45742U 20038N   23001.56164708  .00009559  00000-0  65977-3 0  9993
2 45742  53.0559  58.1042 0001822  50.5033 309.6117 15.06400533140874
1 45742U 20038N   23001.56164708  .00009559  00000-0  65977-3 0  9993
2 45742  53.0559  58.1042 0001822  50.5033 309.6117 15.06400533141998
1 45742U 20038N   23002.49050461  .00004165  00000-0  29835-3 0  9997
2 45742  53.0564  53.9343 0001861  51.9844 308.1312 15.06399267142138
1 45742U 20038N   23002.55685120  .00003655  00000-0  26413-3 0  9992
2 45742  53.0555  53.6363 0001831  52.2409 307.8746 15.06399046141024
1 45742U 20038N   23002.82223597  .00004304  00000-0  30762-3 0  9992
2 45742  53.0558  52.4451 0001876  54.4486 305.6678 15.06404030141064
1 45742U 20038N   23003.48570789  .00000085  00000-0  24609-4 0  9999
2 45742  53.0554  49.4669 0002017  57.3235 302.7948 15.06396077142283
1 45742U 20038N   23003.61840565 -.00001582  00000-0 -87353-4 0  9996
2 45742  53.0559  48.8714 0001907  53.8647 306.2519 15.06389505141186
1 45742U 20038N   23003.61840565 -.00001582  00000-0 -87353-4 0  9996
2 45742  53.0559  48.8714 0001907  53.8647 306.2519 15.06389505142301
1 45742U 20038N   23004.48090725  .00004325  00000-0  30900-3 0  9998
2 45742  53.0559  44.9988 0001938  77.8809 282.2397 15.06408638142431
1 45742U 20038N   23004.61359791  .00008258  00000-0  57236-3 0  9994
2 45742  53.0559  44.4035 0002038  58.0101 302.1086 15.06419562141330
1 45742U 20038N   23004.81263814  .00014568  00000-0  99421-3 0  9999
2 45742  53.0565  43.5102 0002024  60.2855 299.8335 15.06424691141369
1 45742U 20038N   23005.47610596  .00000602  00000-0  59302-4 0  9994
2 45742  53.0546  40.5311 0002026  56.1053 304.0129 15.06405856141466
1 45742U 20038N   23005.47610596  .00000602  00000-0  59302-4 0  9994
2 45742  53.0546  40.5311 0002026  56.1053 304.0129 15.06405856142580
1 45742U 20038N   23005.80784127  .00002222  00000-0  16798-3 0  9994
2 45742  53.0551  39.0422 0002122  55.6415 304.4775 15.06405231141515
1 45742U 20038N   23006.33861682 -.00002056  00000-0 -11921-3 0  9995
2 45742  53.0569  36.6566 0001387  55.8496 304.2625 15.06394425142716
1 45742U 20038N   23006.73670191 -.00000611  00000-0 -22149-4 0  9992
2 45742  53.0557  34.8724 0001684  54.2546 305.8599 15.06391815141657
1 45742U 20038N   23007.06843721  .00003303  00000-0  24058-3 0  9999
2 45742  53.0557  33.3837 0001918  44.7819 315.3325 15.06397231141700
1 45742U 20038N   23007.46651902  .00008722  00000-0  60366-3 0  9993
2 45742  53.0555  31.5965 0001838  48.4477 311.6669 15.06402622142883
1 45742U 20038N   23007.59921441  .00006787  00000-0  47411-3 0  9990
2 45742  53.0552  31.0001 0001887  55.2005 304.9161 15.06398686141787
1 45742U 20038N   23008.06364470  .00016227  00000-0  11054-2 0  9999
2 45742  53.0555  28.9145 0002467  34.1680 325.9467 15.06411360142973
1 45742U 20038N   23008.46169951  .00035395  00000-0  23784-2 0  9990
2 45742  53.0550  27.1299 0002448  40.9512 319.1660 15.06473429143039
1 45742U 20038N   23008.52804574  .00010059  00000-0  69250-3 0  9993
2 45742  53.0550  26.8318 0001860  48.2468 311.8680 15.06437280141927
1 45742U 20038N   23008.52804574  .00010059  00000-0  69250-3 0  9993
2 45742  53.0550  26.8318 0001860  48.2468 311.8680 15.06437280143042
1 45742U 20038N   23009.05882378 -.00003286  00000-0 -20173-3 0  9997
2 45742  53.0567  24.4490 0002254  17.5524 342.5543 15.06410220143128
1 45742U 20038N   23009.52324647 -.00004651  00000-0 -29347-3 0  9998
2 45742  53.0555  22.3617 0002074  44.5415 315.5741 15.06408841142071
1 45742U 20038N   23009.72228462 -.00000106  00000-0  11778-4 0  9998
2 45742  53.0556  21.4694 0002095  51.3388 308.7788 15.06412331142103
1 45742U 20038N   23010.18671629  .00004124  00000-0  29563-3 0  9990
2 45742  53.0545  19.3821 0001976  41.0067 319.1071 15.06399524143296
1 45742U 20038N   23010.58480783 -.00002077  00000-0 -12064-3 0  9998
2 45742  53.0546  17.5973 0002008  45.0797 315.0354 15.06376106142239
1 45742U 20038N   23010.71750329 -.00001870  00000-0 -10672-3 0  9992
2 45742  53.0550  17.0021 0001973  44.5546 315.5601 15.06376386142251
1 45742U 20038N   23010.71750329 -.00001870  00000-0 -10672-3 0  9992
2 45742  53.0550  17.0021 0001973  44.5546 315.5601 15.06376386143375
1 45742U 20038N   23011.31462987  .00016865  00000-0  11485-2 0  9999
2 45742  53.0551  14.3208 0001940  44.5415 315.5730 15.06395267143464
1 45742U 20038N   23011.51367014  .00022644  00000-0  15339-2 0  9990
2 45742  53.0551  13.4277 0001916  46.4444 313.6704 15.06406035142371
1 45742U 20038N   23011.71272109 -.00007703  00000-0 -49925-3 0  9992
2 45742  53.0553  12.5353 0001898  52.1977 307.9184 15.06361981142404
1 45742U 20038N   23011.71272109 -.00007703  00000-0 -49925-3 0  9992
2 45742  53.0553  12.5353 0001898  52.1977 307.9184 15.06361981143528
1 45742U 20038N   23012.70794137  .00011943  00000-0  81978-3 0  9995
2 45742  53.0556   8.0689 0001828  51.2980 308.8172 15.06379487142559
1 45742U 20038N   23012.70794137  .00011943  00000-0  81978-3 0  9995
2 45742  53.0556   8.0689 0001828  51.2980 308.8172 15.06379487143673
1 45742U 20038N   23013.50410179  .00025055  00000-0  16939-2 0  9998
2 45742  53.0554   4.4932 0001864  58.4057 301.7114 15.06422406143797
1 45742U 20038N   23013.57045523  .00005005  00000-0  35476-3 0  9993
2 45742  53.0555   4.1959 0002231  54.0366 306.0830 15.06392257142688
1 45742U 20038N   23013.70314758  .00007016  00000-0  48945-3 0  9996
2 45742  53.0552   3.5996 0001826  72.0145 288.1042 15.06396610142708
1 45742U 20038N   23013.70314758  .00007016  00000-0  48945-3 0  9996
2 45742  53.0552   3.5996 0001826  72.0145 288.1042 15.06396610143822
1 45742U 20038N   23014.43295697  .00038612  00000-0  25946-2 0  9998
2 45742  53.0555   0.3231 0001798  73.2682 286.8504 15.06432564143938
1 45742U 20038N   23014.63200264  .00002329  00000-0  17521-3 0  9993
2 45742  53.0559 359.4298 0001951  72.5096 287.6106 15.06396132143965
1 45742U 20038N   23015.49450104  .00031679  00000-0  21346-2 0  9997
2 45742  53.0569 355.5577 0002227  45.9296 314.1876 15.06425372142975
1 45742U 20038N   23015.49450104  .00031679  00000-0  21346-2 0  9997
2 45742  53.0569 355.5577 0002227  45.9296 314.1876 15.06425372144090
1 45742U 20038N   23015.62719332  .00024173  00000-0  16348-2 0  9990
2 45742  53.0569 354.9586 0001685  56.6428 303.4722 15.06431059142993
1 45742U 20038N   23016.09161255  .00017201  00000-0  11697-2 0  9993
2 45742  53.0558 352.8750 0001749  61.5231 298.5934 15.06435677144181
1 45742U 20038N   23016.48967062  .00039630  00000-0  26586-2 0  9999
2 45742  53.0567 351.0893 0001050 142.2361 217.8702 15.06482346144245
1 45742U 20038N   23016.55603334 -.00055341  00000-0 -37279-2 0  9996
2 45742  53.0567 350.7917 0001383  73.3555 286.7586 15.06374991143134
1 45742U 20038N   23016.55603334 -.00055341  00000-0 -37279-2 0  9996
2 45742  53.0567 350.7917 0001383  73.3555 286.7586 15.06374991144258
1 45742U 20038N   23017.41858010  .00031821  00000-0  21486-2 0  9993
2 45742  53.0552 346.9210 0001611  67.4277 292.6882 15.06346399143260
1 45742U 20038N   23017.41858010  .00031821  00000-0  21486-2 0  9993
2 45742  53.0552 346.9210 0001611  67.4277 292.6882 15.06346399144384
1 45742U 20038N   23017.61762612  .00035169  00000-0  23706-2 0  9993
2 45742  53.0545 346.0274 0001596  69.6618 290.4543 15.06361509143291
1 45742U 20038N   23018.48014131  .00036087  00000-0  24281-2 0  9994
2 45742  53.0547 342.1558 0001845  57.8479 302.2689 15.06416084143423
1 45742U 20038N   23018.48014131  .00036087  00000-0  24281-2 0  9994
2 45742  53.0547 342.1558 0001845  57.8479 302.2689 15.06416084144547
1 45742U 20038N   23018.61283106  .00029433  00000-0  19853-2 0  9995
2 45742  53.0547 341.5600 0001546  76.1930 283.9231 15.06424033143441
1 45742U 20038N   23019.40896586  .00041003  00000-0  27497-2 0  9995
2 45742  53.0541 337.9851 0001638  79.2462 280.8711 15.06480101143568
1 45742U 20038N   23020.13879225  .00021917  00000-0  14857-2 0  9996
2 45742  53.0547 334.7083 0001965 102.5772 257.5436 15.06400019144794
1 45742U 20038N   23020.27148730  .00031974  00000-0  21556-2 0  9999
2 45742  53.0548 334.1129 0001737  99.9283 260.1902 15.06401984143691
1 45742U 20038N   23021.13400390  .00019732  00000-0  13397-2 0  9990
2 45742  53.0550 330.2411 0001963  83.7242 276.3971 15.06403828144945
1 45742U 20038N   23021.26669650  .00041028  00000-0  27567-2 0  9997
2 45742  53.0559 329.6437 0001813 104.6857 255.4333 15.06407605144962
1 45742U 20038N   23022.12919744  .00013603  00000-0  92997-3 0  9993
2 45742  53.0559 325.7677 0001660 124.7297 235.3848 15.06415365145091
1 45742U 20038N   23022.79267380 -.00006333  00000-0 -40680-3 0  9994
2 45742  53.0553 322.7932 0001887  87.4212 272.6993 15.06382478145193
1 45742U 20038N   23023.12440917  .00010765  00000-0  74071-3 0  9994
2 45742  53.0547 321.3071 0001298  88.8341 271.2796 15.06387847145246
1 45742U 20038N   23023.19075654  .00023041  00000-0  15608-2 0  9994
2 45742  53.0549 321.0086 0001441  89.0193 271.0961 15.06396610145250
1 45742U 20038N   23023.52249509  .00015174  00000-0  10356-2 0  9996
2 45742  53.0541 319.5199 0001382  84.7715 275.3432 15.06392608145304
1 45742U 20038N   23024.25230537  .00025152  00000-0  17002-2 0  9990
2 45742  53.0547 316.2441 0001565  84.0680 276.0487 15.06427123145412
1 45742U 20038N   23025.11481395  .00009050  00000-0  62552-3 0  9996
2 45742  53.0542 312.3708 0001174 115.0670 245.0441 15.06410593145543
1 45742U 20038N   23025.51289994  .00004487  00000-0  31998-3 0  9990
2 45742  53.0539 310.5851 0001459  75.0401 285.0750 15.06397633144489
1 45742U 20038N   23025.51289994  .00004487  00000-0  31998-3 0  9990
2 45742  53.0539 310.5851 0001459  75.0401 285.0750 15.06397633145604
1 45742U 20038N   23026.04367249  .00003799  00000-0  27379-3 0  9992
2 45742  53.0547 308.1998 0001338  89.1855 270.9287 15.06402600144566
1 45742U 20038N   23027.03887165  .00003769  00000-0  27171-3 0  9993
2 45742  53.0559 303.7287 0001308  95.4187 264.6951 15.06409097145832
1 45742U 20038N   23027.17156415  .00003959  00000-0  28446-3 0  9992
2 45742  53.0555 303.1336 0001373 102.8806 257.2337 15.06409746144735
1 45742U 20038N   23027.90138571  .00001153  00000-0  96277-4 0  9998
2 45742  53.0539 299.8590 0001138  92.4491 267.6629 15.06398007144841
1 45742U 20038N   23028.03407963  .00000980  00000-0  84698-4 0  9998
2 45742  53.0545 299.2641 0001305  82.8016 277.3121 15.06398255145987
1 45742U 20038N   23028.16677356  .00000223  00000-0  33847-4 0  9997
2 45742  53.0543 298.6687 0001269  81.2502 278.8630 15.06397505144886
1 45742U 20038N   23028.89658637  .00001289  00000-0  10541-3 0  9996
2 45742  53.0536 295.3923 0001200  91.8779 268.2347 15.06400721144998
1 45742U 20038N   23029.09562545  .00003269  00000-0  23822-3 0  9997
2 45742  53.0538 294.4985 0001286  88.3409 271.7727 15.06405530146146
1 45742U 20038N   23029.75910158  .00001065  00000-0  90402-4 0  9998
2 45742  53.0536 291.5208 0001296  89.7903 270.3235 15.06391702146240
1 45742U 20038N   23029.89179610  .00000325  00000-0  40701-4 0  9998
2 45742  53.0537 290.9252 0001272  88.8489 271.2645 15.06391856145149
1 45742U 20038N   23030.55526302  .00001011  00000-0  86748-4 0  9991
2 45742  53.0528 287.9466 0001198  85.6477 274.4649 15.06396564145242
1 45742U 20038N   23030.88699359  .00001235  00000-0  10177-3 0  9990
2 45742  53.0533 286.4578 0001228  90.0950 270.0179 15.06403582145290
1 45742U 20038N   23031.01968613  .00001745  00000-0  13600-3 0  9998
2 45742  53.0533 285.8622 0001227  89.9247 270.1883 15.06405544146438
1 45742U 20038N   23031.55046378 -.00000127  00000-0  10339-4 0  9993
2 45742  53.0534 283.4800 0001256  84.6550 275.4582 15.06400122145397
1 45742U 20038N   23031.74950672  .00001043  00000-0  88874-4 0  9991
2 45742  53.0533 282.5864 0001252  83.7630 276.3502 15.06396724146543
1 45742U 20038N   23031.94854647  .00001359  00000-0  11010-3 0  9995
2 45742  53.0532 281.6927 0001242  85.1449 274.9682 15.06398532145456
