1 45741U 20038M   22365.57381168  .00010275  00000-0  70724-3 0  9999
2 45741  53.0545  62.5341 0001480  70.7654 289.3495 15.06421658140742
1 45741U 20038M   23001.17093196  .00000158  00000-0  29531-4 0  9994
2 45741  53.0525  59.8526 0001629  67.1537 292.9624 15.06410850141948
1 45741U 20038M   23001.50266847 -.00003580  00000-0 -22161-3 0  9991
2 45741  53.0555  58.3636 0001380  61.2969 298.8158 15.06397081141997
1 45741U 20038M   23001.56901716 -.00004547  00000-0 -28656-3 0  9997
2 45741  53.0547  58.0675 0001525  65.4402 294.6745 15.06394131140894
1 45741U 20038M   23002.43153188  .00001095  00000-0  92383-4 0  9998
2 45741  53.0549  54.1954 0001623  69.1180 290.9983 15.06397628141029
1 45741U 20038M   23002.82961437  .00006606  00000-0  46194-3 0  9996
2 45741  53.0546  52.4082 0001730  69.2263 290.8911 15.06400093141088
1 45741U 20038M   23003.16135270  .00005055  00000-0  35803-3 0  9994
2 45741  53.0547  50.9191 0001795  71.2319 288.8865 15.06396108142244
1 45741U 20038M   23003.49308389  .00006787  00000-0  47404-3 0  9996
2 45741  53.0537  49.4288 0001252  64.7658 295.3460 15.06401184141181
1 45741U 20038M   23004.02386247 -.00000548  00000-0 -17912-4 0  9998
2 45741  53.0544  47.0472 0001681  67.7498 292.3669 15.06393453142378
1 45741U 20038M   23004.28924715  .00005544  00000-0  39074-3 0  9995
2 45741  53.0547  45.8547 0001751  72.0219 288.0961 15.06406699141304
1 45741U 20038M   23004.28924715  .00005544  00000-0  39074-3 0  9995
2 45741  53.0547  45.8547 0001751  72.0219 288.0961 15.06406699142417
1 45741U 20038M   23004.88636708  .00005816  00000-0  40893-3 0  9996
2 45741  53.0543  43.1748 0001677  68.3879 291.7289 15.06407600141397
1 45741U 20038M   23005.35078651  .00008542  00000-0  59131-3 0  9990
2 45741  53.0544  41.0903 0001684  66.3007 293.8158 15.06422388141463
1 45741U 20038M   23005.35078651  .00008542  00000-0  59131-3 0  9990
2 45741  53.0544  41.0903 0001684  66.3007 293.8158 15.06422388142576
1 45741U 20038M   23005.81520889  .00005243  00000-0  37039-3 0  9994
2 45741  53.0549  39.0037 0001245  61.5213 298.5901 15.06420215141535
1 45741U 20038M   23005.81520889  .00005243  00000-0  37039-3 0  9994
2 45741  53.0549  39.0037 0001245  61.5213 298.5901 15.06420215142648
1 45741U 20038M   23006.34599054 -.00004780  00000-0 -30228-3 0  9993
2 45741  53.0549  36.6212 0001218  56.9180 303.1926 15.06391897142729
1 45741U 20038M   23006.47868377 -.00002097  00000-0 -12192-3 0  9993
2 45741  53.0541  36.0272 0001630  62.4668 297.6487 15.06398169141639
1 45741U 20038M   23007.00945823  .00001943  00000-0  14927-3 0  9990
2 45741  53.0546  33.6446 0001669  53.0808 307.0333 15.06402952141715
1 45741U 20038M   23007.00945823  .00001943  00000-0  14927-3 0  9990
2 45741  53.0546  33.6446 0001669  53.0808 307.0333 15.06402952142828
1 45741U 20038M   23007.34119264  .00008283  00000-0  57421-3 0  9999
2 45741  53.0542  32.1545 0001711  64.3796 295.7369 15.06405898141763
1 45741U 20038M   23008.00467327 -.00001919  00000-0 -11004-3 0  9997
2 45741  53.0537  29.1731 0001481  57.9671 302.1461 15.06379947142979
1 45741U 20038M   23008.46910781  .00000462  00000-0  49925-4 0  9998
2 45741  53.0539  27.0897 0001566  59.3432 300.7712 15.06381761141931
1 45741U 20038M   23008.73449303  .00003509  00000-0  25440-3 0  9995
2 45741  53.0542  25.9006 0001549  62.0372 298.0774 15.06393032141974
1 45741U 20038M   23008.73449303  .00003509  00000-0  25440-3 0  9995
2 45741  53.0542  25.9006 0001549  62.0372 298.0774 15.06393032143088
1 45741U 20038M   23009.33161221  .00015761  00000-0  10742-2 0  9993
2 45741  53.0544  23.2194 0001519  62.5184 297.5959 15.06415464142062
1 45741U 20038M   23009.33161221  .00015761  00000-0  10742-2 0  9993
2 45741  53.0544  23.2194 0001519  62.5184 297.5959 15.06415464143175
1 45741U 20038M   23009.72969101  .00006012  00000-0  42199-3 0  9990
2 45741  53.0538  21.4343 0001367  57.6316 302.4805 15.06412071142128
1 45741U 20038M   23009.72969101  .00006012  00000-0  42199-3 0  9990
2 45741  53.0538  21.4343 0001367  57.6316 302.4805 15.06412071143231
1 45741U 20038M   23010.39316106 -.00001163  00000-0 -59209-4 0  9991
2 45741  53.0547  18.4533 0001874  66.7612 293.3574 15.06399026142224
1 45741U 20038M   23010.39316106 -.00001163  00000-0 -59209-4 0  9991
2 45741  53.0547  18.4533 0001874  66.7612 293.3574 15.06399026143337
1 45741U 20038M   23010.72489834 -.00003994  00000-0 -24946-3 0  9990
2 45741  53.0549  16.9636 0001880  71.6932 288.4261 15.06389558142272
1 45741U 20038M   23011.12298279  .00000933  00000-0  81555-4 0  9994
2 45741  53.0540  15.1768 0001794  70.4921 289.6262 15.06390711143446
1 45741U 20038M   23011.32202144  .00003580  00000-0  25912-3 0  9997
2 45741  53.0548  14.2838 0001696  65.0147 295.1018 15.06401358142364
1 45741U 20038M   23011.72010665  .00006545  00000-0  45792-3 0  9998
2 45741  53.0546  12.4976 0001783  72.1147 288.0036 15.06397552142429
1 45741U 20038M   23012.71531152  .00004784  00000-0  33982-3 0  9998
2 45741  53.0538   8.0300 0001769  76.4998 283.6188 15.06400433142575
1 45741U 20038M   23012.71531152  .00004784  00000-0  33982-3 0  9998
2 45741  53.0538   8.0300 0001769  76.4998 283.6188 15.06400433143688
1 45741U 20038M   23013.37878037  .00006000  00000-0  42131-3 0  9996
2 45741  53.0549   5.0501 0001663  85.5016 274.6163 15.06406563142676
1 45741U 20038M   23014.10859744  .00003330  00000-0  24235-3 0  9990
2 45741  53.0552   1.7748 0001647  92.0991 268.0187 15.06401675143890
1 45741U 20038M   23015.10380152 -.00000615  00000-0 -22367-4 0  9993
2 45741  53.0551 357.3066 0001668  93.6916 266.4264 15.06395767144049
1 45741U 20038M   23015.36918623  .00001793  00000-0  13924-3 0  9995
2 45741  53.0543 356.1156 0001840  91.7021 268.4179 15.06402660142973
1 45741U 20038M   23015.76726842  .00002968  00000-0  21804-3 0  9990
2 45741  53.0545 354.3289 0001745  97.2956 262.8231 15.06402287143034
1 45741U 20038M   23016.09899543  .00006102  00000-0  42801-3 0  9990
2 45741  53.0549 352.8389 0001574  99.3111 260.8056 15.06416833144191
1 45741U 20038M   23016.23168663  .00007406  00000-0  51524-3 0  9998
2 45741  53.0549 352.2447 0001510  95.8926 264.2235 15.06421965143104
1 45741U 20038M   23016.76247002 -.00000014  00000-0  17969-4 0  9996
2 45741  53.0543 349.8606 0002076 108.1375 251.9841 15.06395236144299
1 45741U 20038M   23016.89517062 -.00010025  00000-0 -65556-3 0  9994
2 45741  53.0539 349.2641 0001732  91.1917 268.9271 15.06370604143205
1 45741U 20038M   23016.96151744 -.00008912  00000-0 -58055-3 0  9991
2 45741  53.0540 348.9663 0001687  94.1514 265.9668 15.06373061144323
1 45741U 20038M   23017.29325755 -.00007880  00000-0 -51109-3 0  9999
2 45741  53.0545 347.4773 0001580  94.2765 265.8405 15.06369711143262
1 45741U 20038M   23017.62499020  .00002135  00000-0  16221-3 0  9995
2 45741  53.0544 345.9886 0001574  86.6684 273.4485 15.06388902143319
1 45741U 20038M   23017.62499020  .00002135  00000-0  16221-3 0  9995
2 45741  53.0544 345.9886 0001574  86.6684 273.4485 15.06388902144422
1 45741U 20038M   23018.08942174  .00029261  00000-0  19744-2 0  9990
2 45741  53.0542 343.9041 0001630  82.1039 278.0135 15.06414473144492
1 45741U 20038M   23018.15576748  .00038473  00000-0  25859-2 0  9997
2 45741  53.0542 343.6063 0001638  82.6839 277.4336 15.06425424143396
1 45741U 20038M   23018.81922813  .00019593  00000-0  13298-2 0  9994
2 45741  53.0543 340.6276 0001425  88.1626 271.9526 15.06422246144603
1 45741U 20038M   23019.15095663  .00020450  00000-0  13866-2 0  9991
2 45741  53.0543 339.1381 0001457  94.3609 265.7547 15.06431792143540
1 45741U 20038M   23020.34520628  .00008252  00000-0  57222-3 0  9999
2 45741  53.0545 333.7783 0001416  93.9224 266.1927 15.06401846143725
1 45741U 20038M   23020.34520628  .00008252  00000-0  57222-3 0  9999
2 45741  53.0545 333.7783 0001416  93.9224 266.1927 15.06401846144838
1 45741U 20038M   23021.14137757  .00015204  00000-0  10376-2 0  9998
2 45741  53.0562 330.2079 0001511 110.9197 249.1954 15.06392951144952
1 45741U 20038M   23022.13657507  .00010361  00000-0  71314-3 0  9997
2 45741  53.0550 325.7370 0001520 106.5914 253.5242 15.06415147145100
1 45741U 20038M   23022.53465368  .00004264  00000-0  30490-3 0  9998
2 45741  53.0559 323.9489 0001267  91.9286 268.1848 15.06410396145168
1 45741U 20038M   23022.93274204 -.00005901  00000-0 -37774-3 0  9992
2 45741  53.0543 322.1604 0001363  88.1008 272.0137 15.06384625145225
1 45741U 20038M   23023.52986415  .00003146  00000-0  23003-3 0  9999
2 45741  53.0539 319.4809 0001194  97.2146 262.8979 15.06396178145319
1 45741U 20038M   23024.25967663  .00020492  00000-0  13898-2 0  9997
2 45741  53.0547 316.2044 0001411  91.7354 268.3797 15.06421254145421
1 45741U 20038M   23025.05584056  .00006591  00000-0  46090-3 0  9992
2 45741  53.0548 312.6281 0001464 106.2710 253.8440 15.06405763145545
1 45741U 20038M   23025.52027009  .00005633  00000-0  39673-3 0  9999
2 45741  53.0547 310.5446 0001558 103.6190 256.4972 15.06399695144501
1 45741U 20038M   23025.52027009  .00005633  00000-0  39673-3 0  9999
2 45741  53.0547 310.5446 0001558 103.6190 256.4972 15.06399695145614
1 45741U 20038M   23026.05104312  .00006339  00000-0  44400-3 0  9999
2 45741  53.0551 308.1618 0001558 104.0679 256.0483 15.06406443144588
1 45741U 20038M   23027.11259334  .00004259  00000-0  30461-3 0  9993
2 45741  53.0545 303.3987 0001484  89.7285 270.3874 15.06405650145850
1 45741U 20038M   23027.17893937  .00004082  00000-0  29273-3 0  9995
2 45741  53.0536 303.1001 0001408  87.7186 272.3964 15.06405773144755
1 45741U 20038M   23028.10779886  .00005840  00000-0  41061-3 0  9997
2 45741  53.0540 298.9291 0001198  91.5463 268.5663 15.06400744146005
1 45741U 20038M   23028.17414563  .00007621  00000-0  52994-3 0  9998
2 45741  53.0544 298.6317 0001199  90.7238 269.3889 15.06400177144903
1 45741U 20038M   23028.77127007  .00000533  00000-0  54668-4 0  9994
2 45741  53.0541 295.9514 0001238  88.4576 271.6555 15.06395340146107
1 45741U 20038M   23028.90396346  .00000667  00000-0  63700-4 0  9998
2 45741  53.0542 295.3559 0001245  89.9363 270.1768 15.06396584145019
1 45741U 20038M   23029.16934855  .00002404  00000-0  18022-3 0  9997
2 45741  53.0541 294.1645 0001190  86.3262 273.7863 15.06402333145058
1 45741U 20038M   23029.16934855  .00002404  00000-0  18022-3 0  9997
2 45741  53.0541 294.1645 0001190  86.3262 273.7863 15.06402333146161
1 45741U 20038M   23030.09820389  .00001834  00000-0  14199-3 0  9994
2 45741  53.0536 289.9944 0001157  88.2153 271.8968 15.06403390145193
1 45741U 20038M   23030.09820389  .00001834  00000-0  14199-3 0  9994
2 45741  53.0536 289.9944 0001157  88.2153 271.8968 15.06403390146307
1 45741U 20038M   23030.89437019  .00003376  00000-0  24544-3 0  9994
2 45741  53.0537 286.4205 0001184  87.5301 272.5823 15.06395228145315
1 45741U 20038M   23031.09340359  .00002949  00000-0  21675-3 0  9994
2 45741  53.0545 285.5266 0001320  82.7958 277.3181 15.06409009145344
1 45741U 20038M   23031.69053091  .00000737  00000-0  68380-4 0  9992
2 45741  53.0555 282.8455 0001391  81.7319 278.3827 15.06398731146543
1 45741U 20038M   23031.95591720  .00000230  00000-0  34333-4 0  9996
2 45741  53.0543 281.6547 0001253  85.8216 274.2916 15.06399036145471
