1 45744U 20038Q   22365.22363990  .00005405  00000-0  38140-3 0  9992
2 45744  53.0543  64.1170 0001831  43.9997 316.1138 15.06405544141608
1 45744U 20038Q   22365.55537484  .00004869  00000-0  34553-3 0  9996
2 45744  53.0553  62.6287 0001978  34.8909 325.2209 15.06405051140731
1 45744U 20038Q   23001.15250492  .00001275  00000-0  10450-3 0  9999
2 45744  53.0536  59.9472 0002021  43.8302 316.2847 15.06400187141749
1 45744U 20038Q   23001.41790205 -.00000513  00000-0 -15539-4 0  9999
2 45744  53.0573  58.7568 0002207  46.9319 313.1854 15.06391621140869
1 45744U 20038Q   23001.41790205 -.00000513  00000-0 -15539-4 0  9999
2 45744  53.0573  58.7568 0002207  46.9319 313.1854 15.06391621141781
1 45744U 20038Q   23001.88234018 -.00003359  00000-0 -20677-3 0  9994
2 45744  53.0547  56.6711 0002024  43.0257 317.0890 15.06385927140936
1 45744U 20038Q   23001.88234018 -.00003359  00000-0 -20677-3 0  9994
2 45744  53.0547  56.6711 0002024  43.0257 317.0890 15.06385927141858
1 45744U 20038Q   23002.14772341 -.00003907  00000-0 -24354-3 0  9995
2 45744  53.0541  55.4797 0002018  38.0388 322.0744 15.06394568141894
1 45744U 20038Q   23002.41310345 -.00002719  00000-0 -16365-3 0  9990
2 45744  53.0548  54.2887 0002084  41.0603 319.0543 15.06402257141017
1 45744U 20038Q   23002.41310345 -.00002719  00000-0 -16365-3 0  9990
2 45744  53.0548  54.2887 0002084  41.0603 319.0543 15.06402257141938
1 45744U 20038Q   23003.40830443  .00001248  00000-0  10273-3 0  9992
2 45744  53.0553  49.8215 0002217  42.9092 317.2070 15.06393968141167
1 45744U 20038Q   23004.40351526  .00000785  00000-0  71617-4 0  9998
2 45744  53.0561  45.3542 0002305  47.6098 312.5086 15.06391852142230
1 45744U 20038Q   23004.80159206  .00000441  00000-0  48537-4 0  9997
2 45744  53.0554  43.5682 0002268  43.1953 316.9213 15.06400515141377
1 45744U 20038Q   23005.13331773  .00001361  00000-0  11022-3 0  9995
2 45744  53.0545  42.0760 0002176  33.8535 326.2593 15.06406673142342
1 45744U 20038Q   23005.46504424  .00002080  00000-0  15844-3 0  9991
2 45744  53.0538  40.5863 0002266  36.4351 323.6792 15.06413208141473
1 45744U 20038Q   23005.79679166  .00000206  00000-0  32770-4 0  9999
2 45744  53.0551  39.0988 0002099  37.1283 322.9851 15.06396091141529
1 45744U 20038Q   23005.79679166  .00000206  00000-0  32770-4 0  9999
2 45744  53.0551  39.0988 0002099  37.1283 322.9851 15.06396091142441
1 45744U 20038Q   23006.46025947 -.00000942  00000-0 -44332-4 0  9992
2 45744  53.0560  36.1211 0002100  51.1534 308.9642 15.06401403141621
1 45744U 20038Q   23007.32275962 -.00000639  00000-0 -23993-4 0  9995
2 45744  53.0557  32.2480 0002280  41.9983 318.1181 15.06409042142670
1 45744U 20038Q   23007.78720288 -.00002337  00000-0 -13802-3 0  9995
2 45744  53.0563  30.1629 0002362  35.9706 324.1441 15.06389482141823
1 45744U 20038Q   23007.78720288 -.00002337  00000-0 -13802-3 0  9995
2 45744  53.0563  30.1629 0002362  35.9706 324.1441 15.06389482142745
1 45744U 20038Q   23008.51701130  .00000963  00000-0  83552-4 0  9993
2 45744  53.0556  26.8872 0002260  37.0876 323.0269 15.06397489141939
1 45744U 20038Q   23008.51701130  .00000963  00000-0  83552-4 0  9993
2 45744  53.0556  26.8872 0002260  37.0876 323.0269 15.06397489142851
1 45744U 20038Q   23009.31317021  .00002101  00000-0  15992-3 0  9992
2 45744  53.0560  23.3119 0002285  40.9929 319.1232 15.06399675142058
1 45744U 20038Q   23010.30838680  .00002650  00000-0  19682-3 0  9991
2 45744  53.0550  18.8451 0002081  33.8604 326.2517 15.06382880142202
1 45744U 20038Q   23010.30838680  .00002650  00000-0  19682-3 0  9991
2 45744  53.0550  18.8451 0002081  33.8604 326.2517 15.06382880143124
1 45744U 20038Q   23010.97185090  .00000261  00000-0  36421-4 0  9991
2 45744  53.0559  15.8675 0002351  41.9803 318.1366 15.06397830143223
1 45744U 20038Q   23011.30357892  .00000696  00000-0  65595-4 0  9996
2 45744  53.0564  14.3773 0002212  30.8907 329.2212 15.06405780142350
1 45744U 20038Q   23011.30357892  .00000696  00000-0  65595-4 0  9996
2 45744  53.0564  14.3773 0002212  30.8907 329.2212 15.06405780143272
1 45744U 20038Q   23011.70166569  .00000261  00000-0  36433-4 0  9996
2 45744  53.0562  12.5914 0002321  41.6404 318.4762 15.06397119142411
1 45744U 20038Q   23011.70166569  .00000261  00000-0  36433-4 0  9996
2 45744  53.0562  12.5914 0002321  41.6404 318.4762 15.06397119143333
1 45744U 20038Q   23012.69686986  .00001764  00000-0  13734-3 0  9992
2 45744  53.0550   8.1218 0002344  40.6467 319.4697 15.06390742142568
1 45744U 20038Q   23012.96225079 -.00000150  00000-0  88547-5 0  9999
2 45744  53.0553   6.9288 0002196  45.8344 314.2825 15.06405458143524
1 45744U 20038Q   23013.29396963  .00002010  00000-0  15373-3 0  9998
2 45744  53.0552   5.4419 0002144  48.2771 311.8402 15.06420016142651
1 45744U 20038Q   23013.29396963  .00002010  00000-0  15373-3 0  9998
2 45744  53.0552   5.4419 0002144  48.2771 311.8402 15.06420016143573
1 45744U 20038Q   23013.69206908 -.00000264  00000-0  11628-5 0  9992
2 45744  53.0549   3.6540 0002169  47.7270 312.3903 15.06395083142711
1 45744U 20038Q   23013.69206908 -.00000264  00000-0  11628-5 0  9992
2 45744  53.0549   3.6540 0002169  47.7270 312.3903 15.06395083143633
1 45744U 20038Q   23013.95747606 -.00002995  00000-0 -18238-3 0  9992
2 45744  53.0551   2.4630 0002100  50.8751 309.2425 15.06375043143679
1 45744U 20038Q   23014.35555021 -.00000633  00000-0 -23611-4 0  9994
2 45744  53.0552   0.6752 0002074  53.3838 306.7342 15.06385359143737
1 45744U 20038Q   23015.35074263 -.00001469  00000-0 -79725-4 0  9994
2 45744  53.0546 356.2078 0002071  55.2856 304.8328 15.06408894142966
1 45744U 20038Q   23015.35074263 -.00001469  00000-0 -79725-4 0  9994
2 45744  53.0546 356.2078 0002071  55.2856 304.8328 15.06408894143888
1 45744U 20038Q   23015.88153257  .00005776  00000-0  40649-3 0  9998
2 45744  53.0536 353.8256 0002187  65.6944 294.4273 15.06389231143043
1 45744U 20038Q   23016.14691114  .00007445  00000-0  51812-3 0  9996
2 45744  53.0548 352.6370 0002122  91.6819 268.4413 15.06405979144001
1 45744U 20038Q   23016.21325289  .00008573  00000-0  59347-3 0  9995
2 45744  53.0550 352.3367 0001978  71.6432 288.4772 15.06414921143099
1 45744U 20038Q   23016.21325289  .00008573  00000-0  59347-3 0  9995
2 45744  53.0550 352.3367 0001978  71.6432 288.4772 15.06414921144012
1 45744U 20038Q   23016.94308723 -.00001955  00000-0 -11245-3 0  9993
2 45744  53.0534 349.0595 0001626  80.0587 280.0585 15.06384447144126
1 45744U 20038Q   23017.60655970 -.00000928  00000-0 -43437-4 0  9994
2 45744  53.0540 346.0818 0001837  83.3694 276.7504 15.06386915143301
1 45744U 20038Q   23017.87195016 -.00000657  00000-0 -25219-4 0  9990
2 45744  53.0543 344.8909 0001738  88.8978 271.2210 15.06384075143349
1 45744U 20038Q   23018.13733434 -.00000250  00000-0  21531-5 0  9994
2 45744  53.0544 343.6998 0001794  91.5207 268.5987 15.06393979144303
1 45744U 20038Q   23018.33637318  .00006747  00000-0  47136-3 0  9993
2 45744  53.0541 342.8061 0001770  93.9458 266.1733 15.06405965144335
1 45744U 20038Q   23018.60176421  .00010532  00000-0  72489-3 0  9992
2 45744  53.0540 341.6152 0001824  93.2166 266.9032 15.06401218143450
1 45744U 20038Q   23018.86715237  .00006266  00000-0  43918-3 0  9998
2 45744  53.0530 340.4231 0001799  95.5185 264.6010 15.06400856144416
1 45744U 20038Q   23018.99984164  .00009741  00000-0  67169-3 0  9994
2 45744  53.0520 339.8282 0001797  96.1569 263.9625 15.06412948144435
1 45744U 20038Q   23019.26522249  .00012864  00000-0  88026-3 0  9992
2 45744  53.0524 338.6372 0001859  94.9653 265.1548 15.06429090143551
1 45744U 20038Q   23019.26522249  .00012864  00000-0  88026-3 0  9992
2 45744  53.0524 338.6372 0001859  94.9653 265.1548 15.06429090144473
1 45744U 20038Q   23019.66330309  .00000455  00000-0  49459-4 0  9991
2 45744  53.0531 336.8487 0001665 116.0470 244.0691 15.06407776144535
1 45744U 20038Q   23020.12772569  .00010917  00000-0  75009-3 0  9995
2 45744  53.0528 334.7636 0001732 106.7937 253.3242 15.06427102144601
1 45744U 20038Q   23020.26041725  .00019016  00000-0  12909-2 0  9991
2 45744  53.0519 334.1673 0001962 104.2871 255.8336 15.06433163143706
1 45744U 20038Q   23020.59216235  .00018398  00000-0  12511-2 0  9998
2 45744  53.0530 332.6790 0003496  92.1663 267.9726 15.06388721144673
1 45744U 20038Q   23021.12293819  .00020137  00000-0  13674-2 0  9996
2 45744  53.0528 330.2971 0001651 110.4017 249.7149 15.06385414144755
1 45744U 20038Q   23021.58737264  .00024415  00000-0  16525-2 0  9994
2 45744  53.0533 328.2100 0001893 103.1602 256.9598 15.06394267144821
1 45744U 20038Q   23022.25083097  .00031914  00000-0  21495-2 0  9991
2 45744  53.0536 325.2321 0001673 107.1629 252.9543 15.06438505144926
1 45744U 20038Q   23023.11334994  .00024477  00000-0  16566-2 0  9991
2 45744  53.0536 321.3607 0000635  80.5993 279.5067 15.06396135145058
1 45744U 20038Q   23024.10855905  .00008520  00000-0  59019-3 0  9993
2 45744  53.0543 316.8949 0001648  97.8274 262.2902 15.06397473145202
1 45744U 20038Q   23025.10376354  .00005532  00000-0  38998-3 0  9993
2 45744  53.0529 312.4256 0001505  84.3404 275.7756 15.06400130145354
1 45744U 20038Q   23025.50184247  .00006085  00000-0  42697-3 0  9990
2 45744  53.0534 310.6377 0001602  82.3692 277.7479 15.06405775144497
1 45744U 20038Q   23026.09896070  .00005444  00000-0  38397-3 0  9999
2 45744  53.0526 307.9609 0001431  80.0427 280.0723 15.06410775144581
1 45744U 20038Q   23027.16050377  .00007887  00000-0  54756-3 0  9990
2 45744  53.0523 303.1902 0001295 100.8228 259.2907 15.06415347144740
1 45744U 20038Q   23027.16050377  .00007887  00000-0  54756-3 0  9990
2 45744  53.0523 303.1902 0001295 100.8228 259.2907 15.06415347145662
1 45744U 20038Q   23027.89032316  .00002664  00000-0  19765-3 0  9992
2 45744  53.0517 299.9151 0001355 100.9242 259.1899 15.06398251144850
1 45744U 20038Q   23028.15571326  .00010453  00000-0  71964-3 0  9995
2 45744  53.0521 298.7232 0001267  90.0517 270.0617 15.06397793144892
1 45744U 20038Q   23028.15571326  .00010453  00000-0  71964-3 0  9995
2 45744  53.0521 298.7232 0001267  90.0517 270.0617 15.06397793145815
1 45744U 20038Q   23028.88553295  .00002667  00000-0  19791-3 0  9998
2 45744  53.0523 295.4458 0001299  93.2887 266.8251 15.06392453145007
1 45744U 20038Q   23029.08457191  .00003567  00000-0  25825-3 0  9994
2 45744  53.0528 294.5534 0001298  84.8272 275.2865 15.06396958145953
1 45744U 20038Q   23029.88073596  .00003858  00000-0  27773-3 0  9992
2 45744  53.0529 290.9785 0001337  80.6628 279.4512 15.06401019145157
1 45744U 20038Q   23030.14612096  .00005594  00000-0  39406-3 0  9992
2 45744  53.0524 289.7876 0001314  81.4870 278.6268 15.06407303145197
1 45744U 20038Q   23030.14612096  .00005594  00000-0  39406-3 0  9992
2 45744  53.0524 289.7876 0001314  81.4870 278.6268 15.06407303146110
1 45744U 20038Q   23030.80959194 -.00001095  00000-0 -54646-4 0  9996
2 45744  53.0521 286.8090 0001308  82.0316 278.0821 15.06395731145296
1 45744U 20038Q   23031.07497704  .00001995  00000-0  15275-3 0  9991
2 45744  53.0521 285.6173 0001205  92.3647 267.7480 15.06402558145339
1 45744U 20038Q   23031.07497704  .00001995  00000-0  15275-3 0  9991
2 45744  53.0521 285.6173 0001205  92.3647 267.7480 15.06402558146251
1 45744U 20038Q   23031.73844495  .00001626  00000-0  12802-3 0  9991
2 45744  53.0517 282.6391 0001189  95.8956 264.2168 15.06403088145430
